0 0.781563 0.980000 0.070625 0.040000
0 0.118438 0.978333 0.086875 0.043333
0 0.936250 0.965417 0.063750 0.069167
0 0.867500 0.958750 0.063750 0.082500
0 0.291250 0.937500 0.077500 0.098333
0 0.183438 0.894167 0.066875 0.070000
0 0.905625 0.888750 0.076250 0.075833
0 0.732500 0.891667 0.068750 0.103333
0 0.815625 0.863750 0.065000 0.090833
0 0.566250 0.847500 0.073750 0.093333
0 0.462500 0.833333 0.072500 0.090000
0 0.072188 0.820833 0.071875 0.095000
0 0.635938 0.797083 0.073125 0.099167
0 0.020938 0.792500 0.041875 0.093333
0 0.742188 0.783333 0.071875 0.093333
0 0.958125 0.775000 0.066250 0.098333
0 0.866563 0.782083 0.059375 0.117500
0 0.568125 0.755417 0.073750 0.087500
0 0.660312 0.730417 0.065625 0.080833
0 0.115312 0.725833 0.070625 0.091667
0 0.572812 0.678750 0.071875 0.080833
0 0.049688 0.675000 0.070625 0.085000
0 0.843750 0.674167 0.070000 0.096667
0 0.936250 0.656250 0.062500 0.087500
0 0.508437 0.600833 0.068125 0.096667
0 0.640000 0.577917 0.067500 0.100833
0 0.576250 0.574167 0.066250 0.105000
0 0.707500 0.559167 0.071250 0.095000
0 0.365625 0.546667 0.070000 0.088333
0 0.794375 0.520833 0.070000 0.088333
0 0.867812 0.510000 0.065625 0.085000
0 0.427500 0.506250 0.067500 0.092500
0 0.049063 0.495833 0.070625 0.090000
0 0.265313 0.456250 0.070625 0.097500
0 0.834375 0.437500 0.072500 0.078333
0 0.456875 0.411250 0.070000 0.095833
0 0.964688 0.407917 0.070625 0.099167
0 0.749375 0.387500 0.068750 0.085000
0 0.068125 0.387500 0.073750 0.096667
0 0.654687 0.360000 0.094375 0.125000
0 0.330625 0.337500 0.076250 0.103333
0 0.514375 0.325000 0.070000 0.086667
0 0.899687 0.297500 0.066875 0.093333
0 0.959375 0.292083 0.053750 0.085833
0 0.779687 0.282500 0.068125 0.078333
0 0.216250 0.270417 0.075000 0.070833
0 0.693750 0.231667 0.063750 0.081667
0 0.519062 0.220000 0.070625 0.091667
0 0.874687 0.205417 0.074375 0.089167
0 0.320312 0.207917 0.066875 0.094167
0 0.435000 0.219583 0.082500 0.135833
0 0.608437 0.177917 0.061875 0.095833
0 0.126250 0.155417 0.075000 0.090833
0 0.810000 0.141667 0.067500 0.101667
0 0.493437 0.131250 0.066875 0.089167
0 0.557500 0.131667 0.062500 0.098333
0 0.953438 0.078333 0.075625 0.093333
0 0.408438 0.063750 0.064375 0.087500
0 0.747500 0.042917 0.066250 0.085833
0 0.645625 0.032083 0.065000 0.064167