0 0.075938 0.979167 0.064375 0.041667
0 0.277500 0.967917 0.071250 0.064167
0 0.430625 0.944583 0.072500 0.095833
0 0.570000 0.927083 0.071250 0.090833
0 0.112812 0.922083 0.065625 0.082500
0 0.693438 0.917917 0.074375 0.097500
0 0.788438 0.908750 0.068125 0.092500
0 0.050313 0.865833 0.066875 0.090000
0 0.266875 0.837917 0.071250 0.074167
0 0.442188 0.842083 0.074375 0.095833
0 0.566250 0.825000 0.073750 0.098333
0 0.035000 0.805000 0.070000 0.071667
0 0.105625 0.776250 0.063750 0.087500
0 0.929063 0.778750 0.076875 0.100833
0 0.297812 0.765000 0.068125 0.090000
0 0.034375 0.720833 0.068750 0.096667
0 0.618125 0.727500 0.076250 0.131667
0 0.359063 0.670417 0.075625 0.095833
0 0.246562 0.660000 0.073125 0.083333
0 0.090313 0.641667 0.065625 0.086667
0 0.462187 0.633333 0.069375 0.091667
0 0.704375 0.620417 0.060000 0.092500
0 0.640938 0.612917 0.050625 0.089167
0 0.585000 0.618750 0.060000 0.100833
0 0.178125 0.581250 0.066250 0.094167
0 0.543125 0.579167 0.058750 0.091667
0 0.892500 0.573333 0.066250 0.086667
0 0.777813 0.561250 0.063125 0.085833
0 0.026562 0.556667 0.053125 0.096667
0 0.436250 0.529583 0.068750 0.087500
0 0.376250 0.520417 0.070000 0.092500
0 0.574688 0.507083 0.065625 0.082500
0 0.139375 0.503750 0.068750 0.099167
0 0.478750 0.498750 0.060000 0.100833
0 0.269375 0.480417 0.067500 0.087500
0 0.796875 0.469167 0.061250 0.068333
0 0.033750 0.465833 0.067500 0.086667
0 0.405313 0.442917 0.075625 0.072500
0 0.524375 0.436250 0.070000 0.094167
0 0.599688 0.420833 0.071875 0.096667
0 0.243750 0.411250 0.075000 0.087500
0 0.129688 0.397917 0.074375 0.092500
0 0.919687 0.385000 0.074375 0.091667
0 0.304375 0.372083 0.078750 0.090833
0 0.761563 0.370000 0.066875 0.090000
0 0.642188 0.357917 0.065625 0.095833
0 0.036875 0.340833 0.062500 0.081667
0 0.722187 0.307083 0.064375 0.095833
0 0.820625 0.295417 0.091250 0.074167
0 0.097812 0.304583 0.090625 0.109167
0 0.228125 0.291667 0.066250 0.090000
0 0.473750 0.279583 0.065000 0.084167
0 0.678125 0.273333 0.066250 0.091667
0 0.936875 0.260000 0.065000 0.086667
0 0.344375 0.274167 0.097500 0.128333
0 0.560625 0.234583 0.071250 0.094167
0 0.857812 0.228333 0.066875 0.105000
0 0.269688 0.194583 0.066875 0.080833
0 0.198750 0.188333 0.073750 0.086667
0 0.118125 0.180000 0.066250 0.093333
0 0.901563 0.165000 0.073125 0.093333
0 0.486875 0.166250 0.076250 0.095833
0 0.604062 0.159583 0.061875 0.084167
0 0.797813 0.182917 0.078125 0.147500
0 0.523438 0.103333 0.060625 0.080000
0 0.021875 0.102083 0.043750 0.079167
0 0.658750 0.066667 0.066250 0.078333
0 0.222812 0.073750 0.073125 0.095833
0 0.074688 0.069583 0.071875 0.095833
0 0.928750 0.064167 0.068750 0.091667
0 0.349687 0.070833 0.080625 0.105000
0 0.731875 0.054583 0.076250 0.085833
0 0.981875 0.041667 0.036250 0.083333
0 0.611875 0.025417 0.077500 0.050833
0 0.399687 0.027500 0.066875 0.055000
0 0.167813 0.047917 0.073125 0.095833