0 0.140625 0.972500 0.068750 0.055000
0 0.904375 0.952917 0.090000 0.082500
0 0.686875 0.937917 0.076250 0.085833
0 0.435312 0.923333 0.081875 0.081667
0 0.938438 0.749583 0.098125 0.070833
0 0.069375 0.710000 0.080000 0.075000
0 0.618437 0.707500 0.073125 0.078333
0 0.724375 0.677500 0.067500 0.091667
0 0.534687 0.657500 0.078125 0.078333
0 0.654687 0.615000 0.076875 0.100000
0 0.961875 0.518750 0.076250 0.074167
0 0.370312 0.485833 0.098125 0.051667
0 0.347500 0.437083 0.082500 0.087500
0 0.479687 0.425000 0.038125 0.073333
0 0.063750 0.415417 0.073750 0.072500
0 0.443437 0.435000 0.046875 0.118333
0 0.455000 0.327500 0.086250 0.068333
0 0.732500 0.303750 0.072500 0.089167
0 0.412813 0.278750 0.079375 0.057500
0 0.019062 0.277083 0.038125 0.079167
0 0.897500 0.283333 0.065000 0.100000
0 0.771250 0.245833 0.075000 0.098333
0 0.730625 0.220000 0.055000 0.080000
0 0.344687 0.176667 0.073125 0.115000
0 0.779062 0.117083 0.065625 0.092500
0 0.889375 0.035000 0.070000 0.070000
0 0.610000 0.041667 0.072500 0.083333