0 0.420625 0.973750 0.068750 0.052500
0 0.279375 0.973750 0.063750 0.052500
0 0.490938 0.960417 0.058125 0.079167
0 0.103438 0.952917 0.068125 0.084167
0 0.979375 0.952083 0.041250 0.085833
0 0.352812 0.947500 0.060625 0.076667
0 0.214375 0.931250 0.083750 0.060833
0 0.879687 0.912083 0.066875 0.087500
0 0.165000 0.868750 0.080000 0.080833
0 0.730000 0.858750 0.073750 0.080833
0 0.511250 0.851667 0.063750 0.080000
0 0.370937 0.841667 0.081875 0.085000
0 0.080625 0.832500 0.072500 0.075000
0 0.446562 0.836667 0.061875 0.090000
0 0.302812 0.802500 0.059375 0.073333
0 0.679063 0.800000 0.063125 0.075000
0 0.933438 0.787083 0.074375 0.087500
0 0.044687 0.774167 0.079375 0.076667
0 0.757812 0.755417 0.063125 0.072500
0 0.207187 0.755000 0.058125 0.076667
0 0.594688 0.757083 0.061875 0.084167
0 0.352500 0.747500 0.051250 0.083333
0 0.653438 0.735417 0.083125 0.069167
0 0.309688 0.720833 0.063125 0.078333
0 0.832500 0.701250 0.062500 0.080833
0 0.974063 0.704167 0.051875 0.088333
0 0.186562 0.678750 0.081875 0.077500
0 0.683125 0.665833 0.053750 0.085000
0 0.883437 0.656667 0.069375 0.080000
0 0.265625 0.652500 0.073750 0.075000
0 0.104063 0.643333 0.068125 0.086667
0 0.160938 0.604167 0.055625 0.073333
0 0.301250 0.575833 0.072500 0.083333
0 0.410938 0.573750 0.061875 0.082500
0 0.060000 0.568750 0.063750 0.072500
0 0.601875 0.566667 0.063750 0.081667
0 0.557813 0.556667 0.070625 0.083333
0 0.963750 0.547083 0.067500 0.079167
0 0.092500 0.514167 0.055000 0.071667
0 0.812187 0.487500 0.094375 0.050000
0 0.539375 0.504167 0.060000 0.088333
0 0.660312 0.470417 0.068125 0.055833
0 0.212500 0.462917 0.061250 0.080833
0 0.410625 0.440833 0.083750 0.076667
0 0.336562 0.430000 0.070625 0.085000
0 0.665937 0.418750 0.064375 0.072500
0 0.020938 0.405000 0.041875 0.068333
0 0.722187 0.400417 0.085625 0.094167
0 0.380625 0.393750 0.062500 0.087500
0 0.759062 0.330000 0.061875 0.076667
0 0.873125 0.315417 0.066250 0.072500
0 0.939688 0.307500 0.074375 0.058333
0 0.373437 0.263750 0.058125 0.065833
0 0.533438 0.242083 0.060625 0.077500
0 0.095000 0.212500 0.047500 0.066667
0 0.025000 0.146250 0.050000 0.080833
0 0.665000 0.141250 0.071250 0.082500
0 0.294063 0.122083 0.070625 0.099167
0 0.212188 0.097500 0.066875 0.091667
0 0.825937 0.071250 0.053125 0.094167
0 0.459062 0.035417 0.065625 0.070833