0 0.950625 0.945833 0.062500 0.068333
0 0.277813 0.954583 0.075625 0.085833
0 0.897500 0.949167 0.060000 0.096667
0 0.382500 0.916250 0.070000 0.092500
0 0.732187 0.862917 0.091875 0.095833
0 0.788750 0.836667 0.082500 0.093333
0 0.052812 0.810417 0.065625 0.084167
0 0.633750 0.855417 0.100000 0.177500
0 0.106875 0.790000 0.067500 0.091667
0 0.931875 0.784583 0.062500 0.085833
0 0.399687 0.780417 0.065625 0.099167
0 0.175313 0.766667 0.063125 0.090000
0 0.737187 0.737083 0.075625 0.092500
0 0.335625 0.739167 0.072500 0.096667
0 0.621563 0.729167 0.073125 0.081667
0 0.954688 0.707917 0.086875 0.094167
0 0.421563 0.671250 0.088125 0.087500
0 0.705625 0.623333 0.066250 0.081667
0 0.057813 0.603750 0.079375 0.084167
0 0.408438 0.592083 0.148125 0.105833
0 0.844063 0.575000 0.066875 0.098333
0 0.559063 0.554167 0.075625 0.091667
0 0.050937 0.514167 0.075625 0.086667
0 0.128125 0.467917 0.071250 0.092500
0 0.551250 0.453750 0.067500 0.090833
0 0.741563 0.445000 0.080625 0.093333
0 0.411562 0.433750 0.079375 0.080833
0 0.933125 0.415417 0.073750 0.092500
0 0.870938 0.432500 0.098125 0.148333
0 0.124688 0.370000 0.074375 0.088333
0 0.550312 0.304167 0.069375 0.096667
0 0.318750 0.295417 0.062500 0.087500
0 0.120000 0.283750 0.073750 0.080833
0 0.509375 0.270417 0.062500 0.089167
0 0.388750 0.258333 0.068750 0.086667
0 0.812187 0.255417 0.066875 0.094167
0 0.937500 0.211250 0.072500 0.099167
0 0.642813 0.172083 0.065625 0.087500
0 0.558750 0.167500 0.068750 0.091667
0 0.703438 0.131667 0.070625 0.081667
0 0.499688 0.117917 0.070625 0.085833
0 0.366875 0.092083 0.075000 0.094167
0 0.602187 0.080417 0.076875 0.080833
0 0.748750 0.060000 0.075000 0.070000
0 0.102500 0.061250 0.066250 0.080833