0 0.633125 0.945000 0.063750 0.085000
0 0.371563 0.919167 0.068125 0.085000
0 0.276875 0.910833 0.066250 0.090000
0 0.123750 0.889167 0.057500 0.081667
0 0.750938 0.882917 0.050625 0.082500
0 0.671250 0.885417 0.087500 0.124167
0 0.801250 0.854167 0.063750 0.148333
0 0.052500 0.739167 0.060000 0.085000
0 0.340313 0.721667 0.066875 0.085000
0 0.815937 0.708750 0.058125 0.075833
0 0.141563 0.695417 0.053125 0.092500
0 0.091250 0.680417 0.061250 0.090833
0 0.380312 0.676667 0.074375 0.115000
0 0.591250 0.652917 0.060000 0.095833
0 0.427812 0.627500 0.090625 0.076667
0 0.176250 0.608333 0.098750 0.086667
0 0.266875 0.601250 0.065000 0.075833
0 0.796875 0.575000 0.065000 0.083333
0 0.444063 0.550833 0.073125 0.085000
0 0.660937 0.549167 0.060625 0.091667
0 0.182812 0.544167 0.055625 0.085000
0 0.239063 0.542083 0.056875 0.092500
0 0.895938 0.526250 0.075625 0.070833
0 0.305937 0.535833 0.058125 0.090000
0 0.041875 0.525000 0.060000 0.085000
0 0.368437 0.515833 0.071875 0.095000
0 0.125312 0.503333 0.056875 0.078333
0 0.732500 0.502500 0.063750 0.086667
0 0.427812 0.480417 0.058125 0.070833
0 0.523750 0.476250 0.055000 0.079167
0 0.336250 0.462083 0.066250 0.090833
0 0.823125 0.469167 0.060000 0.111667
0 0.061562 0.442083 0.065625 0.112500
0 0.200625 0.420833 0.067500 0.088333
0 0.443750 0.405000 0.066250 0.085000
0 0.380625 0.368750 0.057500 0.079167
0 0.600625 0.357500 0.062500 0.085000
0 0.520625 0.307500 0.061250 0.086667
0 0.403750 0.286667 0.061250 0.081667
0 0.458750 0.267500 0.065000 0.091667
0 0.135625 0.257083 0.062500 0.099167
0 0.887500 0.236667 0.066250 0.086667
0 0.349687 0.230000 0.064375 0.080000
0 0.214062 0.214167 0.070625 0.086667
0 0.773438 0.205833 0.058125 0.081667
0 0.409375 0.188333 0.061250 0.088333
0 0.250937 0.163750 0.059375 0.074167
0 0.595938 0.177500 0.076875 0.113333
0 0.520000 0.122500 0.065000 0.093333
0 0.888125 0.142917 0.123750 0.137500
0 0.094062 0.114167 0.064375 0.081667
0 0.117188 0.069583 0.065625 0.087500
0 0.622500 0.059583 0.066250 0.099167
0 0.552500 0.042500 0.063750 0.076667
0 0.330313 0.043333 0.073125 0.080000