0 0.452500 0.980417 0.068750 0.039167
0 0.916562 0.978333 0.064375 0.043333
0 0.610000 0.977500 0.090000 0.045000
0 0.775312 0.971250 0.064375 0.057500
0 0.025625 0.951667 0.051250 0.073333
0 0.858125 0.938333 0.071250 0.081667
0 0.520625 0.924167 0.055000 0.075000
0 0.407500 0.925417 0.067500 0.080833
0 0.592187 0.916250 0.066875 0.082500
0 0.710313 0.897500 0.060625 0.085000
0 0.666250 0.896250 0.060000 0.087500
0 0.032813 0.891250 0.065625 0.079167
0 0.792500 0.885417 0.060000 0.114167
0 0.841250 0.859167 0.068750 0.080000
0 0.253437 0.839583 0.069375 0.095833
0 0.160938 0.832083 0.071875 0.080833
0 0.509062 0.812083 0.073125 0.090833
0 0.845313 0.795417 0.060625 0.075833
0 0.887500 0.790833 0.048750 0.116667
0 0.014375 0.761667 0.028750 0.068333
0 0.802500 0.767083 0.061250 0.084167
0 0.170000 0.759583 0.082500 0.085833
0 0.493750 0.725833 0.072500 0.060000
0 0.031250 0.724167 0.062500 0.088333
0 0.553438 0.721667 0.061875 0.085000
0 0.081250 0.724167 0.053750 0.093333
0 0.837500 0.712500 0.067500 0.083333
0 0.971875 0.712083 0.056250 0.084167
0 0.393437 0.701250 0.078125 0.082500
0 0.757812 0.700000 0.066875 0.090000
0 0.141563 0.685833 0.071875 0.096667
0 0.483438 0.672917 0.090625 0.084167
0 0.979375 0.633750 0.041250 0.072500
0 0.851250 0.632500 0.060000 0.093333
0 0.547813 0.628333 0.071875 0.096667
0 0.220312 0.620833 0.073125 0.086667
0 0.382812 0.618333 0.055625 0.090000
0 0.629375 0.613750 0.071250 0.092500
0 0.415625 0.596250 0.058750 0.085833
0 0.455313 0.592500 0.049375 0.083333
0 0.503750 0.600000 0.057500 0.100000
0 0.571875 0.565000 0.070000 0.095000
0 0.243438 0.563750 0.061875 0.099167
0 0.706875 0.527500 0.070000 0.086667
0 0.974063 0.528750 0.051875 0.090833
0 0.403438 0.511250 0.063125 0.077500
0 0.498125 0.509167 0.078750 0.080000
0 0.277187 0.495833 0.076875 0.088333
0 0.848125 0.472917 0.068750 0.080833
0 0.621250 0.492083 0.076250 0.129167
0 0.555312 0.464583 0.061875 0.090833
0 0.765938 0.458750 0.071875 0.087500
0 0.464062 0.447083 0.069375 0.085833
0 0.318750 0.445417 0.071250 0.089167
0 0.499688 0.434583 0.065625 0.092500
0 0.435312 0.386250 0.080625 0.079167
0 0.478438 0.357500 0.074375 0.066667
0 0.030000 0.367917 0.060000 0.102500
0 0.923750 0.354583 0.065000 0.077500
0 0.756250 0.359167 0.066250 0.090000
0 0.262500 0.354167 0.057500 0.088333
0 0.397813 0.335000 0.068125 0.076667
0 0.057188 0.330000 0.075625 0.083333
0 0.471250 0.304583 0.081250 0.077500
0 0.874687 0.322917 0.063125 0.120833
0 0.336562 0.293750 0.063125 0.084167
0 0.059062 0.281250 0.050625 0.075833
0 0.383437 0.270417 0.070625 0.087500
0 0.448750 0.260417 0.062500 0.072500
0 0.095000 0.275833 0.055000 0.113333
0 0.641875 0.243750 0.065000 0.090833
0 0.171250 0.235833 0.067500 0.076667
0 0.238437 0.237500 0.084375 0.086667
0 0.961875 0.208750 0.070000 0.094167
0 0.823125 0.211667 0.043750 0.126667
0 0.295000 0.189167 0.075000 0.090000
0 0.685312 0.177917 0.061875 0.095833
0 0.898125 0.174583 0.067500 0.095833
0 0.232813 0.172500 0.061875 0.093333
0 0.311875 0.136667 0.061250 0.073333
0 0.429063 0.142917 0.064375 0.089167
0 0.482812 0.112500 0.066875 0.098333
0 0.383125 0.091667 0.078750 0.065000
0 0.944063 0.077083 0.073125 0.092500
0 0.392500 0.036250 0.112500 0.072500
0 0.206875 0.029167 0.080000 0.058333
0 0.136250 0.037917 0.075000 0.075833