0 0.381875 0.969167 0.052500 0.061667
0 0.511250 0.964583 0.052500 0.070833
0 0.830625 0.964167 0.058750 0.071667
0 0.208125 0.952500 0.052500 0.068333
0 0.671875 0.955000 0.060000 0.085000
0 0.950937 0.947083 0.069375 0.082500
0 0.340313 0.928333 0.054375 0.071667
0 0.074375 0.927500 0.058750 0.071667
0 0.797188 0.921667 0.068125 0.090000
0 0.541250 0.896667 0.082500 0.095000
0 0.962812 0.888750 0.065625 0.084167
0 0.745625 0.885833 0.062500 0.093333
0 0.118125 0.877083 0.063750 0.084167
0 0.043750 0.867083 0.057500 0.070833
0 0.473750 0.842500 0.057500 0.058333
0 0.374063 0.852083 0.085625 0.095833
0 0.795312 0.833333 0.068125 0.085000
0 0.195000 0.834167 0.063750 0.088333
0 0.086250 0.814583 0.097500 0.092500
0 0.318437 0.791250 0.048125 0.070833
0 0.423125 0.792917 0.066250 0.087500
0 0.717812 0.784583 0.059375 0.074167
0 0.519062 0.783750 0.058125 0.074167
0 0.150000 0.773750 0.042500 0.087500
0 0.805000 0.779583 0.072500 0.109167
0 0.105938 0.745417 0.060625 0.062500
0 0.613437 0.739583 0.054375 0.070833
0 0.048125 0.738750 0.085000 0.075833
0 0.378437 0.735833 0.064375 0.071667
0 0.433437 0.726250 0.058125 0.075833
0 0.859688 0.723750 0.053125 0.075833
0 0.320312 0.708750 0.051875 0.069167
0 0.116250 0.694583 0.060000 0.059167
0 0.662188 0.693750 0.058125 0.087500
0 0.817500 0.679167 0.070000 0.088333
0 0.628437 0.667083 0.054375 0.072500
0 0.052500 0.677083 0.067500 0.094167
0 0.135625 0.661250 0.071250 0.092500
0 0.874062 0.628750 0.051875 0.075833
0 0.072813 0.597917 0.049375 0.062500
0 0.641250 0.595833 0.061250 0.075000
0 0.197813 0.599167 0.063125 0.085000
0 0.761250 0.610833 0.080000 0.110000
0 0.301250 0.600833 0.060000 0.090000
0 0.822812 0.591667 0.083125 0.108333
0 0.526875 0.558750 0.053750 0.079167
0 0.626250 0.527083 0.061250 0.067500
0 0.798438 0.522500 0.069375 0.060000
0 0.369375 0.535417 0.068750 0.085833
0 0.284375 0.537083 0.052500 0.092500
0 0.230937 0.532917 0.055625 0.092500
0 0.713750 0.528750 0.067500 0.087500
0 0.562813 0.496667 0.060625 0.071667
0 0.045312 0.502500 0.071875 0.090000
0 0.415625 0.482917 0.042500 0.075833
0 0.317500 0.482500 0.057500 0.080000
0 0.827500 0.470000 0.077500 0.076667
0 0.120938 0.448333 0.059375 0.081667
0 0.369688 0.442083 0.059375 0.077500
0 0.446875 0.430417 0.050000 0.059167
0 0.614062 0.423750 0.068125 0.085833
0 0.187812 0.422500 0.055625 0.083333
0 0.960938 0.399583 0.051875 0.075833
0 0.778438 0.389583 0.048125 0.074167
0 0.410313 0.370000 0.053125 0.051667
0 0.833438 0.385417 0.058125 0.084167
0 0.468125 0.378333 0.058750 0.071667
0 0.028750 0.379583 0.057500 0.084167
0 0.086563 0.358750 0.060625 0.065833
0 0.650625 0.346667 0.067500 0.093333
0 0.064375 0.304583 0.060000 0.065833
0 0.195625 0.302083 0.052500 0.069167
0 0.600313 0.295417 0.061875 0.065833
0 0.935625 0.302500 0.063750 0.081667
0 0.404062 0.302083 0.063125 0.087500
0 0.470000 0.296667 0.066250 0.090000
0 0.235313 0.267083 0.051875 0.065833
0 0.140313 0.269167 0.056875 0.078333
0 0.815937 0.256250 0.074375 0.080833
0 0.080625 0.240000 0.058750 0.073333
0 0.187500 0.230417 0.055000 0.070833
0 0.587812 0.225000 0.046875 0.073333
0 0.273750 0.212083 0.055000 0.065833
0 0.771250 0.205833 0.075000 0.065000
0 0.228750 0.200833 0.053750 0.071667
0 0.886250 0.188333 0.075000 0.080000
0 0.479063 0.192917 0.059375 0.089167
0 0.545937 0.183750 0.061875 0.085833
0 0.109687 0.161250 0.051875 0.082500
0 0.321250 0.150417 0.070000 0.070833
0 0.648750 0.159167 0.071250 0.123333
0 0.445937 0.127083 0.059375 0.085833
0 0.251250 0.119583 0.055000 0.082500
0 0.608125 0.110417 0.048750 0.070833
0 0.336875 0.102500 0.051250 0.063333
0 0.870938 0.102500 0.064375 0.085000
0 0.510938 0.095833 0.066875 0.081667
0 0.652813 0.076667 0.068125 0.066667
0 0.618437 0.040000 0.066875 0.068333
0 0.436250 0.043333 0.077500 0.086667
0 0.343750 0.035417 0.076250 0.070833