0 0.798750 0.969167 0.070000 0.061667
0 0.647500 0.962500 0.068750 0.075000
0 0.348438 0.945417 0.064375 0.089167
0 0.123438 0.937500 0.065625 0.081667
0 0.477187 0.920833 0.065625 0.085000
0 0.200937 0.894167 0.076875 0.101667
0 0.611250 0.871667 0.090000 0.105000
0 0.769687 0.846250 0.056875 0.077500
0 0.291875 0.806667 0.068750 0.095000
0 0.505938 0.798750 0.069375 0.097500
0 0.369375 0.765833 0.051250 0.070000
0 0.463750 0.690833 0.068750 0.098333
0 0.968437 0.674167 0.063125 0.121667
0 0.739375 0.645000 0.063750 0.106667
0 0.371875 0.645417 0.088750 0.119167
0 0.096875 0.629583 0.072500 0.092500
0 0.511250 0.576667 0.062500 0.083333
0 0.906250 0.577917 0.065000 0.092500
0 0.216875 0.573333 0.088750 0.085000
0 0.610313 0.565000 0.066875 0.080000
0 0.319688 0.531667 0.071875 0.098333
0 0.180312 0.502500 0.065625 0.088333
0 0.398750 0.499167 0.071250 0.098333
0 0.480625 0.478333 0.073750 0.086667
0 0.913750 0.454583 0.058750 0.084167
0 0.971562 0.444583 0.056875 0.082500
0 0.338125 0.417917 0.063750 0.080833
0 0.076563 0.394167 0.068125 0.095000
0 0.160312 0.396667 0.073125 0.103333
0 0.905000 0.370833 0.072500 0.088333
0 0.965313 0.372917 0.069375 0.107500
0 0.397500 0.351250 0.058750 0.067500
0 0.553125 0.342500 0.061250 0.081667
0 0.750938 0.281250 0.071875 0.082500
0 0.141563 0.273333 0.074375 0.088333
0 0.248438 0.274167 0.076875 0.096667
0 0.354687 0.226667 0.070625 0.090000
0 0.117813 0.227917 0.074375 0.109167
0 0.680312 0.210417 0.056875 0.077500
0 0.037500 0.188333 0.075000 0.093333
0 0.180312 0.175000 0.080625 0.091667
0 0.416250 0.112500 0.051250 0.070000
0 0.623125 0.113333 0.066250 0.093333
0 0.894687 0.077083 0.071875 0.100833
0 0.699688 0.060000 0.074375 0.088333
0 0.385313 0.036250 0.073125 0.072500
0 0.182188 0.035833 0.064375 0.071667