0 0.958750 0.890000 0.073750 0.088333
0 0.575313 0.872917 0.055625 0.084167
0 0.890000 0.832500 0.057500 0.090000
0 0.624062 0.820000 0.065625 0.101667
0 0.427187 0.820833 0.075625 0.106667
0 0.048438 0.767083 0.061875 0.097500
0 0.765000 0.752083 0.071250 0.090833
0 0.900000 0.729583 0.060000 0.079167
0 0.354063 0.600417 0.063125 0.097500
0 0.610938 0.577500 0.068125 0.096667
0 0.750313 0.557083 0.058125 0.075833
0 0.296563 0.561667 0.065625 0.085000
0 0.740313 0.467083 0.068125 0.122500
0 0.538750 0.451667 0.060000 0.096667
0 0.088438 0.422500 0.069375 0.078333
0 0.660000 0.432917 0.067500 0.100833
0 0.589688 0.367917 0.059375 0.124167
0 0.137813 0.338333 0.056875 0.073333
0 0.974375 0.288333 0.050000 0.100000
0 0.753125 0.220417 0.071250 0.094167
0 0.259375 0.199583 0.066250 0.089167
0 0.176250 0.215833 0.088750 0.123333
0 0.957187 0.176250 0.059375 0.089167
0 0.788438 0.125417 0.059375 0.084167
0 0.205000 0.110000 0.053750 0.075000
0 0.822500 0.042917 0.080000 0.085833