0 0.284375 0.975000 0.072500 0.050000
0 0.347187 0.943750 0.066875 0.094167
0 0.848125 0.942500 0.066250 0.096667
0 0.479687 0.929167 0.083125 0.098333
0 0.406562 0.887083 0.074375 0.095833
0 0.020625 0.883333 0.041250 0.093333
0 0.162500 0.877500 0.071250 0.101667
0 0.985000 0.872500 0.030000 0.095000
0 0.569688 0.835833 0.069375 0.080000
0 0.065312 0.835833 0.066875 0.101667
0 0.386562 0.811667 0.065625 0.085000
0 0.752188 0.782500 0.066875 0.088333
0 0.942187 0.739167 0.076875 0.095000
0 0.447500 0.738333 0.067500 0.101667
0 0.381563 0.727083 0.069375 0.090833
0 0.830313 0.716667 0.063125 0.091667
0 0.116875 0.713333 0.101250 0.123333
0 0.015000 0.686250 0.030000 0.099167
0 0.175000 0.639583 0.072500 0.090833
0 0.050313 0.597917 0.069375 0.079167
0 0.847812 0.607083 0.065625 0.099167
0 0.966562 0.578750 0.066875 0.094167
0 0.513750 0.567917 0.071250 0.084167
0 0.048438 0.530417 0.061875 0.072500
0 0.178437 0.517917 0.064375 0.090833
0 0.455313 0.515000 0.070625 0.093333
0 0.711562 0.530000 0.095625 0.131667
0 0.275625 0.502500 0.068750 0.095000
0 0.749687 0.487083 0.044375 0.105833
0 0.920000 0.465417 0.097500 0.122500
0 0.224375 0.438333 0.071250 0.088333
0 0.547500 0.430000 0.082500 0.096667
0 0.300312 0.417917 0.080625 0.075833
0 0.223750 0.370000 0.070000 0.075000
0 0.426563 0.398333 0.068125 0.145000
0 0.926875 0.366250 0.073750 0.090833
0 0.361875 0.357917 0.066250 0.095833
0 0.168437 0.357083 0.063125 0.102500
0 0.720313 0.327083 0.066875 0.085833
0 0.291563 0.329167 0.088125 0.108333
0 0.978125 0.322917 0.043750 0.097500
0 0.476250 0.333333 0.087500 0.123333
0 0.827187 0.282917 0.068125 0.090833
0 0.114687 0.237917 0.073125 0.094167
0 0.754375 0.229583 0.066250 0.102500
0 0.315937 0.223333 0.080625 0.090000
0 0.900312 0.192083 0.074375 0.094167
0 0.084062 0.179167 0.071875 0.100000
0 0.267188 0.163750 0.070625 0.087500
0 0.960625 0.156250 0.067500 0.100833
0 0.024375 0.150417 0.048750 0.099167
0 0.152188 0.147917 0.071875 0.097500
0 0.319063 0.119583 0.095625 0.120833
0 0.785312 0.094167 0.064375 0.090000
0 0.619687 0.094583 0.069375 0.099167
0 0.961562 0.031250 0.074375 0.062500
0 0.403125 0.040000 0.067500 0.080000
0 0.195312 0.031250 0.073125 0.062500