0 0.705000 0.968333 0.080000 0.063333
0 0.473750 0.967500 0.072500 0.065000
0 0.632812 0.960833 0.076875 0.078333
0 0.379688 0.941667 0.065625 0.110000
0 0.436875 0.913333 0.061250 0.098333
0 0.952187 0.894583 0.079375 0.100833
0 0.467187 0.827083 0.075625 0.104167
0 0.690937 0.817500 0.066875 0.105000
0 0.325937 0.811250 0.080625 0.104167
0 0.144063 0.785833 0.094375 0.131667
0 0.388750 0.702500 0.085000 0.096667
0 0.731875 0.698750 0.070000 0.092500
0 0.194375 0.663750 0.081250 0.104167
0 0.289375 0.655833 0.070000 0.095000
0 0.511875 0.632083 0.076250 0.094167
0 0.715625 0.615417 0.072500 0.095833
0 0.105625 0.565000 0.072500 0.086667
0 0.179688 0.517500 0.036875 0.061667
0 0.875938 0.517500 0.075625 0.105000
0 0.153125 0.467917 0.071250 0.090833
0 0.540625 0.438750 0.072500 0.100833
0 0.941562 0.412083 0.073125 0.132500
0 0.498125 0.384583 0.070000 0.100833
0 0.167813 0.373333 0.071875 0.091667
0 0.365625 0.353333 0.077500 0.108333
0 0.847812 0.315000 0.073125 0.100000
0 0.335000 0.332917 0.131250 0.142500
0 0.206250 0.277083 0.101250 0.079167
0 0.592500 0.174167 0.072500 0.090000
0 0.312812 0.167083 0.085625 0.095833
0 0.961562 0.205417 0.076875 0.177500
0 0.680625 0.110000 0.073750 0.088333
0 0.383437 0.102083 0.069375 0.100833
0 0.556562 0.052083 0.069375 0.104167
0 0.147187 0.041250 0.091875 0.082500