0 0.205625 0.972917 0.070000 0.054167
0 0.545312 0.969583 0.068125 0.060833
0 0.821562 0.968750 0.043125 0.062500
0 0.734375 0.968750 0.053750 0.062500
0 0.942500 0.962083 0.071250 0.075833
0 0.689688 0.950833 0.050625 0.075000
0 0.308750 0.951250 0.070000 0.079167
0 0.285938 0.906250 0.073125 0.075833
0 0.893750 0.907083 0.056250 0.079167
0 0.014687 0.896667 0.029375 0.076667
0 0.798438 0.891250 0.061875 0.089167
0 0.391250 0.867083 0.047500 0.079167
0 0.744375 0.822500 0.068750 0.076667
0 0.318437 0.840833 0.101875 0.141667
0 0.190625 0.782083 0.063750 0.077500
0 0.577500 0.780000 0.062500 0.075000
0 0.513750 0.779583 0.057500 0.075833
0 0.465000 0.767083 0.056250 0.084167
0 0.781250 0.739583 0.058750 0.074167
0 0.982812 0.725833 0.034375 0.078333
0 0.918750 0.725000 0.061250 0.085000
0 0.659687 0.720833 0.058125 0.080000
0 0.599063 0.670000 0.059375 0.070000
0 0.797813 0.670000 0.063125 0.078333
0 0.426875 0.657917 0.061250 0.077500
0 0.152812 0.653333 0.071875 0.073333
0 0.333125 0.629583 0.057500 0.080833
0 0.182500 0.610417 0.067500 0.082500
0 0.794063 0.548333 0.053125 0.075000
0 0.375312 0.535000 0.051875 0.068333
0 0.319063 0.522500 0.053125 0.061667
0 0.743125 0.529583 0.053750 0.084167
0 0.855000 0.497917 0.060000 0.072500
0 0.448125 0.500000 0.068750 0.093333
0 0.386562 0.490833 0.061875 0.081667
0 0.070625 0.490417 0.061250 0.080833
0 0.023125 0.479167 0.042500 0.070000
0 0.641875 0.471250 0.063750 0.075833
0 0.801875 0.472500 0.087500 0.105000
0 0.545625 0.421667 0.060000 0.081667
0 0.487812 0.413750 0.058125 0.085833
0 0.854062 0.382083 0.053125 0.074167
0 0.789375 0.399167 0.087500 0.131667
0 0.247188 0.371667 0.066875 0.080000
0 0.454688 0.357500 0.064375 0.073333
0 0.170937 0.327500 0.061875 0.081667
0 0.761875 0.301667 0.047500 0.061667
0 0.858437 0.301250 0.054375 0.077500
0 0.275313 0.292083 0.056875 0.072500
0 0.613437 0.281250 0.060625 0.079167
0 0.219375 0.275833 0.058750 0.080000
0 0.977812 0.255417 0.044375 0.085833
0 0.322188 0.237917 0.066875 0.094167
0 0.813125 0.198333 0.065000 0.086667
0 0.617500 0.181667 0.063750 0.076667
0 0.166875 0.175417 0.060000 0.087500
0 0.461250 0.167917 0.066250 0.082500
0 0.038125 0.159167 0.065000 0.080000
0 0.310312 0.153750 0.060625 0.075833
0 0.366875 0.145417 0.051250 0.072500
0 0.111562 0.137083 0.065625 0.089167
0 0.820625 0.117083 0.053750 0.062500
0 0.588125 0.122083 0.055000 0.074167
0 0.881250 0.120833 0.067500 0.080000
0 0.487187 0.109583 0.064375 0.085833
0 0.166875 0.083333 0.058750 0.071667
0 0.852500 0.061250 0.065000 0.072500
0 0.070938 0.062083 0.061875 0.077500
0 0.713437 0.050000 0.071875 0.076667
0 0.503750 0.043333 0.070000 0.083333
0 0.595625 0.018333 0.058750 0.036667
0 0.395937 0.037917 0.063125 0.075833