0 0.511875 0.981667 0.095000 0.036667
0 0.689063 0.956250 0.064375 0.087500
0 0.486563 0.928333 0.085625 0.075000
0 0.170000 0.902917 0.070000 0.092500
0 0.356250 0.892500 0.073750 0.101667
0 0.175625 0.816250 0.062500 0.090833
0 0.352812 0.795417 0.069375 0.097500
0 0.923750 0.767917 0.062500 0.104167
0 0.015000 0.729167 0.030000 0.088333
0 0.810000 0.706667 0.063750 0.103333
0 0.186250 0.662917 0.065000 0.079167
0 0.962500 0.648750 0.068750 0.095833
0 0.109063 0.584583 0.068125 0.099167
0 0.019375 0.572917 0.038750 0.090833
0 0.724063 0.558333 0.069375 0.098333
0 0.832187 0.539167 0.063125 0.101667
0 0.900625 0.526667 0.063750 0.098333
0 0.377500 0.507917 0.070000 0.085833
0 0.242188 0.512083 0.068125 0.094167
0 0.091875 0.469583 0.062500 0.087500
0 0.450000 0.432917 0.073750 0.102500
0 0.865938 0.415417 0.070625 0.100833
0 0.383437 0.411667 0.063125 0.108333
0 0.232500 0.400833 0.066250 0.093333
0 0.513437 0.345417 0.071875 0.089167
0 0.294375 0.341250 0.062500 0.102500
0 0.879062 0.336250 0.074375 0.107500
0 0.033438 0.316250 0.065625 0.079167
0 0.143437 0.310417 0.079375 0.077500
0 0.373750 0.306250 0.073750 0.100833
0 0.238750 0.298750 0.075000 0.105833
0 0.926562 0.284167 0.059375 0.091667
0 0.864375 0.252917 0.061250 0.084167
0 0.026562 0.246250 0.053125 0.080833
0 0.490312 0.244583 0.068125 0.090833
0 0.735000 0.251667 0.088750 0.115000
0 0.089688 0.233333 0.068125 0.101667
0 0.408125 0.203333 0.051250 0.090000
0 0.619062 0.176250 0.070625 0.117500
0 0.736875 0.157500 0.066250 0.096667
0 0.142500 0.148750 0.067500 0.085833
0 0.264688 0.132917 0.070625 0.097500
0 0.456562 0.120417 0.075625 0.089167
0 0.072813 0.120000 0.078125 0.090000
0 0.686562 0.110000 0.064375 0.113333
0 0.201250 0.079583 0.072500 0.090833
0 0.872188 0.075417 0.071875 0.099167
0 0.958438 0.049167 0.078125 0.098333
0 0.657813 0.035417 0.069375 0.070833
0 0.490312 0.045000 0.070625 0.090000
0 0.275313 0.035000 0.063125 0.070000
0 0.165313 0.030417 0.070625 0.060833