0 0.220938 0.979167 0.051875 0.041667
0 0.137500 0.979167 0.045000 0.041667
0 0.543750 0.975833 0.051250 0.048333
0 0.496875 0.969167 0.046250 0.061667
0 0.448750 0.953333 0.057500 0.070000
0 0.925937 0.940000 0.049375 0.068333
0 0.576562 0.920000 0.048125 0.056667
0 0.781563 0.927083 0.054375 0.074167
0 0.150312 0.925417 0.054375 0.070833
0 0.411250 0.920000 0.065000 0.066667
0 0.535000 0.908333 0.067500 0.080000
0 0.707187 0.906667 0.061875 0.080000
0 0.334062 0.911667 0.069375 0.095000
0 0.098750 0.899583 0.053750 0.072500
0 0.950313 0.863333 0.055625 0.078333
0 0.812813 0.850417 0.049375 0.052500
0 0.579375 0.856667 0.057500 0.066667
0 0.460313 0.857500 0.048125 0.071667
0 0.129062 0.852083 0.059375 0.074167
0 0.407813 0.848333 0.051875 0.076667
0 0.025625 0.835000 0.051250 0.075000
0 0.980000 0.804583 0.040000 0.064167
0 0.669687 0.812500 0.063125 0.080000
0 0.904687 0.817083 0.070625 0.097500
0 0.088438 0.792083 0.058125 0.060833
0 0.440000 0.781250 0.047500 0.062500
0 0.510625 0.744167 0.047500 0.055000
0 0.561250 0.740000 0.048750 0.071667
0 0.042188 0.728750 0.050625 0.065833
0 0.036875 0.657083 0.058750 0.067500
0 0.988125 0.647083 0.023750 0.059167
0 0.510312 0.645000 0.046875 0.068333
0 0.093125 0.645833 0.061250 0.090000
0 0.693750 0.615000 0.070000 0.081667
0 0.592500 0.607500 0.065000 0.083333
0 0.469687 0.574167 0.060625 0.068333
0 0.960938 0.563750 0.060625 0.077500
0 0.312500 0.530000 0.062500 0.070000
0 0.496563 0.511667 0.049375 0.075000
0 0.703750 0.483333 0.056250 0.068333
0 0.072813 0.495417 0.076875 0.107500
0 0.867500 0.452917 0.050000 0.065833
0 0.236563 0.448750 0.055625 0.064167
0 0.755938 0.448333 0.046875 0.075000
0 0.471250 0.441250 0.048750 0.077500
0 0.677188 0.427083 0.073125 0.070833
0 0.179063 0.417917 0.081875 0.095833
0 0.132500 0.377500 0.048750 0.066667
0 0.655312 0.363750 0.046875 0.062500
0 0.742812 0.365833 0.055625 0.078333
0 0.608125 0.333750 0.052500 0.077500
0 0.315625 0.316667 0.067500 0.080000
0 0.214375 0.310000 0.052500 0.066667
0 0.107500 0.303750 0.051250 0.060833
0 0.925625 0.294583 0.058750 0.079167
0 0.501563 0.281667 0.058125 0.063333
0 0.752812 0.280000 0.051875 0.070000
0 0.906250 0.239583 0.045000 0.059167
0 0.086563 0.236667 0.046875 0.066667
0 0.813125 0.242917 0.066250 0.087500
0 0.694375 0.228333 0.053750 0.065000
0 0.500313 0.227500 0.064375 0.065000
0 0.567187 0.230833 0.051875 0.073333
0 0.398438 0.220833 0.060625 0.060000
0 0.178437 0.180833 0.063125 0.065000
0 0.913750 0.172500 0.047500 0.068333
0 0.719375 0.160000 0.055000 0.060000
0 0.571875 0.164583 0.063750 0.075833
0 0.950000 0.148333 0.053750 0.078333
0 0.636875 0.131250 0.072500 0.067500
0 0.351562 0.132083 0.056875 0.074167
0 0.857812 0.142917 0.081875 0.134167
0 0.195312 0.106250 0.048125 0.062500
0 0.905312 0.093333 0.060625 0.081667
0 0.680000 0.081667 0.058750 0.081667
0 0.817500 0.075833 0.052500 0.073333
0 0.286875 0.074167 0.058750 0.085000
0 0.923750 0.028333 0.055000 0.056667
0 0.765312 0.038750 0.064375 0.077500
0 0.201250 0.035833 0.067500 0.071667