0 0.964063 0.981667 0.064375 0.036667
0 0.253750 0.969583 0.070000 0.060833
0 0.778438 0.966250 0.069375 0.067500
0 0.641875 0.965000 0.056250 0.070000
0 0.879687 0.961250 0.073125 0.077500
0 0.170937 0.957500 0.073125 0.085000
0 0.331562 0.949167 0.084375 0.101667
0 0.702812 0.939167 0.064375 0.086667
0 0.966250 0.918333 0.056250 0.070000
0 0.592812 0.887917 0.069375 0.082500
0 0.202500 0.877917 0.068750 0.085833
0 0.719375 0.858333 0.068750 0.085000
0 0.070000 0.854583 0.066250 0.090833
0 0.792813 0.850417 0.065625 0.087500
0 0.276875 0.821667 0.067500 0.081667
0 0.629062 0.804167 0.058125 0.080000
0 0.371875 0.800000 0.062500 0.095000
0 0.759687 0.776250 0.066875 0.099167
0 0.444375 0.765833 0.075000 0.090000
0 0.960000 0.756667 0.071250 0.091667
0 0.098125 0.741667 0.071250 0.091667
0 0.653750 0.722917 0.058750 0.077500
0 0.530625 0.667083 0.071250 0.079167
0 0.104063 0.659583 0.061875 0.074167
0 0.651875 0.655000 0.057500 0.075000
0 0.957812 0.651250 0.073125 0.099167
0 0.855625 0.626667 0.067500 0.088333
0 0.590625 0.610833 0.057500 0.076667
0 0.367188 0.619167 0.065625 0.095000
0 0.125625 0.595833 0.066250 0.070000
0 0.778125 0.598333 0.055000 0.085000
0 0.708750 0.583333 0.063750 0.080000
0 0.628750 0.552500 0.056250 0.083333
0 0.816250 0.515833 0.068750 0.080000
0 0.715625 0.517500 0.060000 0.083333
0 0.393125 0.498333 0.065000 0.081667
0 0.980313 0.494167 0.039375 0.091667
0 0.026250 0.480417 0.052500 0.094167
0 0.107500 0.474167 0.066250 0.086667
0 0.953125 0.465000 0.058750 0.090000
0 0.884062 0.466667 0.070625 0.098333
0 0.248750 0.459167 0.072500 0.095000
0 0.831250 0.430833 0.067500 0.081667
0 0.579688 0.415833 0.063125 0.090000
0 0.414062 0.410000 0.068125 0.081667
0 0.218750 0.401667 0.067500 0.088333
0 0.784375 0.387500 0.072500 0.088333
0 0.871875 0.378333 0.057500 0.081667
0 0.949063 0.377500 0.074375 0.090000
0 0.514062 0.370833 0.060625 0.083333
0 0.698125 0.367500 0.062500 0.083333
0 0.140937 0.352083 0.066875 0.074167
0 0.403438 0.328333 0.074375 0.075000
0 0.173750 0.293750 0.073750 0.097500
0 0.948750 0.248333 0.060000 0.091667
0 0.249062 0.245417 0.064375 0.087500
0 0.570312 0.216250 0.073125 0.054167
0 0.343750 0.192500 0.066250 0.063333
0 0.113125 0.196250 0.066250 0.079167
0 0.803125 0.192500 0.087500 0.080000
0 0.631875 0.175000 0.047500 0.088333
0 0.569688 0.162917 0.074375 0.077500
0 0.681562 0.165000 0.059375 0.095000
0 0.973750 0.147917 0.052500 0.097500
0 0.122813 0.125833 0.075625 0.105000
0 0.619062 0.110833 0.076875 0.090000
0 0.174687 0.094167 0.063125 0.076667
0 0.563438 0.077083 0.061875 0.082500
0 0.935937 0.015833 0.060625 0.031667
0 0.555000 0.027500 0.073750 0.055000
0 0.339062 0.019583 0.063125 0.039167
0 0.277187 0.039583 0.064375 0.079167
0 0.197813 0.037083 0.079375 0.074167