0 0.302500 0.981667 0.055000 0.036667
0 0.363438 0.980000 0.058125 0.040000
0 0.664375 0.970833 0.052500 0.058333
0 0.862812 0.963750 0.063125 0.072500
0 0.166250 0.958333 0.056250 0.066667
0 0.417812 0.952917 0.061875 0.070833
0 0.544687 0.951667 0.051875 0.071667
0 0.799063 0.928333 0.070625 0.060000
0 0.361563 0.927500 0.064375 0.075000
0 0.123438 0.919583 0.065625 0.070833
0 0.283438 0.914167 0.061875 0.076667
0 0.582187 0.912083 0.060625 0.084167
0 0.920312 0.919167 0.083125 0.120000
0 0.430937 0.887083 0.049375 0.072500
0 0.186875 0.885417 0.061250 0.082500
0 0.482187 0.882917 0.056875 0.094167
0 0.975313 0.870833 0.049375 0.075000
0 0.536250 0.877917 0.061250 0.089167
0 0.584063 0.838333 0.054375 0.063333
0 0.127500 0.845000 0.062500 0.080000
0 0.387500 0.837083 0.081250 0.107500
0 0.021562 0.814583 0.043125 0.084167
0 0.463750 0.798333 0.065000 0.085000
0 0.936250 0.762083 0.062500 0.077500
0 0.149375 0.755833 0.048750 0.068333
0 0.573750 0.772083 0.086250 0.102500
0 0.760312 0.761667 0.061875 0.085000
0 0.204063 0.738750 0.060625 0.075833
0 0.313437 0.729167 0.046875 0.070000
0 0.020625 0.729167 0.041250 0.085000
0 0.107188 0.709167 0.066875 0.085000
0 0.862187 0.702917 0.059375 0.085833
0 0.620000 0.701667 0.071250 0.088333
0 0.439063 0.695417 0.064375 0.084167
0 0.236875 0.685000 0.063750 0.081667
0 0.172187 0.663750 0.058125 0.070833
0 0.025313 0.657083 0.050625 0.074167
0 0.945937 0.668750 0.104375 0.104167
0 0.662813 0.649583 0.043125 0.077500
0 0.085312 0.640000 0.058125 0.076667
0 0.343438 0.635000 0.053125 0.070000
0 0.715938 0.637500 0.061875 0.088333
0 0.815937 0.635000 0.064375 0.090000
0 0.626875 0.620000 0.066250 0.078333
0 0.244062 0.617500 0.061875 0.075000
0 0.761250 0.594167 0.056250 0.068333
0 0.582187 0.595417 0.051875 0.070833
0 0.281250 0.585417 0.055000 0.064167
0 0.867812 0.597917 0.078125 0.105833
0 0.033438 0.585417 0.050625 0.082500
0 0.083437 0.573333 0.051875 0.070000
0 0.619687 0.549167 0.054375 0.063333
0 0.828750 0.536667 0.055000 0.075000
0 0.229375 0.533750 0.058750 0.074167
0 0.452813 0.538333 0.063125 0.085000
0 0.127500 0.537917 0.065000 0.094167
0 0.404375 0.512917 0.051250 0.060833
0 0.728437 0.519167 0.060625 0.081667
0 0.524062 0.495000 0.051875 0.075000
0 0.873750 0.481250 0.058750 0.074167
0 0.293438 0.478333 0.064375 0.081667
0 0.619062 0.477500 0.066875 0.081667
0 0.477812 0.465417 0.054375 0.067500
0 0.975313 0.456667 0.049375 0.063333
0 0.405313 0.447083 0.079375 0.069167
0 0.055313 0.458333 0.070625 0.095000
0 0.111562 0.445417 0.043125 0.072500
0 0.773750 0.453333 0.082500 0.098333
0 0.239063 0.444167 0.058125 0.088333
0 0.880000 0.431667 0.086250 0.071667
0 0.691250 0.409583 0.087500 0.117500
0 0.051250 0.381667 0.052500 0.063333
0 0.620625 0.388750 0.063750 0.080833
0 0.287187 0.385833 0.064375 0.086667
0 0.731250 0.362500 0.055000 0.073333
0 0.097500 0.355417 0.052500 0.060833
0 0.013750 0.354583 0.027500 0.087500
0 0.409687 0.342917 0.061875 0.084167
0 0.942500 0.290833 0.066250 0.083333
0 0.128125 0.281667 0.046250 0.081667
0 0.051875 0.277083 0.056250 0.080833
0 0.756250 0.295833 0.075000 0.121667
0 0.984375 0.249167 0.031250 0.078333
0 0.174375 0.247083 0.058750 0.082500
0 0.842187 0.240000 0.076875 0.083333
0 0.449375 0.217500 0.061250 0.078333
0 0.203750 0.212917 0.058750 0.070833
0 0.608125 0.225833 0.091250 0.123333
0 0.777188 0.200000 0.060625 0.090000
0 0.023750 0.186667 0.047500 0.070000
0 0.353750 0.176250 0.051250 0.062500
0 0.304375 0.174583 0.048750 0.077500
0 0.723437 0.172083 0.065625 0.077500
0 0.889375 0.167917 0.058750 0.074167
0 0.250312 0.168333 0.059375 0.090000
0 0.131562 0.170833 0.076875 0.096667
0 0.980625 0.145417 0.038750 0.082500
0 0.189688 0.142917 0.059375 0.084167
0 0.448750 0.141667 0.097500 0.098333
0 0.758437 0.118333 0.053125 0.071667
0 0.050000 0.122083 0.050000 0.092500
0 0.316250 0.096667 0.060000 0.068333
0 0.804375 0.100417 0.057500 0.080833
0 0.484375 0.065833 0.065000 0.100000
0 0.016875 0.052500 0.033750 0.075000
0 0.954063 0.054583 0.070625 0.089167
0 0.802500 0.026667 0.055000 0.053333
0 0.748437 0.033750 0.053125 0.067500
0 0.698750 0.021250 0.056250 0.042500
0 0.530312 0.033750 0.054375 0.067500