0 0.694063 0.980833 0.088125 0.038333
0 0.531250 0.978333 0.058750 0.043333
0 0.840313 0.965833 0.056875 0.068333
0 0.058125 0.961250 0.076250 0.077500
0 0.498125 0.954167 0.056250 0.073333
0 0.748125 0.952083 0.056250 0.072500
0 0.882812 0.947083 0.065625 0.069167
0 0.394062 0.955417 0.071875 0.089167
0 0.445937 0.915833 0.049375 0.070000
0 0.264062 0.920000 0.065625 0.080000
0 0.630000 0.919583 0.073750 0.084167
0 0.851875 0.903750 0.052500 0.067500
0 0.789062 0.878333 0.060625 0.085000
0 0.181250 0.876250 0.065000 0.090833
0 0.294375 0.859167 0.076250 0.083333
0 0.825937 0.852917 0.060625 0.079167
0 0.610938 0.848750 0.055625 0.070833
0 0.470000 0.845833 0.072500 0.091667
0 0.433437 0.791667 0.058125 0.073333
0 0.511563 0.792917 0.066875 0.084167
0 0.168437 0.786667 0.091875 0.101667
0 0.386250 0.740417 0.055000 0.082500
0 0.095312 0.721250 0.051875 0.065833
0 0.802813 0.717917 0.068125 0.080833
0 0.439375 0.704167 0.053750 0.078333
0 0.870625 0.688750 0.063750 0.072500
0 0.015312 0.674583 0.030625 0.074167
0 0.243438 0.660833 0.061875 0.081667
0 0.047188 0.650417 0.045625 0.065833
0 0.297812 0.648750 0.046875 0.067500
0 0.360000 0.654167 0.073750 0.080000
0 0.462813 0.640417 0.064375 0.077500
0 0.966250 0.622083 0.067500 0.089167
0 0.793125 0.616250 0.070000 0.080833
0 0.515625 0.612500 0.062500 0.083333
0 0.189375 0.604167 0.057500 0.070000
0 0.031563 0.590833 0.051875 0.060000
0 0.591562 0.600417 0.078125 0.080833
0 0.658125 0.590833 0.055000 0.066667
0 0.900937 0.589167 0.061875 0.076667
0 0.832187 0.589167 0.075625 0.116667
0 0.422500 0.566250 0.062500 0.080833
0 0.067500 0.541667 0.052500 0.073333
0 0.760312 0.529583 0.063125 0.079167
0 0.850000 0.524583 0.055000 0.077500
0 0.323437 0.535000 0.095625 0.118333
0 0.616875 0.505833 0.058750 0.061667
0 0.443437 0.500833 0.048125 0.061667
0 0.506875 0.495833 0.057500 0.070000
0 0.122188 0.520000 0.065625 0.126667
0 0.194375 0.490417 0.071250 0.115833
0 0.330937 0.465833 0.053125 0.068333
0 0.853750 0.464167 0.050000 0.066667
0 0.413438 0.467917 0.055625 0.085833
0 0.711875 0.467917 0.068750 0.087500
0 0.015000 0.458750 0.030000 0.072500
0 0.953750 0.450000 0.053750 0.073333
0 0.597812 0.445000 0.059375 0.076667
0 0.134063 0.420417 0.054375 0.070833
0 0.637500 0.421250 0.076250 0.110833
0 0.564688 0.395417 0.053125 0.072500
0 0.210000 0.412083 0.103750 0.109167
0 0.734688 0.392083 0.049375 0.072500
0 0.381563 0.423750 0.091875 0.137500
0 0.671250 0.362083 0.058750 0.079167
0 0.589688 0.345833 0.054375 0.058333
0 0.902188 0.350417 0.056875 0.074167
0 0.775312 0.343333 0.055625 0.075000
0 0.270313 0.335000 0.060625 0.075000
0 0.079687 0.331667 0.058125 0.075000
0 0.329062 0.320417 0.055625 0.069167
0 0.025000 0.313333 0.050000 0.083333
0 0.950000 0.306250 0.061250 0.079167
0 0.247812 0.289167 0.051875 0.063333
0 0.555937 0.297500 0.078125 0.106667
0 0.886250 0.278333 0.053750 0.075000
0 0.715000 0.242500 0.046250 0.066667
0 0.650000 0.260000 0.076250 0.120000
0 0.919687 0.223333 0.065625 0.071667
0 0.813125 0.220833 0.052500 0.071667
0 0.034375 0.220417 0.068750 0.114167
0 0.757812 0.195833 0.059375 0.070000
0 0.151875 0.203750 0.062500 0.085833
0 0.607812 0.199583 0.063125 0.087500
0 0.274062 0.214167 0.086875 0.120000
0 0.548125 0.179583 0.060000 0.082500
0 0.646250 0.145417 0.105000 0.085833
0 0.885312 0.139583 0.059375 0.079167
0 0.411250 0.122083 0.066250 0.082500
0 0.769687 0.120833 0.059375 0.081667
0 0.335938 0.124167 0.069375 0.090000
0 0.047500 0.105417 0.060000 0.074167
0 0.708750 0.080000 0.048750 0.068333
0 0.272500 0.083750 0.067500 0.082500
0 0.015312 0.074583 0.030625 0.080833
0 0.445937 0.068750 0.053125 0.075833
0 0.153750 0.073333 0.067500 0.090000
0 0.655625 0.059583 0.053750 0.070833
0 0.077188 0.056250 0.055625 0.079167
0 0.883437 0.050417 0.056875 0.072500
0 0.775625 0.045000 0.055000 0.068333
0 0.733437 0.025000 0.049375 0.050000
0 0.352500 0.022917 0.051250 0.045833
0 0.299375 0.022917 0.048750 0.045833
0 0.204687 0.032917 0.049375 0.065833