0 0.188438 0.972917 0.069375 0.054167
0 0.067500 0.962083 0.066250 0.075833
0 0.432188 0.961667 0.066875 0.076667
0 0.291250 0.955000 0.058750 0.080000
0 0.866250 0.935000 0.065000 0.075000
0 0.653438 0.906667 0.065625 0.075000
0 0.747500 0.900000 0.076250 0.068333
0 0.825000 0.886667 0.057500 0.080000
0 0.157500 0.881250 0.067500 0.077500
0 0.335938 0.857917 0.055625 0.072500
0 0.025937 0.857500 0.051875 0.078333
0 0.590000 0.831667 0.068750 0.091667
0 0.867188 0.816250 0.080625 0.070833
0 0.516875 0.813333 0.071250 0.083333
0 0.152812 0.799583 0.055625 0.075833
0 0.071250 0.797083 0.055000 0.070833
0 0.264062 0.793750 0.066875 0.090833
0 0.798438 0.767917 0.074375 0.090833
0 0.515938 0.765000 0.053125 0.085000
0 0.230937 0.753333 0.056875 0.070000
0 0.862500 0.742917 0.075000 0.079167
0 0.442500 0.754167 0.080000 0.105000
0 0.559063 0.744583 0.066875 0.097500
0 0.654687 0.704167 0.061875 0.073333
0 0.379375 0.692500 0.067500 0.081667
0 0.842187 0.670417 0.083125 0.100833
0 0.164687 0.652500 0.065625 0.088333
0 0.647188 0.625000 0.046875 0.076667
0 0.365938 0.602917 0.064375 0.087500
0 0.094062 0.555000 0.060625 0.078333
0 0.185938 0.550417 0.070625 0.092500
0 0.462500 0.535417 0.080000 0.094167
0 0.155938 0.496250 0.051875 0.074167
0 0.246562 0.487500 0.081875 0.086667
0 0.312812 0.470000 0.066875 0.083333
0 0.614062 0.459583 0.058125 0.079167
0 0.851875 0.437500 0.053750 0.080000
0 0.783438 0.429167 0.101875 0.098333
0 0.178750 0.416667 0.060000 0.080000
0 0.225625 0.394583 0.063750 0.087500
0 0.723125 0.361250 0.068750 0.084167
0 0.976875 0.362917 0.046250 0.089167
0 0.933750 0.307500 0.067500 0.075000
0 0.516250 0.281250 0.057500 0.080833
0 0.685625 0.279167 0.065000 0.088333
0 0.621563 0.263333 0.059375 0.081667
0 0.363125 0.258750 0.067500 0.089167
0 0.866563 0.239167 0.060625 0.086667
0 0.136563 0.223750 0.063125 0.089167
0 0.251250 0.201667 0.061250 0.078333
0 0.691250 0.192917 0.055000 0.074167
0 0.800625 0.187500 0.088750 0.090000
0 0.410000 0.179167 0.091250 0.091667
0 0.616250 0.168750 0.058750 0.072500
0 0.354375 0.154167 0.060000 0.085000
0 0.164687 0.153333 0.070625 0.095000
0 0.536250 0.128333 0.056250 0.075000
0 0.804688 0.108333 0.068125 0.068333
0 0.218438 0.097500 0.063125 0.085000
0 0.593750 0.087083 0.076250 0.105833
0 0.934688 0.064167 0.064375 0.081667
0 0.868437 0.064167 0.063125 0.085000
0 0.638750 0.055417 0.071250 0.079167
0 0.771563 0.027917 0.068125 0.055833
0 0.164687 0.039583 0.073125 0.079167
0 0.060625 0.031667 0.071250 0.063333