0 0.691875 0.980417 0.062500 0.039167
0 0.962500 0.977083 0.058750 0.045833
0 0.810625 0.967917 0.052500 0.064167
0 0.749062 0.951667 0.054375 0.065000
0 0.510625 0.957500 0.067500 0.085000
0 0.861250 0.936667 0.061250 0.048333
0 0.134375 0.935000 0.057500 0.078333
0 0.395625 0.935000 0.070000 0.101667
0 0.601250 0.913333 0.053750 0.078333
0 0.055000 0.915833 0.061250 0.083333
0 0.272188 0.862917 0.053125 0.072500
0 0.206563 0.867083 0.063125 0.082500
0 0.535000 0.847500 0.063750 0.073333
0 0.149375 0.839167 0.037500 0.060000
0 0.022812 0.824167 0.045625 0.070000
0 0.343125 0.837083 0.052500 0.117500
0 0.940000 0.810833 0.053750 0.070000
0 0.886250 0.820417 0.062500 0.107500
0 0.852812 0.793333 0.054375 0.065000
0 0.495000 0.789583 0.048750 0.079167
0 0.445625 0.763333 0.060000 0.065000
0 0.601875 0.762917 0.041250 0.069167
0 0.231875 0.742500 0.050000 0.073333
0 0.517813 0.731250 0.053125 0.065833
0 0.875938 0.726250 0.050625 0.064167
0 0.929688 0.727500 0.055625 0.073333
0 0.027187 0.722083 0.054375 0.074167
0 0.641250 0.717083 0.056250 0.067500
0 0.190312 0.706667 0.044375 0.065000
0 0.551250 0.705000 0.060000 0.068333
0 0.978125 0.725000 0.043750 0.115000
0 0.439688 0.700000 0.058125 0.065000
0 0.118125 0.701250 0.087500 0.095833
0 0.700937 0.684167 0.044375 0.065000
0 0.596250 0.682500 0.060000 0.073333
0 0.963437 0.668333 0.043125 0.055000
0 0.325313 0.665833 0.054375 0.070000
0 0.235313 0.665000 0.048125 0.068333
0 0.872500 0.654167 0.042500 0.056667
0 0.778750 0.662917 0.061250 0.077500
0 0.667813 0.656250 0.055625 0.074167
0 0.045625 0.660833 0.045000 0.083333
0 0.195625 0.635417 0.057500 0.072500
0 0.823750 0.620833 0.048750 0.060000
0 0.554063 0.622917 0.048125 0.065833
0 0.888437 0.613750 0.054375 0.065833
0 0.012188 0.612083 0.024375 0.064167
0 0.621563 0.592083 0.060625 0.079167
0 0.339375 0.582500 0.065000 0.086667
0 0.847812 0.560000 0.054375 0.068333
0 0.947500 0.559583 0.060000 0.080833
0 0.658438 0.550000 0.058125 0.071667
0 0.024688 0.542083 0.049375 0.057500
0 0.573125 0.545833 0.056250 0.070000
0 0.274375 0.544167 0.062500 0.083333
0 0.701250 0.504167 0.056250 0.076667
0 0.885938 0.499167 0.065625 0.070000
0 0.099062 0.495417 0.045625 0.069167
0 0.938125 0.475833 0.046250 0.078333
0 0.025625 0.461667 0.051250 0.085000
0 0.066562 0.464583 0.048125 0.100833
0 0.886563 0.435833 0.056875 0.066667
0 0.387188 0.430833 0.056875 0.056667
0 0.307500 0.434167 0.051250 0.066667
0 0.268437 0.445833 0.055625 0.100000
0 0.621250 0.424583 0.051250 0.060833
0 0.146875 0.434167 0.065000 0.086667
0 0.475000 0.422083 0.043750 0.067500
0 0.682500 0.425833 0.056250 0.076667
0 0.912500 0.410417 0.046250 0.077500
0 0.973750 0.409167 0.052500 0.083333
0 0.661563 0.391667 0.041875 0.071667
0 0.589688 0.396667 0.056875 0.085000
0 0.532813 0.387500 0.055625 0.078333
0 0.249062 0.366667 0.055625 0.071667
0 0.191562 0.359583 0.053125 0.072500
0 0.465000 0.305833 0.058750 0.048333
0 0.159688 0.318333 0.054375 0.075000
0 0.838750 0.308333 0.038750 0.061667
0 0.655625 0.306667 0.055000 0.061667
0 0.518125 0.324583 0.060000 0.114167
0 0.202500 0.286250 0.051250 0.070833
0 0.070000 0.274583 0.053750 0.065833
0 0.756250 0.282500 0.068750 0.096667
0 0.818438 0.257083 0.043125 0.069167
0 0.882188 0.288333 0.084375 0.141667
0 0.423750 0.252500 0.057500 0.083333
0 0.480938 0.237500 0.054375 0.063333
0 0.394062 0.228333 0.046875 0.073333
0 0.080000 0.218750 0.063750 0.082500
0 0.340000 0.207917 0.048750 0.069167
0 0.969375 0.200000 0.050000 0.068333
0 0.542813 0.194167 0.073125 0.090000
0 0.497812 0.165000 0.046875 0.071667
0 0.596875 0.161667 0.057500 0.078333
0 0.367500 0.142500 0.048750 0.060000
0 0.060000 0.139167 0.063750 0.073333
0 0.158750 0.136667 0.066250 0.081667
0 0.913125 0.121667 0.055000 0.081667
0 0.251875 0.117500 0.060000 0.073333
0 0.374688 0.077917 0.051875 0.069167
0 0.088750 0.076667 0.051250 0.073333
0 0.517188 0.073333 0.041875 0.078333
0 0.805625 0.067917 0.055000 0.090833
0 0.145313 0.054583 0.060625 0.070833
0 0.706250 0.051250 0.056250 0.069167
0 0.215000 0.041250 0.058750 0.072500
0 0.774687 0.038750 0.053125 0.077500
0 0.736250 0.018750 0.056250 0.037500
0 0.393750 0.015000 0.038750 0.030000
0 0.351875 0.025417 0.050000 0.050833
0 0.294375 0.016250 0.052500 0.032500
0 0.026875 0.037083 0.053750 0.074167