0 0.187188 0.979583 0.071875 0.040833
0 0.426250 0.978333 0.070000 0.041667
0 0.017812 0.972917 0.035625 0.054167
0 0.970938 0.965833 0.058125 0.068333
0 0.069375 0.959167 0.067500 0.081667
0 0.153125 0.951250 0.072500 0.087500
0 0.445625 0.937500 0.071250 0.083333
0 0.347500 0.917500 0.073750 0.093333
0 0.630625 0.902083 0.081250 0.107500
0 0.968437 0.883333 0.063125 0.088333
0 0.712500 0.866250 0.047500 0.064167
0 0.201250 0.875000 0.071250 0.095000
0 0.095625 0.847500 0.065000 0.086667
0 0.489375 0.845833 0.070000 0.100000
0 0.756250 0.832500 0.068750 0.083333
0 0.639062 0.814583 0.069375 0.079167
0 0.287500 0.811667 0.081250 0.098333
0 0.034063 0.790833 0.068125 0.121667
0 0.107500 0.752500 0.068750 0.090000
0 0.177500 0.690000 0.068750 0.091667
0 0.412500 0.674167 0.071250 0.093333
0 0.770000 0.660000 0.071250 0.091667
0 0.944375 0.651667 0.070000 0.088333
0 0.320625 0.609167 0.067500 0.090000
0 0.393125 0.585833 0.072500 0.083333
0 0.015938 0.583333 0.031875 0.095000
0 0.112812 0.557500 0.064375 0.091667
0 0.952500 0.547500 0.063750 0.083333
0 0.166875 0.541667 0.071250 0.095000
0 0.420000 0.501667 0.076250 0.091667
0 0.688125 0.469167 0.082500 0.100000
0 0.134375 0.445833 0.072500 0.090000
0 0.515000 0.458750 0.057500 0.119167
0 0.953125 0.430833 0.072500 0.096667
0 0.017188 0.410000 0.034375 0.081667
0 0.419375 0.375000 0.067500 0.085000
0 0.527188 0.362500 0.053125 0.081667
0 0.782500 0.321667 0.063750 0.085000
0 0.325625 0.324167 0.077500 0.103333
0 0.548750 0.290833 0.075000 0.096667
0 0.143750 0.284167 0.066250 0.083333
0 0.445312 0.285833 0.076875 0.098333
0 0.655000 0.295833 0.096250 0.126667
0 0.981563 0.273333 0.036875 0.091667
0 0.395313 0.243750 0.079375 0.092500
0 0.870313 0.237917 0.066875 0.089167
0 0.780625 0.229583 0.078750 0.095833
0 0.978437 0.190000 0.043125 0.070000
0 0.848125 0.197917 0.056250 0.085833
0 0.573750 0.178333 0.063750 0.088333
0 0.215625 0.171667 0.062500 0.088333
0 0.899062 0.146250 0.084375 0.099167
0 0.686875 0.135833 0.072500 0.090000
0 0.063750 0.050833 0.068750 0.086667
0 0.464375 0.029583 0.075000 0.059167