0 0.800937 0.969583 0.080625 0.060833
0 0.650000 0.967083 0.070000 0.065833
0 0.024375 0.960000 0.048750 0.080000
0 0.407187 0.952917 0.068125 0.094167
0 0.966875 0.941667 0.066250 0.116667
0 0.090938 0.921667 0.061875 0.105000
0 0.857500 0.917500 0.088750 0.106667
0 0.498125 0.879167 0.062500 0.091667
0 0.193125 0.877500 0.065000 0.091667
0 0.432500 0.870833 0.065000 0.093333
0 0.232500 0.847083 0.071250 0.089167
0 0.131250 0.846667 0.067500 0.093333
0 0.328125 0.842917 0.068750 0.092500
0 0.720313 0.832083 0.064375 0.089167
0 0.986563 0.813333 0.026875 0.090000
0 0.634062 0.805833 0.068125 0.095000
0 0.814375 0.799167 0.070000 0.086667
0 0.312188 0.792917 0.070625 0.089167
0 0.593437 0.785000 0.065625 0.086667
0 0.499375 0.780833 0.068750 0.086667
0 0.370312 0.751667 0.066875 0.080000
0 0.920937 0.752500 0.065625 0.093333
0 0.735625 0.747917 0.062500 0.085833
0 0.230000 0.750417 0.070000 0.097500
0 0.800937 0.717917 0.076875 0.079167
0 0.270937 0.688333 0.080625 0.091667
0 0.641875 0.683333 0.072500 0.098333
0 0.328125 0.687917 0.078750 0.120833
0 0.074688 0.673333 0.074375 0.093333
0 0.531250 0.665833 0.068750 0.093333
0 0.971250 0.631667 0.057500 0.091667
0 0.905312 0.632083 0.068125 0.092500
0 0.816562 0.640417 0.101875 0.115833
0 0.734688 0.611250 0.060625 0.082500
0 0.735938 0.559583 0.058125 0.062500
0 0.509687 0.541250 0.061875 0.075833
0 0.207187 0.480833 0.071875 0.118333
0 0.109687 0.467083 0.069375 0.090833
0 0.015312 0.469167 0.030625 0.095000
0 0.969688 0.427083 0.060625 0.102500
0 0.091875 0.400833 0.068750 0.090000
0 0.628437 0.380833 0.070625 0.081667
0 0.671875 0.369167 0.058750 0.090000
0 0.036875 0.348333 0.073750 0.096667
0 0.350000 0.340417 0.072500 0.090833
0 0.195000 0.294583 0.073750 0.080833
0 0.021250 0.285833 0.042500 0.090000
0 0.787500 0.266667 0.076250 0.098333
0 0.331875 0.235417 0.066250 0.092500
0 0.153750 0.224167 0.061250 0.090000
0 0.432500 0.217500 0.067500 0.085000
0 0.044687 0.220417 0.086875 0.100833
0 0.854062 0.214167 0.070625 0.096667
0 0.976875 0.193750 0.046250 0.087500
0 0.921250 0.167917 0.072500 0.084167
0 0.621563 0.159167 0.071875 0.093333
0 0.078750 0.143750 0.075000 0.095833
0 0.201875 0.138333 0.076250 0.091667
0 0.442188 0.121667 0.071875 0.096667
0 0.874687 0.118750 0.069375 0.094167
0 0.372188 0.105833 0.064375 0.090000
0 0.180000 0.092083 0.065000 0.097500
0 0.108125 0.074167 0.077500 0.086667
0 0.739375 0.064167 0.068750 0.093333
0 0.247500 0.057917 0.081250 0.084167
0 0.921250 0.036250 0.073750 0.072500
0 0.665625 0.048750 0.073750 0.097500
0 0.528125 0.034167 0.068750 0.068333
0 0.471250 0.060833 0.110000 0.121667
0 0.355312 0.049167 0.070625 0.098333
0 0.069687 0.022917 0.068125 0.045833