0 0.532500 0.969583 0.062500 0.060833
0 0.359687 0.965417 0.065625 0.069167
0 0.471562 0.965000 0.066875 0.070000
0 0.818750 0.913750 0.063750 0.110833
0 0.620938 0.895833 0.058125 0.080000
0 0.767188 0.897500 0.074375 0.098333
0 0.435625 0.880417 0.062500 0.074167
0 0.327500 0.889167 0.066250 0.091667
0 0.019375 0.885000 0.038750 0.095000
0 0.874687 0.871667 0.055625 0.073333
0 0.269375 0.851250 0.058750 0.062500
0 0.806875 0.849583 0.067500 0.075833
0 0.934688 0.844583 0.064375 0.084167
0 0.550000 0.841667 0.051250 0.080000
0 0.178750 0.832500 0.056250 0.071667
0 0.461562 0.826667 0.059375 0.080000
0 0.397188 0.807500 0.054375 0.063333
0 0.282187 0.795000 0.058125 0.068333
0 0.852812 0.802083 0.065625 0.087500
0 0.330000 0.767500 0.055000 0.088333
0 0.914375 0.747500 0.056250 0.083333
0 0.734688 0.702500 0.068125 0.075000
0 0.587187 0.720000 0.055625 0.133333
0 0.250312 0.690833 0.084375 0.080000
0 0.543750 0.681250 0.050000 0.074167
0 0.972500 0.687083 0.055000 0.095833
0 0.496875 0.679583 0.047500 0.089167
0 0.803125 0.667917 0.058750 0.075833
0 0.050313 0.665833 0.064375 0.125000
0 0.725000 0.628333 0.060000 0.076667
0 0.421250 0.623750 0.067500 0.085833
0 0.261250 0.609167 0.060000 0.080000
0 0.573125 0.608333 0.060000 0.091667
0 0.624375 0.574583 0.066250 0.085833
0 0.068437 0.561667 0.058125 0.083333
0 0.772813 0.544583 0.061875 0.084167
0 0.409375 0.537083 0.061250 0.077500
0 0.972500 0.555417 0.055000 0.124167
0 0.855938 0.524583 0.060625 0.069167
0 0.918125 0.530417 0.057500 0.082500
0 0.547813 0.526667 0.055625 0.091667
0 0.492500 0.511667 0.057500 0.090000
0 0.026875 0.506667 0.053750 0.081667
0 0.355625 0.487500 0.081250 0.088333
0 0.884687 0.463750 0.069375 0.069167
0 0.978125 0.461667 0.043750 0.083333
0 0.740938 0.438750 0.058125 0.075833
0 0.416875 0.407083 0.055000 0.092500
0 0.186250 0.416667 0.080000 0.113333
0 0.516250 0.385833 0.070000 0.085000
0 0.286875 0.366250 0.066250 0.079167
0 0.080937 0.368333 0.056875 0.085000
0 0.709688 0.356250 0.054375 0.087500
0 0.155000 0.349583 0.053750 0.075833
0 0.368750 0.346250 0.067500 0.077500
0 0.109375 0.300833 0.055000 0.073333
0 0.048750 0.283333 0.055000 0.086667
0 0.310312 0.280000 0.063125 0.083333
0 0.494063 0.265833 0.056875 0.085000
0 0.454062 0.240417 0.045625 0.065833
0 0.817813 0.235833 0.093125 0.068333
0 0.980625 0.242083 0.038750 0.082500
0 0.102813 0.239167 0.081875 0.076667
0 0.384688 0.242917 0.044375 0.085833
0 0.910625 0.237500 0.062500 0.076667
0 0.273125 0.197917 0.068750 0.085833
0 0.465625 0.182083 0.047500 0.072500
0 0.412500 0.203750 0.055000 0.127500
0 0.015625 0.174583 0.031250 0.074167
0 0.859688 0.181667 0.066875 0.091667
0 0.712812 0.170833 0.065625 0.085000
0 0.055625 0.150833 0.061250 0.078333
0 0.230313 0.146250 0.063125 0.080833
0 0.534062 0.145000 0.065625 0.083333
0 0.776250 0.102083 0.056250 0.070833
0 0.489375 0.100000 0.063750 0.076667
0 0.016250 0.090833 0.032500 0.068333
0 0.124688 0.099167 0.091875 0.095000
0 0.889375 0.090000 0.056250 0.090000
0 0.830313 0.086250 0.058125 0.092500
0 0.593437 0.078333 0.064375 0.081667
0 0.376250 0.063750 0.057500 0.095833
0 0.126562 0.038750 0.059375 0.074167
0 0.972500 0.030833 0.055000 0.061667
0 0.853437 0.017083 0.064375 0.034167
0 0.546562 0.037500 0.074375 0.075000
0 0.339375 0.032083 0.067500 0.064167