0 0.345938 0.960833 0.066875 0.078333
0 0.757812 0.943750 0.070625 0.097500
0 0.394062 0.940833 0.070625 0.103333
0 0.894687 0.923750 0.079375 0.102500
0 0.050000 0.911667 0.062500 0.093333
0 0.104375 0.901250 0.053750 0.100833
0 0.164375 0.895000 0.062500 0.110000
0 0.961250 0.872917 0.068750 0.087500
0 0.221562 0.876250 0.068125 0.107500
0 0.260313 0.795000 0.069375 0.083333
0 0.719688 0.803750 0.071875 0.105833
0 0.948750 0.780417 0.087500 0.082500
0 0.104063 0.782083 0.084375 0.085833
0 0.856250 0.746250 0.077500 0.085833
0 0.759062 0.727917 0.084375 0.089167
0 0.981563 0.715833 0.036875 0.083333
0 0.265625 0.705417 0.072500 0.082500
0 0.914375 0.697500 0.073750 0.091667
0 0.194688 0.683750 0.073125 0.099167
0 0.742188 0.645000 0.088125 0.093333
0 0.848437 0.639167 0.081875 0.088333
0 0.246562 0.632500 0.071875 0.088333
0 0.962500 0.604583 0.075000 0.095833
0 0.143125 0.595417 0.070000 0.090833
0 0.250000 0.522083 0.081250 0.085833
0 0.334688 0.500417 0.071875 0.104167
0 0.959375 0.492083 0.067500 0.100833
0 0.877500 0.462500 0.077500 0.113333
0 0.049063 0.447917 0.069375 0.090833
0 0.230625 0.441250 0.081250 0.092500
0 0.794687 0.431250 0.075625 0.107500
0 0.911563 0.396667 0.075625 0.101667
0 0.299375 0.390000 0.072500 0.100000
0 0.679688 0.357917 0.070625 0.085833
0 0.200625 0.354167 0.075000 0.105000
0 0.259375 0.335000 0.067500 0.093333
0 0.694688 0.282083 0.068125 0.080833
0 0.627188 0.281250 0.068125 0.112500
0 0.751250 0.227083 0.088750 0.077500
0 0.674687 0.214583 0.063125 0.085833
0 0.625000 0.062500 0.062500 0.096667