0 0.105625 0.981667 0.061250 0.036667
0 0.900625 0.979583 0.057500 0.040833
0 0.506875 0.964167 0.116250 0.071667
0 0.971875 0.951667 0.056250 0.096667
0 0.595938 0.945417 0.074375 0.095833
0 0.073750 0.925417 0.066250 0.090833
0 0.405313 0.928750 0.093125 0.112500
0 0.864688 0.924167 0.061875 0.110000
0 0.233125 0.899167 0.072500 0.078333
0 0.960313 0.897917 0.079375 0.087500
0 0.482812 0.876250 0.070625 0.089167
0 0.278125 0.851250 0.066250 0.077500
0 0.589063 0.853750 0.073125 0.089167
0 0.959688 0.831667 0.063125 0.081667
0 0.371875 0.820833 0.083750 0.100000
0 0.643125 0.805833 0.105000 0.095000
0 0.512500 0.805833 0.101250 0.136667
0 0.421875 0.785417 0.071250 0.100833
0 0.079062 0.781250 0.056875 0.094167
0 0.904062 0.766667 0.070625 0.095000
0 0.794687 0.745417 0.063125 0.080833
0 0.962812 0.721667 0.059375 0.066667
0 0.293750 0.730833 0.066250 0.091667
0 0.454062 0.706250 0.066875 0.092500
0 0.038750 0.710000 0.073750 0.100000
0 0.917500 0.689167 0.065000 0.075000
0 0.708125 0.687500 0.058750 0.081667
0 0.537188 0.703333 0.089375 0.150000
0 0.605313 0.678333 0.086875 0.106667
0 0.655000 0.690000 0.066250 0.138333
0 0.388125 0.651250 0.065000 0.082500
0 0.194062 0.660000 0.084375 0.120000
0 0.968750 0.628750 0.062500 0.082500
0 0.912188 0.609583 0.061875 0.089167
0 0.715000 0.602083 0.070000 0.090833
0 0.132812 0.598750 0.068125 0.085833
0 0.331875 0.595417 0.063750 0.095833
0 0.069062 0.617917 0.085625 0.167500
0 0.261875 0.577500 0.078750 0.093333
0 0.190625 0.564167 0.068750 0.078333
0 0.985000 0.558750 0.030000 0.107500
0 0.906563 0.538750 0.080625 0.070833
0 0.755938 0.547083 0.068125 0.094167
0 0.278125 0.507500 0.060000 0.081667
0 0.165937 0.503750 0.064375 0.084167
0 0.338750 0.504167 0.058750 0.088333
0 0.415000 0.488333 0.068750 0.095000
0 0.913125 0.465000 0.070000 0.088333
0 0.795625 0.482083 0.080000 0.144167
0 0.660625 0.456250 0.066250 0.112500
0 0.116875 0.441667 0.060000 0.086667
0 0.050000 0.462500 0.100000 0.128333
0 0.311563 0.431667 0.054375 0.076667
0 0.174687 0.424583 0.063125 0.084167
0 0.946250 0.389583 0.068750 0.097500
0 0.869375 0.402917 0.086250 0.125833
0 0.711875 0.380833 0.065000 0.086667
0 0.468125 0.361667 0.067500 0.096667
0 0.261875 0.374167 0.067500 0.125000
0 0.196563 0.382500 0.090625 0.143333
0 0.655000 0.326667 0.070000 0.096667
0 0.281250 0.307917 0.057500 0.092500
0 0.131562 0.299583 0.113125 0.079167
0 0.959688 0.300417 0.058125 0.084167
0 0.898750 0.300417 0.072500 0.095833
0 0.834375 0.295833 0.062500 0.088333
0 0.328750 0.278750 0.057500 0.080833
0 0.211250 0.275000 0.063750 0.081667
0 0.776875 0.232500 0.053750 0.078333
0 0.686875 0.228333 0.086250 0.103333
0 0.420000 0.219583 0.071250 0.085833
0 0.558125 0.202500 0.070000 0.093333
0 0.973750 0.201250 0.052500 0.097500
0 0.357187 0.185000 0.068125 0.095000
0 0.475313 0.173333 0.061875 0.076667
0 0.253125 0.197500 0.070000 0.128333
0 0.745313 0.167083 0.068125 0.085833
0 0.195312 0.158333 0.066875 0.091667
0 0.599688 0.130000 0.075625 0.091667
0 0.829375 0.120417 0.061250 0.085833
0 0.691250 0.121250 0.057500 0.104167
0 0.233437 0.103750 0.070625 0.075833
0 0.905937 0.097500 0.061875 0.085000
0 0.646875 0.100833 0.056250 0.091667
0 0.323125 0.095000 0.086250 0.115000
0 0.408750 0.073750 0.098750 0.114167
0 0.774062 0.082083 0.074375 0.145833
0 0.960625 0.054583 0.078750 0.109167
0 0.824063 0.040000 0.088125 0.080000
0 0.707812 0.037083 0.056875 0.074167
0 0.648750 0.029583 0.061250 0.059167
0 0.591875 0.040833 0.060000 0.081667
0 0.518125 0.034167 0.098750 0.068333
0 0.072188 0.069583 0.144375 0.139167