0 0.314688 0.977917 0.065625 0.044167
0 0.382500 0.975000 0.061250 0.050000
0 0.811875 0.959167 0.075000 0.081667
0 0.278438 0.948750 0.075625 0.092500
0 0.576875 0.925417 0.068750 0.099167
0 0.178437 0.904167 0.061875 0.088333
0 0.443125 0.890000 0.101250 0.088333
0 0.727812 0.864167 0.068125 0.086667
0 0.890312 0.852500 0.070625 0.100000
0 0.249062 0.840417 0.071875 0.080833
0 0.071563 0.846250 0.074375 0.099167
0 0.798438 0.816250 0.064375 0.089167
0 0.968750 0.783333 0.062500 0.093333
0 0.018437 0.785833 0.036875 0.105000
0 0.411875 0.777917 0.061250 0.090833
0 0.892188 0.729167 0.071875 0.111667
0 0.618750 0.711250 0.076250 0.085833
0 0.768125 0.654167 0.078750 0.108333
0 0.090625 0.646250 0.072500 0.092500
0 0.454688 0.631250 0.074375 0.077500
0 0.941250 0.641250 0.072500 0.109167
0 0.611875 0.621250 0.068750 0.082500
0 0.859375 0.618333 0.058750 0.078333
0 0.380000 0.594583 0.078750 0.102500
0 0.076250 0.528750 0.075000 0.082500
0 0.225625 0.523333 0.072500 0.086667
0 0.351875 0.501250 0.033750 0.079167
0 0.831250 0.493750 0.081250 0.107500
0 0.590313 0.478333 0.065625 0.098333
0 0.650312 0.463333 0.064375 0.088333
0 0.724688 0.464583 0.063125 0.095833
0 0.286875 0.454167 0.091250 0.083333
0 0.024063 0.455000 0.048125 0.085000
0 0.398438 0.442083 0.075625 0.085833
0 0.135313 0.420000 0.073125 0.083333
0 0.865938 0.408750 0.079375 0.090833
0 0.064062 0.383750 0.075625 0.089167
0 0.517813 0.365833 0.066875 0.091667
0 0.376250 0.308333 0.096250 0.078333
0 0.867500 0.304583 0.071250 0.094167
0 0.134375 0.287917 0.061250 0.082500
0 0.648750 0.271667 0.063750 0.085000
0 0.787188 0.200000 0.066875 0.093333
0 0.971250 0.197917 0.057500 0.092500
0 0.372500 0.213333 0.086250 0.123333
0 0.468750 0.170000 0.065000 0.088333
0 0.101875 0.148333 0.070000 0.088333
0 0.197187 0.119583 0.075625 0.079167
0 0.334688 0.112500 0.079375 0.083333
0 0.405313 0.117917 0.060625 0.102500
0 0.942187 0.040417 0.073125 0.080833