0 0.130938 0.973333 0.075625 0.053333
0 0.648750 0.971667 0.062500 0.056667
0 0.723437 0.960833 0.059375 0.078333
0 0.074688 0.958333 0.071875 0.073333
0 0.351562 0.957500 0.064375 0.085000
0 0.762500 0.916250 0.056250 0.080833
0 0.295000 0.913333 0.066250 0.096667
0 0.482812 0.895833 0.071875 0.086667
0 0.813125 0.899167 0.070000 0.100000
0 0.882188 0.877500 0.086875 0.101667
0 0.059375 0.871250 0.075000 0.100833
0 0.750938 0.835000 0.075625 0.088333
0 0.573438 0.820000 0.064375 0.090000
0 0.863437 0.805417 0.076875 0.065833
0 0.017500 0.710000 0.035000 0.083333
0 0.165625 0.695833 0.065000 0.076667
0 0.581250 0.699583 0.066250 0.087500
0 0.772813 0.685833 0.090625 0.085000
0 0.245625 0.675833 0.061250 0.096667
0 0.470625 0.669167 0.071250 0.095000
0 0.653125 0.662917 0.066250 0.084167
0 0.032188 0.636667 0.064375 0.081667
0 0.133750 0.630000 0.068750 0.075000
0 0.075938 0.600000 0.058125 0.073333
0 0.360938 0.606667 0.064375 0.088333
0 0.567813 0.492917 0.071875 0.092500
0 0.396250 0.434583 0.067500 0.072500
0 0.339687 0.431667 0.059375 0.078333
0 0.056250 0.377500 0.053750 0.065000
0 0.521563 0.368333 0.073125 0.056667
0 0.191250 0.375417 0.067500 0.090833
0 0.973750 0.359167 0.052500 0.066667
0 0.810312 0.356250 0.064375 0.090833
0 0.021562 0.354583 0.043125 0.097500
0 0.366563 0.337083 0.073125 0.085833
0 0.495000 0.325417 0.087500 0.089167
0 0.127500 0.300417 0.096250 0.070833
0 0.926875 0.297917 0.061250 0.080833
0 0.729375 0.265000 0.063750 0.100000
0 0.472500 0.248750 0.073750 0.087500
0 0.765000 0.235833 0.078750 0.088333
0 0.661250 0.221667 0.070000 0.096667
0 0.152500 0.176250 0.087500 0.085833
0 0.790625 0.171250 0.063750 0.092500
0 0.552500 0.152500 0.072500 0.080000
0 0.660937 0.107083 0.071875 0.079167
0 0.355312 0.092500 0.073125 0.078333
0 0.228437 0.091250 0.070625 0.095833
0 0.178750 0.092083 0.048750 0.099167
0 0.133437 0.085833 0.054375 0.091667
0 0.892500 0.066667 0.067500 0.083333
0 0.542500 0.067500 0.071250 0.085000
0 0.715625 0.047500 0.061250 0.086667
0 0.657188 0.032083 0.061875 0.064167
0 0.482812 0.035000 0.060625 0.070000
0 0.220312 0.023750 0.080625 0.047500