0 0.885312 0.962917 0.068125 0.074167
0 0.353125 0.955417 0.086250 0.089167
0 0.235313 0.947083 0.063125 0.080833
0 0.823438 0.934583 0.066875 0.092500
0 0.918750 0.904167 0.071250 0.098333
0 0.981563 0.880833 0.036875 0.078333
0 0.112187 0.887917 0.074375 0.100833
0 0.707812 0.875833 0.076875 0.101667
0 0.407187 0.863333 0.061875 0.093333
0 0.348750 0.845000 0.063750 0.090000
0 0.770938 0.842083 0.066875 0.092500
0 0.627500 0.845000 0.082500 0.098333
0 0.035312 0.821667 0.061875 0.086667
0 0.180000 0.787083 0.066250 0.090833
0 0.303438 0.782917 0.084375 0.120833
0 0.809375 0.745417 0.066250 0.084167
0 0.705000 0.724583 0.071250 0.089167
0 0.949063 0.688333 0.068125 0.095000
0 0.836250 0.672917 0.065000 0.084167
0 0.089063 0.659583 0.066875 0.087500
0 0.028125 0.651250 0.056250 0.085833
0 0.449688 0.610417 0.074375 0.100833
0 0.661250 0.600417 0.072500 0.094167
0 0.700937 0.564167 0.063125 0.088333
0 0.770938 0.565833 0.068125 0.093333
0 0.917500 0.560417 0.063750 0.089167
0 0.857500 0.550000 0.067500 0.073333
0 0.239375 0.552500 0.081250 0.108333
0 0.051875 0.502917 0.066250 0.087500
0 0.972500 0.492500 0.055000 0.085000
0 0.187500 0.478333 0.068750 0.098333
0 0.114062 0.474167 0.070625 0.090000
0 0.270000 0.469583 0.080000 0.095833
0 0.647188 0.385000 0.070625 0.103333
0 0.831562 0.367500 0.069375 0.090000
0 0.129062 0.360833 0.063125 0.096667
0 0.522188 0.362917 0.071875 0.105833
0 0.587500 0.351667 0.062500 0.100000
0 0.206563 0.340417 0.065625 0.082500
0 0.774062 0.300417 0.064375 0.084167
0 0.411875 0.313333 0.086250 0.110000
0 0.363125 0.314167 0.076250 0.116667
0 0.093125 0.287500 0.067500 0.085000
0 0.828125 0.262917 0.073750 0.089167
0 0.246562 0.263750 0.106875 0.107500
0 0.410313 0.240833 0.065625 0.081667
0 0.949688 0.233333 0.080625 0.091667
0 0.029687 0.249583 0.059375 0.150833
0 0.712812 0.196667 0.065625 0.106667
0 0.882188 0.159583 0.070625 0.092500
0 0.586562 0.152083 0.066875 0.084167
0 0.028125 0.144583 0.056250 0.077500
0 0.312500 0.168333 0.113750 0.138333
0 0.234375 0.095417 0.072500 0.082500
0 0.561250 0.076250 0.081250 0.095833
0 0.337500 0.063333 0.067500 0.095000
0 0.852812 0.061667 0.091875 0.098333
0 0.041875 0.051250 0.067500 0.095833
0 0.955937 0.040833 0.064375 0.081667
0 0.806562 0.023750 0.066875 0.047500
0 0.732187 0.018750 0.071875 0.037500
0 0.500625 0.035000 0.065000 0.070000
0 0.434688 0.019167 0.059375 0.038333
0 0.378125 0.053333 0.070000 0.106667
0 0.308125 0.026250 0.072500 0.052500