0 0.846250 0.978750 0.065000 0.042500
0 0.377188 0.978750 0.061875 0.042500
0 0.146250 0.972083 0.062500 0.055833
0 0.276562 0.964167 0.054375 0.071667
0 0.758750 0.935000 0.066250 0.083333
0 0.616250 0.932083 0.055000 0.084167
0 0.702187 0.937500 0.054375 0.105000
0 0.489063 0.896667 0.065625 0.080000
0 0.152188 0.881667 0.053125 0.061667
0 0.074375 0.892083 0.068750 0.082500
0 0.355625 0.887083 0.061250 0.074167
0 0.923125 0.857917 0.058750 0.079167
0 0.027500 0.845000 0.055000 0.090000
0 0.428438 0.837917 0.050625 0.082500
0 0.739375 0.832083 0.053750 0.077500
0 0.380000 0.805833 0.058750 0.081667
0 0.680312 0.798750 0.065625 0.080833
0 0.266250 0.776667 0.055000 0.076667
0 0.456250 0.742500 0.063750 0.073333
0 0.225938 0.733750 0.058125 0.079167
0 0.340938 0.715833 0.068125 0.071667
0 0.718437 0.717917 0.064375 0.077500
0 0.592187 0.695000 0.058125 0.083333
0 0.441250 0.671667 0.060000 0.066667
0 0.971250 0.657917 0.057500 0.072500
0 0.510312 0.662500 0.051875 0.090000
0 0.112187 0.646667 0.054375 0.071667
0 0.048125 0.638750 0.046250 0.075833
0 0.179375 0.616250 0.056250 0.087500
0 0.950937 0.597083 0.051875 0.067500
0 0.701875 0.601667 0.050000 0.091667
0 0.281562 0.592500 0.068125 0.076667
0 0.583125 0.581250 0.063750 0.087500
0 0.400000 0.578750 0.057500 0.082500
0 0.748437 0.575833 0.055625 0.093333
0 0.078125 0.542083 0.060000 0.070833
0 0.561875 0.520417 0.051250 0.060833
0 0.802500 0.527500 0.047500 0.078333
0 0.667500 0.512500 0.055000 0.076667
0 0.732812 0.469167 0.061875 0.078333
0 0.934063 0.456250 0.056875 0.084167
0 0.631250 0.437917 0.057500 0.074167
0 0.325625 0.434167 0.052500 0.066667
0 0.792813 0.438750 0.056875 0.082500
0 0.549375 0.433750 0.062500 0.082500
0 0.861875 0.431667 0.053750 0.086667
0 0.013437 0.422083 0.026875 0.087500
0 0.502812 0.415417 0.059375 0.084167
0 0.259375 0.415833 0.053750 0.086667
0 0.066875 0.408750 0.060000 0.072500
0 0.146563 0.412083 0.059375 0.089167
0 0.375312 0.410417 0.058125 0.097500
0 0.194375 0.401250 0.048750 0.100833
0 0.764687 0.380417 0.061875 0.077500
0 0.899687 0.361667 0.054375 0.078333
0 0.836250 0.352500 0.066250 0.085000
0 0.310937 0.347917 0.065625 0.084167
0 0.026250 0.324583 0.052500 0.074167
0 0.674063 0.318333 0.050625 0.078333
0 0.530312 0.317917 0.063125 0.077500
0 0.360000 0.291667 0.071250 0.081667
0 0.961875 0.276250 0.061250 0.085833
0 0.134063 0.252083 0.058125 0.084167
0 0.581250 0.233333 0.056250 0.071667
0 0.228750 0.210833 0.062500 0.098333
0 0.160312 0.113333 0.054375 0.091667
0 0.847187 0.108750 0.064375 0.090833
0 0.358750 0.100833 0.060000 0.076667
0 0.637813 0.096667 0.063125 0.073333
0 0.544375 0.078333 0.058750 0.076667
0 0.801875 0.068750 0.056250 0.080833
0 0.108125 0.053750 0.057500 0.085833
0 0.021250 0.047500 0.042500 0.081667
0 0.850000 0.021667 0.071250 0.043333
0 0.612500 0.035000 0.065000 0.070000
0 0.447813 0.035833 0.069375 0.071667
0 0.368750 0.030417 0.062500 0.060833
0 0.173125 0.023750 0.063750 0.047500