0 0.109375 0.967917 0.071250 0.064167
0 0.907500 0.947500 0.066250 0.105000
0 0.984062 0.942917 0.031875 0.114167
0 0.823750 0.908750 0.065000 0.097500
0 0.222188 0.873333 0.065625 0.091667
0 0.513437 0.871667 0.070625 0.091667
0 0.419063 0.863750 0.068125 0.115833
0 0.134063 0.853333 0.055625 0.130000
0 0.370000 0.825833 0.067500 0.091667
0 0.280000 0.809167 0.070000 0.113333
0 0.697500 0.740000 0.053750 0.083333
0 0.527813 0.690417 0.061875 0.107500
0 0.212188 0.675000 0.068125 0.096667
0 0.933438 0.658333 0.069375 0.090000
0 0.255312 0.630417 0.068125 0.092500
0 0.141875 0.630833 0.062500 0.101667
0 0.742500 0.637083 0.057500 0.120833
0 0.395937 0.608333 0.063125 0.093333
0 0.800625 0.589167 0.067500 0.088333
0 0.076563 0.570000 0.069375 0.091667
0 0.317500 0.525833 0.067500 0.108333
0 0.839063 0.509583 0.059375 0.105833
0 0.503437 0.483750 0.056875 0.084167
0 0.930625 0.467083 0.066250 0.095833
0 0.967187 0.438333 0.059375 0.091667
0 0.896563 0.427083 0.060625 0.080833
0 0.810000 0.421667 0.073750 0.076667
0 0.974688 0.379583 0.050625 0.079167
0 0.526875 0.394583 0.053750 0.117500
0 0.736875 0.389167 0.072500 0.115000
0 0.823438 0.361667 0.060625 0.071667
0 0.320312 0.367083 0.060625 0.084167
0 0.066875 0.326250 0.070000 0.079167
0 0.273750 0.323750 0.062500 0.084167
0 0.910312 0.315417 0.083125 0.099167
0 0.766250 0.288750 0.058750 0.079167
0 0.481875 0.282083 0.066250 0.089167
0 0.246562 0.277083 0.068125 0.085833
0 0.185312 0.276250 0.050625 0.095833
0 0.349375 0.278750 0.055000 0.112500
0 0.085000 0.237917 0.065000 0.107500
0 0.725938 0.215000 0.059375 0.078333
0 0.254688 0.198750 0.065625 0.074167
0 0.968750 0.203333 0.062500 0.086667
0 0.418750 0.183750 0.060000 0.092500
0 0.164062 0.181250 0.075625 0.090833
0 0.076250 0.156250 0.067500 0.087500
0 0.919375 0.138333 0.073750 0.086667
0 0.534062 0.119167 0.061875 0.088333
0 0.421563 0.100417 0.070625 0.092500
0 0.587500 0.075833 0.073750 0.100000
0 0.024063 0.060417 0.048125 0.087500
0 0.250000 0.056250 0.053750 0.094167
0 0.754062 0.057083 0.066875 0.097500
0 0.796250 0.030417 0.060000 0.060833
0 0.537813 0.037917 0.064375 0.075833
0 0.095312 0.047917 0.066875 0.095833