0 0.336875 0.982917 0.072500 0.034167
0 0.852812 0.976667 0.083125 0.046667
0 0.757812 0.975833 0.061875 0.048333
0 0.430000 0.973750 0.053750 0.052500
0 0.703750 0.946250 0.067500 0.094167
0 0.015625 0.947500 0.031250 0.103333
0 0.983125 0.926250 0.033750 0.099167
0 0.320000 0.900833 0.078750 0.083333
0 0.242188 0.900000 0.054375 0.090000
0 0.921875 0.906250 0.057500 0.114167
0 0.950000 0.882083 0.057500 0.104167
0 0.512813 0.869167 0.066875 0.078333
0 0.661875 0.867083 0.073750 0.094167
0 0.886250 0.860833 0.056250 0.110000
0 0.445625 0.850000 0.063750 0.096667
0 0.084687 0.826250 0.075625 0.072500
0 0.171250 0.830417 0.077500 0.090833
0 0.837187 0.826667 0.058125 0.101667
0 0.723437 0.802917 0.073125 0.090833
0 0.476250 0.800000 0.065000 0.088333
0 0.352500 0.796250 0.072500 0.102500
0 0.795625 0.765833 0.062500 0.088333
0 0.416250 0.772917 0.068750 0.102500
0 0.989062 0.765000 0.021875 0.091667
0 0.171875 0.752917 0.070000 0.084167
0 0.944375 0.748333 0.072500 0.093333
0 0.030000 0.706667 0.060000 0.073333
0 0.752500 0.695000 0.072500 0.096667
0 0.289687 0.685417 0.073125 0.080833
0 0.550625 0.671250 0.051250 0.117500
0 0.728750 0.635417 0.078750 0.069167
0 0.595938 0.647083 0.058125 0.114167
0 0.974688 0.652083 0.050625 0.127500
0 0.328750 0.622083 0.065000 0.080833
0 0.790312 0.598333 0.061875 0.080000
0 0.027500 0.567917 0.055000 0.092500
0 0.933438 0.553333 0.060625 0.081667
0 0.447813 0.549167 0.078125 0.093333
0 0.635312 0.554583 0.063125 0.109167
0 0.375937 0.547500 0.071875 0.096667
0 0.800000 0.527083 0.067500 0.087500
0 0.576250 0.527083 0.065000 0.090833
0 0.319688 0.524583 0.064375 0.100833
0 0.076875 0.521667 0.067500 0.095000
0 0.694375 0.524167 0.063750 0.108333
0 0.869375 0.507500 0.065000 0.080000
0 0.244375 0.494583 0.070000 0.094167
0 0.977500 0.493750 0.045000 0.104167
0 0.731563 0.482083 0.065625 0.100833
0 0.202500 0.446667 0.068750 0.098333
0 0.784687 0.435417 0.064375 0.082500
0 0.279375 0.440000 0.060000 0.101667
0 0.935937 0.425833 0.078125 0.083333
0 0.336562 0.428750 0.059375 0.094167
0 0.568438 0.424583 0.078125 0.099167
0 0.670312 0.398750 0.073125 0.100833
0 0.259062 0.388333 0.076875 0.095000
0 0.713437 0.374583 0.069375 0.080833
0 0.476250 0.338333 0.063750 0.101667
0 0.154062 0.331250 0.063125 0.089167
0 0.078437 0.336667 0.064375 0.110000
0 0.874687 0.317500 0.058125 0.091667
0 0.584375 0.315417 0.060000 0.087500
0 0.713750 0.303333 0.063750 0.073333
0 0.023438 0.310000 0.046875 0.110000
0 0.829375 0.321250 0.048750 0.135833
0 0.361563 0.269167 0.073125 0.086667
0 0.750938 0.266667 0.070625 0.086667
0 0.445000 0.272500 0.071250 0.098333
0 0.183125 0.266667 0.078750 0.100000
0 0.524375 0.226250 0.058750 0.070833
0 0.660000 0.232917 0.058750 0.099167
0 0.372812 0.185833 0.065625 0.078333
0 0.194375 0.172917 0.061250 0.085833
0 0.127188 0.163333 0.063125 0.098333
0 0.987500 0.149583 0.025000 0.087500
0 0.702187 0.145833 0.063125 0.103333
0 0.582187 0.139583 0.069375 0.092500
0 0.320312 0.135000 0.061875 0.088333
0 0.646250 0.129167 0.056250 0.088333
0 0.892500 0.122917 0.076250 0.099167
0 0.502812 0.100000 0.053125 0.090000
0 0.831562 0.114167 0.061875 0.125000
0 0.766250 0.088333 0.068750 0.093333
0 0.444688 0.097083 0.060625 0.110833
0 0.142813 0.096250 0.065625 0.112500
0 0.661563 0.058750 0.075625 0.072500
0 0.078750 0.085000 0.055000 0.131667
0 0.967812 0.029167 0.064375 0.058333
0 0.808438 0.028750 0.056875 0.057500
0 0.485938 0.035833 0.073125 0.071667
0 0.400625 0.056250 0.052500 0.112500
0 0.324688 0.042917 0.069375 0.085833
0 0.034688 0.039583 0.069375 0.079167