0 0.402813 0.980833 0.053125 0.038333
0 0.029063 0.975833 0.058125 0.048333
0 0.545000 0.973750 0.060000 0.052500
0 0.141250 0.969167 0.067500 0.061667
0 0.293750 0.967917 0.051250 0.064167
0 0.863437 0.965833 0.064375 0.068333
0 0.942500 0.963333 0.065000 0.073333
0 0.610625 0.953333 0.097500 0.093333
0 0.698750 0.952917 0.076250 0.094167
0 0.066875 0.940000 0.075000 0.086667
0 0.023438 0.916667 0.046875 0.073333
0 0.467813 0.899167 0.051875 0.071667
0 0.415000 0.895000 0.052500 0.065000
0 0.985938 0.903750 0.028125 0.097500
0 0.220938 0.900417 0.068125 0.090833
0 0.786875 0.885000 0.046250 0.078333
0 0.829688 0.871667 0.050625 0.093333
0 0.354063 0.848750 0.055625 0.082500
0 0.298750 0.847500 0.052500 0.081667
0 0.939688 0.840417 0.066875 0.082500
0 0.718750 0.826250 0.102500 0.075833
0 0.577500 0.812917 0.061250 0.069167
0 0.829063 0.792500 0.066875 0.070000
0 0.204063 0.785833 0.061875 0.091667
0 0.144375 0.775000 0.056250 0.081667
0 0.716250 0.762500 0.055000 0.073333
0 0.462500 0.759167 0.088750 0.066667
0 0.092500 0.759167 0.071250 0.078333
0 0.671250 0.737500 0.063750 0.075000
0 0.864688 0.745833 0.065625 0.093333
0 0.583125 0.724167 0.058750 0.080000
0 0.780625 0.716667 0.055000 0.073333
0 0.358750 0.709583 0.055000 0.082500
0 0.248750 0.705833 0.053750 0.078333
0 0.417500 0.697917 0.065000 0.075833
0 0.866250 0.660417 0.068750 0.070833
0 0.592187 0.647917 0.061875 0.074167
0 0.148750 0.635417 0.056250 0.080833
0 0.372188 0.627083 0.054375 0.077500
0 0.427812 0.619583 0.058125 0.079167
0 0.915625 0.620833 0.097500 0.093333
0 0.030625 0.623750 0.061250 0.104167
0 0.696562 0.601250 0.063125 0.074167
0 0.173750 0.568333 0.056250 0.063333
0 0.528438 0.562917 0.055625 0.074167
0 0.898125 0.547083 0.060000 0.080833
0 0.950313 0.533750 0.065625 0.080833
0 0.420000 0.536667 0.072500 0.090000
0 0.695937 0.526667 0.061875 0.071667
0 0.332188 0.525833 0.063125 0.080000
0 0.018750 0.517083 0.037500 0.074167
0 0.739688 0.505417 0.064375 0.062500
0 0.158438 0.502500 0.055625 0.071667
0 0.640625 0.501250 0.066250 0.085833
0 0.548125 0.490000 0.061250 0.066667
0 0.793125 0.493333 0.056250 0.080000
0 0.202813 0.482500 0.056875 0.060000
0 0.969375 0.474583 0.061250 0.075833
0 0.295625 0.472500 0.062500 0.073333
0 0.024063 0.442083 0.048125 0.084167
0 0.139687 0.435417 0.059375 0.072500
0 0.720625 0.431667 0.062500 0.080000
0 0.493125 0.426250 0.056250 0.072500
0 0.894375 0.431250 0.097500 0.090833
0 0.329062 0.413333 0.056875 0.080000
0 0.201250 0.405833 0.060000 0.083333
0 0.576875 0.388750 0.061250 0.067500
0 0.083750 0.398750 0.060000 0.090833
0 0.826562 0.376250 0.064375 0.090833
0 0.647188 0.355833 0.049375 0.068333
0 0.030625 0.352500 0.061250 0.081667
0 0.437188 0.317083 0.055625 0.082500
0 0.766250 0.310417 0.090000 0.102500
0 0.262813 0.272500 0.073125 0.068333
0 0.086875 0.273333 0.053750 0.076667
0 0.661250 0.278750 0.085000 0.099167
0 0.197813 0.250417 0.058125 0.070833
0 0.720000 0.247917 0.056250 0.077500
0 0.983125 0.246250 0.033750 0.090833
0 0.501563 0.257083 0.075625 0.115833
0 0.561562 0.242083 0.064375 0.087500
0 0.380937 0.244583 0.056875 0.092500
0 0.629062 0.196667 0.063125 0.073333
0 0.286875 0.197083 0.056250 0.080833
0 0.179375 0.185000 0.068750 0.081667
0 0.143125 0.148750 0.063750 0.085833
0 0.513437 0.142500 0.050625 0.080000
0 0.905000 0.142500 0.063750 0.081667
0 0.465000 0.137500 0.051250 0.078333
0 0.416563 0.113750 0.056875 0.074167
0 0.592187 0.112917 0.051875 0.079167
0 0.036250 0.130417 0.066250 0.132500
0 0.509062 0.069167 0.061875 0.075000
0 0.560000 0.071667 0.070000 0.110000
0 0.215938 0.055417 0.054375 0.077500
0 0.965938 0.032083 0.068125 0.064167
0 0.860938 0.030000 0.055625 0.060000
0 0.420625 0.030833 0.081250 0.061667
0 0.348438 0.034167 0.066875 0.068333
0 0.086875 0.020833 0.060000 0.041667