0 0.592812 0.975417 0.059375 0.049167
0 0.870625 0.975000 0.057500 0.050000
0 0.674687 0.969583 0.064375 0.060833
0 0.317500 0.945000 0.061250 0.068333
0 0.972187 0.952917 0.055625 0.090833
0 0.009062 0.944583 0.018125 0.077500
0 0.441250 0.936667 0.061250 0.081667
0 0.381563 0.925833 0.055625 0.073333
0 0.060000 0.906250 0.048750 0.064167
0 0.651875 0.904167 0.060000 0.080000
0 0.947187 0.885000 0.056875 0.055000
0 0.806250 0.896667 0.061250 0.081667
0 0.193750 0.862500 0.066250 0.086667
0 0.035000 0.852500 0.046250 0.080000
0 0.345000 0.847500 0.063750 0.083333
0 0.867500 0.838333 0.073750 0.081667
0 0.507500 0.806250 0.053750 0.084167
0 0.298750 0.772083 0.051250 0.082500
0 0.720625 0.741250 0.057500 0.067500
0 0.365000 0.732500 0.053750 0.070000
0 0.763750 0.703333 0.048750 0.058333
0 0.122500 0.710000 0.051250 0.071667
0 0.452500 0.705417 0.061250 0.085833
0 0.213125 0.700000 0.065000 0.075000
0 0.665000 0.695833 0.086250 0.100000
0 0.509687 0.682500 0.059375 0.093333
0 0.311875 0.687083 0.075000 0.112500
0 0.388125 0.660000 0.067500 0.085000
0 0.156875 0.650000 0.061250 0.095000
0 0.711250 0.630417 0.062500 0.099167
0 0.776250 0.607500 0.046250 0.070000
0 0.097500 0.624167 0.080000 0.110000
0 0.296250 0.600000 0.051250 0.075000
0 0.376250 0.575000 0.053750 0.071667
0 0.511875 0.568333 0.062500 0.061667
0 0.427500 0.552083 0.043750 0.059167
0 0.674063 0.560000 0.053125 0.086667
0 0.733750 0.530833 0.063750 0.083333
0 0.568750 0.527500 0.056250 0.083333
0 0.138125 0.509167 0.052500 0.078333
0 0.630625 0.493333 0.065000 0.088333
0 0.465000 0.486667 0.068750 0.095000
0 0.070938 0.494583 0.095625 0.112500
0 0.340000 0.471667 0.056250 0.075000
0 0.166563 0.452500 0.051875 0.063333
0 0.946875 0.455833 0.062500 0.083333
0 0.106875 0.432917 0.045000 0.055833
0 0.559375 0.439167 0.052500 0.080000
0 0.023750 0.430833 0.046250 0.063333
0 0.718437 0.440833 0.073125 0.108333
0 0.386250 0.391667 0.046250 0.071667
0 0.171250 0.390000 0.055000 0.070000
0 0.086875 0.372500 0.045000 0.063333
0 0.136875 0.366250 0.052500 0.067500
0 0.865938 0.361250 0.065625 0.089167
0 0.730313 0.351667 0.053125 0.073333
0 0.211875 0.357500 0.061250 0.086667
0 0.963125 0.348333 0.052500 0.071667
0 0.449688 0.338333 0.065625 0.088333
0 0.402813 0.324167 0.058125 0.068333
0 0.669375 0.311667 0.047500 0.061667
0 0.176875 0.307500 0.047500 0.065000
0 0.862812 0.292500 0.053125 0.076667
0 0.733125 0.277500 0.056250 0.066667
0 0.420312 0.258333 0.045625 0.061667
0 0.369063 0.265417 0.061875 0.089167
0 0.344375 0.247083 0.057500 0.070833
0 0.794375 0.256250 0.067500 0.090833
0 0.033438 0.239167 0.066875 0.086667
0 0.268750 0.211667 0.061250 0.065000
0 0.947812 0.223333 0.078125 0.090000
0 0.543125 0.208333 0.045000 0.065000
0 0.868750 0.202500 0.063750 0.086667
0 0.675625 0.189167 0.055000 0.073333
0 0.104063 0.186250 0.054375 0.079167
0 0.755000 0.191667 0.088750 0.108333
0 0.061562 0.172500 0.050625 0.075000
0 0.009687 0.156250 0.019375 0.067500
0 0.352812 0.155833 0.096875 0.071667
0 0.965625 0.147500 0.068750 0.096667
0 0.113437 0.106667 0.059375 0.078333
0 0.365312 0.096250 0.046875 0.065833
0 0.414375 0.087500 0.052500 0.068333
0 0.267813 0.076250 0.063125 0.059167
0 0.542500 0.076667 0.058750 0.068333
0 0.027813 0.078333 0.055625 0.075000
0 0.905937 0.058333 0.056875 0.078333
0 0.957500 0.044583 0.061250 0.089167
0 0.810000 0.013750 0.046250 0.027500
0 0.687187 0.025833 0.095625 0.051667
0 0.471250 0.038333 0.088750 0.076667
0 0.396562 0.023333 0.071875 0.046667
0 0.324375 0.020000 0.058750 0.040000
0 0.271562 0.012917 0.053125 0.025833