0 0.311563 0.920000 0.073125 0.088333
0 0.863437 0.882083 0.066875 0.084167
0 0.533125 0.889167 0.061250 0.101667
0 0.482812 0.875417 0.060625 0.097500
0 0.323437 0.839167 0.075625 0.085000
0 0.588125 0.828750 0.067500 0.087500
0 0.796562 0.781250 0.073125 0.085833
0 0.334062 0.759167 0.055625 0.068333
0 0.981563 0.762083 0.036875 0.087500
0 0.876875 0.752917 0.072500 0.082500
0 0.434688 0.743333 0.066875 0.103333
0 0.034375 0.653750 0.058750 0.087500
0 0.442500 0.640000 0.072500 0.083333
0 0.196250 0.542083 0.076250 0.072500
0 0.589688 0.519583 0.064375 0.102500
0 0.656563 0.504167 0.063125 0.088333
0 0.966875 0.485417 0.060000 0.080833
0 0.833125 0.460417 0.071250 0.107500
0 0.881250 0.415417 0.068750 0.090833
0 0.495937 0.397917 0.061875 0.089167
0 0.558438 0.387083 0.070625 0.092500
0 0.327188 0.312083 0.104375 0.084167
0 0.513750 0.304583 0.070000 0.090833
0 0.338438 0.229583 0.050625 0.059167
0 0.029687 0.230417 0.059375 0.087500
0 0.588125 0.217917 0.081250 0.085833
0 0.257188 0.220000 0.109375 0.113333
0 0.389375 0.195833 0.057500 0.086667
0 0.022187 0.141667 0.044375 0.073333
0 0.539687 0.111667 0.069375 0.105000
0 0.859375 0.087500 0.068750 0.090000
0 0.036875 0.070000 0.073750 0.073333
0 0.041250 0.030833 0.070000 0.061667