0 0.890625 0.968333 0.067500 0.063333
0 0.103125 0.964167 0.052500 0.071667
0 0.157188 0.963750 0.070625 0.072500
0 0.371250 0.959583 0.070000 0.080833
0 0.959688 0.950833 0.065625 0.098333
0 0.026562 0.932917 0.053125 0.094167
0 0.464062 0.902917 0.075625 0.085833
0 0.319375 0.871250 0.083750 0.087500
0 0.758437 0.870417 0.070625 0.090833
0 0.204375 0.866250 0.068750 0.085833
0 0.690625 0.847083 0.070000 0.104167
0 0.454375 0.822917 0.087500 0.082500
0 0.587812 0.829583 0.069375 0.099167
0 0.525937 0.802917 0.074375 0.070833
0 0.814688 0.805417 0.068125 0.092500
0 0.116250 0.808750 0.066250 0.102500
0 0.031250 0.802917 0.062500 0.097500
0 0.199687 0.775000 0.069375 0.085000
0 0.079375 0.773333 0.066250 0.095000
0 0.940312 0.755417 0.075625 0.094167
0 0.140000 0.736250 0.076250 0.060833
0 0.654687 0.748750 0.066875 0.099167
0 0.541250 0.719583 0.090000 0.084167
0 0.323125 0.716250 0.068750 0.090833
0 0.116875 0.683750 0.072500 0.084167
0 0.432500 0.669583 0.067500 0.082500
0 0.688438 0.658333 0.081875 0.093333
0 0.503437 0.647083 0.073125 0.089167
0 0.288750 0.622917 0.067500 0.080833
0 0.043750 0.621250 0.067500 0.084167
0 0.948125 0.622500 0.076250 0.098333
0 0.598125 0.580417 0.063750 0.097500
0 0.393437 0.576250 0.069375 0.089167
0 0.195625 0.565833 0.072500 0.085000
0 0.017500 0.560833 0.035000 0.086667
0 0.483438 0.561667 0.070625 0.090000
0 0.729375 0.504583 0.071250 0.090833
0 0.541562 0.490000 0.041875 0.078333
0 0.436875 0.493333 0.073750 0.093333
0 0.860000 0.487500 0.071250 0.086667
0 0.087500 0.467500 0.063750 0.085000
0 0.168750 0.455833 0.071250 0.078333
0 0.956875 0.457083 0.068750 0.099167
0 0.365938 0.441250 0.066875 0.084167
0 0.677813 0.428333 0.080625 0.086667
0 0.290938 0.420000 0.075625 0.091667
0 0.481250 0.391667 0.065000 0.085000
0 0.208125 0.388333 0.098750 0.113333
0 0.805937 0.374167 0.109375 0.095000
0 0.404687 0.370417 0.059375 0.087500
0 0.730000 0.287083 0.073750 0.092500
0 0.354063 0.284583 0.066875 0.089167
0 0.565625 0.272500 0.075000 0.095000
0 0.382812 0.240417 0.078125 0.084167
0 0.284062 0.241667 0.065625 0.095000
0 0.065000 0.237500 0.065000 0.096667
0 0.817187 0.237917 0.101875 0.099167
0 0.494375 0.222083 0.073750 0.092500
0 0.016875 0.210417 0.033750 0.115833
0 0.875000 0.175833 0.073750 0.106667
0 0.455937 0.163333 0.079375 0.101667
0 0.068437 0.147083 0.070625 0.077500
0 0.572812 0.127917 0.068125 0.085833
0 0.151875 0.130000 0.062500 0.095000
0 0.275625 0.128333 0.067500 0.101667
0 0.190625 0.114583 0.057500 0.114167
0 0.502500 0.096250 0.065000 0.092500
0 0.072813 0.082083 0.074375 0.064167
0 0.310000 0.044583 0.067500 0.089167