0 0.192500 0.980833 0.051250 0.038333
0 0.819063 0.977917 0.084375 0.044167
0 0.550312 0.974167 0.064375 0.051667
0 0.028125 0.966667 0.053750 0.066667
0 0.276562 0.965833 0.054375 0.068333
0 0.812500 0.930000 0.048750 0.068333
0 0.320312 0.927500 0.056875 0.071667
0 0.599688 0.922917 0.063125 0.079167
0 0.393125 0.925833 0.088750 0.091667
0 0.220938 0.915417 0.076875 0.085833
0 0.710313 0.911250 0.066875 0.079167
0 0.027813 0.890000 0.055625 0.080000
0 0.480312 0.900833 0.080625 0.120000
0 0.567187 0.881250 0.064375 0.085833
0 0.146563 0.873750 0.055625 0.082500
0 0.343750 0.868750 0.060000 0.084167
0 0.759687 0.857500 0.050625 0.075000
0 0.409062 0.845000 0.065625 0.083333
0 0.194062 0.834583 0.059375 0.075833
0 0.112187 0.827500 0.054375 0.075000
0 0.044375 0.824583 0.048750 0.070833
0 0.806562 0.842500 0.070625 0.110000
0 0.537188 0.823333 0.053125 0.073333
0 0.442812 0.800417 0.055625 0.082500
0 0.270937 0.790833 0.056875 0.073333
0 0.366563 0.770417 0.045625 0.067500
0 0.723125 0.776250 0.062500 0.082500
0 0.645000 0.770417 0.062500 0.084167
0 0.490000 0.754167 0.063750 0.125000
0 0.335313 0.720417 0.059375 0.070833
0 0.893750 0.730000 0.070000 0.093333
0 0.569688 0.715417 0.066875 0.087500
0 0.404687 0.710000 0.059375 0.080000
0 0.085000 0.705417 0.052500 0.080833
0 0.463750 0.693750 0.058750 0.074167
0 0.021250 0.683333 0.042500 0.075000
0 0.723437 0.684167 0.059375 0.085000
0 0.649687 0.668750 0.065625 0.084167
0 0.345000 0.648750 0.066250 0.080833
0 0.801562 0.647500 0.054375 0.090000
0 0.402500 0.634583 0.048750 0.067500
0 0.598750 0.622500 0.050000 0.071667
0 0.745938 0.611250 0.054375 0.072500
0 0.091875 0.616667 0.068750 0.090000
0 0.687187 0.599583 0.060625 0.074167
0 0.448750 0.575000 0.048750 0.060000
0 0.972187 0.576667 0.054375 0.071667
0 0.372188 0.567500 0.088125 0.096667
0 0.646875 0.532917 0.066250 0.082500
0 0.763437 0.531250 0.061875 0.082500
0 0.492812 0.516250 0.056875 0.077500
0 0.265000 0.515833 0.062500 0.090000
0 0.352812 0.505833 0.059375 0.086667
0 0.213125 0.496667 0.050000 0.076667
0 0.545000 0.490000 0.047500 0.090000
0 0.025937 0.486250 0.051875 0.097500
0 0.705937 0.471667 0.074375 0.086667
0 0.481563 0.446250 0.050625 0.057500
0 0.370937 0.446250 0.059375 0.072500
0 0.830313 0.440000 0.056875 0.080000
0 0.262813 0.417083 0.071875 0.084167
0 0.328125 0.391250 0.051250 0.070833
0 0.159062 0.407083 0.099375 0.115833
0 0.887500 0.407917 0.098750 0.120833
0 0.780625 0.384167 0.061250 0.081667
0 0.461875 0.376667 0.086250 0.080000
0 0.722812 0.369167 0.053125 0.068333
0 0.525312 0.354583 0.055625 0.070833
0 0.383437 0.349583 0.068125 0.077500
0 0.066875 0.338333 0.088750 0.106667
0 0.487812 0.294583 0.058125 0.070833
0 0.337500 0.297500 0.060000 0.083333
0 0.721875 0.288750 0.057500 0.075833
0 0.845000 0.286250 0.060000 0.082500
0 0.273125 0.278750 0.066250 0.087500
0 0.071875 0.265417 0.055000 0.075833
0 0.375312 0.255000 0.049375 0.056667
0 0.215312 0.266250 0.059375 0.082500
0 0.637500 0.255833 0.051250 0.078333
0 0.028750 0.232500 0.057500 0.081667
0 0.765625 0.221250 0.061250 0.085833
0 0.099062 0.214167 0.050625 0.078333
0 0.269062 0.202917 0.048125 0.057500
0 0.893750 0.206667 0.061250 0.068333
0 0.826875 0.207083 0.058750 0.072500
0 0.703125 0.211250 0.062500 0.080833
0 0.435000 0.198750 0.107500 0.099167
0 0.652813 0.180000 0.058125 0.076667
0 0.044375 0.155417 0.048750 0.065833
0 0.580625 0.159583 0.067500 0.094167
0 0.954063 0.146667 0.056875 0.081667
0 0.405000 0.125000 0.062500 0.071667
0 0.277500 0.134167 0.087500 0.091667
0 0.766875 0.118750 0.053750 0.067500
0 0.347187 0.110417 0.049375 0.079167
0 0.089063 0.099583 0.065625 0.080833
0 0.641250 0.098333 0.051250 0.080000
0 0.897500 0.112500 0.065000 0.111667
0 0.021250 0.094583 0.042500 0.079167
0 0.479687 0.090833 0.085625 0.093333
0 0.707187 0.094583 0.069375 0.115833
0 0.547500 0.074167 0.061250 0.076667
0 0.975000 0.090833 0.050000 0.116667
0 0.313125 0.049583 0.056250 0.072500
0 0.588125 0.045417 0.062500 0.077500
0 0.767813 0.022500 0.065625 0.045000
0 0.457188 0.018750 0.054375 0.037500
0 0.385937 0.045417 0.108125 0.090833
0 0.153125 0.022500 0.048750 0.045000