0 0.076875 0.977500 0.088750 0.045000
0 0.333437 0.976667 0.079375 0.046667
0 0.970625 0.972083 0.058750 0.055833
0 0.889375 0.969583 0.075000 0.060833
0 0.550000 0.939167 0.041250 0.056667
0 0.438125 0.940000 0.073750 0.093333
0 0.605625 0.935833 0.077500 0.096667
0 0.984375 0.916250 0.031250 0.085833
0 0.709063 0.892917 0.068125 0.094167
0 0.151875 0.879583 0.066250 0.099167
0 0.849063 0.845833 0.070625 0.090000
0 0.470000 0.800000 0.078750 0.096667
0 0.635625 0.793750 0.073750 0.090833
0 0.379688 0.788333 0.068125 0.090000
0 0.176250 0.772917 0.072500 0.095833
0 0.775000 0.781667 0.101250 0.131667
0 0.027500 0.730000 0.055000 0.093333
0 0.268750 0.722083 0.085000 0.094167
0 0.848437 0.712500 0.075625 0.106667
0 0.710313 0.701667 0.071875 0.085000
0 0.403750 0.697500 0.071250 0.098333
0 0.107813 0.689583 0.073125 0.100833
0 0.341562 0.680000 0.050625 0.103333
0 0.623125 0.672083 0.083750 0.097500
0 0.182500 0.645417 0.063750 0.087500
0 0.530312 0.642917 0.071875 0.105833
0 0.982812 0.633750 0.034375 0.097500
0 0.753750 0.627083 0.083750 0.099167
0 0.937187 0.619583 0.058125 0.107500
0 0.402187 0.584583 0.071875 0.100833
0 0.635625 0.568750 0.073750 0.102500
0 0.100312 0.560833 0.085625 0.086667
0 0.556250 0.558750 0.081250 0.087500
0 0.825625 0.555833 0.110000 0.106667
0 0.441250 0.520417 0.063750 0.095833
0 0.327188 0.514167 0.063125 0.083333
0 0.948438 0.520000 0.103125 0.110000
0 0.497812 0.496250 0.061875 0.097500
0 0.421250 0.438333 0.077500 0.086667
0 0.836562 0.435000 0.069375 0.085000
0 0.264062 0.438750 0.089375 0.112500
0 0.070938 0.420000 0.065625 0.106667
0 0.015000 0.410000 0.030000 0.091667
0 0.455000 0.388333 0.093750 0.090000
0 0.661875 0.345417 0.071250 0.092500
0 0.507812 0.330417 0.083125 0.075833
0 0.389688 0.322500 0.066875 0.095000
0 0.603750 0.295417 0.077500 0.110833
0 0.505625 0.257083 0.076250 0.069167
0 0.231875 0.253750 0.067500 0.089167
0 0.655625 0.228750 0.073750 0.089167
0 0.359375 0.215833 0.073750 0.088333
0 0.831562 0.186250 0.073125 0.085833
0 0.525937 0.200000 0.098125 0.116667
0 0.287500 0.181667 0.071250 0.088333
0 0.095312 0.172500 0.070625 0.090000
0 0.969375 0.162083 0.061250 0.094167
0 0.687187 0.159583 0.081875 0.089167
0 0.032188 0.148750 0.064375 0.090833
0 0.221250 0.136250 0.071250 0.094167
0 0.610625 0.115000 0.070000 0.093333
0 0.148438 0.105417 0.059375 0.112500
0 0.198125 0.071250 0.071250 0.102500
0 0.785312 0.042917 0.073125 0.085833
0 0.638750 0.037083 0.070000 0.074167
0 0.523438 0.021667 0.068125 0.043333
0 0.447500 0.040417 0.071250 0.080833
0 0.308125 0.031250 0.066250 0.062500