0 0.417500 0.969583 0.072500 0.060833
0 0.267813 0.960833 0.110625 0.078333
0 0.834063 0.952083 0.079375 0.095833
0 0.075938 0.946667 0.106875 0.106667
0 0.729062 0.912917 0.085625 0.104167
0 0.234063 0.880000 0.064375 0.080000
0 0.889375 0.877083 0.076250 0.090833
0 0.817813 0.867500 0.063125 0.091667
0 0.665312 0.852917 0.066875 0.087500
0 0.214688 0.804167 0.075625 0.088333
0 0.880625 0.793333 0.058750 0.075000
0 0.275000 0.781250 0.052500 0.080833
0 0.599063 0.800833 0.060625 0.128333
0 0.965625 0.777500 0.068750 0.086667
0 0.156562 0.741250 0.073125 0.080833
0 0.935000 0.732500 0.067500 0.088333
0 0.801562 0.724167 0.069375 0.081667
0 0.204063 0.709167 0.061875 0.085000
0 0.728125 0.679167 0.061250 0.075000
0 0.155000 0.666667 0.051250 0.060000
0 0.497188 0.702500 0.124375 0.188333
0 0.783125 0.638333 0.066250 0.083333
0 0.231250 0.614583 0.067500 0.077500
0 0.968750 0.601667 0.062500 0.093333
0 0.105938 0.577083 0.068125 0.099167
0 0.831875 0.569167 0.056250 0.085000
0 0.769375 0.568333 0.066250 0.083333
0 0.036562 0.562500 0.058125 0.091667
0 0.277187 0.558750 0.058125 0.085833
0 0.879375 0.549583 0.056250 0.080833
0 0.341250 0.553750 0.071250 0.097500
0 0.553125 0.551667 0.068750 0.103333
0 0.211562 0.539167 0.058125 0.078333
0 0.931250 0.537500 0.053750 0.088333
0 0.407187 0.524167 0.055625 0.090000
0 0.681250 0.515000 0.045000 0.086667
0 0.477500 0.502917 0.065000 0.082500
0 0.739688 0.503333 0.065625 0.085000
0 0.021562 0.500417 0.043125 0.084167
0 0.355938 0.468750 0.061875 0.079167
0 0.022500 0.435417 0.045000 0.079167
0 0.902813 0.433750 0.061875 0.089167
0 0.819688 0.433333 0.055625 0.088333
0 0.619062 0.424167 0.060625 0.088333
0 0.419375 0.417917 0.063750 0.084167
0 0.685312 0.420000 0.083125 0.116667
0 0.340938 0.399583 0.065625 0.079167
0 0.557187 0.405417 0.088125 0.102500
0 0.483438 0.398750 0.059375 0.122500
0 0.865313 0.372500 0.055625 0.083333
0 0.958438 0.417083 0.071875 0.174167
0 0.439375 0.338333 0.051250 0.073333
0 0.609375 0.326250 0.073750 0.087500
0 0.539375 0.315000 0.063750 0.093333
0 0.257500 0.316667 0.070000 0.103333
0 0.335313 0.302917 0.074375 0.102500
0 0.411250 0.281250 0.063750 0.082500
0 0.187500 0.287917 0.073750 0.115833
0 0.500313 0.252917 0.105625 0.092500
0 0.940312 0.265833 0.083125 0.135000
0 0.262813 0.220000 0.065625 0.085000
0 0.320625 0.223333 0.062500 0.100000
0 0.193750 0.193750 0.080000 0.087500
0 0.650625 0.171667 0.096250 0.085000
0 0.361563 0.170000 0.055625 0.091667
0 0.501875 0.160833 0.062500 0.080000
0 0.787813 0.141250 0.076875 0.094167
0 0.429688 0.156250 0.093125 0.132500
0 0.732812 0.105000 0.066875 0.103333
0 0.115000 0.097083 0.063750 0.087500
0 0.524062 0.086250 0.048125 0.082500
0 0.598437 0.103750 0.106875 0.125833
0 0.681562 0.064583 0.064375 0.087500
0 0.036875 0.077917 0.073750 0.155833