0 0.059687 0.970417 0.084375 0.059167
0 0.345000 0.944167 0.071250 0.100000
0 0.703125 0.927083 0.063750 0.087500
0 0.213750 0.910000 0.081250 0.103333
0 0.181562 0.778750 0.070625 0.085833
0 0.150625 0.707500 0.078750 0.103333
0 0.430625 0.690833 0.085000 0.101667
0 0.663125 0.670417 0.076250 0.090833
0 0.040938 0.646250 0.076875 0.120833
0 0.132812 0.621667 0.065625 0.083333
0 0.219688 0.597083 0.078125 0.107500
0 0.261875 0.512500 0.071250 0.105000
0 0.055000 0.504167 0.083750 0.103333
0 0.539687 0.450417 0.098125 0.119167
0 0.013125 0.262500 0.026250 0.090000
0 0.101250 0.240417 0.055000 0.077500
0 0.544375 0.189167 0.087500 0.115000
0 0.977812 0.121667 0.044375 0.085000
0 0.018125 0.115833 0.036250 0.093333
0 0.056563 0.080000 0.076875 0.096667
0 0.109375 0.028333 0.071250 0.056667