0 0.584688 0.972500 0.088125 0.055000
0 0.678438 0.965417 0.061875 0.069167
0 0.451875 0.965000 0.090000 0.070000
0 0.814688 0.964583 0.063125 0.070833
0 0.295938 0.963333 0.081875 0.073333
0 0.968750 0.959167 0.062500 0.081667
0 0.526250 0.950833 0.077500 0.088333
0 0.747812 0.941250 0.055625 0.082500
0 0.223438 0.942500 0.064375 0.095000
0 0.679375 0.852083 0.050000 0.065833
0 0.459688 0.862083 0.063125 0.089167
0 0.847812 0.857500 0.071875 0.083333
0 0.569375 0.856667 0.056250 0.083333
0 0.938750 0.842083 0.071250 0.064167
0 0.533125 0.842500 0.055000 0.076667
0 0.330937 0.839167 0.065625 0.078333
0 0.273438 0.835417 0.054375 0.079167
0 0.025000 0.831667 0.050000 0.088333
0 0.106875 0.830417 0.067500 0.092500
0 0.767813 0.818750 0.058125 0.072500
0 0.410000 0.784167 0.058750 0.080000
0 0.890000 0.774583 0.057500 0.075833
0 0.041875 0.764167 0.066250 0.061667
0 0.286250 0.749167 0.057500 0.068333
0 0.575937 0.746667 0.078125 0.086667
0 0.635000 0.748333 0.062500 0.095000
0 0.825625 0.726250 0.067500 0.084167
0 0.751250 0.719583 0.045000 0.077500
0 0.460313 0.702917 0.095625 0.107500
0 0.693750 0.706250 0.072500 0.124167
0 0.626250 0.678750 0.062500 0.080833
0 0.067187 0.636667 0.058125 0.065000
0 0.587812 0.658333 0.076875 0.121667
0 0.425938 0.610417 0.066875 0.089167
0 0.794375 0.604583 0.065000 0.079167
0 0.382500 0.597083 0.065000 0.099167
0 0.655000 0.582500 0.120000 0.081667
0 0.222812 0.587917 0.065625 0.094167
0 0.511875 0.592500 0.067500 0.106667
0 0.910000 0.581667 0.063750 0.086667
0 0.316563 0.553750 0.063125 0.089167
0 0.793750 0.526250 0.080000 0.094167
0 0.168437 0.513333 0.055625 0.071667
0 0.837500 0.496667 0.068750 0.081667
0 0.641250 0.494167 0.072500 0.083333
0 0.712812 0.486667 0.059375 0.095000
0 0.977500 0.481250 0.045000 0.090833
0 0.417187 0.479167 0.081875 0.091667
0 0.909687 0.469583 0.051875 0.077500
0 0.101562 0.459167 0.060625 0.073333
0 0.480625 0.450833 0.056250 0.070000
0 0.591562 0.441667 0.070625 0.088333
0 0.647813 0.414583 0.074375 0.060833
0 0.769687 0.417083 0.065625 0.084167
0 0.811562 0.391250 0.063125 0.094167
0 0.434063 0.374583 0.061875 0.075833
0 0.944063 0.369167 0.061875 0.091667
0 0.130625 0.349167 0.085000 0.113333
0 0.647813 0.334167 0.061875 0.091667
0 0.877812 0.315833 0.051875 0.065000
0 0.800312 0.286250 0.066875 0.072500
0 0.392188 0.295000 0.078125 0.115000
0 0.934375 0.264583 0.050000 0.067500
0 0.076250 0.245417 0.058750 0.082500
0 0.738750 0.226667 0.067500 0.075000
0 0.433125 0.215000 0.057500 0.075000
0 0.841875 0.196667 0.068750 0.083333
0 0.964375 0.179167 0.057500 0.076667
0 0.180000 0.185000 0.108750 0.101667
0 0.400000 0.175417 0.058750 0.085833
0 0.750000 0.161250 0.070000 0.090833
0 0.487187 0.133750 0.061875 0.077500
0 0.923750 0.096250 0.071250 0.085833
0 0.958125 0.072917 0.052500 0.072500
0 0.036250 0.070417 0.072500 0.094167
0 0.748125 0.057500 0.095000 0.088333
0 0.879687 0.035417 0.074375 0.070833
0 0.808750 0.038750 0.073750 0.077500
0 0.629375 0.041667 0.072500 0.083333
0 0.469375 0.032917 0.058750 0.065833
0 0.240625 0.025833 0.066250 0.051667
0 0.144375 0.039583 0.067500 0.079167