0 0.974063 0.968333 0.051875 0.063333
0 0.076563 0.967500 0.096875 0.065000
0 0.537813 0.964583 0.063125 0.070833
0 0.625000 0.958333 0.063750 0.065000
0 0.779062 0.946667 0.063125 0.078333
0 0.253437 0.953750 0.073125 0.092500
0 0.425000 0.932917 0.056250 0.079167
0 0.717500 0.933750 0.052500 0.082500
0 0.965938 0.921667 0.063125 0.076667
0 0.558125 0.900417 0.070000 0.082500
0 0.662188 0.899583 0.076875 0.104167
0 0.043750 0.886667 0.060000 0.085000
0 0.837187 0.879167 0.061875 0.081667
0 0.937187 0.868750 0.061875 0.065833
0 0.782500 0.867917 0.055000 0.072500
0 0.499688 0.855000 0.061875 0.083333
0 0.169687 0.822500 0.061875 0.081667
0 0.936875 0.805417 0.057500 0.065833
0 0.072188 0.795000 0.046875 0.083333
0 0.456250 0.807917 0.071250 0.114167
0 0.398438 0.785417 0.058125 0.082500
0 0.026875 0.783750 0.053750 0.082500
0 0.978437 0.770417 0.043125 0.070833
0 0.840625 0.760417 0.063750 0.085833
0 0.655937 0.759167 0.063125 0.091667
0 0.604688 0.748333 0.058125 0.078333
0 0.233125 0.750833 0.061250 0.085000
0 0.502188 0.739167 0.065625 0.068333
0 0.899687 0.734167 0.063125 0.068333
0 0.375937 0.728333 0.058125 0.076667
0 0.020625 0.710833 0.041250 0.076667
0 0.100625 0.705000 0.058750 0.078333
0 0.860938 0.670417 0.056875 0.079167
0 0.541875 0.662500 0.058750 0.085000
0 0.351875 0.654167 0.056250 0.071667
0 0.184688 0.658333 0.058125 0.085000
0 0.743750 0.630000 0.065000 0.083333
0 0.600000 0.619583 0.062500 0.082500
0 0.385000 0.578750 0.058750 0.079167
0 0.565937 0.568333 0.049375 0.076667
0 0.230625 0.573750 0.073750 0.094167
0 0.429375 0.553750 0.051250 0.072500
0 0.733125 0.552917 0.048750 0.074167
0 0.651250 0.546667 0.052500 0.068333
0 0.069062 0.549583 0.058125 0.074167
0 0.490938 0.545833 0.055625 0.085000
0 0.905625 0.542500 0.062500 0.083333
0 0.527188 0.510833 0.053125 0.070000
0 0.257500 0.507083 0.058750 0.067500
0 0.338438 0.508333 0.050625 0.071667
0 0.976250 0.506250 0.047500 0.077500
0 0.185625 0.499583 0.072500 0.090833
0 0.687813 0.473750 0.058125 0.072500
0 0.282500 0.447083 0.053750 0.064167
0 0.148125 0.446667 0.075000 0.076667
0 0.878750 0.439583 0.060000 0.075833
0 0.814375 0.429167 0.063750 0.078333
0 0.357500 0.432917 0.071250 0.097500
0 0.220000 0.417083 0.058750 0.074167
0 0.461562 0.385833 0.053125 0.068333
0 0.509062 0.389167 0.053125 0.078333
0 0.899375 0.376667 0.073750 0.078333
0 0.024063 0.377917 0.048125 0.090833
0 0.583750 0.353750 0.060000 0.074167
0 0.261875 0.343333 0.053750 0.070000
0 0.187812 0.357500 0.091875 0.100000
0 0.751563 0.334583 0.059375 0.069167
0 0.499063 0.316667 0.063125 0.071667
0 0.793438 0.313750 0.051875 0.075833
0 0.426563 0.303750 0.053125 0.070833
0 0.210938 0.279167 0.050625 0.061667
0 0.631563 0.285417 0.065625 0.080833
0 0.470938 0.270000 0.068125 0.055000
0 0.964375 0.274583 0.056250 0.075833
0 0.269688 0.237083 0.045625 0.059167
0 0.554063 0.237917 0.049375 0.065833
0 0.904062 0.244167 0.068125 0.083333
0 0.674687 0.239583 0.090625 0.099167
0 0.756250 0.247083 0.062500 0.124167
0 0.487500 0.215000 0.067500 0.071667
0 0.847187 0.213333 0.064375 0.073333
0 0.054375 0.217083 0.065000 0.082500
0 0.705937 0.203750 0.050625 0.075833
0 0.189062 0.195000 0.073125 0.088333
0 0.275938 0.174583 0.060625 0.065833
0 0.766563 0.166250 0.049375 0.065833
0 0.842500 0.153750 0.052500 0.057500
0 0.130312 0.153333 0.046875 0.083333
0 0.074375 0.154167 0.067500 0.086667
0 0.906563 0.150417 0.078125 0.102500
0 0.210313 0.119583 0.055625 0.070833
0 0.944375 0.074583 0.066250 0.062500
0 0.894687 0.072917 0.046875 0.072500
0 0.362500 0.057083 0.072500 0.067500
0 0.413438 0.064167 0.056875 0.083333
0 0.779375 0.054167 0.057500 0.085000
0 0.675312 0.057917 0.049375 0.092500
0 0.842812 0.049583 0.061875 0.089167
0 0.610000 0.039167 0.056250 0.073333
0 0.976250 0.021667 0.047500 0.043333
0 0.505000 0.027500 0.092500 0.055000
0 0.334688 0.017917 0.065625 0.035833
0 0.220938 0.029583 0.056875 0.059167
0 0.127500 0.043333 0.072500 0.086667