0 0.937500 0.960000 0.063750 0.080000
0 0.061562 0.957917 0.070625 0.084167
0 0.536250 0.956667 0.072500 0.086667
0 0.360000 0.950000 0.062500 0.085000
0 0.721875 0.906667 0.070000 0.090000
0 0.119688 0.885000 0.078125 0.091667
0 0.293125 0.840000 0.067500 0.093333
0 0.535312 0.813750 0.065625 0.094167
0 0.115000 0.799167 0.075000 0.081667
0 0.690000 0.789167 0.062500 0.083333
0 0.954688 0.766250 0.076875 0.104167
0 0.557813 0.745833 0.089375 0.076667
0 0.754375 0.714167 0.060000 0.086667
0 0.358750 0.670417 0.062500 0.089167
0 0.175000 0.652500 0.062500 0.083333
0 0.492812 0.623333 0.055625 0.098333
0 0.534062 0.612917 0.051875 0.082500
0 0.239063 0.567500 0.060625 0.085000
0 0.929688 0.548333 0.061875 0.096667
0 0.812187 0.497083 0.051875 0.065833
0 0.205313 0.495833 0.053125 0.071667
0 0.963125 0.478750 0.052500 0.075833
0 0.321250 0.436667 0.051250 0.076667
0 0.811562 0.418333 0.064375 0.093333
0 0.142187 0.376667 0.066875 0.076667
0 0.853125 0.322500 0.065000 0.090000
0 0.151875 0.306667 0.070000 0.066667
0 0.973125 0.305417 0.053750 0.097500
0 0.491563 0.268750 0.063125 0.097500
0 0.262500 0.237917 0.080000 0.110833
0 0.475938 0.201250 0.065625 0.077500
0 0.545937 0.201250 0.066875 0.089167
0 0.095312 0.171250 0.063125 0.077500
0 0.417812 0.162500 0.069375 0.091667
0 0.613437 0.139583 0.051875 0.082500
0 0.786875 0.132083 0.065000 0.085833
0 0.252812 0.116250 0.063125 0.082500
0 0.354063 0.115833 0.060625 0.100000
0 0.729062 0.066667 0.059375 0.080000
0 0.059687 0.069167 0.079375 0.098333
0 0.815937 0.058333 0.076875 0.088333