0 0.137500 0.980833 0.060000 0.038333
0 0.412500 0.978333 0.057500 0.043333
0 0.915312 0.966667 0.051875 0.066667
0 0.699375 0.966250 0.056250 0.067500
0 0.017812 0.964583 0.035625 0.070833
0 0.819063 0.963750 0.061875 0.072500
0 0.325000 0.963333 0.070000 0.073333
0 0.240937 0.942917 0.056875 0.070833
0 0.478750 0.941667 0.052500 0.075000
0 0.178125 0.942083 0.067500 0.087500
0 0.075000 0.927917 0.052500 0.075833
0 0.735938 0.927917 0.056875 0.084167
0 0.141875 0.896667 0.051250 0.068333
0 0.310000 0.887083 0.057500 0.070833
0 0.025937 0.883750 0.051875 0.077500
0 0.792500 0.869167 0.057500 0.071667
0 0.908438 0.869167 0.053125 0.073333
0 0.233125 0.860417 0.051250 0.075833
0 0.560937 0.850000 0.075625 0.086667
0 0.841562 0.828750 0.064375 0.074167
0 0.113750 0.826250 0.067500 0.114167
0 0.045937 0.816667 0.063125 0.095000
0 0.011562 0.806250 0.023125 0.087500
0 0.896250 0.791250 0.050000 0.087500
0 0.256875 0.788333 0.056250 0.090000
0 0.205625 0.759167 0.056250 0.088333
0 0.800312 0.775417 0.094375 0.122500
0 0.444375 0.743333 0.061250 0.075000
0 0.145625 0.741667 0.061250 0.090000
0 0.385313 0.731250 0.069375 0.084167
0 0.911250 0.711667 0.066250 0.080000
0 0.787813 0.700000 0.053125 0.071667
0 0.501875 0.686667 0.062500 0.085000
0 0.185000 0.676250 0.055000 0.074167
0 0.749687 0.671667 0.060625 0.070000
0 0.345000 0.672500 0.052500 0.080000
0 0.028125 0.664167 0.056250 0.071667
0 0.235000 0.664583 0.048750 0.082500
0 0.395937 0.645000 0.058125 0.075000
0 0.707187 0.614167 0.053125 0.068333
0 0.296563 0.603750 0.061875 0.087500
0 0.750313 0.596667 0.060625 0.083333
0 0.210938 0.580833 0.056875 0.073333
0 0.052500 0.594167 0.085000 0.105000
0 0.653438 0.575417 0.066875 0.070833
0 0.438750 0.550417 0.053750 0.074167
0 0.372188 0.559167 0.083125 0.103333
0 0.115000 0.530417 0.080000 0.105833
0 0.890938 0.524167 0.080625 0.098333
0 0.546250 0.496667 0.056250 0.070000
0 0.178750 0.487083 0.060000 0.079167
0 0.454688 0.462917 0.054375 0.077500
0 0.857812 0.462917 0.064375 0.084167
0 0.975938 0.441250 0.048125 0.064167
0 0.763750 0.443333 0.068750 0.088333
0 0.081250 0.433333 0.052500 0.076667
0 0.918750 0.412917 0.056250 0.077500
0 0.494688 0.406667 0.061875 0.073333
0 0.112187 0.386250 0.050625 0.052500
0 0.847187 0.380000 0.064375 0.075000
0 0.398750 0.371667 0.071250 0.080000
0 0.675937 0.365417 0.060625 0.087500
0 0.310625 0.350417 0.057500 0.077500
0 0.471875 0.346250 0.066250 0.082500
0 0.058438 0.326250 0.058125 0.079167
0 0.016875 0.323333 0.033750 0.078333
0 0.419375 0.297083 0.057500 0.075833
0 0.456875 0.270833 0.053750 0.066667
0 0.546562 0.249583 0.050625 0.072500
0 0.142500 0.240833 0.057500 0.081667
0 0.639375 0.218333 0.062500 0.071667
0 0.784375 0.258750 0.095000 0.165833
0 0.037500 0.207083 0.055000 0.074167
0 0.502188 0.202917 0.080625 0.097500
0 0.878437 0.185417 0.060625 0.077500
0 0.784375 0.163333 0.058750 0.075000
0 0.075625 0.152083 0.060000 0.074167
0 0.391562 0.137500 0.056875 0.071667
0 0.609688 0.131250 0.046875 0.075833
0 0.889687 0.112083 0.063125 0.075833
0 0.505625 0.069583 0.077500 0.087500
0 0.364375 0.062083 0.071250 0.082500
0 0.114375 0.057083 0.058750 0.075833
0 0.792188 0.060000 0.069375 0.098333
0 0.728125 0.036667 0.058750 0.073333
0 0.655625 0.029167 0.048750 0.058333
0 0.169063 0.037500 0.060625 0.075000
0 0.050937 0.045000 0.080625 0.090000