0 0.704063 0.981250 0.064375 0.037500
0 0.107188 0.977083 0.069375 0.045833
0 0.626250 0.971667 0.106250 0.056667
0 0.949063 0.968750 0.064375 0.062500
0 0.751563 0.961667 0.051875 0.066667
0 0.450625 0.954583 0.068750 0.082500
0 0.340625 0.952500 0.081250 0.095000
0 0.035625 0.952083 0.051250 0.095833
0 0.975938 0.925833 0.048125 0.068333
0 0.509687 0.917500 0.058125 0.091667
0 0.836562 0.915417 0.135625 0.092500
0 0.741875 0.899583 0.060000 0.072500
0 0.578125 0.912500 0.081250 0.135000
0 0.872500 0.884583 0.096250 0.080833
0 0.967187 0.868333 0.065625 0.075000
0 0.976562 0.818750 0.046875 0.069167
0 0.027813 0.818750 0.055625 0.080833
0 0.674063 0.815000 0.059375 0.085000
0 0.891875 0.811250 0.067500 0.090833
0 0.810625 0.792500 0.061250 0.088333
0 0.114062 0.796667 0.080625 0.108333
0 0.942500 0.766250 0.066250 0.067500
0 0.156875 0.740417 0.083750 0.097500
0 0.629375 0.711250 0.058750 0.072500
0 0.957500 0.705833 0.068750 0.075000
0 0.373437 0.701250 0.070625 0.090833
0 0.879687 0.691250 0.060625 0.075833
0 0.311563 0.675833 0.066875 0.091667
0 0.063750 0.684583 0.113750 0.114167
0 0.554063 0.650833 0.064375 0.090000
0 0.259688 0.633333 0.054375 0.085000
0 0.842500 0.631250 0.051250 0.089167
0 0.725313 0.617500 0.070625 0.078333
0 0.025625 0.617083 0.051250 0.092500
0 0.799687 0.619167 0.073125 0.098333
0 0.391875 0.604583 0.062500 0.092500
0 0.643437 0.598750 0.068125 0.099167
0 0.284687 0.583750 0.066875 0.089167
0 0.514687 0.561667 0.071875 0.085000
0 0.898750 0.547500 0.072500 0.075000
0 0.114687 0.560417 0.111875 0.122500
0 0.753437 0.540000 0.078125 0.093333
0 0.220000 0.513333 0.058750 0.078333
0 0.426875 0.512083 0.090000 0.109167
0 0.336250 0.537917 0.108750 0.160833
0 0.879687 0.486667 0.075625 0.073333
0 0.275938 0.484167 0.063125 0.078333
0 0.127500 0.476250 0.052500 0.075833
0 0.808125 0.457083 0.078750 0.097500
0 0.721250 0.444167 0.071250 0.098333
0 0.855000 0.413750 0.065000 0.087500
0 0.476875 0.391250 0.076250 0.079167
0 0.350625 0.396250 0.071250 0.090833
0 0.121250 0.396250 0.070000 0.090833
0 0.240937 0.375833 0.055625 0.075000
0 0.755938 0.377917 0.055625 0.082500
0 0.702187 0.369583 0.051875 0.080833
0 0.064687 0.364167 0.063125 0.088333
0 0.185312 0.359167 0.064375 0.088333
0 0.300625 0.355000 0.063750 0.086667
0 0.729375 0.323333 0.080000 0.088333
0 0.123125 0.307083 0.093750 0.094167
0 0.226562 0.291667 0.066875 0.076667
0 0.982812 0.284167 0.034375 0.083333
0 0.040938 0.278333 0.081875 0.101667
0 0.768125 0.272917 0.066250 0.092500
0 0.412813 0.257917 0.065625 0.079167
0 0.706250 0.246667 0.085000 0.106667
0 0.126250 0.225833 0.065000 0.078333
0 0.666562 0.208750 0.066875 0.075833
0 0.256563 0.236250 0.071875 0.135833
0 0.947500 0.193750 0.067500 0.089167
0 0.405625 0.185417 0.063750 0.077500
0 0.339375 0.186250 0.066250 0.084167
0 0.820625 0.166667 0.063750 0.083333
0 0.628437 0.163333 0.066875 0.081667
0 0.150312 0.155000 0.071875 0.080000
0 0.083437 0.160000 0.059375 0.091667
0 0.388125 0.124583 0.060000 0.074167
0 0.640000 0.120000 0.062500 0.075000
0 0.701875 0.129583 0.075000 0.097500
0 0.286875 0.117083 0.056250 0.104167
0 0.565312 0.104167 0.073125 0.088333
0 0.868125 0.096250 0.055000 0.080833
0 0.975625 0.082917 0.048750 0.082500
0 0.137813 0.079167 0.066875 0.081667
0 0.437188 0.080417 0.065625 0.090833
0 0.257812 0.081250 0.071875 0.094167
0 0.066875 0.060833 0.070000 0.093333
0 0.478750 0.056667 0.065000 0.093333
0 0.375312 0.051667 0.058125 0.086667
0 0.916875 0.038750 0.073750 0.077500
0 0.615313 0.039167 0.109375 0.078333
0 0.534375 0.026667 0.048750 0.053333
0 0.438125 0.020833 0.066250 0.041667
0 0.311563 0.038750 0.086875 0.077500
0 0.181562 0.043333 0.068125 0.086667