0 0.921250 0.922083 0.053750 0.080833
0 0.291250 0.928333 0.068750 0.095000
0 0.420625 0.898750 0.065000 0.087500
0 0.846250 0.905833 0.055000 0.106667
0 0.804063 0.867500 0.061875 0.091667
0 0.140625 0.852083 0.062500 0.089167
0 0.748125 0.830417 0.061250 0.095833
0 0.434063 0.816667 0.071875 0.093333
0 0.275313 0.785417 0.051875 0.069167
0 0.106250 0.768333 0.050000 0.093333
0 0.240625 0.750000 0.066250 0.083333
0 0.607187 0.586250 0.075625 0.077500
0 0.435000 0.577917 0.051250 0.074167
0 0.452813 0.527083 0.064375 0.075833
0 0.379688 0.521667 0.069375 0.073333
0 0.660312 0.518333 0.065625 0.071667
0 0.828750 0.499583 0.060000 0.112500
0 0.635938 0.477083 0.065625 0.075833
0 0.246875 0.483750 0.051250 0.089167
0 0.500000 0.477500 0.066250 0.081667
0 0.082812 0.477500 0.068125 0.115000
0 0.772500 0.462917 0.052500 0.092500
0 0.592812 0.459167 0.059375 0.106667
0 0.705625 0.447083 0.072500 0.084167
0 0.658750 0.395000 0.055000 0.090000
0 0.160312 0.387917 0.058125 0.089167
0 0.796562 0.383750 0.065625 0.087500
0 0.553750 0.380000 0.067500 0.110000
0 0.320625 0.375000 0.063750 0.113333
0 0.864688 0.352500 0.070625 0.088333
0 0.975625 0.342500 0.048750 0.075000
0 0.230000 0.320833 0.057500 0.061667
0 0.709375 0.336250 0.081250 0.114167
0 0.411875 0.316250 0.058750 0.095833
0 0.650000 0.295000 0.065000 0.085000
0 0.367500 0.281250 0.051250 0.125833
0 0.063125 0.249583 0.058750 0.079167
0 0.890938 0.243750 0.060625 0.079167
0 0.331875 0.269583 0.057500 0.132500
0 0.700937 0.241667 0.060625 0.083333
0 0.245312 0.250000 0.088125 0.105000
0 0.170625 0.214583 0.065000 0.084167
0 0.631875 0.201250 0.055000 0.070833
0 0.295000 0.158750 0.062500 0.072500
0 0.866563 0.149167 0.064375 0.085000
0 0.510312 0.153750 0.049375 0.097500
0 0.670625 0.149583 0.063750 0.104167
0 0.607812 0.135417 0.059375 0.082500
0 0.065625 0.136250 0.073750 0.084167
0 0.473125 0.137083 0.058750 0.102500
0 0.824063 0.068333 0.088125 0.091667
0 0.660937 0.044167 0.056875 0.085000
0 0.419687 0.048750 0.056875 0.097500
0 0.235313 0.035833 0.064375 0.071667
0 0.066562 0.042500 0.053125 0.085000