0 0.962187 0.954583 0.075625 0.075833
0 0.143125 0.888750 0.070000 0.079167
0 0.923438 0.888333 0.081875 0.085000
0 0.362812 0.873333 0.071875 0.083333
0 0.218438 0.868750 0.068125 0.089167
0 0.455313 0.836667 0.066875 0.083333
0 0.682187 0.823333 0.069375 0.083333
0 0.949375 0.810417 0.067500 0.072500
0 0.219375 0.773333 0.075000 0.075000
0 0.957187 0.646250 0.070625 0.082500
0 0.479375 0.611250 0.072500 0.094167
0 0.889375 0.587917 0.062500 0.085833
0 0.565312 0.565000 0.071875 0.075000
0 0.445312 0.498333 0.066875 0.091667
0 0.877500 0.489583 0.058750 0.077500
0 0.065000 0.490000 0.068750 0.095000
0 0.360000 0.487083 0.063750 0.099167
0 0.609375 0.465417 0.061250 0.084167
0 0.141250 0.465000 0.065000 0.090000
0 0.190625 0.434583 0.077500 0.082500
0 0.715000 0.413750 0.062500 0.090833
0 0.555312 0.372917 0.079375 0.079167
0 0.905312 0.364583 0.081875 0.105833
0 0.742188 0.343333 0.064375 0.085000
0 0.244688 0.331667 0.068125 0.086667
0 0.371875 0.321250 0.070000 0.089167
0 0.600625 0.296667 0.073750 0.081667
0 0.249688 0.232500 0.081875 0.111667
0 0.375312 0.197917 0.069375 0.089167
0 0.204063 0.182917 0.051875 0.065833
0 0.295938 0.187083 0.056875 0.090833
0 0.123750 0.165000 0.073750 0.066667
0 0.668125 0.143333 0.075000 0.078333
0 0.248750 0.136667 0.080000 0.091667
0 0.214375 0.112083 0.071250 0.075833
0 0.860938 0.110833 0.068125 0.081667
0 0.171875 0.081667 0.050000 0.070000
0 0.225000 0.041667 0.072500 0.073333