0 0.837812 0.975000 0.061875 0.050000
0 0.353750 0.971667 0.066250 0.056667
0 0.521875 0.956250 0.062500 0.084167
0 0.256563 0.948333 0.045625 0.068333
0 0.887813 0.930417 0.061875 0.087500
0 0.641250 0.914167 0.058750 0.091667
0 0.373125 0.894167 0.060000 0.073333
0 0.740313 0.897500 0.053125 0.086667
0 0.943438 0.892917 0.050625 0.079167
0 0.807813 0.883750 0.058125 0.089167
0 0.316875 0.833333 0.061250 0.075000
0 0.091250 0.834583 0.052500 0.077500
0 0.901563 0.820000 0.053125 0.076667
0 0.573750 0.821667 0.062500 0.081667
0 0.647500 0.816250 0.051250 0.079167
0 0.421250 0.814583 0.061250 0.082500
0 0.215938 0.813750 0.065625 0.084167
0 0.713125 0.809583 0.062500 0.077500
0 0.333437 0.769167 0.064375 0.060000
0 0.502188 0.757083 0.069375 0.074167
0 0.932813 0.754167 0.050625 0.083333
0 0.108125 0.746667 0.056250 0.073333
0 0.979688 0.743333 0.040625 0.076667
0 0.864062 0.736667 0.060625 0.081667
0 0.742500 0.723750 0.090000 0.075833
0 0.263437 0.730417 0.059375 0.089167
0 0.581875 0.708333 0.063750 0.075000
0 0.388750 0.683750 0.063750 0.079167
0 0.325000 0.683333 0.058750 0.081667
0 0.203437 0.669167 0.055625 0.096667
0 0.979375 0.654167 0.041250 0.071667
0 0.799063 0.636667 0.055625 0.080000
0 0.738437 0.632083 0.053125 0.077500
0 0.024375 0.632917 0.048750 0.084167
0 0.096875 0.625000 0.060000 0.073333
0 0.268125 0.627083 0.068750 0.080833
0 0.666562 0.615417 0.063125 0.069167
0 0.860625 0.606667 0.060000 0.080000
0 0.358750 0.605417 0.055000 0.079167
0 0.510000 0.608333 0.055000 0.086667
0 0.430625 0.594167 0.061250 0.083333
0 0.575625 0.591250 0.058750 0.079167
0 0.286562 0.553750 0.060625 0.070833
0 0.694063 0.548750 0.058125 0.070833
0 0.025937 0.531667 0.051875 0.083333
0 0.164375 0.521250 0.058750 0.075833
0 0.443437 0.506250 0.066875 0.069167
0 0.597500 0.502083 0.065000 0.077500
0 0.887500 0.497917 0.062500 0.087500
0 0.745313 0.487917 0.065625 0.075833
0 0.233750 0.475417 0.065000 0.084167
0 0.951562 0.462083 0.049375 0.074167
0 0.159062 0.433750 0.060625 0.067500
0 0.402187 0.435417 0.063125 0.087500
0 0.330000 0.426250 0.058750 0.072500
0 0.906875 0.402917 0.065000 0.084167
0 0.678750 0.387500 0.052500 0.081667
0 0.602500 0.369583 0.067500 0.059167
0 0.264688 0.379167 0.058125 0.085000
0 0.019375 0.372917 0.038750 0.072500
0 0.333125 0.352500 0.073750 0.073333
0 0.164687 0.342083 0.073125 0.077500
0 0.448750 0.335833 0.065000 0.073333
0 0.728125 0.315417 0.062500 0.074167
0 0.551250 0.308333 0.056250 0.088333
0 0.240313 0.296667 0.061875 0.080000
0 0.613125 0.278333 0.063750 0.095000
0 0.320000 0.258333 0.053750 0.070000
0 0.180938 0.245833 0.069375 0.078333
0 0.776563 0.245000 0.064375 0.080000
0 0.507188 0.223750 0.060625 0.077500
0 0.402187 0.213333 0.059375 0.068333
0 0.643750 0.217917 0.058750 0.079167
0 0.041563 0.182500 0.051875 0.091667
0 0.107813 0.171667 0.065625 0.085000
0 0.828125 0.154167 0.048750 0.066667
0 0.713437 0.122500 0.056875 0.071667
0 0.145625 0.098750 0.060000 0.074167
0 0.576562 0.082500 0.058125 0.073333
0 0.798750 0.039583 0.048750 0.072500
0 0.874375 0.021250 0.061250 0.042500
0 0.423750 0.046250 0.063750 0.092500
0 0.224062 0.035000 0.063125 0.070000