0 0.486250 0.972083 0.070000 0.055833
0 0.109687 0.964583 0.068125 0.070833
0 0.165937 0.957083 0.073125 0.085833
0 0.661250 0.931250 0.067500 0.090833
0 0.363750 0.930833 0.062500 0.098333
0 0.219375 0.923333 0.073750 0.100000
0 0.716250 0.890417 0.065000 0.089167
0 0.487500 0.888750 0.075000 0.095833
0 0.057188 0.853333 0.073125 0.095000
0 0.243125 0.840833 0.067500 0.090000
0 0.630000 0.843750 0.073750 0.097500
0 0.534375 0.819583 0.090000 0.117500
0 0.450313 0.789167 0.061875 0.083333
0 0.014375 0.772917 0.028750 0.092500
0 0.840313 0.755417 0.061875 0.102500
0 0.721562 0.745833 0.064375 0.083333
0 0.163125 0.753333 0.070000 0.098333
0 0.236563 0.722917 0.070625 0.092500
0 0.910937 0.681250 0.074375 0.099167
0 0.513437 0.670000 0.064375 0.111667
0 0.787188 0.659583 0.076875 0.094167
0 0.716562 0.655000 0.056875 0.100000
0 0.446875 0.647917 0.073750 0.092500
0 0.981875 0.606250 0.036250 0.082500
0 0.221250 0.580417 0.068750 0.094167
0 0.874375 0.579167 0.070000 0.098333
0 0.449688 0.562500 0.068125 0.085000
0 0.600313 0.463333 0.066875 0.086667
0 0.146563 0.456667 0.070625 0.095000
0 0.107813 0.437083 0.066875 0.100833
0 0.528438 0.442917 0.071875 0.122500
0 0.035312 0.430000 0.070625 0.120000
0 0.946250 0.400833 0.068750 0.101667
0 0.485625 0.383333 0.071250 0.081667
0 0.392500 0.391250 0.068750 0.104167
0 0.625625 0.371667 0.065000 0.095000
0 0.709063 0.317500 0.071875 0.061667
0 0.834375 0.324167 0.073750 0.091667
0 0.146563 0.307500 0.070625 0.105000
0 0.639062 0.280000 0.078125 0.093333
0 0.895000 0.276667 0.068750 0.093333
0 0.365625 0.230000 0.066250 0.075000
0 0.795625 0.228750 0.050000 0.099167
0 0.708438 0.231667 0.094375 0.116667
0 0.306250 0.194583 0.073750 0.090833
0 0.859375 0.192083 0.075000 0.090833
0 0.671562 0.177083 0.064375 0.087500
0 0.770312 0.179167 0.071875 0.096667
0 0.218750 0.142917 0.077500 0.095833
0 0.614062 0.118333 0.079375 0.105000
0 0.129062 0.102917 0.073125 0.097500
0 0.350000 0.102083 0.071250 0.099167
0 0.745938 0.085000 0.063125 0.086667
0 0.568750 0.074167 0.065000 0.086667
0 0.493750 0.077917 0.077500 0.107500
0 0.888125 0.044583 0.075000 0.089167
0 0.720938 0.035000 0.071875 0.070000
0 0.292812 0.036667 0.063125 0.073333
0 0.244688 0.020417 0.061875 0.040833