0 0.424063 0.956667 0.065625 0.076667
0 0.571562 0.948750 0.069375 0.084167
0 0.513437 0.920417 0.063125 0.072500
0 0.088750 0.897500 0.058750 0.066667
0 0.028438 0.915833 0.056875 0.106667
0 0.155312 0.900000 0.068125 0.085000
0 0.482500 0.899167 0.082500 0.110000
0 0.737187 0.881667 0.074375 0.088333
0 0.381250 0.881250 0.063750 0.092500
0 0.663125 0.861667 0.072500 0.105000
0 0.462187 0.830000 0.058125 0.078333
0 0.213125 0.826667 0.060000 0.085000
0 0.600313 0.825000 0.055625 0.085000
0 0.824688 0.811667 0.065625 0.081667
0 0.350000 0.815000 0.063750 0.088333
0 0.011562 0.798750 0.023125 0.077500
0 0.919063 0.807500 0.070625 0.103333
0 0.510312 0.801667 0.064375 0.095000
0 0.701250 0.800000 0.076250 0.098333
0 0.305625 0.782083 0.068750 0.085833
0 0.175000 0.760000 0.056250 0.071667
0 0.875938 0.755000 0.103125 0.088333
0 0.245000 0.750417 0.067500 0.079167
0 0.505313 0.729167 0.065625 0.071667
0 0.437500 0.738333 0.063750 0.095000
0 0.655625 0.743333 0.080000 0.130000
0 0.384375 0.731250 0.072500 0.132500
0 0.030937 0.715417 0.061875 0.105833
0 0.125625 0.687083 0.060000 0.084167
0 0.551250 0.696667 0.128750 0.116667
0 0.880938 0.668750 0.061875 0.082500
0 0.249062 0.655833 0.065625 0.081667
0 0.665000 0.652083 0.068750 0.092500
0 0.406250 0.637917 0.071250 0.080833
0 0.868750 0.593750 0.066250 0.095833
0 0.113750 0.584583 0.086250 0.117500
0 0.225625 0.569167 0.068750 0.096667
0 0.763125 0.495833 0.070000 0.080000
0 0.153125 0.512083 0.070000 0.122500
0 0.084375 0.492500 0.072500 0.093333
0 0.269062 0.468333 0.083125 0.098333
0 0.331875 0.414167 0.060000 0.085000
0 0.048750 0.412500 0.086250 0.111667
0 0.241875 0.396250 0.083750 0.127500
0 0.673125 0.399167 0.077500 0.153333
0 0.611875 0.367083 0.075000 0.090833
0 0.561250 0.320000 0.066250 0.078333
0 0.276562 0.312083 0.059375 0.102500
0 0.399062 0.287500 0.076875 0.086667
0 0.221250 0.287500 0.085000 0.088333
0 0.331250 0.275833 0.060000 0.081667
0 0.650937 0.276667 0.058125 0.093333
0 0.600000 0.253333 0.060000 0.090000
0 0.543125 0.240000 0.052500 0.078333
0 0.437500 0.213333 0.066250 0.085000
0 0.374063 0.213333 0.055625 0.093333
0 0.098125 0.204167 0.078750 0.095000
0 0.835000 0.182083 0.061250 0.080833
0 0.038437 0.200833 0.076875 0.125000
0 0.730938 0.170833 0.061875 0.076667
0 0.486875 0.150000 0.053750 0.075000
0 0.667188 0.126667 0.058125 0.085000
0 0.428438 0.126667 0.061875 0.093333
0 0.862812 0.107917 0.059375 0.074167
0 0.969688 0.122083 0.060625 0.129167
0 0.724063 0.105833 0.060625 0.100000
0 0.925000 0.090000 0.073750 0.090000
0 0.452188 0.053750 0.083125 0.079167
0 0.944063 0.030000 0.056875 0.060000
0 0.889062 0.017083 0.058125 0.034167
0 0.746250 0.037917 0.066250 0.075833
0 0.439375 0.017083 0.060000 0.034167
0 0.130625 0.036250 0.062500 0.072500