0 0.521563 0.979167 0.073125 0.041667
0 0.067500 0.973333 0.058750 0.053333
0 0.401250 0.969167 0.068750 0.061667
0 0.592812 0.964583 0.059375 0.070833
0 0.735313 0.961250 0.061875 0.077500
0 0.364375 0.950000 0.068750 0.078333
0 0.782188 0.935417 0.068125 0.067500
0 0.059062 0.929167 0.053125 0.068333
0 0.924687 0.937083 0.076875 0.095833
0 0.130312 0.927083 0.059375 0.075833
0 0.984062 0.908333 0.031875 0.070000
0 0.670312 0.896667 0.054375 0.085000
0 0.425000 0.892083 0.057500 0.077500
0 0.879062 0.893750 0.064375 0.087500
0 0.585938 0.875000 0.063125 0.080000
0 0.737812 0.872083 0.058125 0.077500
0 0.245625 0.890417 0.065000 0.114167
0 0.338438 0.875000 0.079375 0.105000
0 0.069687 0.839583 0.055625 0.067500
0 0.472500 0.845833 0.061250 0.083333
0 0.187500 0.844167 0.063750 0.093333
0 0.668750 0.832500 0.060000 0.073333
0 0.383125 0.830000 0.053750 0.086667
0 0.849063 0.817917 0.048125 0.080833
0 0.523438 0.820833 0.059375 0.090000
0 0.915312 0.808750 0.056875 0.075833
0 0.592187 0.803750 0.054375 0.065833
0 0.140937 0.811250 0.050625 0.107500
0 0.071250 0.785000 0.067500 0.068333
0 0.765625 0.787083 0.071250 0.075833
0 0.450313 0.791667 0.061875 0.096667
0 0.845000 0.767500 0.060000 0.073333
0 0.259062 0.772917 0.058125 0.089167
0 0.691562 0.750417 0.061875 0.085833
0 0.326562 0.751667 0.063125 0.100000
0 0.038750 0.730000 0.065000 0.080000
0 0.171563 0.724583 0.060625 0.072500
0 0.920312 0.722500 0.063125 0.083333
0 0.516250 0.720000 0.062500 0.085000
0 0.252812 0.712083 0.061875 0.070833
0 0.767188 0.712500 0.063125 0.078333
0 0.391562 0.712500 0.060625 0.081667
0 0.650625 0.706667 0.065000 0.081667
0 0.885312 0.695000 0.065625 0.068333
0 0.979375 0.723333 0.041250 0.140000
0 0.802813 0.685833 0.064375 0.075000
0 0.106875 0.667500 0.068750 0.080000
0 0.449062 0.665000 0.045625 0.093333
0 0.948750 0.650417 0.061250 0.077500
0 0.709375 0.653333 0.065000 0.083333
0 0.546875 0.638333 0.065000 0.081667
0 0.191562 0.638750 0.058125 0.092500
0 0.873125 0.624167 0.057500 0.076667
0 0.466250 0.617083 0.062500 0.079167
0 0.283750 0.618750 0.061250 0.082500
0 0.776875 0.611250 0.051250 0.079167
0 0.364375 0.613750 0.086250 0.090833
0 0.842500 0.593750 0.057500 0.089167
0 0.706875 0.580833 0.063750 0.065000
0 0.617500 0.582083 0.058750 0.075833
0 0.593437 0.547083 0.059375 0.075833
0 0.935000 0.549583 0.055000 0.089167
0 0.016875 0.550000 0.033750 0.098333
0 0.235000 0.551667 0.035000 0.111667
0 0.507812 0.547500 0.084375 0.108333
0 0.176563 0.528333 0.084375 0.096667
0 0.287813 0.517917 0.059375 0.082500
0 0.362812 0.510417 0.060625 0.075833
0 0.985938 0.527500 0.028125 0.113333
0 0.451875 0.510833 0.062500 0.080000
0 0.785000 0.513333 0.062500 0.088333
0 0.699688 0.487500 0.083125 0.108333
0 0.872188 0.472917 0.079375 0.097500
0 0.542500 0.460833 0.063750 0.080000
0 0.617188 0.458333 0.059375 0.076667
0 0.106875 0.466667 0.065000 0.110000
0 0.766250 0.449167 0.057500 0.078333
0 0.981250 0.429167 0.037500 0.066667
0 0.917188 0.428750 0.053125 0.069167
0 0.227187 0.430833 0.064375 0.085000
0 0.848437 0.435417 0.083125 0.095833
0 0.302187 0.425833 0.055625 0.081667
0 0.525312 0.420417 0.060625 0.079167
0 0.418750 0.432500 0.081250 0.105000
0 0.025313 0.400000 0.050625 0.096667
0 0.347187 0.405833 0.059375 0.111667
0 0.463125 0.368333 0.082500 0.100000
0 0.790625 0.355000 0.055000 0.080000
0 0.607187 0.347083 0.048125 0.082500
0 0.669687 0.345417 0.083125 0.099167
0 0.119063 0.340833 0.048125 0.095000
0 0.899687 0.336667 0.084375 0.115000
0 0.041875 0.307500 0.047500 0.066667
0 0.975000 0.325417 0.050000 0.107500
0 0.176563 0.312917 0.053125 0.087500
0 0.416875 0.304583 0.058750 0.072500
0 0.304375 0.317500 0.073750 0.106667
0 0.358438 0.302500 0.058125 0.080000
0 0.243750 0.292083 0.055000 0.074167
0 0.083437 0.290417 0.068125 0.092500
0 0.742500 0.275833 0.082500 0.106667
0 0.476875 0.254583 0.056250 0.082500
0 0.544375 0.253333 0.073750 0.110000
0 0.351562 0.235833 0.064375 0.075000
0 0.288125 0.225417 0.063750 0.069167
0 0.063125 0.221667 0.055000 0.075000
0 0.869062 0.221667 0.061875 0.080000
0 0.216250 0.209167 0.056250 0.080000
0 0.142813 0.216250 0.060625 0.099167
0 0.457188 0.202917 0.063125 0.077500
0 0.600625 0.200833 0.061250 0.083333
0 0.749687 0.196250 0.043125 0.077500
0 0.810000 0.195833 0.058750 0.081667
0 0.298750 0.179167 0.057500 0.078333
0 0.700625 0.184167 0.060000 0.103333
0 0.041563 0.151667 0.063125 0.075000
0 0.577500 0.162917 0.057500 0.099167
0 0.770625 0.149583 0.043750 0.089167
0 0.238437 0.131250 0.075625 0.080833
0 0.822812 0.136250 0.064375 0.094167
0 0.956875 0.124583 0.056250 0.075833
0 0.902500 0.124167 0.048750 0.081667
0 0.418125 0.114167 0.066250 0.081667
0 0.516250 0.123333 0.070000 0.126667
0 0.335000 0.098750 0.075000 0.077500
0 0.607812 0.091250 0.060625 0.080833
0 0.080000 0.077917 0.062500 0.084167
0 0.891563 0.075833 0.054375 0.088333
0 0.146875 0.075417 0.057500 0.087500
0 0.215312 0.053750 0.069375 0.070833
0 0.586562 0.046250 0.060625 0.069167
0 0.440937 0.035417 0.064375 0.062500
0 0.960000 0.032500 0.063750 0.065000
0 0.812813 0.037500 0.081875 0.075000
0 0.508750 0.022083 0.072500 0.044167
0 0.282500 0.029167 0.095000 0.058333
0 0.117813 0.032083 0.058125 0.064167