0 0.115000 0.974167 0.073750 0.051667
0 0.954375 0.965417 0.063750 0.069167
0 0.414687 0.962917 0.066875 0.074167
0 0.534375 0.950417 0.075000 0.095833
0 0.273750 0.903333 0.083750 0.085000
0 0.900625 0.899167 0.062500 0.085000
0 0.041563 0.896250 0.060625 0.080833
0 0.803750 0.880833 0.053750 0.071667
0 0.659687 0.883333 0.058125 0.078333
0 0.437188 0.843333 0.069375 0.100000
0 0.723125 0.833750 0.066250 0.089167
0 0.749687 0.800000 0.044375 0.070000
0 0.562813 0.819583 0.080625 0.110833
0 0.849375 0.803750 0.071250 0.090833
0 0.647188 0.785000 0.063125 0.081667
0 0.107813 0.764167 0.075625 0.096667
0 0.324062 0.752917 0.080625 0.092500
0 0.930312 0.709167 0.068125 0.081667
0 0.836875 0.700000 0.058750 0.081667
0 0.206875 0.660833 0.061250 0.085000
0 0.965313 0.627917 0.069375 0.075833
0 0.127188 0.642083 0.075625 0.114167
0 0.313125 0.623750 0.068750 0.094167
0 0.906875 0.595000 0.071250 0.070000
0 0.486875 0.623750 0.106250 0.149167
0 0.077500 0.571667 0.058750 0.085000
0 0.405000 0.564583 0.071250 0.089167
0 0.229375 0.550833 0.053750 0.086667
0 0.167187 0.555833 0.053125 0.098333
0 0.020938 0.563750 0.041875 0.142500
0 0.821875 0.515833 0.083750 0.110000
0 0.767188 0.514583 0.066875 0.115833
0 0.914375 0.501667 0.060000 0.103333
0 0.700625 0.477917 0.062500 0.095833
0 0.423750 0.468333 0.066250 0.081667
0 0.185312 0.457917 0.063125 0.079167
0 0.653750 0.454167 0.062500 0.086667
0 0.960938 0.402500 0.059375 0.065000
0 0.091563 0.407917 0.063125 0.085833
0 0.904062 0.390833 0.063125 0.075000
0 0.724375 0.367917 0.076250 0.092500
0 0.255312 0.354167 0.061875 0.085000
0 0.158750 0.330833 0.058750 0.080000
0 0.505625 0.325833 0.066250 0.083333
0 0.922188 0.280417 0.059375 0.075833
0 0.205937 0.250000 0.051875 0.070000
0 0.280000 0.224167 0.070000 0.093333
0 0.176875 0.211250 0.063750 0.090833
0 0.089063 0.212917 0.076875 0.105833
0 0.509062 0.194583 0.064375 0.082500
0 0.697500 0.190417 0.062500 0.084167
0 0.937500 0.179583 0.056250 0.064167
0 0.574688 0.162500 0.065625 0.085000
0 0.339375 0.139167 0.072500 0.098333
0 0.836875 0.119583 0.065000 0.079167
0 0.130938 0.118750 0.064375 0.092500
0 0.203125 0.112083 0.058750 0.080833
0 0.618125 0.070833 0.081250 0.093333
0 0.529687 0.049583 0.070625 0.082500
0 0.704688 0.040417 0.078125 0.080833
0 0.240937 0.033333 0.063125 0.066667
0 0.035625 0.036250 0.071250 0.072500