0 0.056250 0.973750 0.065000 0.052500
0 0.373750 0.947083 0.058750 0.075833
0 0.753750 0.952917 0.066250 0.094167
0 0.586875 0.942500 0.070000 0.076667
0 0.279062 0.950000 0.059375 0.091667
0 0.895312 0.951667 0.068125 0.096667
0 0.664687 0.950833 0.054375 0.098333
0 0.106250 0.950833 0.068750 0.098333
0 0.224375 0.922500 0.062500 0.075000
0 0.337500 0.925833 0.055000 0.093333
0 0.400625 0.895000 0.058750 0.073333
0 0.538438 0.894583 0.056875 0.082500
0 0.800000 0.881250 0.065000 0.095833
0 0.621875 0.865000 0.071250 0.085000
0 0.170625 0.865000 0.061250 0.086667
0 0.860625 0.855000 0.057500 0.068333
0 0.710938 0.867500 0.090625 0.108333
0 0.598125 0.817083 0.056250 0.074167
0 0.455625 0.844583 0.060000 0.129167
0 0.040313 0.808333 0.066875 0.090000
0 0.887813 0.796667 0.053125 0.071667
0 0.770625 0.779167 0.062500 0.095000
0 0.977500 0.771667 0.045000 0.095000
0 0.545625 0.775000 0.060000 0.101667
0 0.923125 0.757500 0.062500 0.085000
0 0.122188 0.753750 0.071875 0.089167
0 0.633437 0.747917 0.059375 0.092500
0 0.310625 0.720000 0.062500 0.078333
0 0.514375 0.706667 0.070000 0.083333
0 0.768125 0.691250 0.058750 0.085833
0 0.943438 0.692917 0.061875 0.090833
0 0.687500 0.673333 0.071250 0.090000
0 0.982812 0.667917 0.034375 0.082500
0 0.267813 0.667500 0.063125 0.083333
0 0.179375 0.642083 0.053750 0.085833
0 0.542500 0.638333 0.060000 0.081667
0 0.270313 0.606667 0.060625 0.063333
0 0.813438 0.607083 0.056875 0.084167
0 0.131250 0.599167 0.058750 0.085000
0 0.338125 0.583750 0.048750 0.087500
0 0.045312 0.572500 0.065625 0.095000
0 0.478438 0.542083 0.060625 0.075833
0 0.685937 0.544167 0.055625 0.081667
0 0.879062 0.546667 0.068125 0.088333
0 0.949063 0.533750 0.056875 0.080833
0 0.814375 0.522083 0.068750 0.089167
0 0.090625 0.496667 0.058750 0.080000
0 0.572187 0.482500 0.056875 0.093333
0 0.418125 0.463333 0.062500 0.083333
0 0.889687 0.459167 0.051875 0.081667
0 0.312188 0.452500 0.070625 0.091667
0 0.170000 0.439583 0.067500 0.080833
0 0.779687 0.438750 0.064375 0.092500
0 0.475313 0.426250 0.065625 0.082500
0 0.745625 0.399167 0.063750 0.083333
0 0.139687 0.371667 0.058125 0.093333
0 0.094062 0.359583 0.051875 0.089167
0 0.954375 0.350833 0.066250 0.085000
0 0.400625 0.315000 0.056250 0.076667
0 0.020625 0.319167 0.041250 0.088333
0 0.157812 0.293333 0.084375 0.088333
0 0.849063 0.288750 0.065625 0.094167
0 0.532813 0.238333 0.063125 0.095000
0 0.242812 0.229167 0.064375 0.093333
0 0.075938 0.212917 0.060625 0.094167
0 0.491250 0.202917 0.062500 0.089167
0 0.625938 0.197917 0.058125 0.094167
0 0.757812 0.185000 0.068125 0.086667
0 0.385625 0.161667 0.058750 0.070000
0 0.694063 0.174583 0.053125 0.117500
0 0.193125 0.157083 0.061250 0.087500
0 0.418438 0.130417 0.056875 0.099167
0 0.913438 0.118333 0.078125 0.080000
0 0.527500 0.102917 0.070000 0.090833
0 0.825000 0.096250 0.067500 0.085833
0 0.645000 0.088750 0.063750 0.085833
0 0.950313 0.082500 0.065625 0.083333
0 0.280938 0.076667 0.055625 0.081667
0 0.047500 0.068333 0.066250 0.075000
0 0.337813 0.060417 0.058125 0.089167
0 0.872188 0.032500 0.056875 0.065000
0 0.575937 0.037083 0.063125 0.074167
0 0.162188 0.026667 0.065625 0.053333