0 0.524687 0.972917 0.093125 0.054167
0 0.297500 0.972917 0.091250 0.054167
0 0.145000 0.967917 0.066250 0.064167
0 0.877812 0.920833 0.060625 0.076667
0 0.583125 0.915000 0.066250 0.085000
0 0.782188 0.910833 0.080625 0.081667
0 0.215625 0.893750 0.080000 0.089167
0 0.316563 0.887500 0.063125 0.085000
0 0.092813 0.887500 0.078125 0.096667
0 0.169063 0.837500 0.061875 0.080000
0 0.782188 0.833750 0.095625 0.084167
0 0.385313 0.835000 0.065625 0.086667
0 0.927500 0.839583 0.075000 0.099167
0 0.024375 0.820000 0.048750 0.081667
0 0.854375 0.798750 0.065000 0.100833
0 0.613750 0.788750 0.077500 0.104167
0 0.315000 0.779167 0.066250 0.088333
0 0.484687 0.756667 0.063125 0.085000
0 0.770000 0.752500 0.071250 0.080000
0 0.692813 0.762083 0.061875 0.100833
0 0.124063 0.763333 0.070625 0.110000
0 0.950000 0.753333 0.078750 0.098333
0 0.386875 0.727917 0.067500 0.082500
0 0.265000 0.698333 0.067500 0.088333
0 0.037812 0.683750 0.075625 0.064167
0 0.724375 0.675000 0.068750 0.076667
0 0.180938 0.681667 0.068125 0.090000
0 0.432500 0.666250 0.061250 0.075833
0 0.894687 0.659583 0.068125 0.089167
0 0.609062 0.656250 0.070625 0.094167
0 0.522500 0.638333 0.077500 0.103333
0 0.023750 0.608333 0.047500 0.071667
0 0.775625 0.570417 0.067500 0.092500
0 0.275000 0.556667 0.070000 0.085000
0 0.175625 0.536667 0.075000 0.101667
0 0.045000 0.521250 0.063750 0.082500
0 0.601250 0.522083 0.065000 0.089167
0 0.452813 0.537500 0.078125 0.120000
0 0.726562 0.505000 0.061875 0.076667
0 0.525625 0.427500 0.066250 0.091667
0 0.190938 0.429583 0.068125 0.095833
0 0.750313 0.408333 0.078125 0.096667
0 0.605625 0.406250 0.073750 0.100833
0 0.329375 0.400417 0.078750 0.100833
0 0.850625 0.397500 0.075000 0.105000
0 0.445000 0.379167 0.085000 0.085000
0 0.018750 0.355833 0.037500 0.090000
0 0.132188 0.353333 0.071875 0.101667
0 0.504375 0.313333 0.080000 0.080000
0 0.823125 0.271667 0.075000 0.113333
0 0.390625 0.222500 0.063750 0.080000
0 0.750938 0.219583 0.050625 0.075833
0 0.155312 0.219167 0.086875 0.113333
0 0.228750 0.195000 0.053750 0.073333
0 0.658125 0.185000 0.056250 0.071667
0 0.874375 0.177500 0.062500 0.075000
0 0.800000 0.157500 0.057500 0.078333
0 0.727812 0.167500 0.065625 0.101667
0 0.863750 0.096667 0.066250 0.081667
0 0.141875 0.087917 0.066250 0.090833
0 0.861250 0.023750 0.062500 0.047500