0 0.739688 0.974167 0.059375 0.051667
0 0.951250 0.972083 0.065000 0.055833
0 0.532500 0.967500 0.046250 0.065000
0 0.182188 0.962500 0.056875 0.075000
0 0.856250 0.951667 0.055000 0.070000
0 0.640625 0.958333 0.065000 0.083333
0 0.356875 0.949583 0.051250 0.072500
0 0.058125 0.936250 0.060000 0.077500
0 0.421563 0.922917 0.048125 0.057500
0 0.110312 0.940417 0.054375 0.092500
0 0.476250 0.930417 0.075000 0.089167
0 0.692187 0.908333 0.054375 0.066667
0 0.595000 0.910833 0.052500 0.080000
0 0.143750 0.894167 0.057500 0.086667
0 0.447500 0.876250 0.065000 0.065833
0 0.073438 0.879167 0.048125 0.071667
0 0.552500 0.875833 0.047500 0.076667
0 0.376250 0.876250 0.057500 0.080833
0 0.645625 0.867917 0.048750 0.067500
0 0.023125 0.857917 0.046250 0.087500
0 0.201563 0.843333 0.054375 0.065000
0 0.968125 0.831667 0.048750 0.065000
0 0.783750 0.839583 0.063750 0.084167
0 0.094062 0.827500 0.060625 0.065000
0 0.465625 0.817500 0.057500 0.071667
0 0.617188 0.825833 0.051875 0.091667
0 0.320312 0.815833 0.053125 0.076667
0 0.520000 0.813333 0.056250 0.075000
0 0.036875 0.802083 0.047500 0.070833
0 0.700313 0.800000 0.061875 0.090000
0 0.640625 0.777500 0.050000 0.061667
0 0.242188 0.775000 0.051875 0.063333
0 0.189375 0.776667 0.050000 0.066667
0 0.136250 0.787083 0.057500 0.095833
0 0.923750 0.780000 0.065000 0.086667
0 0.800625 0.765833 0.056250 0.058333
0 0.390625 0.767083 0.055000 0.074167
0 0.558125 0.736667 0.045000 0.076667
0 0.102188 0.732917 0.050625 0.077500
0 0.888750 0.725000 0.056250 0.065000
0 0.645000 0.718750 0.058750 0.067500
0 0.587812 0.726250 0.065625 0.085833
0 0.028125 0.705417 0.050000 0.067500
0 0.153125 0.703333 0.053750 0.086667
0 0.466562 0.685833 0.059375 0.075000
0 0.351250 0.685417 0.066250 0.090833
0 0.960625 0.675000 0.055000 0.076667
0 0.306250 0.672917 0.042500 0.072500
0 0.602812 0.663750 0.050625 0.060833
0 0.795312 0.660417 0.058125 0.079167
0 0.872812 0.632083 0.041875 0.065833
0 0.272813 0.627500 0.054375 0.063333
0 0.450000 0.616667 0.110000 0.053333
0 0.085938 0.616667 0.086875 0.061667
0 0.172500 0.626250 0.046250 0.085833
0 0.401562 0.604167 0.053125 0.071667
0 0.754062 0.603333 0.053125 0.080000
0 0.529687 0.580833 0.051875 0.075000
0 0.251875 0.581250 0.050000 0.075833
0 0.200000 0.583750 0.048750 0.090833
0 0.305000 0.570417 0.046250 0.069167
0 0.785937 0.573333 0.039375 0.098333
0 0.467187 0.549583 0.049375 0.072500
0 0.170625 0.542917 0.053750 0.079167
0 0.875313 0.536667 0.058125 0.075000
0 0.721562 0.540000 0.080625 0.085000
0 0.414375 0.528333 0.058750 0.076667
0 0.237500 0.525833 0.056250 0.073333
0 0.563750 0.520417 0.053750 0.072500
0 0.312812 0.505000 0.070625 0.076667
0 0.190000 0.500417 0.052500 0.070833
0 0.670000 0.481667 0.038750 0.068333
0 0.884375 0.467083 0.047500 0.064167
0 0.144375 0.456250 0.056250 0.054167
0 0.372188 0.465000 0.055625 0.075000
0 0.434688 0.457500 0.053125 0.075000
0 0.816250 0.440000 0.045000 0.063333
0 0.930937 0.430417 0.049375 0.067500
0 0.483125 0.431250 0.046250 0.069167
0 0.965938 0.436250 0.038125 0.085833
0 0.751875 0.427500 0.063750 0.085000
0 0.565312 0.417083 0.068125 0.117500
0 0.391562 0.392917 0.051875 0.084167
0 0.052500 0.392917 0.057500 0.084167
0 0.083437 0.373333 0.061875 0.058333
0 0.585000 0.380833 0.055000 0.085000
0 0.440625 0.369583 0.045000 0.065833
0 0.474062 0.363750 0.050625 0.065833
0 0.239063 0.353333 0.059375 0.090000
0 0.692813 0.345000 0.061875 0.078333
0 0.872188 0.327083 0.051875 0.065833
0 0.279375 0.333750 0.053750 0.079167
0 0.972500 0.336667 0.055000 0.091667
0 0.759687 0.331667 0.064375 0.083333
0 0.319063 0.316250 0.060625 0.087500
0 0.443437 0.297917 0.050625 0.065833
0 0.033750 0.300833 0.056250 0.075000
0 0.910625 0.292083 0.050000 0.060833
0 0.108750 0.287083 0.040000 0.074167
0 0.515625 0.274167 0.047500 0.063333
0 0.190312 0.279167 0.060625 0.075000
0 0.270000 0.265833 0.052500 0.051667
0 0.888125 0.252917 0.066250 0.065833
0 0.194375 0.230000 0.077500 0.065000
0 0.388750 0.237083 0.066250 0.085833
0 0.962187 0.226667 0.060625 0.085000
0 0.024375 0.223750 0.048750 0.082500
0 0.487500 0.215000 0.060000 0.088333
0 0.118438 0.208333 0.053125 0.075000
0 0.800000 0.200417 0.048750 0.067500
0 0.611875 0.203750 0.067500 0.079167
0 0.740313 0.201667 0.066875 0.086667
0 0.341250 0.188333 0.057500 0.060000
0 0.235313 0.193333 0.069375 0.076667
0 0.845313 0.177917 0.044375 0.092500
0 0.906250 0.180833 0.102500 0.106667
0 0.134063 0.144583 0.041875 0.057500
0 0.319375 0.130417 0.048750 0.075833
0 0.676562 0.131667 0.071875 0.085000
0 0.183438 0.130833 0.053125 0.086667
0 0.942500 0.116250 0.056250 0.080833
0 0.597187 0.112500 0.076875 0.076667
0 0.238750 0.109583 0.050000 0.070833
0 0.558438 0.113750 0.051875 0.104167
0 0.222812 0.071667 0.059375 0.068333
0 0.908750 0.055000 0.046250 0.063333
0 0.346250 0.059167 0.058750 0.078333
0 0.081875 0.050000 0.085000 0.085000
0 0.026875 0.041250 0.041250 0.070833
0 0.808125 0.030833 0.057500 0.061667
0 0.706562 0.027917 0.063125 0.055833
0 0.597500 0.034583 0.065000 0.069167
0 0.493437 0.025000 0.049375 0.050000
0 0.279375 0.047500 0.087500 0.095000