0 0.034063 0.975833 0.059375 0.048333
0 0.566562 0.974167 0.048125 0.051667
0 0.186250 0.970417 0.052500 0.059167
0 0.820000 0.967917 0.056250 0.064167
0 0.631875 0.962083 0.058750 0.075833
0 0.953750 0.952083 0.061250 0.084167
0 0.349375 0.952500 0.062500 0.086667
0 0.419687 0.943750 0.058125 0.092500
0 0.489375 0.930000 0.058750 0.090000
0 0.243750 0.931667 0.068750 0.105000
0 0.887188 0.914167 0.046875 0.073333
0 0.178125 0.903333 0.060000 0.071667
0 0.564063 0.904583 0.063125 0.095833
0 0.735313 0.894167 0.054375 0.078333
0 0.953125 0.882917 0.053750 0.067500
0 0.299375 0.887083 0.057500 0.089167
0 0.388750 0.870833 0.048750 0.071667
0 0.062187 0.863750 0.069375 0.085833
0 0.871250 0.848333 0.062500 0.068333
0 0.672188 0.849167 0.049375 0.088333
0 0.345625 0.803333 0.061250 0.078333
0 0.614688 0.805833 0.061875 0.090000
0 0.088750 0.792500 0.073750 0.063333
0 0.257188 0.792500 0.071875 0.085000
0 0.949375 0.781250 0.061250 0.074167
0 0.835000 0.776250 0.066250 0.079167
0 0.377500 0.771250 0.058750 0.079167
0 0.157188 0.766667 0.056875 0.088333
0 0.737187 0.761250 0.063125 0.082500
0 0.565625 0.760000 0.060000 0.096667
0 0.030937 0.750833 0.061875 0.090000
0 0.688750 0.730833 0.060000 0.073333
0 0.112812 0.712083 0.061875 0.075833
0 0.909062 0.707917 0.056875 0.075833
0 0.549375 0.701667 0.060000 0.088333
0 0.470313 0.702917 0.071875 0.094167
0 0.194062 0.700833 0.055625 0.090000
0 0.264062 0.698333 0.066875 0.086667
0 0.394062 0.683333 0.061875 0.076667
0 0.758437 0.678333 0.055625 0.078333
0 0.972187 0.670833 0.055625 0.088333
0 0.605938 0.664583 0.053125 0.082500
0 0.075938 0.658333 0.056875 0.078333
0 0.664062 0.643333 0.054375 0.088333
0 0.248438 0.630833 0.056875 0.068333
0 0.724375 0.629167 0.057500 0.085000
0 0.108438 0.600000 0.061875 0.070000
0 0.821562 0.606667 0.054375 0.088333
0 0.450000 0.604167 0.058750 0.086667
0 0.503437 0.595833 0.063125 0.090000
0 0.307500 0.592500 0.080000 0.096667
0 0.780000 0.590833 0.046250 0.100000
0 0.875625 0.576250 0.060000 0.075833
0 0.971562 0.562083 0.056875 0.084167
0 0.172500 0.562917 0.053750 0.100833
0 0.260000 0.537500 0.057500 0.073333
0 0.046562 0.539167 0.063125 0.078333
0 0.414375 0.545833 0.057500 0.096667
0 0.550000 0.538750 0.058750 0.084167
0 0.343438 0.541667 0.065625 0.090000
0 0.620313 0.536250 0.059375 0.087500
0 0.729062 0.529583 0.060625 0.085833
0 0.220625 0.539583 0.045000 0.105833
0 0.488750 0.519583 0.063750 0.082500
0 0.106563 0.501250 0.070625 0.090833
0 0.956875 0.486667 0.052500 0.078333
0 0.419687 0.479583 0.061875 0.064167
0 0.639375 0.472083 0.065000 0.072500
0 0.843750 0.479583 0.073750 0.095833
0 0.331875 0.470833 0.061250 0.081667
0 0.030937 0.469167 0.061875 0.078333
0 0.766250 0.437500 0.061250 0.076667
0 0.876563 0.437500 0.064375 0.085000
0 0.573438 0.430417 0.059375 0.070833
0 0.236563 0.426667 0.064375 0.070000
0 0.099062 0.421667 0.068125 0.071667
0 0.690937 0.415417 0.055625 0.072500
0 0.463750 0.408333 0.065000 0.073333
0 0.386562 0.407500 0.059375 0.071667
0 0.167813 0.420417 0.048125 0.097500
0 0.905625 0.387917 0.065000 0.090833
0 0.668750 0.367917 0.060000 0.077500
0 0.258750 0.365417 0.078750 0.084167
0 0.052187 0.353750 0.068125 0.070833
0 0.944375 0.365833 0.073750 0.115000
0 0.595000 0.340833 0.067500 0.083333
0 0.413125 0.328750 0.063750 0.072500
0 0.782500 0.331667 0.052500 0.086667
0 0.325937 0.325417 0.043125 0.094167
0 0.204687 0.303333 0.055625 0.070000
0 0.850313 0.317500 0.069375 0.113333
0 0.273125 0.279583 0.065000 0.074167
0 0.131562 0.282083 0.056875 0.080833
0 0.784687 0.264167 0.061875 0.075000
0 0.936562 0.257083 0.063125 0.079167
0 0.050000 0.258750 0.057500 0.082500
0 0.171563 0.245000 0.058125 0.075000
0 0.536250 0.247500 0.073750 0.098333
0 0.387188 0.240417 0.050625 0.084167
0 0.614375 0.235833 0.060000 0.076667
0 0.347187 0.219583 0.055625 0.092500
0 0.089063 0.198333 0.063125 0.070000
0 0.686562 0.206667 0.056875 0.093333
0 0.494063 0.192917 0.064375 0.085833
0 0.215000 0.185833 0.057500 0.080000
0 0.281875 0.192500 0.061250 0.098333
0 0.780312 0.185417 0.069375 0.095833
0 0.948750 0.169167 0.072500 0.076667
0 0.717187 0.168333 0.056875 0.083333
0 0.584375 0.158333 0.052500 0.066667
0 0.847187 0.175417 0.063125 0.109167
0 0.319063 0.152083 0.063125 0.074167
0 0.409687 0.153750 0.063125 0.084167
0 0.040938 0.127083 0.063125 0.084167
0 0.142187 0.125833 0.054375 0.095000
0 0.879687 0.120833 0.061875 0.096667
0 0.936250 0.107083 0.066250 0.072500
0 0.605938 0.105833 0.073125 0.090000
0 0.342500 0.082917 0.080000 0.067500
0 0.805312 0.080833 0.070625 0.080000
0 0.463125 0.070417 0.057500 0.072500
0 0.688438 0.072500 0.060625 0.088333
0 0.535625 0.068333 0.060000 0.080000
0 0.215625 0.052500 0.058750 0.075000
0 0.431875 0.027917 0.070000 0.055833
0 0.338125 0.018750 0.068750 0.037500