0 0.507188 0.967083 0.073125 0.065833
0 0.852812 0.949167 0.105625 0.081667
0 0.391562 0.945417 0.073125 0.089167
0 0.735313 0.945833 0.073125 0.101667
0 0.772500 0.939583 0.085000 0.110833
0 0.099687 0.919583 0.075625 0.092500
0 0.261875 0.872917 0.125000 0.205833
0 0.423750 0.807917 0.092500 0.104167
0 0.923125 0.796667 0.070000 0.095000
0 0.369688 0.687500 0.075625 0.091667
0 0.848125 0.647917 0.088750 0.092500
0 0.232813 0.628333 0.081875 0.086667
0 0.522188 0.625417 0.069375 0.089167
0 0.414375 0.623750 0.082500 0.095833
0 0.140313 0.566667 0.078125 0.098333
0 0.348750 0.529583 0.077500 0.104167
0 0.414375 0.525000 0.068750 0.126667
0 0.928125 0.492917 0.068750 0.114167
0 0.459688 0.463750 0.050625 0.055833
0 0.827500 0.495833 0.072500 0.123333
0 0.499375 0.490833 0.065000 0.133333
0 0.557187 0.481667 0.076875 0.123333
0 0.138125 0.455000 0.068750 0.108333
0 0.564375 0.429167 0.086250 0.093333
0 0.467500 0.405417 0.095000 0.115833
0 0.676562 0.387917 0.071875 0.104167
0 0.016875 0.381667 0.033750 0.103333
0 0.532500 0.353750 0.068750 0.092500
0 0.652188 0.252500 0.073125 0.090000
0 0.250000 0.265000 0.061250 0.128333
0 0.536875 0.247917 0.075000 0.105833
0 0.086250 0.208750 0.073750 0.095833
0 0.728125 0.175417 0.068750 0.122500
0 0.749687 0.095000 0.073125 0.090000
0 0.261250 0.072083 0.073750 0.102500