0 0.244375 0.972500 0.043750 0.055000
0 0.175937 0.971667 0.058125 0.056667
0 0.710625 0.970000 0.063750 0.060000
0 0.848437 0.967083 0.063125 0.065833
0 0.372812 0.961250 0.056875 0.077500
0 0.289375 0.961250 0.041250 0.077500
0 0.500625 0.948750 0.062500 0.082500
0 0.885000 0.911667 0.065000 0.076667
0 0.768125 0.910000 0.065000 0.081667
0 0.315937 0.927500 0.048125 0.126667
0 0.203437 0.918750 0.065625 0.120833
0 0.623437 0.884167 0.049375 0.095000
0 0.422812 0.877500 0.059375 0.088333
0 0.706875 0.867917 0.060000 0.080833
0 0.637188 0.797500 0.061875 0.086667
0 0.784687 0.804583 0.109375 0.150833
0 0.084687 0.768333 0.046875 0.128333
0 0.274375 0.740000 0.067500 0.090000
0 0.943750 0.724583 0.052500 0.094167
0 0.117813 0.721250 0.050625 0.102500
0 0.213125 0.707083 0.062500 0.077500
0 0.885312 0.702500 0.060625 0.071667
0 0.150000 0.647083 0.070000 0.085833
0 0.446875 0.650833 0.056250 0.120000
0 0.806562 0.624583 0.068125 0.079167
0 0.928125 0.601667 0.070000 0.095000
0 0.975000 0.582500 0.050000 0.098333
0 0.049063 0.552500 0.066875 0.098333
0 0.492812 0.517500 0.060625 0.085000
0 0.331875 0.524583 0.052500 0.104167
0 0.375937 0.525833 0.058125 0.116667
0 0.250625 0.507500 0.073750 0.093333
0 0.682500 0.468750 0.073750 0.087500
0 0.189062 0.463750 0.061875 0.095833
0 0.467500 0.448750 0.063750 0.085833
0 0.130625 0.454583 0.045000 0.099167
0 0.894687 0.357500 0.061875 0.088333
0 0.247500 0.352083 0.065000 0.077500
0 0.104688 0.356250 0.066875 0.092500
0 0.586562 0.337917 0.058125 0.084167
0 0.296250 0.261250 0.053750 0.092500
0 0.615938 0.234167 0.068125 0.103333
0 0.174375 0.205000 0.072500 0.083333
0 0.324375 0.195417 0.058750 0.087500
0 0.913750 0.182917 0.095000 0.134167
0 0.534062 0.118750 0.071875 0.080833
0 0.225000 0.072083 0.062500 0.087500
0 0.345000 0.075000 0.055000 0.118333
0 0.882188 0.032917 0.056875 0.065833
0 0.077500 0.030000 0.055000 0.060000