0 0.053437 0.953333 0.098125 0.093333
0 0.876875 0.943750 0.071250 0.092500
0 0.345313 0.943750 0.066875 0.097500
0 0.815625 0.936667 0.068750 0.095000
0 0.947812 0.927083 0.060625 0.089167
0 0.470313 0.919167 0.066875 0.075000
0 0.607187 0.896667 0.070625 0.100000
0 0.368437 0.862083 0.066875 0.079167
0 0.205000 0.869583 0.092500 0.100833
0 0.451562 0.849583 0.073125 0.087500
0 0.918438 0.847917 0.068125 0.095833
0 0.265937 0.837083 0.054375 0.099167
0 0.121875 0.835000 0.080000 0.101667
0 0.060625 0.826250 0.081250 0.104167
0 0.757188 0.832917 0.074375 0.120833
0 0.972812 0.817500 0.054375 0.101667
0 0.571562 0.801250 0.063125 0.077500
0 0.358750 0.799583 0.065000 0.085833
0 0.308437 0.790833 0.053125 0.081667
0 0.421875 0.774167 0.068750 0.085000
0 0.170000 0.777500 0.071250 0.098333
0 0.852500 0.766250 0.067500 0.090833
0 0.497812 0.765417 0.064375 0.092500
0 0.042188 0.754167 0.068125 0.093333
0 0.435625 0.727083 0.060000 0.085833
0 0.720313 0.722500 0.099375 0.110000
0 0.633750 0.726667 0.072500 0.123333
0 0.314375 0.707500 0.063750 0.088333
0 0.546875 0.699167 0.068750 0.076667
0 0.470313 0.699583 0.070625 0.084167
0 0.966562 0.702500 0.066875 0.091667
0 0.602187 0.698750 0.053125 0.090833
0 0.879687 0.689583 0.056875 0.079167
0 0.672500 0.659583 0.073750 0.080833
0 0.532813 0.667083 0.069375 0.099167
0 0.061875 0.662917 0.096250 0.107500
0 0.343750 0.634167 0.067500 0.105000
0 0.096562 0.625833 0.066875 0.088333
0 0.480938 0.613333 0.099375 0.111667
0 0.080937 0.554583 0.066875 0.070833
0 0.574688 0.530417 0.104375 0.100833
0 0.481250 0.517917 0.078750 0.085833
0 0.020625 0.518750 0.041250 0.105833
0 0.123750 0.505000 0.056250 0.090000
0 0.182500 0.494583 0.072500 0.085833
0 0.072813 0.491250 0.078125 0.104167
0 0.435000 0.484583 0.077500 0.097500
0 0.249375 0.479167 0.063750 0.095000
0 0.925000 0.430833 0.068750 0.075000
0 0.200000 0.437917 0.080000 0.094167
0 0.493750 0.427917 0.066250 0.104167
0 0.850313 0.360833 0.081875 0.121667
0 0.908125 0.332500 0.056250 0.080000
0 0.661563 0.305833 0.030625 0.031667
0 0.747500 0.322500 0.075000 0.075000
0 0.255312 0.325833 0.063125 0.091667
0 0.946562 0.313750 0.053125 0.070833
0 0.145000 0.283333 0.062500 0.098333
0 0.912500 0.260417 0.077500 0.070833
0 0.824688 0.257917 0.053125 0.079167
0 0.552188 0.276667 0.074375 0.116667
0 0.672813 0.252500 0.061875 0.076667
0 0.698438 0.219167 0.056875 0.086667
0 0.625625 0.207917 0.055000 0.069167
0 0.778438 0.201667 0.063125 0.075000
0 0.910937 0.193750 0.068125 0.092500
0 0.766563 0.141667 0.064375 0.081667
0 0.283750 0.155417 0.077500 0.117500
0 0.584688 0.140000 0.066875 0.088333
0 0.644062 0.118333 0.068125 0.101667
0 0.247188 0.087500 0.071875 0.098333
0 0.659375 0.045833 0.070000 0.091667
0 0.599063 0.034583 0.061875 0.069167
0 0.490000 0.040417 0.071250 0.080833
0 0.415625 0.027917 0.122500 0.055833