0 0.559688 0.970833 0.088125 0.058333
0 0.123438 0.966667 0.064375 0.066667
0 0.894687 0.957083 0.090625 0.085833
0 0.438437 0.951250 0.073125 0.097500
0 0.521250 0.947083 0.088750 0.090833
0 0.673125 0.930417 0.082500 0.075833
0 0.962812 0.893750 0.070625 0.075833
0 0.277813 0.900000 0.070625 0.088333
0 0.683125 0.869583 0.102500 0.069167
0 0.540625 0.869583 0.063750 0.080833
0 0.223438 0.855417 0.079375 0.085833
0 0.850313 0.850417 0.093125 0.079167
0 0.491250 0.844167 0.095000 0.075000
0 0.033750 0.833750 0.067500 0.085833
0 0.970625 0.840833 0.058750 0.105000
0 0.632500 0.807917 0.061250 0.094167
0 0.575000 0.800417 0.060000 0.089167
0 0.162500 0.785000 0.066250 0.090000
0 0.067187 0.763333 0.080625 0.090000
0 0.518125 0.755000 0.067500 0.091667
0 0.840313 0.747083 0.066875 0.090833
0 0.390313 0.745833 0.096875 0.093333
0 0.155312 0.729167 0.064375 0.071667
0 0.462813 0.737500 0.068125 0.091667
0 0.772813 0.730833 0.064375 0.088333
0 0.285625 0.723750 0.068750 0.105833
0 0.215312 0.701250 0.083125 0.079167
0 0.385625 0.680417 0.076250 0.084167
0 0.087500 0.661667 0.087500 0.095000
0 0.167500 0.637917 0.092500 0.067500
0 0.326562 0.648333 0.078125 0.098333
0 0.845313 0.615000 0.083125 0.080000
0 0.227813 0.610833 0.063125 0.100000
0 0.106563 0.574167 0.078125 0.085000
0 0.891563 0.566667 0.064375 0.090000
0 0.743437 0.560833 0.076875 0.100000
0 0.964375 0.554167 0.062500 0.091667
0 0.584688 0.559167 0.068125 0.106667
0 0.228750 0.535417 0.113750 0.062500
0 0.850938 0.523750 0.074375 0.085833
0 0.799063 0.472500 0.066875 0.101667
0 0.879687 0.460000 0.068125 0.101667
0 0.177500 0.447500 0.073750 0.083333
0 0.944688 0.450833 0.060625 0.095000
0 0.253125 0.435000 0.077500 0.095000
0 0.337500 0.419583 0.067500 0.089167
0 0.488125 0.380417 0.071250 0.099167
0 0.183750 0.364583 0.070000 0.097500
0 0.225938 0.340833 0.058125 0.098333
0 0.380312 0.311667 0.064375 0.073333
0 0.053437 0.316667 0.070625 0.093333
0 0.645938 0.295417 0.090625 0.082500
0 0.065937 0.258750 0.131875 0.050833
0 0.306250 0.265833 0.085000 0.080000
0 0.784375 0.257083 0.073750 0.097500
0 0.553750 0.232917 0.066250 0.092500
0 0.369688 0.240833 0.068125 0.108333
0 0.324375 0.218333 0.060000 0.076667
0 0.980000 0.220000 0.040000 0.081667
0 0.914062 0.219583 0.069375 0.104167
0 0.477187 0.212500 0.063125 0.111667
0 0.083125 0.178750 0.077500 0.092500
0 0.973750 0.142083 0.052500 0.082500
0 0.033125 0.112917 0.066250 0.135833
0 0.560000 0.056250 0.077500 0.069167
0 0.986250 0.042917 0.027500 0.085833
0 0.953750 0.039583 0.063750 0.079167
0 0.275938 0.040417 0.059375 0.080833