0 0.402500 0.960417 0.065000 0.079167
0 0.052500 0.932917 0.071250 0.082500
0 0.496563 0.944583 0.071875 0.110833
0 0.936875 0.910000 0.070000 0.096667
0 0.100937 0.893750 0.063125 0.090833
0 0.482812 0.874583 0.080625 0.062500
0 0.034375 0.856250 0.068750 0.080833
0 0.415938 0.857917 0.064375 0.089167
0 0.781875 0.849583 0.067500 0.074167
0 0.477812 0.809583 0.075625 0.080833
0 0.759375 0.794583 0.076250 0.082500
0 0.054062 0.786667 0.074375 0.090000
0 0.129062 0.765417 0.074375 0.092500
0 0.704063 0.765000 0.065625 0.098333
0 0.300312 0.755000 0.083125 0.080000
0 0.539375 0.750833 0.085000 0.088333
0 0.615313 0.690000 0.079375 0.080000
0 0.377188 0.687500 0.119375 0.081667
0 0.074375 0.682083 0.077500 0.074167
0 0.279062 0.679167 0.076875 0.080000
0 0.671562 0.683333 0.069375 0.133333
0 0.512813 0.643750 0.138125 0.117500
0 0.203125 0.608333 0.058750 0.093333
0 0.043125 0.598750 0.060000 0.097500
0 0.591562 0.588750 0.110625 0.139167
0 0.682500 0.513750 0.061250 0.109167
0 0.328125 0.475417 0.066250 0.102500
0 0.773438 0.469583 0.050625 0.094167
0 0.730938 0.477500 0.050625 0.110000
0 0.236250 0.441250 0.065000 0.104167
0 0.702187 0.418750 0.056875 0.092500
0 0.836875 0.414167 0.070000 0.098333
0 0.572812 0.443333 0.061875 0.156667
0 0.160938 0.406667 0.075625 0.088333
0 0.084062 0.410000 0.075625 0.096667
0 0.603750 0.412083 0.052500 0.112500
0 0.642813 0.414167 0.065625 0.128333
0 0.277187 0.375000 0.070625 0.066667
0 0.510625 0.383750 0.070000 0.092500
0 0.206563 0.355833 0.078125 0.078333
0 0.860313 0.331250 0.070625 0.090833
0 0.973437 0.307917 0.053125 0.082500
0 0.278438 0.294583 0.078125 0.109167
0 0.814688 0.282917 0.059375 0.102500
0 0.438750 0.246667 0.056250 0.078333
0 0.500000 0.241250 0.067500 0.077500
0 0.778750 0.243750 0.060000 0.109167
0 0.867812 0.225417 0.065625 0.080833
0 0.075000 0.211667 0.072500 0.098333
0 0.961875 0.175833 0.076250 0.085000
0 0.430000 0.160000 0.096250 0.096667
0 0.785937 0.145417 0.076875 0.102500
0 0.664375 0.125000 0.083750 0.081667
0 0.090625 0.130417 0.066250 0.100833
0 0.854375 0.110417 0.073750 0.089167
0 0.935312 0.102500 0.074375 0.080000
0 0.882188 0.047083 0.068125 0.089167
0 0.703438 0.029583 0.079375 0.059167