0 0.724688 0.955833 0.075625 0.088333
0 0.906563 0.921667 0.081875 0.093333
0 0.179688 0.918750 0.084375 0.090833
0 0.480000 0.920417 0.071250 0.095833
0 0.960938 0.874583 0.073125 0.090833
0 0.415000 0.845417 0.071250 0.092500
0 0.615313 0.852500 0.065625 0.113333
0 0.555937 0.838750 0.073125 0.092500
0 0.304063 0.829583 0.110625 0.092500
0 0.716875 0.829583 0.068750 0.097500
0 0.080000 0.831250 0.090000 0.102500
0 0.384375 0.775000 0.070000 0.091667
0 0.859062 0.770417 0.073125 0.092500
0 0.485000 0.759167 0.061250 0.076667
0 0.548438 0.758333 0.066875 0.083333
0 0.332813 0.744167 0.083125 0.100000
0 0.793125 0.728333 0.066250 0.093333
0 0.544063 0.681250 0.104375 0.105833
0 0.675312 0.671250 0.071875 0.097500
0 0.930000 0.661667 0.073750 0.093333
0 0.444375 0.653333 0.065000 0.093333
0 0.129062 0.649167 0.080625 0.138333
0 0.506875 0.594583 0.072500 0.094167
0 0.706875 0.572917 0.062500 0.104167
0 0.596875 0.560833 0.065000 0.083333
0 0.047188 0.529583 0.068125 0.090833
0 0.758125 0.510417 0.065000 0.072500
0 0.249375 0.522083 0.065000 0.099167
0 0.918125 0.516667 0.076250 0.096667
0 0.317500 0.513750 0.072500 0.105833
0 0.515312 0.495833 0.069375 0.091667
0 0.690937 0.460417 0.073125 0.095833
0 0.563125 0.433333 0.061250 0.090000
0 0.252812 0.432083 0.075625 0.097500
0 0.830625 0.417083 0.068750 0.099167
0 0.737500 0.415417 0.075000 0.097500
0 0.900937 0.404583 0.065625 0.085833
0 0.787500 0.393750 0.061250 0.094167
0 0.862187 0.349167 0.091875 0.101667
0 0.581562 0.298750 0.065625 0.084167
0 0.196563 0.290417 0.048125 0.114167
0 0.033750 0.255000 0.067500 0.095000
0 0.112187 0.238333 0.070625 0.096667
0 0.413750 0.220417 0.073750 0.105833
0 0.510312 0.206250 0.068125 0.102500
0 0.737500 0.187917 0.067500 0.099167
0 0.180625 0.162083 0.073750 0.095833
0 0.314375 0.158750 0.068750 0.094167
0 0.801562 0.150000 0.081875 0.091667
0 0.376250 0.085000 0.067500 0.101667
0 0.753437 0.051667 0.070625 0.096667
0 0.424375 0.025833 0.056250 0.051667
0 0.288125 0.041667 0.067500 0.083333
0 0.226875 0.030000 0.072500 0.060000
0 0.044687 0.036250 0.054375 0.072500