0 0.647813 0.980417 0.061875 0.039167
0 0.119375 0.975000 0.066250 0.050000
0 0.922188 0.949583 0.076875 0.090833
0 0.386250 0.927083 0.063750 0.090833
0 0.809063 0.923333 0.068125 0.086667
0 0.937187 0.897917 0.061875 0.072500
0 0.162500 0.892917 0.066250 0.085833
0 0.593750 0.867083 0.067500 0.087500
0 0.982187 0.859583 0.035625 0.115833
0 0.125938 0.786667 0.063125 0.085000
0 0.027187 0.785000 0.054375 0.090000
0 0.340938 0.725833 0.054375 0.081667
0 0.640000 0.717917 0.068750 0.074167
0 0.817187 0.727500 0.076875 0.095000
0 0.288125 0.721667 0.060000 0.085000
0 0.220938 0.725000 0.071875 0.096667
0 0.055938 0.688750 0.055625 0.080833
0 0.132188 0.693333 0.069375 0.091667
0 0.740938 0.682500 0.059375 0.078333
0 0.863125 0.678333 0.062500 0.086667
0 0.591562 0.644583 0.073125 0.085833
0 0.470938 0.666667 0.088125 0.130000
0 0.292500 0.620833 0.070000 0.098333
0 0.724375 0.595417 0.063750 0.084167
0 0.813125 0.587500 0.082500 0.090000
0 0.122813 0.589167 0.075625 0.095000
0 0.198437 0.576667 0.065625 0.093333
0 0.706250 0.559167 0.066250 0.088333
0 0.504062 0.520417 0.068125 0.087500
0 0.655625 0.506667 0.073750 0.100000
0 0.096562 0.488750 0.068125 0.079167
0 0.129688 0.447500 0.064375 0.088333
0 0.760938 0.413333 0.068125 0.080000
0 0.680937 0.415000 0.069375 0.088333
0 0.834688 0.395417 0.069375 0.092500
0 0.506875 0.372917 0.060000 0.085833
0 0.296875 0.369167 0.048750 0.101667
0 0.875313 0.320417 0.065625 0.080833
0 0.947812 0.301250 0.071875 0.097500
0 0.766563 0.284167 0.071875 0.103333
0 0.168750 0.258333 0.051250 0.103333
0 0.378437 0.261667 0.078125 0.143333
0 0.475000 0.201250 0.062500 0.095833
0 0.545937 0.177917 0.081875 0.090833
0 0.085625 0.154167 0.065000 0.090000
0 0.322500 0.152083 0.066250 0.087500
0 0.430000 0.135417 0.066250 0.082500
0 0.269688 0.111667 0.064375 0.081667
0 0.765312 0.078333 0.066875 0.096667
0 0.072188 0.059167 0.068125 0.086667
0 0.216250 0.064583 0.066250 0.100833
0 0.145937 0.054167 0.069375 0.098333
0 0.893125 0.040833 0.070000 0.081667
0 0.819375 0.023333 0.068750 0.046667
0 0.505938 0.027500 0.068125 0.055000
0 0.057188 0.028333 0.065625 0.056667