0 0.462187 0.982500 0.068125 0.035000
0 0.530000 0.981250 0.055000 0.037500
0 0.112812 0.980417 0.070625 0.039167
0 0.720000 0.978333 0.047500 0.043333
0 0.605000 0.948750 0.060000 0.070833
0 0.064687 0.940417 0.089375 0.067500
0 0.450625 0.921667 0.055000 0.075000
0 0.086563 0.870417 0.056875 0.074167
0 0.528438 0.868750 0.058125 0.074167
0 0.014687 0.860833 0.029375 0.070000
0 0.220625 0.865417 0.055000 0.080833
0 0.343125 0.837917 0.052500 0.065833
0 0.070312 0.810417 0.068125 0.060833
0 0.930312 0.821667 0.066875 0.086667
0 0.148125 0.815417 0.070000 0.084167
0 0.268750 0.812500 0.061250 0.080000
0 0.415000 0.801667 0.071250 0.085000
0 0.507500 0.793750 0.056250 0.084167
0 0.554063 0.774167 0.058125 0.075000
0 0.451562 0.778333 0.056875 0.085000
0 0.055000 0.757917 0.055000 0.072500
0 0.800312 0.757917 0.061875 0.082500
0 0.103125 0.745000 0.051250 0.065000
0 0.870625 0.743333 0.063750 0.078333
0 0.161562 0.741667 0.060625 0.078333
0 0.740625 0.726667 0.061250 0.065000
0 0.605313 0.711250 0.056875 0.074167
0 0.498125 0.705000 0.062500 0.085000
0 0.546875 0.697917 0.052500 0.074167
0 0.445000 0.694583 0.056250 0.082500
0 0.244688 0.695000 0.059375 0.086667
0 0.089063 0.682917 0.054375 0.064167
0 0.365938 0.685000 0.054375 0.073333
0 0.935312 0.683333 0.048125 0.076667
0 0.141250 0.677500 0.047500 0.065000
0 0.208750 0.680000 0.056250 0.083333
0 0.876563 0.671250 0.081875 0.082500
0 0.750313 0.658333 0.053125 0.070000
0 0.179375 0.651667 0.046250 0.066667
0 0.158750 0.624583 0.032500 0.044167
0 0.717187 0.622917 0.045625 0.055833
0 0.829688 0.616250 0.061875 0.070833
0 0.257812 0.607500 0.056875 0.083333
0 0.965313 0.599583 0.059375 0.074167
0 0.570937 0.602500 0.046875 0.083333
0 0.024063 0.586667 0.048125 0.066667
0 0.080000 0.590000 0.055000 0.076667
0 0.410938 0.590833 0.079375 0.083333
0 0.530000 0.579167 0.066250 0.090000
0 0.125312 0.572500 0.063125 0.080000
0 0.908125 0.572917 0.058750 0.090833
0 0.607187 0.561250 0.053125 0.070833
0 0.201250 0.551667 0.070000 0.106667
0 0.374688 0.526250 0.063125 0.080833
0 0.747500 0.524583 0.060000 0.079167
0 0.435625 0.502083 0.053750 0.069167
0 0.077188 0.499583 0.063125 0.067500
0 0.635000 0.517083 0.086250 0.119167
0 0.136563 0.493750 0.054375 0.072500
0 0.259062 0.483333 0.068125 0.095000
0 0.041563 0.442500 0.058125 0.073333
0 0.400313 0.446250 0.053125 0.082500
0 0.471562 0.441250 0.056875 0.080833
0 0.946875 0.426667 0.062500 0.073333
0 0.342187 0.420417 0.054375 0.069167
0 0.249062 0.402500 0.059375 0.070000
0 0.774375 0.388333 0.060000 0.080000
0 0.980313 0.371250 0.039375 0.080833
0 0.349062 0.362500 0.048125 0.076667
0 0.891250 0.364167 0.046250 0.085000
0 0.392500 0.360833 0.062500 0.090000
0 0.531875 0.346250 0.071250 0.080833
0 0.623125 0.345417 0.070000 0.087500
0 0.228125 0.333750 0.052500 0.074167
0 0.067187 0.325833 0.058125 0.080000
0 0.356875 0.299167 0.051250 0.065000
0 0.795000 0.305833 0.065000 0.083333
0 0.948125 0.282500 0.066250 0.070000
0 0.879062 0.279583 0.050625 0.065833
0 0.574063 0.280417 0.061875 0.072500
0 0.660937 0.272917 0.051875 0.080833
0 0.496250 0.271250 0.060000 0.079167
0 0.728437 0.264167 0.051875 0.076667
0 0.316563 0.250833 0.063125 0.085000
0 0.855313 0.235000 0.063125 0.080000
0 0.252500 0.229583 0.057500 0.069167
0 0.085625 0.251667 0.082500 0.118333
0 0.665937 0.191667 0.055625 0.076667
0 0.487500 0.184583 0.061250 0.085833
0 0.251875 0.166667 0.048750 0.066667
0 0.866250 0.163333 0.075000 0.068333
0 0.214062 0.149583 0.046875 0.074167
0 0.427187 0.141667 0.065625 0.088333
0 0.977812 0.130000 0.044375 0.075000
0 0.724063 0.122917 0.054375 0.062500
0 0.579375 0.137500 0.066250 0.091667
0 0.102188 0.122917 0.063125 0.074167
0 0.862500 0.117500 0.057500 0.075000
0 0.806250 0.102917 0.050000 0.062500
0 0.239375 0.092917 0.058750 0.079167
0 0.986250 0.068333 0.027500 0.071667
0 0.153125 0.067917 0.068750 0.079167
0 0.939063 0.065833 0.058125 0.076667
0 0.599375 0.060833 0.067500 0.073333
0 0.468125 0.054167 0.065000 0.088333
0 0.305000 0.043333 0.057500 0.083333
0 0.732812 0.029583 0.049375 0.059167
0 0.522500 0.033750 0.053750 0.067500
0 0.026562 0.035833 0.053125 0.071667