0 0.180938 0.962500 0.061875 0.075000
0 0.758125 0.955000 0.078750 0.090000
0 0.613437 0.950417 0.103125 0.099167
0 0.838750 0.947917 0.071250 0.104167
0 0.089375 0.917500 0.065000 0.091667
0 0.805312 0.893750 0.065625 0.092500
0 0.706562 0.892500 0.093125 0.133333
0 0.553125 0.864583 0.070000 0.099167
0 0.848750 0.854167 0.062500 0.081667
0 0.191875 0.855000 0.068750 0.090000
0 0.308125 0.894583 0.160000 0.170833
0 0.076250 0.842083 0.065000 0.085833
0 0.420000 0.778333 0.096250 0.066667
0 0.104688 0.781667 0.079375 0.095000
0 0.500000 0.767083 0.070000 0.090833
0 0.218750 0.766250 0.076250 0.092500
0 0.042813 0.760000 0.069375 0.086667
0 0.558125 0.751667 0.081250 0.110000
0 0.865938 0.746667 0.095625 0.130000
0 0.464062 0.722083 0.053125 0.084167
0 0.402500 0.718750 0.071250 0.094167
0 0.258750 0.680417 0.065000 0.082500
0 0.932500 0.684167 0.072500 0.091667
0 0.661250 0.672083 0.063750 0.095833
0 0.140313 0.683333 0.088125 0.138333
0 0.561562 0.649583 0.073125 0.099167
0 0.855313 0.640417 0.074375 0.102500
0 0.380937 0.647917 0.093125 0.120833
0 0.962812 0.627083 0.061875 0.084167
0 0.703438 0.628750 0.063125 0.089167
0 0.217500 0.610833 0.098750 0.098333
0 0.301563 0.608333 0.066875 0.096667
0 0.783438 0.600000 0.058125 0.081667
0 0.878750 0.583333 0.068750 0.091667
0 0.971562 0.566667 0.056875 0.098333
0 0.327500 0.550417 0.060000 0.077500
0 0.147500 0.573333 0.088750 0.126667
0 0.238750 0.528333 0.053750 0.086667
0 0.575000 0.525000 0.058750 0.090000
0 0.940000 0.499583 0.072500 0.090833
0 0.876875 0.492083 0.058750 0.087500
0 0.978125 0.441667 0.043750 0.070000
0 0.248125 0.446667 0.056250 0.080000
0 0.197187 0.436250 0.069375 0.082500
0 0.436875 0.427083 0.063750 0.087500
0 0.888750 0.421667 0.062500 0.085000
0 0.316563 0.425833 0.100625 0.105000
0 0.949688 0.410417 0.061875 0.087500
0 0.780625 0.395000 0.056250 0.086667
0 0.841875 0.380000 0.066250 0.071667
0 0.477187 0.374167 0.064375 0.060000
0 0.613750 0.381250 0.065000 0.092500
0 0.914375 0.353750 0.063750 0.077500
0 0.553750 0.355000 0.063750 0.080000
0 0.265625 0.360417 0.068750 0.090833
0 0.339375 0.349583 0.072500 0.075833
0 0.737500 0.330417 0.055000 0.062500
0 0.784375 0.329167 0.051250 0.065000
0 0.470000 0.326667 0.095000 0.066667
0 0.675937 0.328750 0.065625 0.075833
0 0.838437 0.310833 0.060625 0.065000
0 0.326562 0.303333 0.060625 0.073333
0 0.600938 0.300833 0.055625 0.076667
0 0.190000 0.281667 0.076250 0.100000
0 0.388750 0.273750 0.066250 0.095833
0 0.745313 0.260000 0.105625 0.110000
0 0.357812 0.243333 0.063125 0.081667
0 0.287813 0.245417 0.063125 0.085833
0 0.854062 0.250833 0.071875 0.098333
0 0.659062 0.241667 0.065625 0.096667
0 0.087813 0.235417 0.065625 0.084167
0 0.030937 0.235833 0.061875 0.088333
0 0.795000 0.236667 0.066250 0.100000
0 0.113125 0.197500 0.070000 0.083333
0 0.576250 0.200000 0.052500 0.091667
0 0.389062 0.194583 0.094375 0.084167
0 0.611563 0.185000 0.063125 0.090000
0 0.503750 0.192500 0.075000 0.118333
0 0.429688 0.167500 0.074375 0.070000
0 0.241563 0.170833 0.061875 0.078333
0 0.722187 0.164167 0.050625 0.076667
0 0.305937 0.164167 0.065625 0.086667
0 0.950625 0.152500 0.061250 0.078333
0 0.362187 0.138333 0.065625 0.080000
0 0.415000 0.119583 0.058750 0.054167
0 0.580937 0.120417 0.058125 0.067500
0 0.811562 0.131667 0.063125 0.096667
0 0.093750 0.121667 0.071250 0.078333
0 0.684063 0.106250 0.055625 0.062500
0 0.205625 0.108333 0.063750 0.081667
0 0.629687 0.101250 0.050625 0.084167
0 0.880313 0.119167 0.088125 0.126667
0 0.948438 0.083750 0.053125 0.067500
0 0.327188 0.087500 0.058125 0.076667
0 0.451562 0.075417 0.053125 0.080833
0 0.262500 0.058333 0.065000 0.076667
0 0.537813 0.080000 0.098125 0.135000
0 0.669687 0.052917 0.076875 0.090833