0 0.180938 0.963333 0.053125 0.073333
0 0.777813 0.957083 0.076875 0.085833
0 0.868125 0.955417 0.065000 0.089167
0 0.580625 0.951667 0.061250 0.081667
0 0.044375 0.915833 0.062500 0.075000
0 0.821562 0.907917 0.058125 0.079167
0 0.467187 0.906667 0.060625 0.081667
0 0.300000 0.903333 0.070000 0.098333
0 0.374063 0.882083 0.066875 0.077500
0 0.955937 0.853750 0.064375 0.084167
0 0.768750 0.843750 0.057500 0.099167
0 0.522188 0.822500 0.061875 0.086667
0 0.703750 0.826667 0.052500 0.105000
0 0.889062 0.794167 0.064375 0.080000
0 0.444063 0.770833 0.074375 0.081667
0 0.825313 0.748333 0.073125 0.080000
0 0.736250 0.737083 0.067500 0.095833
0 0.456250 0.710000 0.058750 0.076667
0 0.208437 0.705000 0.060625 0.085000
0 0.871875 0.703333 0.060000 0.083333
0 0.063125 0.656250 0.060000 0.087500
0 0.121563 0.633333 0.056875 0.070000
0 0.978125 0.627917 0.043750 0.089167
0 0.632812 0.593333 0.068125 0.080000
0 0.972187 0.546667 0.055625 0.073333
0 0.412813 0.555000 0.056875 0.095000
0 0.692813 0.554167 0.065625 0.111667
0 0.620000 0.508333 0.071250 0.086667
0 0.488750 0.495833 0.071250 0.096667
0 0.089063 0.473333 0.060625 0.083333
0 0.351875 0.470417 0.065000 0.082500
0 0.837187 0.430417 0.056875 0.097500
0 0.201250 0.428333 0.053750 0.110000
0 0.307812 0.345417 0.060625 0.090833
0 0.718750 0.342917 0.071250 0.092500
0 0.953438 0.344167 0.074375 0.110000
0 0.039688 0.307917 0.066875 0.090833
0 0.370937 0.295417 0.060625 0.084167
0 0.507812 0.269583 0.074375 0.090833
0 0.956250 0.254167 0.051250 0.071667
0 0.141875 0.255000 0.061250 0.088333
0 0.368437 0.191250 0.056875 0.090833
0 0.705625 0.187083 0.068750 0.085833
0 0.063125 0.140417 0.061250 0.080833
0 0.318750 0.139167 0.067500 0.080000
0 0.792813 0.142083 0.070625 0.092500
0 0.353438 0.071667 0.066875 0.090000
0 0.425625 0.062917 0.075000 0.099167
0 0.909062 0.037500 0.065625 0.075000