0 0.441875 0.967083 0.052500 0.065833
0 0.241250 0.964583 0.060000 0.070833
0 0.885625 0.955833 0.060000 0.061667
0 0.577812 0.950833 0.096875 0.090000
0 0.964688 0.947500 0.070625 0.086667
0 0.780625 0.928333 0.072500 0.083333
0 0.184375 0.913750 0.060000 0.099167
0 0.899062 0.884583 0.070625 0.070833
0 0.556562 0.880417 0.101875 0.070833
0 0.252812 0.882500 0.083125 0.093333
0 0.969375 0.864583 0.061250 0.074167
0 0.021562 0.867083 0.043125 0.082500
0 0.678750 0.861250 0.066250 0.090833
0 0.805625 0.858333 0.103750 0.086667
0 0.135313 0.851250 0.050625 0.074167
0 0.078437 0.843333 0.066875 0.075000
0 0.518437 0.843333 0.078125 0.095000
0 0.271875 0.840417 0.067500 0.092500
0 0.601250 0.824167 0.091250 0.108333
0 0.033438 0.805000 0.066875 0.071667
0 0.967500 0.798750 0.045000 0.064167
0 0.910625 0.816250 0.082500 0.104167
0 0.500000 0.797500 0.085000 0.078333
0 0.836875 0.788333 0.062500 0.070000
0 0.175625 0.793333 0.075000 0.080000
0 0.328125 0.769583 0.053750 0.067500
0 0.058438 0.774583 0.058125 0.087500
0 0.409687 0.777083 0.071875 0.115833
0 0.612500 0.741667 0.060000 0.083333
0 0.088750 0.735000 0.053750 0.078333
0 0.933750 0.734583 0.062500 0.085833
0 0.553438 0.733750 0.081875 0.127500
0 0.296563 0.704583 0.068125 0.070833
0 0.481875 0.720833 0.070000 0.120000
0 0.026875 0.696667 0.053750 0.075000
0 0.124375 0.690000 0.056250 0.081667
0 0.336562 0.675417 0.066875 0.084167
0 0.408438 0.655833 0.063125 0.081667
0 0.487500 0.650000 0.076250 0.071667
0 0.134063 0.638333 0.063125 0.073333
0 0.254063 0.632917 0.056875 0.069167
0 0.328437 0.620417 0.069375 0.077500
0 0.422500 0.611667 0.050000 0.078333
0 0.468438 0.596667 0.065625 0.068333
0 0.096875 0.580417 0.071250 0.087500
0 0.351562 0.572500 0.066875 0.076667
0 0.215938 0.561250 0.068125 0.084167
0 0.256250 0.543750 0.083750 0.085833
0 0.507812 0.544167 0.055625 0.091667
0 0.079375 0.530000 0.062500 0.071667
0 0.455625 0.518750 0.090000 0.085833
0 0.262500 0.499167 0.067500 0.056667
0 0.540625 0.503333 0.076250 0.086667
0 0.050000 0.483333 0.056250 0.071667
0 0.168437 0.480000 0.068125 0.078333
0 0.680000 0.456250 0.050000 0.069167
0 0.308125 0.438750 0.072500 0.057500
0 0.802500 0.437500 0.066250 0.088333
0 0.567500 0.433333 0.070000 0.081667
0 0.213438 0.426250 0.073125 0.069167
0 0.104063 0.438333 0.051875 0.098333
0 0.867500 0.423750 0.055000 0.090833
0 0.054062 0.400833 0.070625 0.073333
0 0.146563 0.394167 0.059375 0.080000
0 0.726562 0.367917 0.058125 0.072500
0 0.089688 0.338333 0.060625 0.093333
0 0.285000 0.323333 0.063750 0.083333
0 0.033125 0.313333 0.066250 0.080000
0 0.140937 0.289583 0.063125 0.077500
0 0.925625 0.286250 0.056250 0.089167
0 0.217500 0.263750 0.055000 0.072500
0 0.165625 0.244583 0.045000 0.077500
0 0.737812 0.241667 0.070625 0.076667
0 0.290938 0.229583 0.068125 0.090833
0 0.058125 0.226250 0.072500 0.094167
0 0.855000 0.234167 0.078750 0.111667
0 0.931250 0.207083 0.072500 0.067500
0 0.177500 0.167500 0.057500 0.071667
0 0.063750 0.162500 0.063750 0.073333
0 0.900312 0.147917 0.079375 0.070833
0 0.884375 0.077083 0.068750 0.065833
0 0.758125 0.083333 0.060000 0.098333
0 0.566875 0.060000 0.066250 0.066667
0 0.231875 0.062083 0.065000 0.084167
0 0.151875 0.064167 0.085000 0.111667
0 0.835000 0.045417 0.110000 0.090833