0 0.048125 0.944167 0.056250 0.093333
0 0.678438 0.892500 0.066875 0.093333
0 0.552500 0.877083 0.067500 0.090833
0 0.741563 0.872083 0.070625 0.097500
0 0.906250 0.868750 0.103750 0.122500
0 0.337813 0.893333 0.088125 0.176667
0 0.815937 0.860417 0.101875 0.122500
0 0.418125 0.866667 0.078750 0.138333
0 0.623125 0.861667 0.088750 0.143333
0 0.055938 0.826250 0.074375 0.109167
0 0.450313 0.784167 0.053125 0.073333
0 0.513437 0.805833 0.076875 0.140000
0 0.563438 0.757500 0.061875 0.093333
0 0.742188 0.755000 0.070625 0.096667
0 0.671562 0.769167 0.075625 0.126667
0 0.404375 0.727917 0.071250 0.089167
0 0.302500 0.720833 0.096250 0.135000
0 0.764687 0.686250 0.071875 0.079167
0 0.569688 0.688333 0.085625 0.083333
0 0.635625 0.669167 0.055000 0.066667
0 0.689688 0.675417 0.064375 0.082500
0 0.112500 0.684167 0.077500 0.100000
0 0.252812 0.687500 0.076875 0.125000
0 0.944375 0.650833 0.067500 0.095000
0 0.366875 0.650833 0.055000 0.098333
0 0.180625 0.644167 0.081250 0.118333
0 0.869062 0.625417 0.090625 0.125833
0 0.404375 0.590833 0.048750 0.063333
0 0.620625 0.598750 0.067500 0.097500
0 0.464687 0.582083 0.064375 0.080833
0 0.785625 0.589583 0.087500 0.099167
0 0.331250 0.597500 0.070000 0.126667
0 0.705313 0.581667 0.098125 0.100000
0 0.261875 0.577083 0.068750 0.094167
0 0.562187 0.561250 0.085625 0.107500
0 0.127812 0.553333 0.064375 0.101667
0 0.071875 0.531250 0.073750 0.120833
0 0.345625 0.506250 0.051250 0.082500
0 0.512813 0.525000 0.079375 0.141667
0 0.403125 0.506667 0.072500 0.106667
0 0.717812 0.493333 0.063125 0.088333
0 0.246562 0.478750 0.068125 0.087500
0 0.458437 0.474583 0.066875 0.082500
0 0.776563 0.483750 0.073125 0.102500
0 0.656875 0.490417 0.098750 0.125833
0 0.120625 0.464167 0.073750 0.095000
0 0.579063 0.477083 0.064375 0.134167
0 0.067187 0.432500 0.049375 0.058333
0 0.187188 0.444167 0.070625 0.095000
0 0.977812 0.434583 0.044375 0.100833
0 0.444063 0.418750 0.058125 0.070833
0 0.921250 0.445833 0.073750 0.126667
0 0.280000 0.414167 0.070000 0.073333
0 0.510625 0.417500 0.070000 0.081667
0 0.153438 0.403333 0.064375 0.058333
0 0.614375 0.422500 0.077500 0.098333
0 0.680000 0.400833 0.063750 0.083333
0 0.029063 0.401250 0.058125 0.104167
0 0.471562 0.371667 0.058125 0.076667
0 0.086875 0.375417 0.066250 0.089167
0 0.127500 0.367917 0.052500 0.097500
0 0.413125 0.352917 0.061250 0.074167
0 0.757500 0.354167 0.067500 0.086667
0 0.335000 0.356667 0.077500 0.095000
0 0.535312 0.347083 0.065625 0.105833
0 0.582812 0.326667 0.071875 0.088333
0 0.165937 0.327500 0.065625 0.095000
0 0.052812 0.322500 0.096875 0.093333
0 0.667813 0.314167 0.068125 0.096667
0 0.230313 0.338333 0.070625 0.146667
0 0.391875 0.296667 0.067500 0.071667
0 0.503437 0.301667 0.074375 0.086667
0 0.787500 0.281667 0.070000 0.085000
0 0.121563 0.254167 0.066875 0.090000
0 0.262500 0.247500 0.052500 0.090000
0 0.323437 0.245833 0.069375 0.093333
0 0.058438 0.234167 0.069375 0.086667
0 0.478750 0.240417 0.118750 0.112500
0 0.390937 0.232917 0.071875 0.097500
0 0.185312 0.211667 0.075625 0.103333
0 0.120938 0.183333 0.083125 0.071667
0 0.435312 0.159167 0.073125 0.081667
0 0.075313 0.151250 0.065625 0.082500
0 0.234375 0.156250 0.081250 0.124167
0 0.500000 0.134583 0.063750 0.092500
0 0.275625 0.120000 0.066250 0.086667
0 0.943438 0.134583 0.089375 0.145833
0 0.196875 0.096667 0.070000 0.088333
0 0.526875 0.052500 0.072500 0.105000
0 0.382188 0.043750 0.110625 0.087500
0 0.243125 0.038750 0.060000 0.077500
0 0.172813 0.037500 0.060625 0.075000
0 0.107813 0.036667 0.076875 0.073333