0 0.602500 0.965000 0.063750 0.070000
0 0.431250 0.943333 0.098750 0.078333
0 0.290938 0.919583 0.066875 0.089167
0 0.412813 0.906250 0.069375 0.067500
0 0.676562 0.899167 0.108125 0.063333
0 0.783750 0.894583 0.080000 0.077500
0 0.967500 0.872500 0.065000 0.081667
0 0.434688 0.841667 0.090625 0.075000
0 0.920312 0.851667 0.080625 0.098333
0 0.022812 0.845417 0.045625 0.085833
0 0.089063 0.846667 0.079375 0.098333
0 0.635312 0.837917 0.056875 0.089167
0 0.225938 0.844583 0.094375 0.105833
0 0.784062 0.812917 0.060625 0.085833
0 0.754375 0.788750 0.048750 0.087500
0 0.415312 0.786250 0.080625 0.092500
0 0.704688 0.784167 0.063125 0.093333
0 0.447188 0.757500 0.070625 0.091667
0 0.074375 0.745000 0.101250 0.073333
0 0.231875 0.750000 0.073750 0.088333
0 0.895000 0.741250 0.067500 0.092500
0 0.960625 0.732083 0.078750 0.112500
0 0.657188 0.711250 0.061875 0.077500
0 0.727500 0.701250 0.077500 0.077500
0 0.372500 0.680000 0.078750 0.088333
0 0.430312 0.675000 0.059375 0.090000
0 0.120938 0.669167 0.073125 0.085000
0 0.483750 0.638333 0.066250 0.093333
0 0.667500 0.628333 0.062500 0.093333
0 0.180938 0.618333 0.061875 0.096667
0 0.074375 0.604167 0.093750 0.073333
0 0.631875 0.606250 0.060000 0.097500
0 0.294063 0.584167 0.079375 0.073333
0 0.144063 0.590833 0.070625 0.100000
0 0.242500 0.565417 0.078750 0.085833
0 0.088750 0.523333 0.066250 0.088333
0 0.170937 0.518750 0.071875 0.102500
0 0.652188 0.490833 0.064375 0.081667
0 0.217500 0.500833 0.061250 0.105000
0 0.493125 0.495833 0.085000 0.101667
0 0.266250 0.482500 0.070000 0.075000
0 0.708750 0.497500 0.056250 0.106667
0 0.964063 0.470417 0.071875 0.087500
0 0.651875 0.429167 0.062500 0.075000
0 0.265625 0.418750 0.068750 0.057500
0 0.402813 0.411250 0.061875 0.087500
0 0.791875 0.396250 0.078750 0.082500
0 0.341562 0.396667 0.078125 0.090000
0 0.647188 0.355417 0.066875 0.092500
0 0.707812 0.348333 0.059375 0.093333
0 0.437188 0.332917 0.085625 0.075833
0 0.207187 0.318750 0.084375 0.069167
0 0.568750 0.344583 0.085000 0.129167
0 0.320937 0.330833 0.065625 0.103333
0 0.287813 0.304583 0.065625 0.089167
0 0.026562 0.302083 0.053125 0.099167
0 0.616875 0.287500 0.062500 0.086667
0 0.153438 0.296667 0.071875 0.105000
0 0.214688 0.255417 0.074375 0.072500
0 0.762500 0.271667 0.100000 0.116667
0 0.435937 0.258333 0.070625 0.091667
0 0.114687 0.235833 0.074375 0.096667
0 0.484063 0.232083 0.063125 0.097500
0 0.675000 0.224583 0.076250 0.090833
0 0.953125 0.212083 0.062500 0.094167
0 0.865000 0.204583 0.070000 0.082500
0 0.384688 0.201667 0.079375 0.103333
0 0.295000 0.188750 0.072500 0.089167
0 0.189688 0.160833 0.075625 0.073333
0 0.736563 0.160417 0.061875 0.092500
0 0.024375 0.154583 0.048750 0.099167
0 0.543750 0.148333 0.076250 0.088333
0 0.775625 0.173750 0.106250 0.144167
0 0.839063 0.111250 0.069375 0.090833
0 0.582187 0.079167 0.100625 0.075000
0 0.414062 0.081250 0.066875 0.094167
0 0.722187 0.076667 0.069375 0.091667
0 0.887813 0.067917 0.066875 0.089167
0 0.161875 0.063750 0.106250 0.082500
0 0.938438 0.045833 0.078125 0.091667
0 0.815937 0.032917 0.076875 0.065833
0 0.317188 0.035417 0.081875 0.070833