0 0.470313 0.965833 0.065625 0.068333
0 0.952187 0.955000 0.066875 0.090000
0 0.723125 0.942083 0.086250 0.115833
0 0.552500 0.905417 0.078750 0.107500
0 0.168437 0.889167 0.063125 0.091667
0 0.052812 0.852500 0.068125 0.095000
0 0.240313 0.865000 0.088125 0.133333
0 0.129688 0.818333 0.066875 0.086667
0 0.820000 0.823333 0.073750 0.113333
0 0.049375 0.747917 0.065000 0.094167
0 0.834063 0.723333 0.070625 0.103333
0 0.250625 0.725417 0.073750 0.112500
0 0.261875 0.627500 0.073750 0.088333
0 0.466250 0.622917 0.081250 0.099167
0 0.324062 0.607500 0.070625 0.086667
0 0.194688 0.608333 0.068125 0.093333
0 0.715625 0.574583 0.085000 0.105833
0 0.270625 0.549583 0.065000 0.090833
0 0.354063 0.527500 0.070625 0.086667
0 0.737500 0.507083 0.071250 0.090833
0 0.975625 0.483333 0.048750 0.091667
0 0.168750 0.473750 0.063750 0.092500
0 0.640312 0.455833 0.076875 0.088333
0 0.285938 0.419167 0.073125 0.091667
0 0.034375 0.412500 0.068750 0.101667
0 0.910625 0.406667 0.068750 0.096667
0 0.718125 0.404583 0.056250 0.100833
0 0.666562 0.383750 0.061875 0.080833
0 0.748750 0.369167 0.066250 0.095000
0 0.395625 0.365833 0.071250 0.095000
0 0.262813 0.345000 0.059375 0.080000
0 0.932500 0.337917 0.052500 0.077500
0 0.352500 0.303333 0.076250 0.091667
0 0.864062 0.299167 0.074375 0.091667
0 0.773438 0.265833 0.075625 0.116667
0 0.391562 0.257917 0.063125 0.110833
0 0.338125 0.223750 0.061250 0.102500
0 0.286875 0.231667 0.065000 0.121667
0 0.517188 0.186667 0.065625 0.093333
0 0.743437 0.170833 0.075625 0.095000
0 0.465000 0.166667 0.065000 0.086667
0 0.155312 0.164583 0.071875 0.092500
0 0.565625 0.131250 0.062500 0.087500
0 0.524062 0.093750 0.061875 0.082500
0 0.599063 0.074583 0.080625 0.094167
0 0.916562 0.066667 0.054375 0.080000
0 0.040938 0.064583 0.076875 0.085833
0 0.111875 0.069583 0.065000 0.109167
0 0.375312 0.055833 0.063125 0.095000
0 0.437188 0.042500 0.059375 0.085000
0 0.333750 0.037917 0.072500 0.075833