0 0.090000 0.957500 0.070000 0.085000
0 0.591250 0.932500 0.053750 0.091667
0 0.279062 0.906667 0.063125 0.085000
0 0.789687 0.901250 0.064375 0.082500
0 0.515625 0.893750 0.061250 0.097500
0 0.873750 0.886667 0.063750 0.088333
0 0.583125 0.850000 0.077500 0.056667
0 0.265937 0.862917 0.059375 0.082500
0 0.101250 0.863333 0.065000 0.086667
0 0.732187 0.845417 0.058125 0.100833
0 0.613125 0.820000 0.060000 0.061667
0 0.816562 0.805833 0.038125 0.060000
0 0.670000 0.774167 0.051250 0.075000
0 0.523438 0.782083 0.076875 0.105833
0 0.257812 0.765417 0.058125 0.080833
0 0.562500 0.740000 0.061250 0.075000
0 0.868437 0.741250 0.061875 0.090833
0 0.753125 0.748750 0.068750 0.112500
0 0.153438 0.722083 0.046875 0.082500
0 0.943125 0.721250 0.063750 0.094167
0 0.686250 0.713750 0.056250 0.080833
0 0.617812 0.722083 0.058125 0.099167
0 0.800625 0.691250 0.083750 0.085833
0 0.252500 0.678333 0.073750 0.085000
0 0.417812 0.674583 0.055625 0.082500
0 0.485000 0.670833 0.058750 0.080000
0 0.661250 0.636667 0.065000 0.085000
0 0.376563 0.642500 0.090625 0.108333
0 0.274375 0.608750 0.058750 0.065833
0 0.116562 0.594167 0.060625 0.078333
0 0.938750 0.592917 0.065000 0.084167
0 0.729062 0.589167 0.056875 0.086667
0 0.654375 0.577917 0.071250 0.077500
0 0.389688 0.562917 0.053125 0.064167
0 0.318437 0.561667 0.066875 0.085000
0 0.505000 0.556250 0.062500 0.077500
0 0.839688 0.549167 0.056875 0.085000
0 0.573125 0.544583 0.053750 0.094167
0 0.222500 0.532917 0.095000 0.079167
0 0.756250 0.516667 0.053750 0.081667
0 0.148125 0.511250 0.066250 0.082500
0 0.840625 0.497083 0.068750 0.067500
0 0.920625 0.497917 0.057500 0.084167
0 0.021875 0.492917 0.043750 0.084167
0 0.352187 0.478750 0.063125 0.087500
0 0.275313 0.463333 0.080625 0.090000
0 0.712187 0.448333 0.066875 0.068333
0 0.414375 0.455000 0.065000 0.103333
0 0.485625 0.451250 0.061250 0.100833
0 0.564063 0.438333 0.075625 0.093333
0 0.349687 0.410833 0.045625 0.093333
0 0.051250 0.400833 0.061250 0.083333
0 0.872812 0.409583 0.060625 0.107500
0 0.104063 0.370833 0.053125 0.066667
0 0.115000 0.337500 0.066250 0.085000
0 0.304688 0.334167 0.063125 0.081667
0 0.677188 0.327917 0.056875 0.080833
0 0.388125 0.325833 0.058750 0.086667
0 0.963437 0.320833 0.061875 0.078333
0 0.534375 0.322917 0.080000 0.090833
0 0.819063 0.292917 0.040625 0.075833
0 0.952812 0.267083 0.061875 0.080833
0 0.152500 0.262917 0.063750 0.082500
0 0.635625 0.253333 0.066250 0.076667
0 0.469375 0.225417 0.055000 0.075833
0 0.763750 0.223333 0.057500 0.080000
0 0.278750 0.210833 0.050000 0.081667
0 0.497188 0.198333 0.054375 0.071667
0 0.404062 0.197083 0.056875 0.075833
0 0.850000 0.170833 0.035000 0.058333
0 0.024375 0.182083 0.048750 0.080833
0 0.531875 0.168333 0.066250 0.083333
0 0.147813 0.167083 0.059375 0.080833
0 0.901563 0.166250 0.053125 0.095833
0 0.354063 0.149167 0.061875 0.105000
0 0.079687 0.132500 0.059375 0.081667
0 0.463750 0.125417 0.080000 0.070833
0 0.252500 0.123750 0.073750 0.069167
0 0.914062 0.114167 0.064375 0.078333
0 0.740625 0.114167 0.067500 0.115000
0 0.252500 0.064583 0.063750 0.060833
0 0.457500 0.062083 0.063750 0.079167
0 0.084687 0.042083 0.059375 0.070833