0 0.371250 0.977083 0.071250 0.045833
0 0.029687 0.965000 0.059375 0.070000
0 0.955625 0.963333 0.076250 0.073333
0 0.820312 0.956250 0.085625 0.087500
0 0.447188 0.956250 0.068125 0.087500
0 0.115625 0.956250 0.067500 0.087500
0 0.580313 0.934167 0.060625 0.093333
0 0.333125 0.927917 0.066250 0.099167
0 0.968750 0.909583 0.062500 0.094167
0 0.023438 0.898750 0.046875 0.072500
0 0.544687 0.903333 0.065625 0.096667
0 0.202813 0.897917 0.081875 0.097500
0 0.854375 0.888333 0.068750 0.083333
0 0.397500 0.898333 0.067500 0.105000
0 0.705000 0.882083 0.081250 0.102500
0 0.278750 0.862917 0.071250 0.104167
0 0.532188 0.786667 0.065625 0.091667
0 0.610313 0.779167 0.076875 0.108333
0 0.950937 0.760833 0.070625 0.096667
0 0.062187 0.750000 0.069375 0.096667
0 0.822500 0.733333 0.055000 0.083333
0 0.136250 0.730417 0.065000 0.080833
0 0.264062 0.724167 0.063125 0.091667
0 0.477500 0.720833 0.071250 0.096667
0 0.865625 0.698750 0.057500 0.090833
0 0.222812 0.691667 0.070625 0.088333
0 0.351250 0.697083 0.083750 0.100833
0 0.584688 0.681250 0.073125 0.097500
0 0.977812 0.671250 0.044375 0.089167
0 0.726250 0.675417 0.063750 0.097500
0 0.037187 0.654583 0.071875 0.095833
0 0.531875 0.633333 0.071250 0.086667
0 0.280938 0.630000 0.070625 0.093333
0 0.616563 0.617083 0.066875 0.087500
0 0.795312 0.603750 0.068125 0.094167
0 0.132812 0.592500 0.069375 0.078333
0 0.335313 0.595000 0.061875 0.088333
0 0.865313 0.583750 0.079375 0.094167
0 0.478125 0.572500 0.072500 0.095000
0 0.731875 0.555417 0.075000 0.092500
0 0.029375 0.554167 0.058750 0.098333
0 0.949688 0.555000 0.080625 0.110000
0 0.709375 0.510417 0.068750 0.090833
0 0.574375 0.506667 0.072500 0.091667
0 0.899062 0.486250 0.069375 0.077500
0 0.278438 0.462083 0.068125 0.139167
0 0.774062 0.433750 0.065625 0.094167
0 0.365312 0.430417 0.068125 0.090833
0 0.056250 0.417917 0.065000 0.082500
0 0.934375 0.408750 0.062500 0.089167
0 0.410938 0.398750 0.059375 0.085833
0 0.167813 0.392500 0.070625 0.091667
0 0.347813 0.370000 0.066875 0.078333
0 0.835625 0.368333 0.065000 0.090000
0 0.228437 0.351667 0.066875 0.093333
0 0.027813 0.335833 0.055625 0.086667
0 0.346562 0.305833 0.074375 0.076667
0 0.888437 0.308750 0.074375 0.084167
0 0.961562 0.304167 0.058125 0.083333
0 0.070625 0.289583 0.063750 0.089167
0 0.497188 0.274583 0.054375 0.080833
0 0.134063 0.283333 0.059375 0.103333
0 0.199687 0.267500 0.071875 0.085000
0 0.839688 0.246667 0.069375 0.088333
0 0.017812 0.230417 0.035625 0.087500
0 0.547813 0.218333 0.074375 0.098333
0 0.642813 0.200833 0.064375 0.086667
0 0.083125 0.197083 0.067500 0.097500
0 0.773125 0.187083 0.071250 0.094167
0 0.400313 0.159583 0.073125 0.105833
0 0.840000 0.146250 0.073750 0.094167
0 0.549063 0.106250 0.070625 0.092500
0 0.627500 0.101250 0.070000 0.099167
0 0.473125 0.095833 0.072500 0.090000
0 0.734375 0.096667 0.067500 0.095000
0 0.173437 0.080417 0.060625 0.079167
0 0.370000 0.062500 0.068750 0.098333
0 0.445625 0.032083 0.071250 0.064167
0 0.303438 0.042500 0.075625 0.085000
0 0.024688 0.035417 0.049375 0.070833