0 0.395000 0.977083 0.060000 0.045833
0 0.333750 0.973750 0.068750 0.052500
0 0.215000 0.966667 0.072500 0.066667
0 0.470313 0.930000 0.061875 0.080000
0 0.126250 0.937917 0.081250 0.124167
0 0.353750 0.895833 0.070000 0.075000
0 0.915000 0.875833 0.070000 0.088333
0 0.103125 0.832083 0.066250 0.075833
0 0.679063 0.817083 0.098125 0.089167
0 0.494375 0.816250 0.085000 0.107500
0 0.892813 0.794583 0.080625 0.087500
0 0.144375 0.768333 0.076250 0.075000
0 0.456875 0.756667 0.082500 0.101667
0 0.971562 0.739583 0.056875 0.082500
0 0.699063 0.742083 0.068125 0.100833
0 0.625313 0.732500 0.065625 0.108333
0 0.760625 0.706667 0.060000 0.088333
0 0.387813 0.698750 0.064375 0.087500
0 0.149062 0.682500 0.060625 0.068333
0 0.837500 0.678750 0.078750 0.092500
0 0.227500 0.656250 0.065000 0.085833
0 0.674375 0.627500 0.061250 0.080000
0 0.981250 0.621250 0.037500 0.075833
0 0.305000 0.619167 0.055000 0.071667
0 0.440625 0.590000 0.068750 0.073333
0 0.898750 0.571667 0.071250 0.095000
0 0.585313 0.573333 0.096875 0.121667
0 0.467187 0.498333 0.075625 0.085000
0 0.398125 0.506250 0.062500 0.100833
0 0.558438 0.482917 0.068125 0.077500
0 0.203125 0.487500 0.083750 0.096667
0 0.940000 0.472083 0.100000 0.092500
0 0.341250 0.450417 0.073750 0.090833
0 0.678125 0.420417 0.073750 0.082500
0 0.478438 0.416250 0.081875 0.075833
0 0.076250 0.420000 0.056250 0.083333
0 0.121563 0.411250 0.063125 0.084167
0 0.589688 0.396667 0.070625 0.095000
0 0.551875 0.362500 0.073750 0.106667
0 0.085312 0.320417 0.065625 0.074167
0 0.478438 0.321667 0.059375 0.085000
0 0.807187 0.312917 0.050625 0.085833
0 0.872500 0.316250 0.071250 0.104167
0 0.377500 0.302083 0.063750 0.084167
0 0.741250 0.308333 0.057500 0.100000
0 0.211250 0.280417 0.061250 0.085833
0 0.513125 0.275417 0.076250 0.089167
0 0.573125 0.270833 0.052500 0.091667
0 0.268125 0.241250 0.056250 0.072500
0 0.659062 0.245000 0.081875 0.103333
0 0.095000 0.202083 0.068750 0.100833
0 0.737500 0.189167 0.078750 0.095000
0 0.635000 0.149167 0.066250 0.081667
0 0.512813 0.141250 0.064375 0.074167
0 0.296875 0.145417 0.076250 0.085833
0 0.902813 0.146250 0.065625 0.092500
0 0.438750 0.143750 0.066250 0.100833
0 0.019375 0.099583 0.038750 0.067500
0 0.169687 0.102083 0.068125 0.095833
0 0.356563 0.064167 0.056875 0.086667
0 0.913438 0.036250 0.065625 0.072500
0 0.504062 0.039167 0.085625 0.078333
0 0.281250 0.040833 0.065000 0.081667
0 0.213750 0.045833 0.078750 0.091667