0 0.156250 0.967083 0.071250 0.065833
0 0.625313 0.957917 0.061875 0.084167
0 0.060000 0.930417 0.051250 0.085833
0 0.530000 0.942917 0.060000 0.114167
0 0.365000 0.925000 0.058750 0.080000
0 0.903750 0.933333 0.077500 0.108333
0 0.816250 0.895417 0.046250 0.075833
0 0.606250 0.897500 0.075000 0.096667
0 0.764062 0.893750 0.070625 0.095833
0 0.277813 0.889167 0.059375 0.108333
0 0.884062 0.870417 0.059375 0.079167
0 0.034063 0.872500 0.068125 0.115000
0 0.696875 0.862083 0.095000 0.117500
0 0.597500 0.826250 0.061250 0.075833
0 0.485938 0.831250 0.051875 0.085833
0 0.106563 0.837083 0.073125 0.110833
0 0.744687 0.810833 0.051875 0.073333
0 0.242812 0.802083 0.053125 0.072500
0 0.815000 0.802917 0.043750 0.087500
0 0.420625 0.800417 0.065000 0.089167
0 0.179688 0.792083 0.054375 0.075833
0 0.337500 0.790417 0.070000 0.097500
0 0.769375 0.779583 0.050000 0.082500
0 0.153438 0.763333 0.055625 0.050000
0 0.951250 0.776250 0.068750 0.085833
0 0.257812 0.761250 0.056875 0.069167
0 0.063750 0.776667 0.077500 0.113333
0 0.321562 0.724583 0.054375 0.085833
0 0.544375 0.699167 0.061250 0.071667
0 0.395000 0.712917 0.081250 0.100833
0 0.847500 0.720833 0.091250 0.118333
0 0.167187 0.693333 0.039375 0.081667
0 0.695000 0.694583 0.051250 0.089167
0 0.283125 0.683333 0.057500 0.073333
0 0.468438 0.679583 0.055625 0.074167
0 0.621250 0.702917 0.072500 0.130833
0 0.238750 0.671250 0.040000 0.074167
0 0.208437 0.681250 0.059375 0.105833
0 0.922813 0.680417 0.080625 0.122500
0 0.409375 0.636667 0.060000 0.073333
0 0.488750 0.637083 0.055000 0.084167
0 0.739375 0.626250 0.058750 0.077500
0 0.860625 0.619167 0.033750 0.081667
0 0.188438 0.608750 0.060625 0.070833
0 0.324375 0.605000 0.061250 0.103333
0 0.060937 0.589167 0.064375 0.076667
0 0.461250 0.585000 0.065000 0.086667
0 0.246562 0.591667 0.079375 0.106667
0 0.127500 0.563333 0.048750 0.081667
0 0.379063 0.567917 0.065625 0.092500
0 0.970000 0.563333 0.060000 0.091667
0 0.616250 0.568333 0.086250 0.101667
0 0.303125 0.562083 0.065000 0.094167
0 0.583438 0.515833 0.048125 0.060000
0 0.515312 0.545000 0.088125 0.120000
0 0.435000 0.506667 0.051250 0.060000
0 0.382812 0.512500 0.043125 0.071667
0 0.885000 0.506250 0.060000 0.075833
0 0.032500 0.507917 0.065000 0.079167
0 0.740625 0.514167 0.073750 0.113333
0 0.230937 0.480000 0.056875 0.078333
0 0.602812 0.473333 0.058125 0.066667
0 0.344375 0.495417 0.058750 0.115833
0 0.685312 0.475000 0.074375 0.123333
0 0.427187 0.436667 0.043125 0.076667
0 0.364375 0.426250 0.095000 0.069167
0 0.106563 0.431667 0.069375 0.083333
0 0.808750 0.422083 0.065000 0.082500
0 0.292812 0.425417 0.055625 0.092500
0 0.041875 0.415000 0.056250 0.081667
0 0.491875 0.408333 0.083750 0.085000
0 0.256875 0.391667 0.061250 0.078333
0 0.612187 0.406667 0.060625 0.116667
0 0.838125 0.375417 0.058750 0.084167
0 0.675625 0.358750 0.052500 0.075833
0 0.237500 0.352500 0.046250 0.065000
0 0.472187 0.359583 0.049375 0.080833
0 0.594063 0.348750 0.054375 0.065833
0 0.524687 0.362917 0.058125 0.094167
0 0.093438 0.363333 0.083125 0.105000
0 0.405938 0.341250 0.060625 0.077500
0 0.308437 0.320833 0.056875 0.090000
0 0.121563 0.313750 0.056875 0.090833
0 0.037500 0.296667 0.045000 0.061667
0 0.194688 0.319167 0.070625 0.120000
0 0.735938 0.292083 0.054375 0.070833
0 0.638750 0.285417 0.065000 0.084167
0 0.882812 0.287917 0.065625 0.102500
0 0.957187 0.280417 0.063125 0.089167
0 0.293125 0.271250 0.040000 0.070833
0 0.567500 0.273333 0.062500 0.076667
0 0.812500 0.292500 0.062500 0.121667
0 0.756875 0.257917 0.060000 0.079167
0 0.383437 0.257500 0.085625 0.081667
0 0.251875 0.262083 0.065000 0.109167
0 0.467187 0.241667 0.061875 0.080000
0 0.033750 0.219167 0.067500 0.070000
0 0.542500 0.225833 0.068750 0.091667
0 0.161250 0.227917 0.077500 0.097500
0 0.763125 0.192917 0.066250 0.067500
0 0.927500 0.196667 0.055000 0.081667
0 0.109687 0.198750 0.055625 0.085833
0 0.318125 0.195833 0.072500 0.088333
0 0.687187 0.210000 0.070625 0.118333
0 0.621875 0.192083 0.073750 0.095833
0 0.890000 0.184583 0.057500 0.087500
0 0.228750 0.166667 0.065000 0.078333
0 0.486875 0.148333 0.057500 0.085000
0 0.275000 0.127083 0.035000 0.045833
0 0.825625 0.141250 0.070000 0.079167
0 0.684688 0.129167 0.056875 0.075000
0 0.171875 0.124583 0.052500 0.085833
0 0.344687 0.115417 0.059375 0.069167
0 0.920625 0.102083 0.063750 0.077500
0 0.661250 0.081667 0.063750 0.070000
0 0.275625 0.075417 0.055000 0.062500
0 0.205000 0.082917 0.053750 0.077500
0 0.968750 0.080417 0.062500 0.087500
0 0.443125 0.074583 0.067500 0.082500
0 0.763125 0.079583 0.083750 0.095833
0 0.084062 0.067083 0.061875 0.082500
0 0.337813 0.052500 0.055625 0.071667
0 0.505938 0.054167 0.068125 0.081667
0 0.799375 0.046667 0.058750 0.090000
0 0.372500 0.030833 0.058750 0.061667
0 0.226562 0.035417 0.061875 0.070833