0 0.199063 0.969167 0.079375 0.061667
0 0.782188 0.966250 0.061875 0.067500
0 0.977187 0.955000 0.045625 0.070000
0 0.701562 0.941667 0.055625 0.068333
0 0.919687 0.917083 0.065625 0.085833
0 0.478750 0.902500 0.052500 0.073333
0 0.761875 0.891250 0.065000 0.084167
0 0.666875 0.897500 0.070000 0.096667
0 0.203750 0.891667 0.067500 0.085000
0 0.536250 0.885833 0.062500 0.085000
0 0.316563 0.849167 0.065625 0.085000
0 0.570000 0.818333 0.066250 0.076667
0 0.665312 0.817917 0.075625 0.079167
0 0.788125 0.813333 0.061250 0.080000
0 0.024688 0.783333 0.049375 0.091667
0 0.068437 0.765417 0.059375 0.079167
0 0.150938 0.757083 0.053125 0.075833
0 0.241875 0.752917 0.062500 0.080833
0 0.945625 0.722500 0.065000 0.091667
0 0.298125 0.709167 0.062500 0.078333
0 0.772188 0.700833 0.070625 0.095000
0 0.017188 0.695417 0.034375 0.092500
0 0.676875 0.665000 0.066250 0.083333
0 0.883750 0.663333 0.062500 0.088333
0 0.837187 0.592917 0.064375 0.089167
0 0.636563 0.594583 0.075625 0.094167
0 0.910937 0.582500 0.061875 0.083333
0 0.223125 0.553333 0.060000 0.100000
0 0.685625 0.520833 0.067500 0.091667
0 0.873437 0.509583 0.070625 0.085833
0 0.103438 0.492500 0.056875 0.080000
0 0.979062 0.484583 0.041875 0.090833
0 0.255000 0.472500 0.060000 0.086667
0 0.027813 0.465417 0.055625 0.074167
0 0.213125 0.447083 0.057500 0.085833
0 0.740625 0.387083 0.073750 0.085833
0 0.473125 0.391250 0.073750 0.095833
0 0.668125 0.382083 0.070000 0.094167
0 0.375625 0.367083 0.060000 0.085833
0 0.866563 0.334167 0.064375 0.085000
0 0.534062 0.338333 0.061875 0.123333
0 0.278438 0.315833 0.061875 0.095000
0 0.243750 0.287917 0.068750 0.089167
0 0.407813 0.274167 0.080625 0.108333
0 0.014375 0.260000 0.028750 0.081667
0 0.650625 0.191667 0.066250 0.085000
0 0.449688 0.167917 0.064375 0.089167
0 0.111875 0.165417 0.056250 0.085833
0 0.512500 0.159583 0.061250 0.087500
0 0.346250 0.156667 0.060000 0.100000
0 0.929375 0.144583 0.063750 0.089167
0 0.982500 0.135417 0.035000 0.099167
0 0.380937 0.099583 0.058125 0.077500
0 0.192500 0.089167 0.058750 0.085000
0 0.102188 0.075833 0.070625 0.071667
0 0.243125 0.050000 0.050000 0.086667
0 0.738437 0.026250 0.059375 0.052500