0 0.759062 0.975417 0.106875 0.049167
0 0.863125 0.974583 0.066250 0.050833
0 0.302500 0.970000 0.065000 0.060000
0 0.476250 0.958750 0.060000 0.079167
0 0.353750 0.945000 0.063750 0.093333
0 0.013125 0.929167 0.026250 0.080000
0 0.186562 0.911667 0.055625 0.071667
0 0.255937 0.906667 0.056875 0.071667
0 0.736250 0.907083 0.065000 0.084167
0 0.619375 0.901250 0.058750 0.087500
0 0.406562 0.870417 0.064375 0.105833
0 0.336250 0.856667 0.057500 0.081667
0 0.030625 0.846667 0.058750 0.078333
0 0.463750 0.847917 0.061250 0.085833
0 0.980625 0.849583 0.038750 0.095833
0 0.883125 0.838333 0.067500 0.093333
0 0.573750 0.815000 0.065000 0.091667
0 0.801875 0.800000 0.066250 0.096667
0 0.118750 0.777083 0.067500 0.077500
0 0.897813 0.770000 0.063125 0.080000
0 0.680625 0.797083 0.082500 0.154167
0 0.361563 0.752500 0.058125 0.070000
0 0.284375 0.732083 0.057500 0.072500
0 0.529375 0.727083 0.058750 0.075833
0 0.110937 0.722917 0.066875 0.084167
0 0.740625 0.690000 0.062500 0.086667
0 0.029687 0.686667 0.059375 0.080000
0 0.680000 0.660833 0.057500 0.071667
0 0.211250 0.659167 0.057500 0.071667
0 0.445937 0.656250 0.074375 0.089167
0 0.855000 0.653333 0.071250 0.090000
0 0.977812 0.625417 0.044375 0.060833
0 0.236875 0.621250 0.052500 0.072500
0 0.587187 0.635417 0.086875 0.125833
0 0.034375 0.585833 0.066250 0.081667
0 0.634375 0.557917 0.063750 0.085833
0 0.789375 0.555000 0.068750 0.088333
0 0.980625 0.536667 0.038750 0.070000
0 0.299063 0.536667 0.074375 0.108333
0 0.605000 0.517500 0.085000 0.091667
0 0.223125 0.503333 0.081250 0.085000
0 0.725625 0.492500 0.068750 0.088333
0 0.324062 0.450833 0.065625 0.081667
0 0.046250 0.451250 0.077500 0.100833
0 0.225312 0.432500 0.071875 0.080000
0 0.946562 0.435417 0.075625 0.095833
0 0.669063 0.417917 0.068125 0.084167
0 0.158125 0.390833 0.065000 0.076667
0 0.369063 0.376250 0.054375 0.084167
0 0.736250 0.356250 0.066250 0.092500
0 0.024063 0.342083 0.048125 0.072500
0 0.443125 0.346667 0.070000 0.093333
0 0.519062 0.310000 0.053125 0.063333
0 0.910000 0.320000 0.073750 0.098333
0 0.657500 0.297917 0.055000 0.075833
0 0.588125 0.292917 0.055000 0.074167
0 0.162812 0.311667 0.080625 0.113333
0 0.080312 0.237083 0.068125 0.079167
0 0.685937 0.207500 0.061875 0.083333
0 0.909375 0.211667 0.070000 0.101667
0 0.051250 0.187500 0.075000 0.071667
0 0.265625 0.180000 0.063750 0.093333
0 0.338750 0.153750 0.057500 0.074167
0 0.888125 0.150000 0.068750 0.076667
0 0.127188 0.136250 0.061875 0.092500
0 0.451250 0.154167 0.098750 0.130000
0 0.673750 0.090000 0.068750 0.090000
0 0.499688 0.065417 0.060625 0.105833
0 0.576875 0.050417 0.061250 0.084167
0 0.862187 0.053750 0.075625 0.092500
0 0.751875 0.050000 0.070000 0.100000
0 0.363125 0.048750 0.067500 0.097500
0 0.290625 0.028333 0.060000 0.056667
0 0.210625 0.024167 0.057500 0.048333
0 0.023125 0.044167 0.046250 0.088333