0 0.160625 0.982917 0.060000 0.034167
0 0.466875 0.974583 0.063750 0.050833
0 0.641563 0.960833 0.060625 0.078333
0 0.577187 0.947083 0.056875 0.064167
0 0.253125 0.952083 0.065000 0.082500
0 0.510312 0.901250 0.056875 0.090833
0 0.962812 0.877500 0.066875 0.081667
0 0.410313 0.862500 0.081875 0.116667
0 0.916875 0.813333 0.070000 0.078333
0 0.524687 0.801250 0.065625 0.087500
0 0.679688 0.799167 0.063125 0.086667
0 0.176250 0.778750 0.052500 0.074167
0 0.445312 0.770833 0.050625 0.066667
0 0.906875 0.764583 0.053750 0.060833
0 0.775937 0.758333 0.063125 0.080000
0 0.299375 0.755833 0.057500 0.076667
0 0.598437 0.732500 0.061875 0.085000
0 0.373125 0.710417 0.052500 0.079167
0 0.436250 0.696667 0.062500 0.061667
0 0.914062 0.701250 0.065625 0.074167
0 0.558438 0.698750 0.070625 0.072500
0 0.858437 0.693750 0.050625 0.077500
0 0.279062 0.682500 0.070625 0.081667
0 0.508437 0.647917 0.054375 0.087500
0 0.346875 0.645833 0.060000 0.085000
0 0.082187 0.620833 0.058125 0.075000
0 0.026250 0.605833 0.052500 0.056667
0 0.185312 0.599583 0.065625 0.064167
0 0.783125 0.595417 0.062500 0.082500
0 0.457813 0.567917 0.065625 0.087500
0 0.321875 0.563750 0.071250 0.084167
0 0.381250 0.547917 0.055000 0.067500
0 0.200625 0.549167 0.055000 0.078333
0 0.258437 0.550833 0.053125 0.086667
0 0.719688 0.540417 0.056875 0.077500
0 0.665312 0.528750 0.055625 0.079167
0 0.931250 0.517917 0.088750 0.104167
0 0.032813 0.467083 0.065625 0.070833
0 0.255937 0.462500 0.054375 0.078333
0 0.849375 0.434583 0.056250 0.082500
0 0.796562 0.423333 0.056875 0.080000
0 0.692187 0.425000 0.050625 0.090000
0 0.968125 0.420000 0.052500 0.086667
0 0.461875 0.429167 0.062500 0.118333
0 0.047813 0.398750 0.055625 0.095833
0 0.569375 0.377917 0.062500 0.095833
0 0.081875 0.358750 0.052500 0.070833
0 0.428438 0.363333 0.083125 0.085000
0 0.137187 0.364167 0.083125 0.100000
0 0.237813 0.349583 0.054375 0.072500
0 0.291250 0.335833 0.058750 0.068333
0 0.197187 0.330000 0.064375 0.066667
0 0.402187 0.302500 0.061875 0.078333
0 0.154688 0.290833 0.051875 0.076667
0 0.592187 0.251667 0.058125 0.078333
0 0.026562 0.233333 0.053125 0.073333
0 0.902500 0.226250 0.066250 0.082500
0 0.617188 0.204167 0.053125 0.076667
0 0.842812 0.170417 0.051875 0.079167
0 0.565937 0.164167 0.050625 0.073333
0 0.503125 0.159167 0.071250 0.083333
0 0.394688 0.148333 0.063125 0.088333
0 0.654062 0.133333 0.060625 0.088333
0 0.045000 0.135417 0.068750 0.092500
0 0.368125 0.118333 0.067500 0.080000
0 0.751250 0.100000 0.061250 0.086667
0 0.497812 0.091667 0.061875 0.071667
0 0.881563 0.082500 0.068125 0.090000
0 0.310000 0.087083 0.085000 0.107500
0 0.091250 0.052917 0.065000 0.080833
0 0.930000 0.035417 0.057500 0.070833
0 0.589063 0.018750 0.070625 0.037500
0 0.283750 0.019167 0.062500 0.038333