0 0.774062 0.969583 0.064375 0.060833
0 0.202187 0.967917 0.090625 0.064167
0 0.135937 0.945000 0.065625 0.110000
0 0.569375 0.926667 0.076250 0.096667
0 0.017500 0.924583 0.035000 0.095833
0 0.494063 0.912500 0.056875 0.078333
0 0.437500 0.918333 0.063750 0.093333
0 0.369063 0.917083 0.053125 0.094167
0 0.321562 0.907083 0.063125 0.094167
0 0.955625 0.864167 0.076250 0.081667
0 0.230313 0.860417 0.059375 0.082500
0 0.656875 0.860833 0.077500 0.091667
0 0.070312 0.851250 0.073125 0.077500
0 0.530937 0.840000 0.059375 0.086667
0 0.391250 0.819583 0.072500 0.099167
0 0.949688 0.788333 0.066875 0.075000
0 0.587812 0.789167 0.064375 0.090000
0 0.029687 0.784167 0.059375 0.095000
0 0.909687 0.753333 0.076875 0.098333
0 0.247812 0.729167 0.069375 0.096667
0 0.334375 0.706667 0.060000 0.068333
0 0.544375 0.715833 0.070000 0.091667
0 0.619687 0.708333 0.065625 0.083333
0 0.818438 0.700833 0.058125 0.093333
0 0.739688 0.672083 0.059375 0.074167
0 0.444375 0.672083 0.070000 0.095833
0 0.177500 0.663333 0.066250 0.085000
0 0.375937 0.653750 0.038125 0.075833
0 0.318750 0.649167 0.078750 0.123333
0 0.285313 0.609167 0.051875 0.086667
0 0.843750 0.607083 0.068750 0.097500
0 0.079687 0.597917 0.079375 0.094167
0 0.514062 0.579583 0.061875 0.087500
0 0.426563 0.570833 0.068125 0.086667
0 0.278750 0.543750 0.058750 0.077500
0 0.792500 0.533333 0.057500 0.073333
0 0.855625 0.508750 0.058750 0.090833
0 0.144063 0.493750 0.073125 0.089167
0 0.032188 0.484583 0.064375 0.104167
0 0.747812 0.447083 0.061875 0.080833
0 0.834688 0.413333 0.069375 0.083333
0 0.254375 0.400833 0.068750 0.093333
0 0.354687 0.387917 0.065625 0.094167
0 0.731250 0.331667 0.062500 0.085000
0 0.836875 0.332500 0.065000 0.091667
0 0.655312 0.316250 0.063125 0.092500
0 0.789375 0.310833 0.063750 0.103333
0 0.105000 0.316667 0.130000 0.168333
0 0.713437 0.275000 0.081875 0.088333
0 0.935937 0.272083 0.069375 0.095833
0 0.340625 0.252917 0.065000 0.084167
0 0.823750 0.247500 0.071250 0.081667
0 0.620625 0.241667 0.075000 0.088333
0 0.928438 0.193333 0.073125 0.070000
0 0.550625 0.205833 0.062500 0.098333
0 0.328750 0.186250 0.076250 0.082500
0 0.701562 0.182500 0.069375 0.076667
0 0.060937 0.181250 0.063125 0.087500
0 0.468438 0.150833 0.064375 0.098333
0 0.789375 0.144583 0.067500 0.090833
0 0.181875 0.144167 0.073750 0.091667
0 0.691250 0.134583 0.068750 0.074167
0 0.266875 0.127083 0.062500 0.090833
0 0.520938 0.112083 0.061875 0.089167
0 0.564063 0.112083 0.053125 0.090833
0 0.360938 0.090417 0.065625 0.085833
0 0.883437 0.091667 0.059375 0.093333
0 0.157188 0.062917 0.064375 0.065833
0 0.710000 0.072500 0.066250 0.091667
0 0.604375 0.050417 0.087500 0.100833
0 0.239063 0.044167 0.069375 0.088333