0 0.935937 0.976667 0.055625 0.046667
0 0.259688 0.953750 0.069375 0.077500
0 0.466250 0.947083 0.066250 0.072500
0 0.351562 0.946667 0.063125 0.080000
0 0.580937 0.945833 0.066875 0.088333
0 0.231875 0.887917 0.060000 0.079167
0 0.298125 0.885000 0.051250 0.085000
0 0.617812 0.875000 0.064375 0.073333
0 0.830937 0.823750 0.058125 0.077500
0 0.889687 0.820000 0.055625 0.090000
0 0.403125 0.806667 0.057500 0.083333
0 0.322188 0.796250 0.056875 0.074167
0 0.180938 0.776667 0.059375 0.066667
0 0.375000 0.764167 0.055000 0.093333
0 0.136250 0.700417 0.060000 0.084167
0 0.624687 0.661667 0.059375 0.075000
0 0.490000 0.653750 0.058750 0.077500
0 0.064375 0.650000 0.065000 0.080000
0 0.294375 0.613333 0.068750 0.088333
0 0.746250 0.610417 0.057500 0.090833
0 0.594063 0.596667 0.064375 0.085000
0 0.498437 0.576250 0.051875 0.070833
0 0.560625 0.535000 0.053750 0.065000
0 0.941875 0.540000 0.056250 0.083333
0 0.646875 0.528750 0.065000 0.080833
0 0.190312 0.517083 0.058125 0.080833
0 0.794687 0.500833 0.058125 0.086667
0 0.428125 0.481250 0.055000 0.092500
0 0.622500 0.462500 0.062500 0.090000
0 0.578125 0.457500 0.050000 0.091667
0 0.918750 0.419167 0.063750 0.078333
0 0.482187 0.420417 0.061875 0.082500
0 0.198750 0.413750 0.071250 0.084167
0 0.397500 0.410833 0.066250 0.086667
0 0.831562 0.375833 0.059375 0.081667
0 0.569063 0.372500 0.064375 0.076667
0 0.079375 0.371667 0.063750 0.078333
0 0.332188 0.368750 0.069375 0.090833
0 0.676562 0.353750 0.054375 0.080833
0 0.736563 0.350417 0.063125 0.082500
0 0.927500 0.316250 0.061250 0.092500
0 0.509375 0.293333 0.060000 0.068333
0 0.717812 0.257917 0.061875 0.074167
0 0.392813 0.264583 0.068125 0.099167
0 0.243750 0.252500 0.061250 0.083333
0 0.758750 0.210417 0.067500 0.080833
0 0.652188 0.196667 0.068125 0.091667
0 0.566875 0.184167 0.058750 0.083333
0 0.393437 0.181250 0.066875 0.080833
0 0.677813 0.162083 0.056875 0.084167
0 0.610000 0.158750 0.052500 0.090833
0 0.132500 0.149583 0.063750 0.079167
0 0.480938 0.158333 0.078125 0.100000
0 0.740313 0.143333 0.060625 0.090000
0 0.067812 0.116250 0.059375 0.075833
0 0.303750 0.111250 0.053750 0.075833
0 0.427187 0.110417 0.064375 0.099167
0 0.891875 0.092500 0.066250 0.081667
0 0.149375 0.070833 0.063750 0.075000
0 0.605313 0.070000 0.051875 0.080000
0 0.659687 0.065000 0.061875 0.080000
0 0.715000 0.057083 0.046250 0.089167
0 0.220625 0.039167 0.063750 0.075000