0 0.303125 0.979583 0.048750 0.040833
0 0.968437 0.976250 0.063125 0.047500
0 0.828125 0.974167 0.055000 0.051667
0 0.788438 0.955833 0.048125 0.088333
0 0.677188 0.955000 0.069375 0.090000
0 0.456875 0.942917 0.078750 0.070833
0 0.270000 0.938750 0.061250 0.077500
0 0.719375 0.932500 0.058750 0.081667
0 0.982187 0.916667 0.035625 0.081667
0 0.929063 0.912500 0.056875 0.081667
0 0.440625 0.888750 0.048750 0.064167
0 0.100937 0.881250 0.045625 0.065833
0 0.802500 0.873333 0.058750 0.076667
0 0.572187 0.869167 0.058125 0.080000
0 0.660625 0.862083 0.046250 0.067500
0 0.020313 0.866667 0.040625 0.076667
0 0.481563 0.847083 0.054375 0.069167
0 0.733125 0.841250 0.055000 0.067500
0 0.606250 0.812917 0.048750 0.065833
0 0.923438 0.820833 0.064375 0.095000
0 0.375312 0.806667 0.055625 0.073333
0 0.868125 0.807917 0.051250 0.084167
0 0.526250 0.807917 0.051250 0.085833
0 0.259375 0.800833 0.051250 0.080000
0 0.310937 0.808750 0.076875 0.099167
0 0.179063 0.779167 0.054375 0.071667
0 0.731875 0.770833 0.061250 0.073333
0 0.938750 0.749167 0.050000 0.065000
0 0.417500 0.757917 0.062500 0.089167
0 0.525937 0.738750 0.051875 0.074167
0 0.787500 0.731250 0.051250 0.069167
0 0.575625 0.727917 0.046250 0.065833
0 0.337813 0.731250 0.061875 0.074167
0 0.837187 0.731667 0.044375 0.076667
0 0.080000 0.715000 0.050000 0.066667
0 0.631563 0.717083 0.060625 0.077500
0 0.104375 0.687500 0.058750 0.063333
0 0.043437 0.683750 0.053125 0.075833
0 0.753125 0.663333 0.065000 0.071667
0 0.867812 0.667500 0.066875 0.091667
0 0.596250 0.655000 0.082500 0.088333
0 0.326562 0.639583 0.068125 0.070833
0 0.907500 0.610417 0.051250 0.070833
0 0.091875 0.615417 0.055000 0.080833
0 0.694063 0.590833 0.054375 0.075000
0 0.434375 0.587083 0.061250 0.077500
0 0.252812 0.592500 0.079375 0.091667
0 0.332813 0.592917 0.079375 0.107500
0 0.070625 0.550000 0.055000 0.056667
0 0.158750 0.545000 0.057500 0.071667
0 0.834063 0.537917 0.051875 0.079167
0 0.712187 0.519583 0.054375 0.069167
0 0.437500 0.507917 0.052500 0.074167
0 0.257500 0.507917 0.060000 0.079167
0 0.362812 0.492083 0.058125 0.084167
0 0.475000 0.465833 0.058750 0.060000
0 0.766250 0.477083 0.061250 0.087500
0 0.651875 0.473333 0.056250 0.083333
0 0.587500 0.440417 0.053750 0.067500
0 0.816562 0.434583 0.054375 0.072500
0 0.521875 0.415833 0.053750 0.078333
0 0.724688 0.410417 0.051875 0.070833
0 0.190625 0.402917 0.060000 0.055833
0 0.633750 0.397083 0.053750 0.077500
0 0.807500 0.365000 0.060000 0.078333
0 0.686875 0.360417 0.063750 0.074167
0 0.120000 0.361250 0.065000 0.075833
0 0.025000 0.360833 0.050000 0.075000
0 0.939688 0.354583 0.059375 0.069167
0 0.383125 0.331250 0.052500 0.069167
0 0.717812 0.327917 0.058125 0.074167
0 0.861563 0.314167 0.053125 0.085000
0 0.946250 0.289583 0.057500 0.054167
0 0.743437 0.270833 0.059375 0.076667
0 0.531250 0.265833 0.067500 0.078333
0 0.119375 0.273333 0.062500 0.096667
0 0.241875 0.244167 0.061250 0.068333
0 0.636875 0.241250 0.068750 0.065833
0 0.172187 0.249167 0.054375 0.085000
0 0.371875 0.241667 0.050000 0.071667
0 0.883125 0.236667 0.051250 0.071667
0 0.090000 0.241667 0.078750 0.101667
0 0.420312 0.249583 0.068125 0.119167
0 0.043750 0.212917 0.048750 0.065833
0 0.706562 0.208333 0.059375 0.078333
0 0.316250 0.219167 0.081250 0.123333
0 0.236250 0.180833 0.050000 0.058333
0 0.142813 0.177500 0.061875 0.073333
0 0.448750 0.181250 0.080000 0.085833
0 0.365938 0.153750 0.048125 0.069167
0 0.886563 0.123333 0.048125 0.071667
0 0.076563 0.117083 0.056875 0.075833
0 0.021250 0.111667 0.042500 0.066667
0 0.481563 0.122083 0.070625 0.089167
0 0.789687 0.115000 0.061875 0.080000
0 0.182188 0.112500 0.060625 0.075000
0 0.843125 0.112500 0.038750 0.081667
0 0.982500 0.087083 0.035000 0.069167
0 0.137500 0.085417 0.043750 0.072500
0 0.591250 0.070000 0.055000 0.070000
0 0.101875 0.061250 0.042500 0.090833
0 0.486250 0.040417 0.055000 0.072500
0 0.545625 0.030417 0.045000 0.060833
0 0.386562 0.024167 0.056875 0.048333
0 0.215312 0.017917 0.046875 0.035833
0 0.168750 0.044167 0.055000 0.088333
0 0.046250 0.046667 0.072500 0.093333