0 0.374375 0.975000 0.058750 0.050000
0 0.764375 0.970000 0.072500 0.060000
0 0.922188 0.963333 0.073125 0.068333
0 0.455625 0.957500 0.111250 0.085000
0 0.644687 0.935000 0.063125 0.090000
0 0.783750 0.923750 0.068750 0.070833
0 0.062500 0.935417 0.056250 0.095833
0 0.307500 0.943333 0.092500 0.113333
0 0.915625 0.923750 0.096250 0.085833
0 0.116875 0.917500 0.063750 0.093333
0 0.550000 0.906667 0.060000 0.093333
0 0.836562 0.905000 0.065625 0.108333
0 0.692187 0.891250 0.073125 0.084167
0 0.620938 0.890417 0.066875 0.087500
0 0.233750 0.869583 0.082500 0.077500
0 0.472187 0.864583 0.089375 0.094167
0 0.305000 0.853750 0.075000 0.097500
0 0.767188 0.834167 0.075625 0.068333
0 0.088125 0.830417 0.078750 0.087500
0 0.443125 0.825417 0.063750 0.085833
0 0.542500 0.816667 0.063750 0.081667
0 0.400625 0.820833 0.065000 0.100000
0 0.614688 0.812083 0.069375 0.090833
0 0.240937 0.807500 0.113125 0.091667
0 0.365000 0.804167 0.077500 0.111667
0 0.660000 0.783750 0.066250 0.077500
0 0.888125 0.739583 0.082500 0.054167
0 0.463750 0.745833 0.080000 0.068333
0 0.232187 0.727500 0.060625 0.116667
0 0.874687 0.677917 0.045625 0.070833
0 0.602812 0.682917 0.065625 0.092500
0 0.154688 0.705417 0.098125 0.144167
0 0.957187 0.669167 0.085625 0.073333
0 0.501250 0.657917 0.082500 0.085833
0 0.819063 0.626250 0.066875 0.082500
0 0.256563 0.610417 0.110625 0.079167
0 0.116562 0.607917 0.086875 0.095833
0 0.068125 0.584167 0.088750 0.076667
0 0.888437 0.582500 0.069375 0.110000
0 0.272188 0.560417 0.069375 0.075833
0 0.599375 0.562083 0.092500 0.080833
0 0.826562 0.557083 0.083125 0.074167
0 0.548750 0.532500 0.076250 0.071667
0 0.081250 0.517917 0.082500 0.069167
0 0.231875 0.510000 0.083750 0.088333
0 0.823750 0.503333 0.092500 0.096667
0 0.661875 0.472917 0.098750 0.069167
0 0.746875 0.487083 0.053750 0.115833
0 0.117813 0.451250 0.076875 0.095833
0 0.154688 0.438750 0.049375 0.077500
0 0.753750 0.401667 0.075000 0.091667
0 0.031563 0.385417 0.063125 0.107500
0 0.329375 0.366250 0.081250 0.077500
0 0.475000 0.389583 0.070000 0.125833
0 0.554688 0.361250 0.073125 0.084167
0 0.880938 0.328750 0.074375 0.072500
0 0.607812 0.315000 0.063125 0.088333
0 0.677813 0.271250 0.058125 0.082500
0 0.786250 0.236667 0.073750 0.086667
0 0.460313 0.250417 0.064375 0.142500
0 0.414062 0.242917 0.050625 0.134167
0 0.656250 0.220417 0.060000 0.102500
0 0.595938 0.215417 0.058125 0.105833
0 0.029687 0.205417 0.059375 0.089167
0 0.750000 0.190833 0.075000 0.086667
0 0.270625 0.174167 0.100000 0.078333
0 0.881250 0.147083 0.072500 0.094167
0 0.349687 0.134167 0.066875 0.105000
0 0.871875 0.091667 0.092500 0.075000
0 0.122500 0.092083 0.078750 0.084167
0 0.887500 0.037917 0.073750 0.075833
0 0.839063 0.032500 0.061875 0.065000
0 0.742500 0.028750 0.060000 0.057500
0 0.684375 0.023750 0.053750 0.047500
0 0.630313 0.047500 0.063125 0.095000
0 0.403750 0.047917 0.067500 0.095833
0 0.063437 0.026667 0.076875 0.053333