0 0.117188 0.982083 0.050625 0.035833
0 0.192500 0.930833 0.058750 0.090000
0 0.733750 0.909167 0.063750 0.086667
0 0.460625 0.899167 0.060000 0.093333
0 0.903750 0.895000 0.056250 0.101667
0 0.320625 0.853333 0.072500 0.088333
0 0.166250 0.845000 0.058750 0.098333
0 0.105000 0.805833 0.076250 0.106667
0 0.341250 0.770000 0.068750 0.081667
0 0.636250 0.760833 0.073750 0.096667
0 0.072500 0.717500 0.063750 0.070000
0 0.320000 0.637500 0.056250 0.090000
0 0.136250 0.616250 0.061250 0.077500
0 0.053125 0.593333 0.060000 0.078333
0 0.558125 0.522500 0.067500 0.093333
0 0.922500 0.497500 0.068750 0.090000
0 0.373750 0.405833 0.063750 0.076667
0 0.936875 0.398333 0.060000 0.090000
0 0.679688 0.345417 0.054375 0.070833
0 0.080000 0.353750 0.058750 0.094167
0 0.742500 0.347500 0.061250 0.096667
0 0.613125 0.333333 0.065000 0.088333
0 0.346875 0.316667 0.055000 0.085000
0 0.985938 0.313750 0.028125 0.090833
0 0.030000 0.323333 0.060000 0.126667
0 0.685000 0.276667 0.066250 0.071667
0 0.885312 0.276250 0.048125 0.112500
0 0.828750 0.266667 0.058750 0.095000
0 0.632500 0.240833 0.053750 0.093333
0 0.127500 0.228750 0.070000 0.084167
0 0.716250 0.227500 0.066250 0.083333
0 0.586562 0.208750 0.064375 0.095833
0 0.315000 0.189167 0.062500 0.076667
0 0.050000 0.190833 0.053750 0.083333
0 0.130000 0.150000 0.058750 0.081667
0 0.573750 0.137917 0.068750 0.084167
0 0.982187 0.120833 0.035625 0.080000
0 0.909375 0.116667 0.067500 0.101667
0 0.850000 0.100000 0.048750 0.088333
0 0.014687 0.095000 0.029375 0.085000
0 0.931250 0.024583 0.058750 0.049167
0 0.390000 0.032917 0.058750 0.065833
0 0.325000 0.026250 0.056250 0.052500
0 0.149688 0.015417 0.060625 0.030833
0 0.083750 0.030417 0.058750 0.060833