0 0.964688 0.980833 0.070625 0.038333
0 0.864688 0.927917 0.080625 0.089167
0 0.054375 0.904167 0.065000 0.093333
0 0.784687 0.898333 0.080625 0.093333
0 0.282187 0.872500 0.081875 0.078333
0 0.116250 0.880000 0.073750 0.095000
0 0.972500 0.832917 0.055000 0.087500
0 0.157812 0.822083 0.098125 0.077500
0 0.753750 0.801250 0.082500 0.080833
0 0.975625 0.737083 0.048750 0.087500
0 0.333750 0.702500 0.066250 0.085000
0 0.254375 0.702083 0.078750 0.090833
0 0.536563 0.648333 0.074375 0.095000
0 0.925000 0.630833 0.097500 0.088333
0 0.847812 0.625833 0.075625 0.101667
0 0.932500 0.582083 0.102500 0.070833
0 0.155625 0.579583 0.077500 0.080833
0 0.622188 0.586667 0.081875 0.100000
0 0.819063 0.527917 0.066875 0.079167
0 0.926562 0.507917 0.079375 0.075833
0 0.744062 0.504167 0.084375 0.080000
0 0.491250 0.505000 0.072500 0.088333
0 0.654375 0.493750 0.075000 0.087500
0 0.973437 0.437083 0.053125 0.087500
0 0.147187 0.431250 0.068125 0.079167
0 0.364063 0.383750 0.074375 0.094167
0 0.893750 0.379583 0.065000 0.090833
0 0.958438 0.386667 0.066875 0.106667
0 0.147500 0.358750 0.073750 0.062500
0 0.730313 0.357917 0.078125 0.087500
0 0.928750 0.303333 0.083750 0.075000
0 0.347187 0.297083 0.066875 0.074167
0 0.530312 0.293750 0.070625 0.099167
0 0.466875 0.276667 0.053750 0.081667
0 0.741563 0.272083 0.070625 0.090833
0 0.410938 0.253750 0.071875 0.080833
0 0.240937 0.227500 0.075625 0.098333
0 0.911875 0.217917 0.093750 0.082500
0 0.780312 0.214167 0.074375 0.083333
0 0.641250 0.200000 0.083750 0.083333
0 0.031875 0.160833 0.063750 0.088333
0 0.802813 0.152917 0.084375 0.082500
0 0.726250 0.117917 0.076250 0.092500
0 0.451250 0.115833 0.072500 0.091667
0 0.189062 0.082083 0.080625 0.085833
0 0.313125 0.050000 0.086250 0.086667
0 0.487812 0.046667 0.076875 0.083333
0 0.884375 0.041667 0.072500 0.083333
0 0.232813 0.014583 0.071875 0.029167
0 0.099375 0.036667 0.091250 0.073333
0 0.061875 0.026667 0.076250 0.053333