0 0.151250 0.977500 0.065000 0.045000
0 0.032500 0.968333 0.065000 0.063333
0 0.946875 0.957083 0.080000 0.085833
0 0.714375 0.954583 0.076250 0.090833
0 0.307500 0.923333 0.112500 0.108333
0 0.424375 0.898333 0.081250 0.095000
0 0.930625 0.867500 0.077500 0.101667
0 0.399062 0.831250 0.080625 0.072500
0 0.524687 0.799583 0.068125 0.102500
0 0.389688 0.763333 0.130625 0.081667
0 0.267813 0.748333 0.074375 0.095000
0 0.212500 0.730833 0.072500 0.115000
0 0.115937 0.697083 0.089375 0.082500
0 0.967812 0.663333 0.064375 0.090000
0 0.025937 0.634167 0.051875 0.100000
0 0.585000 0.568750 0.071250 0.087500
0 0.655625 0.547083 0.085000 0.097500
0 0.130312 0.535417 0.070625 0.095833
0 0.740938 0.530833 0.116875 0.120000
0 0.739688 0.448750 0.083125 0.089167
0 0.303125 0.423750 0.081250 0.100833
0 0.124063 0.424167 0.078125 0.110000
0 0.786875 0.387500 0.082500 0.108333
0 0.939063 0.337917 0.080625 0.102500
0 0.315000 0.289583 0.073750 0.092500
0 0.461875 0.292083 0.070000 0.104167
0 0.866563 0.265000 0.076875 0.093333
0 0.188125 0.247917 0.082500 0.094167
0 0.259688 0.246250 0.076875 0.105833
0 0.573750 0.241250 0.071250 0.102500
0 0.923438 0.238333 0.114375 0.103333
0 0.090625 0.167083 0.068750 0.090833
0 0.594375 0.169167 0.076250 0.100000
0 0.833750 0.170417 0.096250 0.107500
0 0.658125 0.127917 0.110000 0.132500
0 0.331875 0.093750 0.085000 0.104167
0 0.722812 0.093333 0.070625 0.128333
0 0.897188 0.079167 0.075625 0.115000
0 0.401250 0.046250 0.072500 0.092500
0 0.265937 0.027083 0.080625 0.054167
0 0.060312 0.024583 0.080625 0.049167