0 0.270000 0.961250 0.063750 0.077500
0 0.971875 0.957917 0.056250 0.084167
0 0.640938 0.948333 0.076875 0.103333
0 0.425000 0.915833 0.065000 0.101667
0 0.125312 0.899583 0.066875 0.080833
0 0.742812 0.794583 0.071875 0.097500
0 0.833438 0.777083 0.075625 0.092500
0 0.335313 0.740000 0.065625 0.091667
0 0.428125 0.725417 0.062500 0.090833
0 0.220000 0.728333 0.072500 0.098333
0 0.118750 0.653750 0.062500 0.095833
0 0.530625 0.642917 0.065000 0.092500
0 0.760000 0.629167 0.073750 0.093333
0 0.845625 0.638750 0.061250 0.117500
0 0.429688 0.554583 0.055625 0.104167
0 0.520312 0.535417 0.063125 0.094167
0 0.632500 0.521667 0.063750 0.083333
0 0.574688 0.497083 0.059375 0.094167
0 0.483125 0.486667 0.098750 0.105000
0 0.967812 0.464583 0.064375 0.090833
0 0.689375 0.437917 0.085000 0.090833
0 0.353438 0.420417 0.070625 0.099167
0 0.646250 0.402500 0.096250 0.096667
0 0.449375 0.386250 0.068750 0.084167
0 0.226250 0.388333 0.062500 0.093333
0 0.813438 0.375000 0.065625 0.083333
0 0.070000 0.374583 0.061250 0.097500
0 0.606250 0.383333 0.076250 0.120000
0 0.561250 0.318750 0.067500 0.097500
0 0.446250 0.305833 0.071250 0.081667
0 0.866563 0.299167 0.061875 0.080000
0 0.793438 0.300417 0.061875 0.090833
0 0.081562 0.284167 0.069375 0.078333
0 0.697812 0.257917 0.063125 0.090833
0 0.475313 0.234167 0.064375 0.095000
0 0.918125 0.235000 0.088750 0.111667
0 0.821250 0.221250 0.065000 0.085833
0 0.576250 0.212917 0.063750 0.085833
0 0.530312 0.131250 0.066875 0.089167
0 0.980625 0.076667 0.038750 0.078333
0 0.238125 0.099583 0.082500 0.125833
0 0.889062 0.038750 0.068125 0.077500
0 0.584688 0.042083 0.068125 0.084167
0 0.379688 0.030833 0.058125 0.061667