0 0.125938 0.981667 0.086875 0.036667
0 0.394688 0.975000 0.093125 0.050000
0 0.611563 0.974583 0.074375 0.050833
0 0.891875 0.970417 0.087500 0.059167
0 0.672813 0.961250 0.061875 0.077500
0 0.142187 0.922917 0.073125 0.059167
0 0.421875 0.931250 0.077500 0.077500
0 0.215938 0.932917 0.069375 0.089167
0 0.802813 0.925417 0.076875 0.089167
0 0.515000 0.928333 0.077500 0.095000
0 0.358750 0.909167 0.068750 0.090000
0 0.019688 0.914583 0.039375 0.100833
0 0.967812 0.901667 0.064375 0.091667
0 0.145937 0.869167 0.091875 0.061667
0 0.549687 0.876667 0.075625 0.093333
0 0.760938 0.876250 0.076875 0.094167
0 0.304688 0.862500 0.071875 0.080000
0 0.253125 0.847917 0.060000 0.077500
0 0.425938 0.845833 0.069375 0.083333
0 0.690625 0.845000 0.061250 0.083333
0 0.530000 0.831250 0.105000 0.072500
0 0.174375 0.828750 0.076250 0.079167
0 0.936250 0.829167 0.062500 0.085000
0 0.640000 0.835833 0.061250 0.103333
0 0.872812 0.824583 0.061875 0.087500
0 0.748437 0.791667 0.065625 0.088333
0 0.207187 0.769583 0.074375 0.079167
0 0.049063 0.777917 0.054375 0.099167
0 0.450937 0.764583 0.096875 0.080833
0 0.287187 0.767083 0.071875 0.092500
0 0.691562 0.756667 0.068125 0.088333
0 0.936875 0.740000 0.062500 0.070000
0 0.099062 0.739583 0.088125 0.094167
0 0.405938 0.726250 0.080625 0.080833
0 0.664375 0.719167 0.066250 0.078333
0 0.796562 0.717917 0.065625 0.084167
0 0.185312 0.701250 0.076875 0.082500
0 0.915000 0.704583 0.067500 0.102500
0 0.854062 0.696250 0.053125 0.085833
0 0.344687 0.688333 0.060625 0.081667
0 0.253437 0.674167 0.059375 0.101667
0 0.725625 0.667083 0.066250 0.100833
0 0.189688 0.643333 0.081875 0.065000
0 0.623125 0.650833 0.070000 0.083333
0 0.120313 0.656667 0.070625 0.098333
0 0.066250 0.647917 0.068750 0.092500
0 0.369375 0.640417 0.068750 0.080833
0 0.419375 0.632917 0.070000 0.082500
0 0.291875 0.637917 0.070000 0.104167
0 0.797500 0.612917 0.077500 0.082500
0 0.445937 0.591250 0.081875 0.075833
0 0.270313 0.583750 0.070625 0.077500
0 0.371250 0.580417 0.066250 0.079167
0 0.616563 0.561250 0.069375 0.084167
0 0.455937 0.548750 0.090625 0.074167
0 0.794063 0.537500 0.076875 0.075000
0 0.209375 0.511667 0.057500 0.080000
0 0.533125 0.520417 0.073750 0.100833
0 0.079375 0.497083 0.082500 0.067500
0 0.363750 0.499167 0.063750 0.080000
0 0.151875 0.497083 0.057500 0.084167
0 0.602500 0.480417 0.072500 0.067500
0 0.432500 0.475417 0.085000 0.060833
0 0.688125 0.460833 0.075000 0.083333
0 0.910937 0.448750 0.080625 0.060833
0 0.097500 0.438333 0.055000 0.078333
0 0.041875 0.426667 0.063750 0.085000
0 0.835000 0.420417 0.063750 0.077500
0 0.490312 0.417917 0.083125 0.079167
0 0.407187 0.411250 0.088125 0.069167
0 0.898438 0.394167 0.084375 0.056667
0 0.710000 0.390417 0.067500 0.084167
0 0.978750 0.379167 0.042500 0.098333
0 0.472500 0.354167 0.102500 0.071667
0 0.849375 0.355417 0.078750 0.084167
0 0.098750 0.352083 0.090000 0.080833
0 0.921250 0.349167 0.075000 0.103333
0 0.170937 0.329583 0.070625 0.095833
0 0.790937 0.297083 0.065625 0.079167
0 0.489063 0.290000 0.080625 0.098333
0 0.436875 0.285417 0.047500 0.092500
0 0.546250 0.280000 0.076250 0.106667
0 0.845313 0.258333 0.071875 0.083333
0 0.096562 0.258333 0.118125 0.101667
0 0.396562 0.250000 0.065625 0.100000
0 0.810312 0.225833 0.103125 0.075000
0 0.894687 0.216250 0.066875 0.092500
0 0.638437 0.213750 0.071875 0.090833
0 0.712500 0.218333 0.063750 0.101667
0 0.171875 0.200417 0.062500 0.090833
0 0.344062 0.197917 0.063125 0.089167
0 0.081250 0.190000 0.060000 0.080000
0 0.802188 0.169167 0.076875 0.043333
0 0.971562 0.186250 0.056875 0.095833
0 0.045000 0.173750 0.061250 0.099167
0 0.810625 0.132917 0.095000 0.062500
0 0.654062 0.140000 0.073125 0.083333
0 0.957187 0.115417 0.068125 0.074167
0 0.476250 0.121250 0.078750 0.085833
0 0.143125 0.084583 0.066250 0.085833
0 0.085000 0.076250 0.060000 0.082500
0 0.693125 0.073750 0.083750 0.087500
0 0.029687 0.055833 0.059375 0.088333
0 0.469375 0.045833 0.068750 0.080000
0 0.828750 0.062917 0.091250 0.122500
0 0.893750 0.035000 0.102500 0.070000
0 0.673750 0.024583 0.077500 0.049167
0 0.291875 0.034583 0.070000 0.069167