0 0.438125 0.977083 0.060000 0.045833
0 0.982187 0.972917 0.035625 0.054167
0 0.344375 0.968750 0.047500 0.062500
0 0.222500 0.960000 0.051250 0.078333
0 0.788125 0.958750 0.067500 0.082500
0 0.022187 0.945833 0.044375 0.083333
0 0.867500 0.942083 0.056250 0.082500
0 0.346250 0.899583 0.065000 0.087500
0 0.596250 0.888333 0.061250 0.081667
0 0.200625 0.883333 0.062500 0.075000
0 0.466875 0.879167 0.067500 0.100000
0 0.274687 0.860000 0.063125 0.083333
0 0.322188 0.840417 0.054375 0.089167
0 0.488750 0.795833 0.048750 0.073333
0 0.435000 0.804167 0.057500 0.098333
0 0.987187 0.792083 0.025625 0.084167
0 0.068125 0.766667 0.055000 0.075000
0 0.389375 0.775833 0.052500 0.103333
0 0.132812 0.759167 0.066875 0.085000
0 0.915625 0.750000 0.060000 0.071667
0 0.657500 0.752500 0.061250 0.080000
0 0.550000 0.735000 0.046250 0.065000
0 0.259375 0.731667 0.055000 0.081667
0 0.600000 0.715833 0.058750 0.083333
0 0.211875 0.709167 0.058750 0.085000
0 0.730625 0.678333 0.067500 0.085000
0 0.123438 0.676250 0.061875 0.090833
0 0.083125 0.652083 0.066250 0.097500
0 0.170937 0.645000 0.064375 0.091667
0 0.321875 0.641667 0.072500 0.088333
0 0.743750 0.593333 0.068750 0.081667
0 0.779375 0.535833 0.052500 0.080000
0 0.068750 0.530000 0.038750 0.081667
0 0.291250 0.524167 0.061250 0.083333
0 0.538125 0.513333 0.062500 0.088333
0 0.175000 0.487500 0.088750 0.103333
0 0.368437 0.451250 0.063125 0.074167
0 0.580000 0.452500 0.063750 0.080000
0 0.411250 0.420833 0.058750 0.070000
0 0.221562 0.391667 0.070625 0.133333
0 0.387188 0.355000 0.074375 0.071667
0 0.623125 0.353750 0.052500 0.077500
0 0.835625 0.375000 0.067500 0.121667
0 0.279687 0.367083 0.074375 0.117500
0 0.772500 0.322500 0.058750 0.080000
0 0.389375 0.296667 0.077500 0.065000
0 0.102500 0.299167 0.048750 0.080000
0 0.219062 0.287500 0.059375 0.081667
0 0.030937 0.301667 0.061875 0.115000
0 0.700625 0.284167 0.075000 0.083333
0 0.876563 0.279583 0.064375 0.077500
0 0.282500 0.273333 0.067500 0.073333
0 0.626250 0.273333 0.066250 0.085000
0 0.158750 0.275833 0.055000 0.095000
0 0.353125 0.250833 0.062500 0.090000
0 0.943750 0.222500 0.061250 0.086667
0 0.320312 0.215417 0.060625 0.097500
0 0.123750 0.194167 0.066250 0.086667
0 0.898750 0.178333 0.065000 0.083333
0 0.015938 0.179167 0.031875 0.103333
0 0.375625 0.111667 0.060000 0.078333
0 0.762500 0.110833 0.053750 0.083333
0 0.865313 0.103333 0.050625 0.091667
0 0.313750 0.087500 0.061250 0.060000
0 0.091250 0.085000 0.051250 0.091667
0 0.448125 0.069167 0.047500 0.070000
0 0.549687 0.060833 0.051875 0.070000
0 0.146875 0.059167 0.057500 0.073333
0 0.814375 0.060833 0.057500 0.080000
0 0.498437 0.050833 0.046875 0.086667
0 0.754062 0.014583 0.055625 0.029167
0 0.628125 0.044583 0.055000 0.089167
0 0.428438 0.015417 0.053125 0.030833