0 0.196563 0.981250 0.068125 0.037500
0 0.076563 0.977917 0.063125 0.044167
0 0.662813 0.954167 0.065625 0.091667
0 0.162188 0.945417 0.053125 0.094167
0 0.281250 0.938333 0.067500 0.086667
0 0.102188 0.945417 0.069375 0.109167
0 0.477500 0.895000 0.062500 0.091667
0 0.360938 0.881667 0.063125 0.085000
0 0.058125 0.879167 0.068750 0.091667
0 0.781875 0.883750 0.065000 0.107500
0 0.536875 0.869167 0.061250 0.090000
0 0.723125 0.867500 0.060000 0.105000
0 0.221875 0.848333 0.055000 0.098333
0 0.680312 0.840000 0.066875 0.098333
0 0.609062 0.839583 0.099375 0.119167
0 0.654062 0.801667 0.068125 0.103333
0 0.364375 0.805833 0.088750 0.111667
0 0.950000 0.791250 0.066250 0.104167
0 0.833750 0.795000 0.066250 0.113333
0 0.719688 0.769167 0.065625 0.093333
0 0.971875 0.755417 0.056250 0.072500
0 0.209063 0.751667 0.071875 0.095000
0 0.547500 0.741250 0.078750 0.077500
0 0.279687 0.743750 0.066875 0.090833
0 0.889687 0.759167 0.058125 0.135000
0 0.464687 0.726667 0.065625 0.093333
0 0.638750 0.718750 0.067500 0.090833
0 0.394375 0.700833 0.071250 0.106667
0 0.850938 0.695833 0.065625 0.098333
0 0.311563 0.686667 0.064375 0.100000
0 0.969375 0.675000 0.061250 0.083333
0 0.540625 0.675417 0.066250 0.095833
0 0.224688 0.670417 0.073125 0.100833
0 0.247188 0.649583 0.059375 0.079167
0 0.441875 0.653333 0.070000 0.091667
0 0.593125 0.607083 0.071250 0.087500
0 0.761250 0.577083 0.072500 0.080833
0 0.025000 0.546667 0.050000 0.096667
0 0.517813 0.542917 0.070625 0.099167
0 0.106563 0.578750 0.050625 0.172500
0 0.061250 0.528333 0.061250 0.091667
0 0.905000 0.526667 0.071250 0.095000
0 0.469062 0.508750 0.059375 0.092500
0 0.811875 0.509167 0.072500 0.098333
0 0.688750 0.470417 0.087500 0.079167
0 0.177187 0.475833 0.070625 0.093333
0 0.647188 0.487500 0.073125 0.126667
0 0.267500 0.459167 0.071250 0.093333
0 0.110625 0.454167 0.072500 0.115000
0 0.796875 0.431250 0.075000 0.074167
0 0.885625 0.421250 0.067500 0.082500
0 0.585938 0.430833 0.065625 0.106667
0 0.460000 0.417917 0.073750 0.089167
0 0.707500 0.409583 0.070000 0.082500
0 0.959063 0.408750 0.074375 0.082500
0 0.315000 0.401250 0.056250 0.070833
0 0.377500 0.395417 0.060000 0.079167
0 0.833125 0.387917 0.060000 0.092500
0 0.499375 0.383333 0.058750 0.138333
0 0.788125 0.349167 0.066250 0.088333
0 0.866875 0.343750 0.062500 0.087500
0 0.111250 0.353333 0.065000 0.111667
0 0.910625 0.331667 0.062500 0.085000
0 0.049688 0.330000 0.061875 0.101667
0 0.690937 0.325000 0.076875 0.095000
0 0.434063 0.321250 0.055625 0.104167
0 0.225938 0.316250 0.064375 0.107500
0 0.851562 0.287500 0.069375 0.088333
0 0.448125 0.263333 0.062500 0.096667
0 0.513125 0.220417 0.068750 0.099167
0 0.370312 0.220000 0.068125 0.101667
0 0.930312 0.216667 0.069375 0.098333
0 0.694375 0.196667 0.066250 0.091667
0 0.030000 0.205833 0.060000 0.110000
0 0.801250 0.192500 0.071250 0.095000
0 0.145000 0.137500 0.066250 0.088333
0 0.348125 0.135833 0.067500 0.093333
0 0.554688 0.122917 0.069375 0.092500
0 0.867500 0.108750 0.077500 0.080833
0 0.795312 0.107917 0.066875 0.087500
0 0.585938 0.102083 0.055625 0.095833
0 0.029687 0.095833 0.059375 0.095000
0 0.708750 0.080000 0.067500 0.088333
0 0.159062 0.075000 0.054375 0.078333
0 0.639062 0.066250 0.060625 0.100833
0 0.975625 0.027917 0.048750 0.055833
0 0.942500 0.057500 0.055000 0.115000
0 0.852187 0.032917 0.053125 0.065833
0 0.773125 0.042500 0.085000 0.085000
0 0.530625 0.039583 0.066250 0.079167
0 0.365312 0.040833 0.085625 0.081667
0 0.200000 0.040833 0.070000 0.081667
0 0.136875 0.024167 0.065000 0.048333
0 0.068125 0.043750 0.083750 0.087500