0 0.618125 0.970417 0.066250 0.059167
0 0.975625 0.949583 0.048750 0.095833
0 0.461250 0.865833 0.068750 0.086667
0 0.403125 0.872500 0.066250 0.125000
0 0.102500 0.789583 0.072500 0.112500
0 0.612187 0.774583 0.064375 0.094167
0 0.427500 0.752917 0.061250 0.077500
0 0.675625 0.687917 0.071250 0.089167
0 0.335625 0.674167 0.062500 0.088333
0 0.537813 0.676250 0.066875 0.094167
0 0.820625 0.610417 0.073750 0.064167
0 0.360000 0.605000 0.090000 0.076667
0 0.665625 0.610417 0.065000 0.089167
0 0.456562 0.604583 0.073125 0.092500
0 0.751563 0.586667 0.058125 0.076667
0 0.543438 0.588333 0.053125 0.106667
0 0.896875 0.582917 0.068750 0.109167
0 0.295312 0.556667 0.060625 0.115000
0 0.823750 0.544167 0.067500 0.095000
0 0.715313 0.541667 0.086875 0.103333
0 0.754375 0.512917 0.037500 0.054167
0 0.387500 0.523750 0.078750 0.102500
0 0.465000 0.507083 0.061250 0.095833
0 0.033750 0.495000 0.067500 0.093333
0 0.787188 0.490000 0.043125 0.100000
0 0.730938 0.463750 0.084375 0.065833
0 0.871875 0.470417 0.060000 0.105833
0 0.200625 0.457917 0.072500 0.090833
0 0.344062 0.437917 0.070625 0.084167
0 0.608125 0.433333 0.078750 0.090000
0 0.671562 0.415417 0.083125 0.085833
0 0.530937 0.421250 0.079375 0.104167
0 0.729062 0.402917 0.069375 0.080833
0 0.885312 0.347500 0.073125 0.103333
0 0.757812 0.323750 0.074375 0.080833
0 0.670000 0.324583 0.075000 0.099167
0 0.128438 0.321667 0.078125 0.093333
0 0.633750 0.311667 0.097500 0.081667
0 0.773125 0.272500 0.078750 0.085000
0 0.907500 0.272500 0.067500 0.103333
0 0.614688 0.258333 0.096875 0.080000
0 0.985938 0.266250 0.028125 0.107500
0 0.949375 0.259583 0.053750 0.135833
0 0.791875 0.156250 0.077500 0.114167
0 0.886250 0.115833 0.075000 0.076667
0 0.153125 0.124167 0.077500 0.100000
0 0.068437 0.097500 0.069375 0.085000
0 0.965938 0.100833 0.068125 0.093333
0 0.568438 0.095000 0.075625 0.083333
0 0.632812 0.087917 0.061875 0.110833
0 0.987187 0.027500 0.025625 0.055000
0 0.930312 0.039583 0.071875 0.079167
0 0.853125 0.049167 0.068750 0.098333
0 0.526875 0.032083 0.071250 0.064167