0 0.866563 0.970417 0.070625 0.059167
0 0.564688 0.966250 0.071875 0.067500
0 0.221875 0.963333 0.068750 0.073333
0 0.414687 0.962500 0.070625 0.075000
0 0.077188 0.922917 0.066875 0.092500
0 0.226562 0.909167 0.068125 0.071667
0 0.024063 0.892083 0.048125 0.095833
0 0.434375 0.880000 0.072500 0.093333
0 0.580000 0.860000 0.072500 0.103333
0 0.778438 0.845417 0.061875 0.084167
0 0.260000 0.795000 0.070000 0.075000
0 0.425938 0.794167 0.069375 0.081667
0 0.216875 0.805000 0.057500 0.103333
0 0.345313 0.798750 0.049375 0.109167
0 0.509687 0.778333 0.061875 0.083333
0 0.262500 0.734167 0.076250 0.098333
0 0.820625 0.730417 0.068750 0.095833
0 0.412187 0.723333 0.065625 0.086667
0 0.562813 0.704583 0.064375 0.089167
0 0.190625 0.703750 0.065000 0.090833
0 0.359375 0.687083 0.068750 0.085833
0 0.635625 0.679167 0.060000 0.090000
0 0.449375 0.684167 0.067500 0.101667
0 0.028750 0.662500 0.057500 0.098333
0 0.869062 0.657083 0.068125 0.090833
0 0.270313 0.636250 0.070625 0.094167
0 0.934375 0.622500 0.077500 0.100000
0 0.075938 0.603333 0.069375 0.098333
0 0.679375 0.550833 0.068750 0.085000
0 0.834688 0.550417 0.066875 0.097500
0 0.240313 0.538750 0.065625 0.097500
0 0.477500 0.536250 0.076250 0.095833
0 0.770312 0.527083 0.069375 0.100833
0 0.181250 0.527917 0.068750 0.102500
0 0.113750 0.512083 0.070000 0.092500
0 0.505313 0.493750 0.069375 0.090833
0 0.823125 0.472917 0.067500 0.092500
0 0.874062 0.466667 0.050625 0.088333
0 0.550312 0.445833 0.070625 0.101667
0 0.476250 0.430417 0.063750 0.082500
0 0.771250 0.413750 0.075000 0.107500
0 0.290000 0.401250 0.066250 0.092500
0 0.366875 0.398333 0.075000 0.103333
0 0.120000 0.369583 0.100000 0.107500
0 0.610625 0.343333 0.063750 0.083333
0 0.952812 0.334167 0.073125 0.095000
0 0.198437 0.325833 0.071875 0.100000
0 0.853750 0.321667 0.070000 0.095000
0 0.269688 0.312083 0.073125 0.094167
0 0.078750 0.269167 0.063750 0.090000
0 0.495312 0.268333 0.085625 0.106667
0 0.633437 0.257083 0.073125 0.092500
0 0.561562 0.255000 0.064375 0.106667
0 0.775625 0.244583 0.071250 0.090833
0 0.296875 0.237500 0.061250 0.091667
0 0.404062 0.205417 0.063125 0.090833
0 0.115937 0.203333 0.108125 0.100000
0 0.718125 0.198333 0.041250 0.100000
0 0.652500 0.198750 0.092500 0.124167
0 0.763750 0.185000 0.052500 0.100000
0 0.027813 0.152917 0.055625 0.102500
0 0.952187 0.128750 0.081875 0.080833
0 0.528438 0.122917 0.069375 0.092500
0 0.111875 0.106667 0.090000 0.095000
0 0.462813 0.088750 0.070625 0.097500
0 0.962500 0.047500 0.075000 0.095000
0 0.594688 0.027083 0.064375 0.054167
0 0.147187 0.018333 0.059375 0.036667
0 0.024375 0.043750 0.048750 0.087500