0 0.185000 0.982917 0.053750 0.034167
0 0.511875 0.979583 0.083750 0.039167
0 0.371250 0.977083 0.068750 0.045833
0 0.820312 0.965417 0.089375 0.069167
0 0.456562 0.962917 0.051875 0.070833
0 0.898750 0.954167 0.053750 0.070000
0 0.960938 0.951667 0.054375 0.085000
0 0.600625 0.935417 0.050000 0.065833
0 0.422187 0.936667 0.051875 0.075000
0 0.783750 0.945417 0.075000 0.102500
0 0.256563 0.918750 0.053125 0.065833
0 0.505313 0.924167 0.063125 0.090000
0 0.370625 0.900833 0.055000 0.080000
0 0.051875 0.902500 0.055000 0.093333
0 0.316875 0.884167 0.055000 0.080000
0 0.548750 0.867500 0.056250 0.076667
0 0.607812 0.844167 0.056875 0.075000
0 0.074688 0.823333 0.063125 0.071667
0 0.761875 0.819167 0.061250 0.070000
0 0.385625 0.822500 0.060000 0.080000
0 0.187500 0.834167 0.078750 0.106667
0 0.818750 0.802500 0.063750 0.083333
0 0.446875 0.789167 0.060000 0.080000
0 0.138125 0.780833 0.062500 0.076667
0 0.769687 0.750000 0.061875 0.070000
0 0.082187 0.749167 0.060625 0.081667
0 0.866250 0.746667 0.056250 0.085000
0 0.517813 0.718750 0.065625 0.072500
0 0.933438 0.709167 0.061875 0.081667
0 0.318437 0.698750 0.053125 0.070833
0 0.180000 0.697500 0.063750 0.080000
0 0.057188 0.697500 0.073125 0.083333
0 0.759375 0.685000 0.050000 0.063333
0 0.710000 0.676667 0.057500 0.061667
0 0.574375 0.683333 0.062500 0.088333
0 0.483750 0.665000 0.060000 0.078333
0 0.885000 0.667083 0.061250 0.084167
0 0.220312 0.630000 0.063125 0.065000
0 0.110625 0.627917 0.052500 0.065833
0 0.719688 0.622083 0.049375 0.067500
0 0.978437 0.605833 0.043125 0.063333
0 0.457500 0.604167 0.057500 0.070000
0 0.224375 0.574167 0.057500 0.066667
0 0.933750 0.573333 0.046250 0.075000
0 0.283750 0.573333 0.063750 0.081667
0 0.431563 0.557917 0.053125 0.072500
0 0.760625 0.556667 0.057500 0.078333
0 0.474062 0.530833 0.053125 0.088333
0 0.018125 0.513750 0.036250 0.070833
0 0.868125 0.510833 0.062500 0.083333
0 0.979375 0.484167 0.041250 0.060000
0 0.617500 0.470417 0.055000 0.070833
0 0.423125 0.472917 0.060000 0.079167
0 0.786875 0.473750 0.062500 0.082500
0 0.510625 0.465000 0.067500 0.088333
0 0.843750 0.431667 0.062500 0.070000
0 0.340313 0.422917 0.069375 0.062500
0 0.402500 0.406250 0.053750 0.074167
0 0.210000 0.395000 0.066250 0.075000
0 0.826250 0.390417 0.052500 0.072500
0 0.071875 0.365833 0.065000 0.080000
0 0.365625 0.351667 0.050000 0.065000
0 0.300312 0.358750 0.064375 0.087500
0 0.500000 0.347500 0.063750 0.080000
0 0.668750 0.330833 0.058750 0.078333
0 0.243750 0.327500 0.056250 0.080000
0 0.565937 0.329167 0.063125 0.091667
0 0.027813 0.301250 0.055625 0.075833
0 0.887500 0.273333 0.056250 0.061667
0 0.668750 0.255833 0.061250 0.065000
0 0.445312 0.261667 0.059375 0.078333
0 0.192812 0.273333 0.079375 0.108333
0 0.598750 0.250833 0.056250 0.080000
0 0.031250 0.236250 0.061250 0.064167
0 0.979375 0.239167 0.041250 0.076667
0 0.378125 0.242500 0.067500 0.083333
0 0.293750 0.243333 0.066250 0.085000
0 0.529375 0.236667 0.060000 0.081667
0 0.910312 0.210833 0.076875 0.088333
0 0.795000 0.197500 0.063750 0.083333
0 0.040313 0.185417 0.064375 0.060833
0 0.949688 0.159167 0.068125 0.063333
0 0.175625 0.170833 0.067500 0.086667
0 0.313750 0.143333 0.061250 0.081667
0 0.373437 0.147500 0.055625 0.093333
0 0.428750 0.141250 0.056250 0.087500
0 0.222812 0.114167 0.078125 0.065000
0 0.973437 0.122083 0.053125 0.085833
0 0.043437 0.114583 0.069375 0.079167
0 0.665625 0.117500 0.065000 0.090000
0 0.861875 0.093750 0.111250 0.080833
0 0.725625 0.063333 0.082500 0.085000
0 0.213750 0.050417 0.067500 0.072500
0 0.966875 0.056667 0.056250 0.086667
0 0.838125 0.045000 0.083750 0.065000
0 0.703438 0.016667 0.064375 0.033333
0 0.639375 0.012917 0.045000 0.025833
0 0.580937 0.018750 0.053125 0.037500
0 0.459062 0.012917 0.053125 0.025833
0 0.292500 0.018750 0.051250 0.037500