0 0.935000 0.973750 0.055000 0.052500
0 0.160000 0.951250 0.061250 0.079167
0 0.744062 0.954167 0.064375 0.091667
0 0.887813 0.929583 0.065625 0.085833
0 0.964063 0.942083 0.071875 0.115833
0 0.309375 0.918333 0.072500 0.080000
0 0.774687 0.892083 0.059375 0.072500
0 0.212812 0.886250 0.061875 0.074167
0 0.260000 0.872917 0.055000 0.087500
0 0.930625 0.867083 0.066250 0.087500
0 0.846875 0.876667 0.073750 0.115000
0 0.647500 0.857917 0.067500 0.089167
0 0.113750 0.847083 0.102500 0.067500
0 0.314375 0.834167 0.066250 0.090000
0 0.031563 0.852500 0.061875 0.126667
0 0.565937 0.835000 0.093125 0.125000
0 0.194062 0.810833 0.066875 0.083333
0 0.091250 0.804167 0.065000 0.081667
0 0.750625 0.806250 0.065000 0.099167
0 0.944063 0.782917 0.054375 0.085833
0 0.895625 0.761667 0.051250 0.088333
0 0.762813 0.745417 0.066875 0.077500
0 0.532500 0.734167 0.070000 0.081667
0 0.331562 0.727083 0.068125 0.102500
0 0.239063 0.721250 0.080625 0.119167
0 0.957187 0.702083 0.064375 0.087500
0 0.840625 0.699583 0.091250 0.110833
0 0.041250 0.730833 0.082500 0.176667
0 0.732187 0.679167 0.064375 0.085000
0 0.099062 0.679583 0.051875 0.095833
0 0.551875 0.661250 0.060000 0.070833
0 0.931250 0.670833 0.091250 0.106667
0 0.233125 0.638333 0.062500 0.073333
0 0.817813 0.618750 0.054375 0.077500
0 0.139063 0.617083 0.070625 0.085833
0 0.512813 0.640833 0.069375 0.141667
0 0.775312 0.599583 0.066875 0.104167
0 0.341875 0.587917 0.092500 0.099167
0 0.162812 0.570000 0.074375 0.083333
0 0.665625 0.574583 0.067500 0.107500
0 0.247500 0.563750 0.072500 0.095833
0 0.959688 0.541667 0.063125 0.080000
0 0.847812 0.540000 0.063125 0.078333
0 0.612187 0.518333 0.066875 0.076667
0 0.186875 0.511667 0.065000 0.088333
0 0.318437 0.500833 0.066875 0.081667
0 0.082500 0.504583 0.072500 0.097500
0 0.250312 0.491667 0.066875 0.075000
0 0.706562 0.486250 0.059375 0.074167
0 0.136875 0.482083 0.050000 0.072500
0 0.805937 0.481250 0.058125 0.080833
0 0.881250 0.465417 0.073750 0.099167
0 0.763437 0.450417 0.054375 0.089167
0 0.355938 0.446667 0.078125 0.083333
0 0.026875 0.447500 0.053750 0.093333
0 0.851875 0.427083 0.053750 0.072500
0 0.181875 0.430833 0.072500 0.085000
0 0.622188 0.412917 0.063125 0.079167
0 0.487812 0.409167 0.063125 0.075000
0 0.796562 0.374583 0.068125 0.074167
0 0.339062 0.366667 0.074375 0.093333
0 0.470625 0.365000 0.065000 0.096667
0 0.603750 0.346250 0.082500 0.097500
0 0.531563 0.323333 0.061875 0.078333
0 0.030937 0.321250 0.061875 0.125833
0 0.774687 0.292083 0.075625 0.085833
0 0.574063 0.279167 0.054375 0.086667
0 0.321250 0.272917 0.062500 0.085833
0 0.227500 0.257500 0.108750 0.060000
0 0.623437 0.261250 0.046875 0.080833
0 0.542500 0.255833 0.063750 0.081667
0 0.145625 0.245833 0.050000 0.080000
0 0.707500 0.247083 0.062500 0.084167
0 0.306250 0.226250 0.060000 0.074167
0 0.493125 0.218333 0.057500 0.080000
0 0.655000 0.225000 0.071250 0.095000
0 0.805937 0.212917 0.065625 0.080833
0 0.377500 0.200000 0.066250 0.075000
0 0.239063 0.203333 0.064375 0.088333
0 0.957812 0.183750 0.074375 0.075833
0 0.528750 0.172500 0.063750 0.081667
0 0.437500 0.167083 0.060000 0.077500
0 0.620625 0.162917 0.060000 0.084167
0 0.291563 0.153333 0.060625 0.083333
0 0.142500 0.138750 0.066250 0.072500
0 0.797188 0.143750 0.061875 0.085833
0 0.198750 0.165417 0.075000 0.129167
0 0.345313 0.117917 0.061875 0.084167
0 0.464062 0.092917 0.065625 0.077500
0 0.651563 0.093750 0.069375 0.080833
0 0.533125 0.077500 0.071250 0.093333
0 0.027813 0.075417 0.055625 0.097500
0 0.390937 0.053750 0.056875 0.097500
0 0.446250 0.042083 0.057500 0.080833
0 0.650000 0.031667 0.065000 0.063333