0 0.204375 0.929167 0.076250 0.096667
0 0.915625 0.859167 0.077500 0.100000
0 0.234375 0.840417 0.078750 0.100833
0 0.363438 0.786250 0.101875 0.094167
0 0.822500 0.706250 0.076250 0.099167
0 0.260625 0.653333 0.087500 0.100000
0 0.048125 0.637917 0.081250 0.100833
0 0.164062 0.553333 0.090625 0.088333
0 0.057500 0.522500 0.078750 0.091667
0 0.640625 0.519583 0.073750 0.087500
0 0.573438 0.487917 0.105625 0.130833
0 0.664062 0.391250 0.073125 0.099167
0 0.032188 0.367917 0.064375 0.094167
0 0.587812 0.367500 0.078125 0.098333
0 0.279375 0.268750 0.073750 0.100833
0 0.040625 0.172917 0.081250 0.092500
0 0.668750 0.125000 0.071250 0.105000
0 0.235000 0.113333 0.081250 0.100000
0 0.148750 0.074167 0.088750 0.103333
0 0.303438 0.062083 0.076875 0.114167