0 0.935937 0.983750 0.054375 0.032500
0 0.863750 0.983750 0.057500 0.032500
0 0.058125 0.982083 0.061250 0.035833
0 0.644375 0.974583 0.057500 0.050833
0 0.280625 0.968750 0.066250 0.062500
0 0.790625 0.967083 0.053750 0.065833
0 0.391250 0.942917 0.052500 0.065833
0 0.888750 0.944167 0.060000 0.073333
0 0.051562 0.927917 0.049375 0.062500
0 0.335938 0.935000 0.051875 0.081667
0 0.525000 0.897500 0.050000 0.071667
0 0.728750 0.889167 0.065000 0.073333
0 0.665625 0.890833 0.050000 0.076667
0 0.196250 0.895833 0.050000 0.090000
0 0.013125 0.875833 0.026250 0.051667
0 0.614688 0.892917 0.059375 0.087500
0 0.984688 0.875417 0.030625 0.080833
0 0.829063 0.870000 0.064375 0.071667
0 0.128125 0.870833 0.066250 0.080000
0 0.352500 0.843333 0.067500 0.081667
0 0.710625 0.825000 0.066250 0.078333
0 0.029063 0.787500 0.058125 0.083333
0 0.411875 0.807917 0.123750 0.127500
0 0.544687 0.778750 0.058125 0.074167
0 0.662813 0.774583 0.056875 0.080833
0 0.154062 0.764167 0.073125 0.080000
0 0.975625 0.752500 0.048750 0.066667
0 0.444063 0.733333 0.055625 0.068333
0 0.755625 0.738750 0.056250 0.080833
0 0.049688 0.763333 0.099375 0.138333
0 0.609375 0.727500 0.063750 0.086667
0 0.902500 0.712500 0.065000 0.080000
0 0.098750 0.717083 0.057500 0.109167
0 0.300000 0.709167 0.077500 0.100000
0 0.498125 0.699167 0.056250 0.081667
0 0.560937 0.685000 0.054375 0.058333
0 0.712500 0.690833 0.075000 0.076667
0 0.832187 0.687917 0.063125 0.077500
0 0.231250 0.672917 0.062500 0.080833
0 0.032813 0.669167 0.065625 0.093333
0 0.414062 0.662083 0.058125 0.080833
0 0.156875 0.658750 0.068750 0.092500
0 0.855625 0.635417 0.053750 0.072500
0 0.973750 0.625833 0.052500 0.080000
0 0.070000 0.630000 0.071250 0.088333
0 0.481875 0.622083 0.063750 0.075833
0 0.274062 0.605417 0.070625 0.092500
0 0.687813 0.578333 0.068125 0.065000
0 0.918125 0.578333 0.053750 0.075000
0 0.065000 0.572917 0.095000 0.074167
0 0.625000 0.512500 0.060000 0.083333
0 0.465000 0.522917 0.082500 0.109167
0 0.211562 0.492083 0.053125 0.070833
0 0.350000 0.493750 0.052500 0.079167
0 0.561250 0.477083 0.055000 0.069167
0 0.381250 0.474167 0.045000 0.076667
0 0.102500 0.472917 0.065000 0.087500
0 0.301250 0.445833 0.060000 0.070000
0 0.440312 0.438333 0.064375 0.068333
0 0.674687 0.430833 0.061875 0.080000
0 0.890000 0.424167 0.072500 0.086667
0 0.135000 0.404167 0.057500 0.090000
0 0.729688 0.395000 0.068125 0.098333
0 0.263437 0.378333 0.058125 0.068333
0 0.594375 0.379583 0.053750 0.075833
0 0.461875 0.363750 0.056250 0.080833
0 0.198750 0.360000 0.062500 0.075000
0 0.510938 0.309583 0.050625 0.069167
0 0.049688 0.311667 0.059375 0.086667
0 0.639062 0.292917 0.083125 0.082500
0 0.865625 0.280417 0.046250 0.090833
0 0.013437 0.270000 0.026875 0.070000
0 0.930625 0.271667 0.056250 0.091667
0 0.681562 0.268333 0.068125 0.093333
0 0.735938 0.265417 0.040625 0.089167
0 0.976250 0.222083 0.047500 0.075833
0 0.626563 0.205833 0.049375 0.066667
0 0.218750 0.208333 0.065000 0.081667
0 0.771875 0.182500 0.056250 0.076667
0 0.115625 0.175833 0.056250 0.073333
0 0.051875 0.174167 0.066250 0.083333
0 0.685625 0.168750 0.061250 0.079167
0 0.453125 0.170000 0.061250 0.081667
0 0.510312 0.160417 0.045625 0.072500
0 0.588750 0.128750 0.062500 0.072500
0 0.261250 0.119167 0.055000 0.070000
0 0.965625 0.108333 0.058750 0.061667
0 0.857500 0.109167 0.055000 0.070000
0 0.318125 0.092500 0.068750 0.093333
0 0.673750 0.077500 0.045000 0.065000
0 0.094375 0.079167 0.063750 0.071667
0 0.233437 0.082917 0.065625 0.084167
0 0.365938 0.052500 0.049375 0.073333
0 0.915000 0.037083 0.055000 0.065833
0 0.739375 0.048333 0.063750 0.091667
0 0.205937 0.033333 0.059375 0.063333
0 0.857812 0.032500 0.043125 0.065000
0 0.813125 0.032083 0.041250 0.064167
0 0.626875 0.021667 0.053750 0.043333
0 0.404062 0.026250 0.046875 0.052500
0 0.147813 0.032083 0.050625 0.064167
0 0.062187 0.032500 0.055625 0.065000