0 0.610625 0.988750 0.055000 0.022500
0 0.205000 0.982917 0.076250 0.034167
0 0.131875 0.982083 0.055000 0.035833
0 0.856875 0.978750 0.057500 0.042500
0 0.361875 0.976667 0.055000 0.046667
0 0.281875 0.969583 0.047500 0.060833
0 0.518125 0.951667 0.062500 0.091667
0 0.959063 0.945417 0.050625 0.084167
0 0.777500 0.928333 0.053750 0.078333
0 0.625000 0.918333 0.056250 0.078333
0 0.889062 0.905000 0.054375 0.058333
0 0.317188 0.908750 0.061875 0.080833
0 0.128750 0.890417 0.055000 0.074167
0 0.180000 0.878750 0.056250 0.104167
0 0.468125 0.865833 0.066250 0.085000
0 0.369375 0.861250 0.061250 0.080833
0 0.919375 0.845000 0.055000 0.068333
0 0.292812 0.848333 0.058125 0.076667
0 0.125000 0.820000 0.061250 0.071667
0 0.428125 0.820000 0.065000 0.090000
0 0.383750 0.776667 0.067500 0.076667
0 0.646250 0.739583 0.061250 0.065833
0 0.555625 0.729167 0.077500 0.056667
0 0.758750 0.723333 0.058750 0.085000
0 0.357812 0.716250 0.060625 0.077500
0 0.208125 0.712500 0.042500 0.070000
0 0.894375 0.718333 0.066250 0.088333
0 0.263750 0.701667 0.056250 0.075000
0 0.857500 0.698333 0.065000 0.085000
0 0.419063 0.697500 0.061875 0.088333
0 0.093750 0.681667 0.076250 0.098333
0 0.988437 0.672917 0.023125 0.082500
0 0.596875 0.670000 0.065000 0.081667
0 0.355938 0.660417 0.063125 0.062500
0 0.946250 0.667083 0.057500 0.092500
0 0.758437 0.632083 0.058125 0.082500
0 0.688750 0.624167 0.073750 0.066667
0 0.493437 0.635833 0.046875 0.090000
0 0.813438 0.626250 0.059375 0.077500
0 0.870625 0.614167 0.057500 0.073333
0 0.063437 0.597500 0.074375 0.091667
0 0.343125 0.590833 0.073750 0.085000
0 0.150000 0.592083 0.066250 0.089167
0 0.218125 0.584583 0.055000 0.080833
0 0.768125 0.557917 0.062500 0.075833
0 0.949063 0.547500 0.063125 0.083333
0 0.032500 0.529167 0.058750 0.073333
0 0.118750 0.520833 0.061250 0.073333
0 0.524375 0.517083 0.071250 0.094167
0 0.466250 0.510833 0.067500 0.081667
0 0.707187 0.490000 0.051875 0.065000
0 0.271875 0.477500 0.055000 0.073333
0 0.976875 0.476250 0.046250 0.077500
0 0.857500 0.470833 0.058750 0.076667
0 0.795000 0.465000 0.056250 0.075000
0 0.051250 0.456250 0.046250 0.085833
0 0.101562 0.450000 0.064375 0.075000
0 0.359375 0.435833 0.060000 0.076667
0 0.864688 0.391667 0.064375 0.078333
0 0.260625 0.385000 0.047500 0.075000
0 0.204375 0.385000 0.052500 0.078333
0 0.060937 0.383333 0.068125 0.080000
0 0.444375 0.380000 0.057500 0.075000
0 0.147500 0.379167 0.056250 0.083333
0 0.915312 0.350000 0.066875 0.058333
0 0.321875 0.337083 0.062500 0.077500
0 0.796875 0.335833 0.060000 0.080000
0 0.613750 0.331667 0.068750 0.078333
0 0.022187 0.299167 0.044375 0.076667
0 0.147500 0.297500 0.063750 0.076667
0 0.976250 0.324167 0.047500 0.131667
0 0.939375 0.292083 0.055000 0.079167
0 0.322813 0.275833 0.083125 0.065000
0 0.463125 0.272500 0.065000 0.086667
0 0.760625 0.265000 0.086250 0.103333
0 0.975938 0.223333 0.048125 0.081667
0 0.810937 0.215833 0.061875 0.078333
0 0.394375 0.211667 0.055000 0.075000
0 0.918438 0.207917 0.066875 0.077500
0 0.332500 0.204167 0.056250 0.076667
0 0.599375 0.180000 0.061250 0.071667
0 0.892188 0.148750 0.054375 0.070833
0 0.255937 0.146250 0.061875 0.080833
0 0.638437 0.140000 0.074375 0.070000
0 0.199375 0.142500 0.050000 0.086667
0 0.111250 0.129583 0.053750 0.072500
0 0.381250 0.129167 0.061250 0.076667
0 0.045625 0.120417 0.053750 0.067500
0 0.528125 0.092083 0.067500 0.082500
0 0.233125 0.079167 0.057500 0.076667
0 0.595000 0.082083 0.061250 0.090833
0 0.315625 0.068333 0.070000 0.075000
0 0.056563 0.061250 0.056875 0.065833
0 0.424375 0.049167 0.062500 0.086667
0 0.990313 0.037083 0.019375 0.070833
0 0.665937 0.033333 0.060625 0.065000
0 0.874375 0.022083 0.047500 0.044167
0 0.747500 0.013750 0.045000 0.027500
0 0.105625 0.027500 0.052500 0.055000