0 0.413438 0.977083 0.076875 0.045833
0 0.322188 0.976667 0.064375 0.046667
0 0.263125 0.969167 0.066250 0.061667
0 0.811250 0.965417 0.097500 0.055833
0 0.539062 0.965417 0.135625 0.069167
0 0.421250 0.932083 0.082500 0.072500
0 0.946250 0.940000 0.098750 0.093333
0 0.600938 0.928750 0.083125 0.095833
0 0.829375 0.916667 0.091250 0.078333
0 0.384062 0.910000 0.083125 0.071667
0 0.019062 0.905833 0.038125 0.106667
0 0.502812 0.878750 0.121875 0.057500
0 0.260625 0.896250 0.070000 0.095833
0 0.912813 0.872917 0.101875 0.079167
0 0.135313 0.872917 0.106875 0.082500
0 0.696250 0.863750 0.071250 0.089167
0 0.599375 0.853333 0.082500 0.076667
0 0.185938 0.852083 0.073125 0.080833
0 0.835000 0.807083 0.105000 0.062500
0 0.945000 0.804583 0.076250 0.075833
0 0.537813 0.812083 0.065625 0.097500
0 0.432500 0.791667 0.072500 0.078333
0 0.833750 0.758333 0.070000 0.060000
0 0.032500 0.752500 0.065000 0.068333
0 0.504375 0.754167 0.066250 0.078333
0 0.219688 0.763333 0.065625 0.096667
0 0.926562 0.755000 0.071875 0.083333
0 0.095000 0.755833 0.057500 0.100000
0 0.432812 0.726667 0.085625 0.051667
0 0.179063 0.745833 0.074375 0.090000
0 0.615000 0.722500 0.090000 0.088333
0 0.034688 0.709583 0.069375 0.074167
0 0.962187 0.718750 0.075625 0.094167
0 0.737812 0.711667 0.066875 0.088333
0 0.875000 0.703750 0.093750 0.075833
0 0.250937 0.687917 0.070625 0.090833
0 0.915000 0.672917 0.075000 0.065833
0 0.198125 0.674583 0.056250 0.077500
0 0.641563 0.676250 0.060625 0.082500
0 0.395313 0.680833 0.078125 0.098333
0 0.470625 0.665417 0.072500 0.090833
0 0.295000 0.656250 0.073750 0.084167
0 0.726250 0.633333 0.093750 0.078333
0 0.917188 0.621667 0.101875 0.073333
0 0.767188 0.614583 0.080625 0.067500
0 0.401562 0.605833 0.079375 0.063333
0 0.468750 0.610417 0.073750 0.092500
0 0.040000 0.615833 0.080000 0.125000
0 0.070000 0.571667 0.110000 0.075000
0 0.147813 0.575417 0.085625 0.089167
0 0.795625 0.568750 0.067500 0.087500
0 0.550312 0.560417 0.063125 0.089167
0 0.352500 0.542500 0.068750 0.091667
0 0.618437 0.535833 0.070625 0.083333
0 0.191875 0.544167 0.086250 0.105000
0 0.262500 0.531250 0.065000 0.092500
0 0.728750 0.509167 0.083750 0.078333
0 0.078750 0.500417 0.071250 0.079167
0 0.198437 0.487083 0.073125 0.092500
0 0.793125 0.482917 0.068750 0.087500
0 0.663125 0.478333 0.062500 0.103333
0 0.550625 0.455000 0.073750 0.101667
0 0.295000 0.447917 0.077500 0.095833
0 0.721562 0.443333 0.076875 0.088333
0 0.847187 0.452917 0.061875 0.115833
0 0.784375 0.422500 0.063750 0.065000
0 0.621563 0.427500 0.066875 0.103333
0 0.907188 0.407083 0.078125 0.107500
0 0.348438 0.385417 0.070625 0.079167
0 0.244375 0.386250 0.085000 0.087500
0 0.130000 0.379167 0.073750 0.095000
0 0.474062 0.386250 0.080625 0.119167
0 0.283438 0.365833 0.059375 0.086667
0 0.583438 0.368750 0.055625 0.102500
0 0.536563 0.362500 0.041875 0.106667
0 0.035312 0.343750 0.070625 0.094167
0 0.203125 0.313750 0.087500 0.070833
0 0.445937 0.314167 0.058125 0.076667
0 0.389375 0.326667 0.060000 0.113333
0 0.344687 0.305833 0.048125 0.075000
0 0.298750 0.299167 0.061250 0.101667
0 0.786563 0.281667 0.069375 0.080000
0 0.843125 0.294583 0.076250 0.127500
0 0.557813 0.272083 0.068125 0.085833
0 0.955000 0.273333 0.090000 0.111667
0 0.876563 0.253333 0.093125 0.098333
0 0.467187 0.230417 0.100625 0.087500
0 0.311875 0.166667 0.052500 0.101667
0 0.500625 0.155000 0.082500 0.121667
0 0.942500 0.113333 0.077500 0.088333
0 0.205625 0.116667 0.063750 0.106667
0 0.545312 0.132083 0.064375 0.142500
0 0.369688 0.118750 0.059375 0.125833
0 0.326875 0.090000 0.047500 0.075000
0 0.956562 0.072917 0.076875 0.105833
0 0.573438 0.063333 0.071875 0.115000
0 0.859688 0.042500 0.061875 0.085000
0 0.794687 0.035833 0.066875 0.071667
0 0.708125 0.027500 0.083750 0.055000