0 0.618750 0.977500 0.070000 0.045000
0 0.036875 0.966250 0.057500 0.067500
0 0.020938 0.904583 0.041875 0.092500
0 0.157188 0.900000 0.073125 0.096667
0 0.024688 0.839167 0.049375 0.085000
0 0.411250 0.843750 0.070000 0.097500
0 0.896563 0.805833 0.058125 0.076667
0 0.517500 0.772917 0.062500 0.092500
0 0.789375 0.756250 0.073750 0.097500
0 0.243125 0.745000 0.063750 0.083333
0 0.298750 0.745417 0.065000 0.099167
0 0.395000 0.687083 0.065000 0.094167
0 0.573125 0.681250 0.062500 0.085833
0 0.330937 0.655417 0.050625 0.080833
0 0.462187 0.649167 0.068125 0.096667
0 0.040625 0.628333 0.062500 0.081667
0 0.187188 0.611250 0.075625 0.090833
0 0.273438 0.605000 0.076875 0.096667
0 0.374375 0.598750 0.067500 0.090833
0 0.653438 0.533750 0.060625 0.085833
0 0.319375 0.468333 0.071250 0.088333
0 0.901563 0.452500 0.070625 0.108333
0 0.197813 0.400417 0.066875 0.079167
0 0.026875 0.400833 0.053750 0.080000
0 0.150625 0.326667 0.071250 0.100000
0 0.857812 0.294583 0.071875 0.094167
0 0.522188 0.260417 0.061875 0.072500
0 0.290000 0.277083 0.090000 0.114167
0 0.195625 0.220417 0.071250 0.090833
0 0.515312 0.185833 0.069375 0.075000
0 0.887813 0.170833 0.063125 0.098333
0 0.578125 0.144583 0.062500 0.087500
0 0.515312 0.107083 0.058125 0.075833
0 0.433437 0.102500 0.073125 0.096667
0 0.792188 0.040833 0.060625 0.081667
0 0.730938 0.035833 0.058125 0.071667