0 0.457500 0.969167 0.063750 0.061667
0 0.676875 0.965833 0.067500 0.068333
0 0.949063 0.961250 0.060625 0.077500
0 0.616250 0.933750 0.057500 0.092500
0 0.684063 0.917500 0.068125 0.080000
0 0.176250 0.881667 0.065000 0.093333
0 0.901250 0.858750 0.068750 0.092500
0 0.430625 0.855417 0.070000 0.092500
0 0.095937 0.844167 0.066875 0.088333
0 0.811562 0.830000 0.064375 0.093333
0 0.360312 0.828750 0.068125 0.094167
0 0.396562 0.798333 0.050625 0.076667
0 0.030937 0.785833 0.061875 0.095000
0 0.794687 0.762917 0.074375 0.082500
0 0.253125 0.746250 0.066250 0.090833
0 0.615000 0.730833 0.066250 0.095000
0 0.497188 0.694167 0.071875 0.095000
0 0.195937 0.676667 0.065625 0.093333
0 0.725938 0.670833 0.071875 0.095000
0 0.578750 0.634583 0.068750 0.092500
0 0.271250 0.601250 0.070000 0.090833
0 0.961562 0.557500 0.076875 0.090000
0 0.829688 0.536667 0.064375 0.096667
0 0.914062 0.476250 0.068125 0.087500
0 0.631250 0.474167 0.066250 0.095000
0 0.361875 0.457083 0.071250 0.100833
0 0.270000 0.449167 0.081250 0.095000
0 0.519375 0.431250 0.072500 0.100833
0 0.849688 0.380000 0.066875 0.091667
0 0.450625 0.298750 0.067500 0.102500
0 0.401562 0.235000 0.061875 0.081667
0 0.154375 0.244167 0.086250 0.115000
0 0.979062 0.213333 0.041875 0.088333
0 0.221562 0.204167 0.070625 0.081667
0 0.612500 0.205000 0.070000 0.091667
0 0.644375 0.174167 0.058750 0.090000
0 0.037812 0.167083 0.070625 0.097500
0 0.915000 0.140000 0.067500 0.086667
0 0.477500 0.140833 0.078750 0.088333
0 0.143437 0.098333 0.061875 0.080000
0 0.361250 0.091667 0.066250 0.090000
0 0.018125 0.081667 0.036250 0.086667
0 0.915625 0.027083 0.071250 0.054167
0 0.834063 0.033333 0.073125 0.066667
0 0.665000 0.035417 0.073750 0.070833
0 0.545937 0.065000 0.080625 0.130000