0 0.189375 0.953333 0.056250 0.093333
0 0.945625 0.944583 0.056250 0.104167
0 0.705000 0.931667 0.058750 0.098333
0 0.033125 0.935000 0.047500 0.110000
0 0.854375 0.910833 0.052500 0.081667
0 0.783438 0.919167 0.051875 0.110000
0 0.285938 0.877083 0.064375 0.092500
0 0.588750 0.863750 0.052500 0.082500
0 0.653438 0.889167 0.068125 0.136667
0 0.901563 0.839583 0.058125 0.099167
0 0.346250 0.808333 0.060000 0.093333
0 0.517188 0.802917 0.050625 0.087500
0 0.828438 0.781667 0.058125 0.086667
0 0.950937 0.770417 0.063125 0.082500
0 0.599063 0.747500 0.070625 0.115000
0 0.169063 0.735000 0.053125 0.103333
0 0.781563 0.711250 0.059375 0.099167
0 0.973750 0.700000 0.052500 0.093333
0 0.237813 0.693750 0.043125 0.087500
0 0.838125 0.633333 0.068750 0.116667
0 0.168750 0.622083 0.051250 0.132500
0 0.787188 0.610833 0.050625 0.121667
0 0.281562 0.575833 0.053125 0.085000
0 0.746563 0.581250 0.055625 0.109167
0 0.344062 0.566667 0.061875 0.096667
0 0.539687 0.560417 0.061875 0.087500
0 0.861250 0.558333 0.065000 0.093333
0 0.118438 0.556250 0.056875 0.100833
0 0.035312 0.539583 0.051875 0.089167
0 0.466875 0.536250 0.062500 0.095833
0 0.915000 0.531667 0.071250 0.118333
0 0.079687 0.511250 0.053125 0.085833
0 0.659062 0.505000 0.051875 0.086667
0 0.581250 0.495833 0.052500 0.091667
0 0.363125 0.483333 0.056250 0.085000
0 0.810625 0.452083 0.051250 0.095833
0 0.866875 0.440417 0.056250 0.080833
0 0.150312 0.431667 0.063125 0.095000
0 0.097187 0.382917 0.056875 0.089167
0 0.666562 0.375833 0.058125 0.081667
0 0.804063 0.345417 0.054375 0.084167
0 0.675937 0.313333 0.064375 0.120000
0 0.293750 0.287917 0.056250 0.077500
0 0.870625 0.288333 0.072500 0.118333
0 0.977812 0.256250 0.044375 0.080833
0 0.165313 0.257083 0.064375 0.087500
0 0.279375 0.233750 0.060000 0.057500
0 0.477187 0.228333 0.059375 0.083333
0 0.021875 0.227083 0.043750 0.099167
0 0.901563 0.206250 0.061875 0.089167
0 0.255312 0.190000 0.053125 0.073333
0 0.539687 0.200417 0.075625 0.112500
0 0.972187 0.172917 0.044375 0.075833
0 0.767188 0.175833 0.065625 0.133333
0 0.925937 0.154167 0.050625 0.106667
0 0.467187 0.132917 0.063125 0.085833
0 0.517813 0.112917 0.054375 0.100833
0 0.910312 0.101667 0.053125 0.096667
0 0.832812 0.089583 0.053125 0.072500
0 0.970000 0.093750 0.060000 0.085833
0 0.132188 0.083333 0.055625 0.070000
0 0.563125 0.075833 0.052500 0.080000
0 0.707187 0.066250 0.058125 0.082500
0 0.248438 0.048750 0.071875 0.079167
0 0.974375 0.028333 0.051250 0.056667
0 0.809063 0.020417 0.049375 0.040833
0 0.478125 0.037917 0.051250 0.075833
0 0.319375 0.045000 0.056250 0.090000
0 0.112500 0.022500 0.052500 0.045000