0 0.494063 0.977083 0.066875 0.045833
0 0.813125 0.967500 0.066250 0.065000
0 0.113437 0.927917 0.078125 0.100833
0 0.759062 0.920000 0.066875 0.086667
0 0.204687 0.896250 0.076875 0.075833
0 0.471875 0.904167 0.068750 0.096667
0 0.314375 0.836667 0.070000 0.081667
0 0.797500 0.823750 0.061250 0.089167
0 0.025000 0.760417 0.050000 0.069167
0 0.658438 0.710417 0.086875 0.137500
0 0.390937 0.670417 0.074375 0.085833
0 0.151562 0.647083 0.058125 0.065833
0 0.312188 0.655000 0.061875 0.086667
0 0.031875 0.647083 0.055000 0.070833
0 0.883437 0.644583 0.068125 0.100833
0 0.816875 0.645417 0.087500 0.110833
0 0.610938 0.628750 0.069375 0.087500
0 0.537500 0.580833 0.068750 0.085000
0 0.143750 0.550833 0.062500 0.065000
0 0.222500 0.503333 0.058750 0.081667
0 0.342813 0.348750 0.075625 0.077500
0 0.875313 0.255833 0.070625 0.096667
0 0.431250 0.247917 0.065000 0.080833
0 0.232500 0.207917 0.057500 0.077500
0 0.101562 0.193750 0.070625 0.085833
0 0.226875 0.132083 0.070000 0.075833
0 0.070625 0.128333 0.081250 0.078333
0 0.189062 0.075417 0.060625 0.087500
0 0.961562 0.070833 0.064375 0.088333
0 0.095937 0.049167 0.066875 0.081667