0 0.312500 0.978750 0.072500 0.042500
0 0.218125 0.977917 0.067500 0.044167
0 0.764062 0.971250 0.063125 0.057500
0 0.505625 0.966667 0.058750 0.066667
0 0.391250 0.966250 0.072500 0.067500
0 0.561875 0.957500 0.060000 0.085000
0 0.463125 0.955833 0.058750 0.088333
0 0.617500 0.911667 0.070000 0.106667
0 0.092813 0.902083 0.065625 0.100833
0 0.912188 0.881250 0.060625 0.069167
0 0.675312 0.880000 0.070625 0.098333
0 0.227813 0.880000 0.076875 0.120000
0 0.017812 0.818333 0.035625 0.076667
0 0.403750 0.822917 0.076250 0.094167
0 0.740625 0.810000 0.071250 0.096667
0 0.486875 0.788750 0.067500 0.084167
0 0.015938 0.743333 0.031875 0.088333
0 0.139375 0.737083 0.066250 0.087500
0 0.374688 0.728333 0.056875 0.080000
0 0.773125 0.734167 0.072500 0.098333
0 0.893437 0.712917 0.053125 0.109167
0 0.317812 0.681667 0.063125 0.086667
0 0.525937 0.674583 0.074375 0.089167
0 0.018750 0.640000 0.037500 0.098333
0 0.661563 0.635417 0.050625 0.090833
0 0.979375 0.629583 0.041250 0.089167
0 0.267188 0.623750 0.069375 0.100833
0 0.893750 0.589167 0.083750 0.095000
0 0.593750 0.585833 0.068750 0.096667
0 0.234375 0.527083 0.066250 0.080833
0 0.706250 0.520833 0.060000 0.070000
0 0.372500 0.525417 0.062500 0.084167
0 0.115000 0.497917 0.075000 0.095833
0 0.695625 0.414167 0.063750 0.090000
0 0.944375 0.402917 0.065000 0.085833
0 0.883437 0.383750 0.070625 0.077500
0 0.502812 0.389167 0.064375 0.098333
0 0.565937 0.384583 0.066875 0.099167
0 0.404062 0.375417 0.066875 0.089167
0 0.233437 0.351667 0.071875 0.095000
0 0.435937 0.331250 0.070625 0.085833
0 0.505625 0.287083 0.072500 0.094167
0 0.599375 0.283750 0.067500 0.095833
0 0.334375 0.260000 0.060000 0.093333
0 0.813125 0.258750 0.063750 0.097500
0 0.215625 0.247500 0.063750 0.088333
0 0.981250 0.249167 0.037500 0.093333
0 0.416250 0.239583 0.063750 0.095833
0 0.139063 0.188333 0.069375 0.085000
0 0.673125 0.177917 0.080000 0.097500
0 0.552500 0.151250 0.066250 0.089167
0 0.756250 0.150000 0.082500 0.106667
0 0.254063 0.133333 0.064375 0.091667
0 0.404062 0.122083 0.070625 0.094167
0 0.186250 0.114583 0.060000 0.095833
0 0.673750 0.101667 0.110000 0.110000
0 0.800312 0.074583 0.069375 0.095833
0 0.062500 0.054583 0.070000 0.095833
0 0.868437 0.037500 0.068125 0.075000
0 0.299063 0.026250 0.064375 0.052500
0 0.189688 0.022917 0.069375 0.045833