0 0.701250 0.976667 0.070000 0.046667
0 0.233125 0.975833 0.062500 0.048333
0 0.075000 0.965833 0.063750 0.068333
0 0.885000 0.947083 0.067500 0.089167
0 0.373750 0.931250 0.065000 0.080833
0 0.720938 0.922083 0.055625 0.075833
0 0.276250 0.922917 0.068750 0.110833
0 0.211562 0.904583 0.068125 0.087500
0 0.570937 0.902917 0.078125 0.099167
0 0.100312 0.895417 0.066875 0.084167
0 0.385625 0.869167 0.052500 0.075000
0 0.788125 0.855417 0.063750 0.085833
0 0.729688 0.850000 0.053125 0.076667
0 0.439375 0.848750 0.057500 0.085833
0 0.840000 0.820833 0.062500 0.063333
0 0.978437 0.827500 0.043125 0.085000
0 0.143125 0.820417 0.060000 0.087500
0 0.478438 0.804167 0.054375 0.083333
0 0.386562 0.782500 0.069375 0.090000
0 0.821562 0.749583 0.069375 0.080833
0 0.140313 0.736250 0.065625 0.080833
0 0.638437 0.717500 0.078125 0.100000
0 0.853125 0.705417 0.063750 0.080833
0 0.354375 0.703750 0.066250 0.092500
0 0.114687 0.698750 0.078125 0.082500
0 0.265625 0.688333 0.063750 0.083333
0 0.771563 0.696250 0.078125 0.105833
0 0.041250 0.668750 0.056250 0.084167
0 0.576562 0.633750 0.065625 0.085833
0 0.517500 0.624583 0.055000 0.075833
0 0.211875 0.616250 0.056250 0.072500
0 0.735313 0.610417 0.060625 0.069167
0 0.856250 0.613750 0.072500 0.085833
0 0.661875 0.610833 0.060000 0.080000
0 0.144687 0.611250 0.061875 0.080833
0 0.435000 0.584167 0.068750 0.075000
0 0.273750 0.585417 0.061250 0.082500
0 0.031563 0.578750 0.063125 0.079167
0 0.237187 0.526667 0.054375 0.081667
0 0.185625 0.517083 0.057500 0.082500
0 0.596875 0.512083 0.060000 0.082500
0 0.044687 0.508333 0.061875 0.076667
0 0.841562 0.501667 0.059375 0.080000
0 0.403438 0.470000 0.070625 0.090000
0 0.871250 0.438750 0.065000 0.079167
0 0.194375 0.439167 0.090000 0.083333
0 0.250000 0.390833 0.061250 0.063333
0 0.160000 0.383750 0.070000 0.075833
0 0.385000 0.388333 0.067500 0.090000
0 0.509687 0.381250 0.074375 0.079167
0 0.871875 0.364167 0.061250 0.083333
0 0.704063 0.359167 0.069375 0.085000
0 0.029375 0.348333 0.058750 0.088333
0 0.279687 0.321250 0.061875 0.084167
0 0.502500 0.299583 0.062500 0.079167
0 0.651250 0.257917 0.068750 0.062500
0 0.244688 0.249583 0.063125 0.080833
0 0.039688 0.245833 0.058125 0.080000
0 0.937813 0.236250 0.064375 0.087500
0 0.411562 0.185417 0.069375 0.084167
0 0.220312 0.185833 0.065625 0.088333
0 0.781563 0.187917 0.075625 0.095833
0 0.138437 0.166250 0.061875 0.079167
0 0.073438 0.165000 0.063125 0.083333
0 0.954688 0.152917 0.061875 0.082500
0 0.708438 0.145417 0.059375 0.067500
0 0.321875 0.152083 0.063750 0.080833
0 0.831250 0.121667 0.057500 0.076667
0 0.245625 0.106667 0.050000 0.080000
0 0.194688 0.110417 0.061875 0.089167
0 0.932500 0.086250 0.061250 0.067500
0 0.703750 0.082917 0.051250 0.069167
0 0.377188 0.087917 0.061875 0.082500
0 0.091875 0.082500 0.056250 0.083333
0 0.313125 0.073333 0.060000 0.076667
0 0.034063 0.073750 0.066875 0.090833
0 0.774687 0.061667 0.089375 0.088333
0 0.672188 0.029167 0.068125 0.058333