0 0.353125 0.981667 0.055000 0.036667
0 0.275625 0.977083 0.071250 0.045833
0 0.081875 0.926250 0.061250 0.069167
0 0.619687 0.932917 0.056875 0.084167
0 0.485000 0.917917 0.060000 0.075833
0 0.020625 0.913750 0.041250 0.074167
0 0.707812 0.883750 0.070625 0.084167
0 0.391250 0.887917 0.065000 0.092500
0 0.864062 0.879167 0.068125 0.086667
0 0.470625 0.832500 0.065000 0.085000
0 0.028750 0.829167 0.057500 0.085000
0 0.160312 0.821250 0.069375 0.092500
0 0.840938 0.794167 0.061875 0.083333
0 0.648750 0.760000 0.060000 0.075000
0 0.890312 0.742083 0.050625 0.064167
0 0.599688 0.725833 0.055625 0.081667
0 0.250937 0.726667 0.061875 0.085000
0 0.349375 0.728333 0.067500 0.090000
0 0.976250 0.695417 0.047500 0.077500
0 0.660625 0.693750 0.066250 0.080833
0 0.014375 0.688333 0.028750 0.086667
0 0.809063 0.678750 0.060625 0.084167
0 0.616563 0.648333 0.058125 0.068333
0 0.230000 0.640000 0.073750 0.096667
0 0.962187 0.623750 0.071875 0.072500
0 0.912813 0.599583 0.055625 0.065833
0 0.323750 0.582500 0.073750 0.085000
0 0.610938 0.582083 0.063125 0.087500
0 0.796250 0.573333 0.066250 0.073333
0 0.057188 0.565833 0.068125 0.073333
0 0.520938 0.563333 0.059375 0.078333
0 0.160625 0.568333 0.081250 0.100000
0 0.447500 0.556250 0.057500 0.082500
0 0.745313 0.550417 0.056875 0.074167
0 0.953750 0.533750 0.063750 0.090833
0 0.380312 0.520833 0.063125 0.090000
0 0.517500 0.507500 0.063750 0.076667
0 0.822812 0.505417 0.060625 0.080833
0 0.615313 0.488333 0.050625 0.078333
0 0.892500 0.489167 0.063750 0.095000
0 0.849063 0.435000 0.066875 0.070000
0 0.220312 0.437083 0.050625 0.074167
0 0.645625 0.429167 0.061250 0.083333
0 0.126875 0.425417 0.071250 0.079167
0 0.573750 0.405417 0.063750 0.072500
0 0.034375 0.401250 0.060000 0.075833
0 0.421563 0.390417 0.058125 0.080833
0 0.763437 0.384583 0.054375 0.084167
0 0.104063 0.365417 0.058125 0.070833
0 0.332188 0.350000 0.056875 0.068333
0 0.584688 0.324583 0.053125 0.074167
0 0.253750 0.323750 0.075000 0.087500
0 0.050000 0.287500 0.061250 0.070000
0 0.634062 0.290000 0.061875 0.085000
0 0.104375 0.284167 0.058750 0.076667
0 0.351250 0.293750 0.067500 0.097500
0 0.172813 0.283333 0.058125 0.076667
0 0.400313 0.269167 0.056875 0.081667
0 0.699688 0.261250 0.095625 0.092500
0 0.556562 0.251667 0.063125 0.095000
0 0.855625 0.241667 0.061250 0.085000
0 0.103438 0.214167 0.050625 0.073333
0 0.050313 0.211250 0.055625 0.080833
0 0.452813 0.200000 0.058125 0.078333
0 0.773125 0.188333 0.052500 0.070000
0 0.020625 0.180417 0.041250 0.079167
0 0.716875 0.193750 0.067500 0.109167
0 0.290312 0.154167 0.066875 0.075000
0 0.086250 0.138750 0.063750 0.089167
0 0.727812 0.126667 0.069375 0.070000
0 0.467500 0.122500 0.065000 0.081667
0 0.032500 0.100833 0.058750 0.080000
0 0.836250 0.083750 0.055000 0.077500
0 0.967187 0.084167 0.061875 0.080000
0 0.889062 0.046250 0.063125 0.079167
0 0.630313 0.048333 0.066875 0.093333
0 0.343125 0.036667 0.067500 0.073333
0 0.039062 0.032083 0.078125 0.064167