0 0.970313 0.978750 0.053125 0.042500
0 0.497188 0.970000 0.058125 0.060000
0 0.139687 0.967500 0.058125 0.065000
0 0.266875 0.966667 0.060000 0.066667
0 0.938750 0.925417 0.070000 0.079167
0 0.381563 0.889167 0.069375 0.086667
0 0.851875 0.805000 0.071250 0.090000
0 0.433437 0.795000 0.060625 0.071667
0 0.775312 0.785000 0.070625 0.091667
0 0.451250 0.734583 0.046250 0.064167
0 0.176250 0.725000 0.057500 0.080000
0 0.904375 0.729583 0.063750 0.099167
0 0.843125 0.715000 0.068750 0.080000
0 0.522188 0.695000 0.066875 0.091667
0 0.721250 0.704583 0.065000 0.159167
0 0.015625 0.670000 0.031250 0.093333
0 0.071563 0.667083 0.061875 0.119167
0 0.862500 0.627500 0.106250 0.110000
0 0.944688 0.602500 0.069375 0.088333
0 0.270937 0.592500 0.061875 0.086667
0 0.336250 0.589583 0.075000 0.109167
0 0.167500 0.555417 0.065000 0.084167
0 0.310000 0.507500 0.060000 0.070000
0 0.484375 0.495833 0.062500 0.103333
0 0.220312 0.455417 0.065625 0.077500
0 0.015000 0.454167 0.030000 0.083333
0 0.979062 0.393750 0.041875 0.077500
0 0.421250 0.389583 0.073750 0.104167
0 0.133125 0.369583 0.080000 0.089167
0 0.898750 0.247083 0.062500 0.090833
0 0.143437 0.233750 0.066875 0.085833
0 0.569375 0.205833 0.067500 0.083333
0 0.984062 0.157917 0.031875 0.095833
0 0.157188 0.075417 0.074375 0.095833
0 0.581562 0.054167 0.058125 0.081667
0 0.616875 0.019583 0.056250 0.039167
0 0.467813 0.024583 0.076875 0.049167