0 0.915625 0.957083 0.066250 0.084167
0 0.544687 0.915000 0.058125 0.095000
0 0.094062 0.873333 0.060625 0.103333
0 0.613750 0.838333 0.060000 0.111667
0 0.764687 0.828750 0.065625 0.094167
0 0.022187 0.827083 0.044375 0.090833
0 0.201875 0.847083 0.070000 0.147500
0 0.868437 0.795417 0.058125 0.087500
0 0.510000 0.726667 0.066250 0.088333
0 0.858750 0.718750 0.063750 0.099167
0 0.921562 0.699583 0.053125 0.085833
0 0.608437 0.692500 0.058125 0.078333
0 0.751563 0.619583 0.051875 0.077500
0 0.422187 0.609167 0.064375 0.106667
0 0.867812 0.521250 0.055625 0.099167
0 0.260313 0.450833 0.054375 0.108333
0 0.344375 0.432917 0.061250 0.099167
0 0.026250 0.394583 0.052500 0.092500
0 0.155000 0.343333 0.060000 0.080000
0 0.974375 0.303750 0.051250 0.090833
0 0.123438 0.267500 0.059375 0.075000
0 0.028750 0.276250 0.057500 0.099167
0 0.617500 0.261667 0.050000 0.076667
0 0.843437 0.264583 0.061875 0.102500
0 0.175937 0.249167 0.061875 0.100000
0 0.235625 0.230833 0.063750 0.085000
0 0.500938 0.246667 0.059375 0.121667
0 0.764062 0.235417 0.058125 0.117500
0 0.495625 0.165417 0.051250 0.102500
0 0.867500 0.129167 0.071250 0.148333
0 0.216562 0.087917 0.064375 0.080833
0 0.095000 0.088333 0.073750 0.085000
0 0.704063 0.060000 0.063125 0.088333
0 0.163750 0.036250 0.065000 0.072500