0 0.333750 0.962083 0.055000 0.075833
0 0.407187 0.957917 0.061875 0.077500
0 0.296563 0.948333 0.053125 0.080000
0 0.870000 0.940833 0.062500 0.078333
0 0.811250 0.931667 0.061250 0.083333
0 0.062500 0.923333 0.063750 0.090000
0 0.849063 0.872083 0.066875 0.085833
0 0.385625 0.860000 0.056250 0.076667
0 0.031250 0.842083 0.062500 0.092500
0 0.647188 0.814167 0.054375 0.085000
0 0.299375 0.810833 0.068750 0.078333
0 0.423125 0.800833 0.092500 0.078333
0 0.592500 0.801250 0.065000 0.089167
0 0.351562 0.794583 0.058125 0.084167
0 0.488750 0.788333 0.058750 0.093333
0 0.799375 0.754167 0.068750 0.096667
0 0.235313 0.744167 0.063125 0.085000
0 0.523438 0.731250 0.058125 0.072500
0 0.587500 0.722500 0.070000 0.085000
0 0.678438 0.712917 0.060625 0.084167
0 0.051562 0.680417 0.061875 0.077500
0 0.619375 0.675000 0.065000 0.098333
0 0.564688 0.656667 0.061875 0.078333
0 0.677500 0.626250 0.066250 0.084167
0 0.302500 0.610833 0.062500 0.085000
0 0.444688 0.587500 0.065625 0.083333
0 0.551562 0.575417 0.070625 0.097500
0 0.358125 0.567500 0.066250 0.098333
0 0.677813 0.552500 0.070625 0.073333
0 0.762813 0.555833 0.073125 0.095000
0 0.263125 0.540833 0.067500 0.095000
0 0.592812 0.517083 0.064375 0.087500
0 0.326562 0.517083 0.068125 0.089167
0 0.450625 0.476667 0.066250 0.093333
0 0.024063 0.462083 0.048125 0.080833
0 0.368750 0.460417 0.073750 0.080833
0 0.275000 0.458750 0.062500 0.079167
0 0.543438 0.413750 0.066875 0.069167
0 0.246250 0.382500 0.077500 0.088333
0 0.135000 0.375833 0.071250 0.086667
0 0.337187 0.364583 0.054375 0.075833
0 0.605313 0.361667 0.071875 0.093333
0 0.083750 0.344583 0.066250 0.079167
0 0.886875 0.343333 0.070000 0.090000
0 0.204687 0.330833 0.060625 0.073333
0 0.196250 0.270833 0.071250 0.061667
0 0.913438 0.283750 0.073125 0.089167
0 0.098437 0.272083 0.070625 0.087500
0 0.028750 0.265000 0.057500 0.078333
0 0.535000 0.248750 0.070000 0.084167
0 0.416250 0.251667 0.061250 0.090000
0 0.811875 0.222500 0.068750 0.093333
0 0.048438 0.205000 0.069375 0.086667
0 0.710625 0.194583 0.058750 0.085833
0 0.958750 0.178333 0.065000 0.090000
0 0.537500 0.161667 0.067500 0.081667
0 0.229375 0.160417 0.070000 0.094167
0 0.584688 0.155000 0.055625 0.098333
0 0.161562 0.132917 0.060625 0.084167
0 0.975938 0.117917 0.048125 0.089167
0 0.395625 0.110417 0.058750 0.097500
0 0.734688 0.105000 0.074375 0.095000
0 0.259688 0.092917 0.083125 0.075833
0 0.706250 0.080833 0.062500 0.075000
0 0.552500 0.069583 0.062500 0.082500
0 0.169375 0.047917 0.063750 0.085833
0 0.805625 0.023333 0.061250 0.046667
0 0.731563 0.028333 0.069375 0.056667
0 0.336562 0.035417 0.063125 0.070833
0 0.280000 0.047083 0.067500 0.094167