0 0.967500 0.977917 0.065000 0.044167
0 0.187500 0.968750 0.078750 0.062500
0 0.885625 0.967917 0.075000 0.064167
0 0.061562 0.951667 0.055625 0.083333
0 0.276875 0.928333 0.052500 0.091667
0 0.738750 0.918333 0.088750 0.111667
0 0.216562 0.900417 0.063125 0.075833
0 0.884375 0.891250 0.043750 0.065833
0 0.155625 0.895417 0.063750 0.100833
0 0.017812 0.862917 0.035625 0.069167
0 0.834688 0.860833 0.056875 0.073333
0 0.665625 0.860833 0.055000 0.083333
0 0.983750 0.856667 0.032500 0.090000
0 0.716875 0.842083 0.050000 0.070833
0 0.438125 0.840000 0.065000 0.078333
0 0.234687 0.817500 0.059375 0.070000
0 0.895625 0.803333 0.067500 0.071667
0 0.110937 0.798333 0.056875 0.078333
0 0.761875 0.800000 0.075000 0.095000
0 0.372188 0.775000 0.061875 0.081667
0 0.675312 0.764583 0.059375 0.082500
0 0.315312 0.756250 0.059375 0.077500
0 0.543125 0.733750 0.065000 0.070833
0 0.894375 0.724167 0.062500 0.080000
0 0.199063 0.719167 0.073125 0.083333
0 0.776250 0.710833 0.063750 0.078333
0 0.971875 0.713750 0.056250 0.087500
0 0.438437 0.675417 0.048125 0.077500
0 0.259688 0.674583 0.055625 0.082500
0 0.814063 0.671250 0.063125 0.077500
0 0.318437 0.668750 0.051875 0.084167
0 0.536250 0.661250 0.057500 0.075833
0 0.385313 0.630000 0.069375 0.091667
0 0.128125 0.663333 0.126250 0.168333
0 0.977187 0.627917 0.045625 0.100833
0 0.881875 0.613333 0.060000 0.085000
0 0.575625 0.611667 0.060000 0.088333
0 0.724063 0.580000 0.071875 0.085000
0 0.434688 0.572500 0.071875 0.111667
0 0.024375 0.547917 0.048750 0.075833
0 0.313437 0.545417 0.059375 0.084167
0 0.086875 0.542500 0.057500 0.081667
0 0.370625 0.535417 0.050000 0.075833
0 0.621563 0.520833 0.058125 0.073333
0 0.817500 0.517500 0.058750 0.086667
0 0.235625 0.522500 0.088750 0.105000
0 0.537813 0.474167 0.045625 0.063333
0 0.023438 0.466667 0.046875 0.078333
0 0.488750 0.456667 0.056250 0.093333
0 0.772813 0.443750 0.058125 0.070833
0 0.860000 0.445000 0.061250 0.081667
0 0.087500 0.445833 0.063750 0.086667
0 0.253750 0.428333 0.066250 0.091667
0 0.656250 0.421667 0.058750 0.091667
0 0.963750 0.433333 0.072500 0.116667
0 0.568125 0.403333 0.057500 0.075000
0 0.371250 0.387500 0.058750 0.081667
0 0.186875 0.386667 0.060000 0.081667
0 0.300000 0.388750 0.075000 0.112500
0 0.840313 0.360833 0.053125 0.070000
0 0.777813 0.362917 0.070625 0.079167
0 0.946250 0.355833 0.061250 0.090000
0 0.495625 0.320000 0.060000 0.061667
0 0.819688 0.301250 0.071875 0.072500
0 0.901250 0.296250 0.065000 0.069167
0 0.206563 0.300000 0.066875 0.078333
0 0.552500 0.280833 0.061250 0.090000
0 0.468438 0.259583 0.056875 0.065833
0 0.403438 0.247500 0.073125 0.110000
0 0.920312 0.237083 0.093125 0.102500
0 0.683125 0.234167 0.085000 0.116667
0 0.022500 0.216250 0.045000 0.084167
0 0.091250 0.210417 0.056250 0.082500
0 0.225000 0.208333 0.058750 0.081667
0 0.968125 0.188333 0.053750 0.081667
0 0.311875 0.189167 0.063750 0.086667
0 0.491250 0.153750 0.050000 0.069167
0 0.054375 0.150000 0.057500 0.071667
0 0.581875 0.129167 0.062500 0.080000
0 0.894687 0.116667 0.055625 0.068333
0 0.281875 0.120417 0.067500 0.079167
0 0.373437 0.117500 0.070625 0.093333
0 0.674375 0.105000 0.050000 0.081667
0 0.946875 0.095417 0.063750 0.079167
0 0.131562 0.100417 0.080625 0.105833
0 0.435000 0.083333 0.061250 0.075000
0 0.321250 0.051667 0.056250 0.078333
0 0.641875 0.045833 0.056250 0.071667
0 0.538438 0.076667 0.075625 0.136667
0 0.019062 0.045000 0.038125 0.080000
0 0.771563 0.029583 0.063125 0.059167
0 0.417500 0.020417 0.048750 0.040833
0 0.162188 0.017500 0.070625 0.035000