0 0.864375 0.967917 0.052500 0.064167
0 0.425938 0.956250 0.065625 0.064167
0 0.024688 0.958333 0.048125 0.068333
0 0.800000 0.954583 0.053750 0.062500
0 0.746250 0.955417 0.050000 0.077500
0 0.704688 0.948333 0.050625 0.073333
0 0.933438 0.921250 0.054375 0.070833
0 0.318750 0.927500 0.065000 0.095000
0 0.196250 0.913750 0.052500 0.074167
0 0.430937 0.892917 0.068125 0.075833
0 0.839688 0.890833 0.055625 0.085000
0 0.242188 0.848750 0.051875 0.065833
0 0.299375 0.841250 0.055000 0.075833
0 0.118438 0.824167 0.053125 0.066667
0 0.068750 0.829167 0.048750 0.076667
0 0.503750 0.824583 0.056250 0.072500
0 0.023750 0.810833 0.047500 0.080000
0 0.843437 0.795833 0.058125 0.061667
0 0.604062 0.800000 0.064375 0.083333
0 0.263437 0.757500 0.068125 0.076667
0 0.472500 0.756250 0.066250 0.082500
0 0.057500 0.754167 0.067500 0.080000
0 0.597187 0.742917 0.069375 0.077500
0 0.338125 0.714583 0.043750 0.072500
0 0.376250 0.706667 0.043750 0.075000
0 0.915625 0.689583 0.062500 0.074167
0 0.569375 0.675417 0.061250 0.060833
0 0.798125 0.669167 0.053750 0.073333
0 0.656563 0.670417 0.055625 0.084167
0 0.135000 0.662500 0.053750 0.070000
0 0.269688 0.664583 0.049375 0.075833
0 0.317188 0.635417 0.055625 0.064167
0 0.597812 0.606250 0.049375 0.064167
0 0.158438 0.599167 0.056875 0.076667
0 0.878125 0.603333 0.062500 0.096667
0 0.771250 0.591667 0.060000 0.076667
0 0.556562 0.580417 0.054375 0.069167
0 0.285000 0.575417 0.076250 0.084167
0 0.629375 0.548333 0.056250 0.071667
0 0.046562 0.551667 0.056875 0.080000
0 0.580625 0.537500 0.053750 0.066667
0 0.725313 0.515417 0.054375 0.070833
0 0.828125 0.512500 0.055000 0.075000
0 0.961250 0.512500 0.052500 0.085000
0 0.600000 0.482083 0.057500 0.059167
0 0.365000 0.490417 0.063750 0.075833
0 0.023438 0.485000 0.046875 0.073333
0 0.663438 0.484167 0.065625 0.091667
0 0.799063 0.430000 0.053125 0.078333
0 0.736875 0.432500 0.070000 0.088333
0 0.552500 0.416667 0.052500 0.060000
0 0.615938 0.420833 0.071875 0.071667
0 0.970313 0.421667 0.055625 0.076667
0 0.352812 0.416667 0.051875 0.068333
0 0.243438 0.385000 0.069375 0.071667
0 0.707812 0.365417 0.063125 0.069167
0 0.517813 0.363750 0.053125 0.070833
0 0.792813 0.341667 0.100625 0.098333
0 0.362187 0.330833 0.054375 0.076667
0 0.267500 0.322500 0.060000 0.073333
0 0.938750 0.311667 0.075000 0.086667
0 0.685000 0.305833 0.060000 0.080000
0 0.849688 0.301667 0.064375 0.091667
0 0.212812 0.291250 0.055625 0.079167
0 0.920625 0.265833 0.065000 0.060000
0 0.329688 0.276667 0.061875 0.085000
0 0.317188 0.223333 0.060625 0.061667
0 0.680625 0.229167 0.057500 0.075000
0 0.435312 0.221250 0.060625 0.084167
0 0.847187 0.213333 0.060625 0.078333
0 0.374063 0.199583 0.058125 0.079167
0 0.088125 0.185417 0.058750 0.075833
0 0.767500 0.170833 0.057500 0.071667
0 0.500938 0.165833 0.054375 0.073333
0 0.833438 0.123333 0.074375 0.090000
0 0.279687 0.102500 0.091875 0.113333
0 0.109063 0.073333 0.064375 0.095000
0 0.910625 0.054583 0.043750 0.067500
0 0.876563 0.040417 0.046875 0.075833
0 0.818750 0.038333 0.076250 0.076667
0 0.270937 0.028750 0.056875 0.057500