0 0.409062 0.962500 0.051875 0.075000
0 0.355000 0.957917 0.048750 0.084167
0 0.120625 0.947083 0.060000 0.084167
0 0.064375 0.922917 0.071250 0.084167
0 0.490000 0.915833 0.070000 0.083333
0 0.833750 0.876250 0.056250 0.075833
0 0.715938 0.874167 0.065625 0.091667
0 0.935000 0.853750 0.060000 0.089167
0 0.035000 0.852083 0.070000 0.094167
0 0.628125 0.815000 0.065000 0.086667
0 0.172187 0.790000 0.058125 0.070000
0 0.320312 0.774583 0.066875 0.082500
0 0.012188 0.768750 0.024375 0.079167
0 0.107500 0.765833 0.066250 0.080000
0 0.846562 0.757083 0.059375 0.075833
0 0.556250 0.739167 0.063750 0.081667
0 0.188125 0.684167 0.066250 0.088333
0 0.980625 0.672083 0.038750 0.084167
0 0.109687 0.671667 0.061875 0.086667
0 0.773750 0.635000 0.062500 0.078333
0 0.427812 0.632083 0.064375 0.079167
0 0.158125 0.626667 0.070000 0.083333
0 0.231875 0.612500 0.083750 0.110000
0 0.088750 0.582917 0.061250 0.080833
0 0.547813 0.582500 0.061875 0.081667
0 0.882812 0.579167 0.064375 0.088333
0 0.797500 0.560833 0.060000 0.081667
0 0.757500 0.540417 0.060000 0.075833
0 0.637188 0.518750 0.055625 0.070833
0 0.955937 0.517500 0.054375 0.075000
0 0.489687 0.495833 0.063125 0.078333
0 0.374688 0.477500 0.065625 0.086667
0 0.440937 0.464167 0.063125 0.081667
0 0.747188 0.462500 0.063125 0.080000
0 0.568438 0.452500 0.064375 0.098333
0 0.910312 0.417500 0.065625 0.086667
0 0.069062 0.417083 0.061875 0.085833
0 0.682813 0.384583 0.055625 0.065833
0 0.016875 0.370000 0.033750 0.066667
0 0.466562 0.366250 0.064375 0.064167
0 0.283750 0.363750 0.071250 0.082500
0 0.421250 0.343333 0.056250 0.081667
0 0.965938 0.338750 0.051875 0.080833
0 0.385625 0.297500 0.052500 0.078333
0 0.602187 0.289583 0.068125 0.082500
0 0.744062 0.238750 0.084375 0.067500
0 0.073750 0.215000 0.061250 0.080000
0 0.628437 0.214583 0.096875 0.090833
0 0.533438 0.190417 0.055625 0.067500
0 0.845313 0.206250 0.083125 0.105833
0 0.147187 0.173750 0.064375 0.087500
0 0.248125 0.105833 0.061250 0.076667
0 0.630000 0.082917 0.053750 0.072500
0 0.014687 0.070833 0.029375 0.078333
0 0.807187 0.065833 0.055625 0.080000
0 0.971875 0.049583 0.056250 0.082500
0 0.381875 0.044583 0.071250 0.084167
0 0.270625 0.036250 0.075000 0.072500
0 0.128750 0.024583 0.055000 0.049167