0 0.252812 0.975000 0.080625 0.050000
0 0.571562 0.971250 0.060625 0.057500
0 0.181562 0.967083 0.070625 0.065833
0 0.704688 0.960833 0.059375 0.078333
0 0.041250 0.959167 0.082500 0.081667
0 0.958438 0.937917 0.083125 0.095833
0 0.341562 0.932083 0.075625 0.100833
0 0.240937 0.914167 0.060625 0.096667
0 0.515625 0.907083 0.073750 0.087500
0 0.786250 0.905417 0.073750 0.087500
0 0.609375 0.905833 0.063750 0.088333
0 0.417187 0.890833 0.068125 0.088333
0 0.919375 0.879583 0.080000 0.089167
0 0.200937 0.848750 0.069375 0.065833
0 0.087813 0.847500 0.070625 0.108333
0 0.796875 0.819583 0.063750 0.089167
0 0.670937 0.814583 0.074375 0.089167
0 0.863750 0.795417 0.066250 0.094167
0 0.625625 0.769583 0.082500 0.125833
0 0.049688 0.691250 0.065625 0.094167
0 0.550000 0.682500 0.078750 0.086667
0 0.396562 0.686250 0.076875 0.109167
0 0.473438 0.658750 0.065625 0.092500
0 0.786875 0.628333 0.073750 0.093333
0 0.909375 0.623333 0.072500 0.095000
0 0.126250 0.601250 0.075000 0.087500
0 0.582500 0.599167 0.072500 0.098333
0 0.216562 0.572917 0.071875 0.084167
0 0.036562 0.566250 0.069375 0.080833
0 0.586250 0.529167 0.071250 0.078333
0 0.515625 0.525833 0.066250 0.086667
0 0.713750 0.496667 0.070000 0.093333
0 0.181562 0.482917 0.073125 0.095833
0 0.063437 0.435000 0.075625 0.078333
0 0.367188 0.430000 0.064375 0.088333
0 0.112812 0.414167 0.070625 0.095000
0 0.228750 0.414167 0.065000 0.096667
0 0.823125 0.370417 0.062500 0.087500
0 0.377812 0.347500 0.065625 0.080000
0 0.063750 0.346250 0.070000 0.099167
0 0.308750 0.345417 0.070000 0.114167
0 0.252812 0.322083 0.061875 0.090833
0 0.353438 0.286250 0.063125 0.089167
0 0.861875 0.288333 0.091250 0.108333
0 0.050625 0.249583 0.070000 0.094167
0 0.581250 0.229583 0.073750 0.082500
0 0.918438 0.222500 0.078125 0.083333
0 0.812500 0.174167 0.107500 0.111667
0 0.731875 0.155417 0.066250 0.082500
0 0.346875 0.156250 0.066250 0.089167
0 0.277500 0.122917 0.066250 0.084167
0 0.715625 0.097083 0.060000 0.084167
0 0.890312 0.092917 0.054375 0.085833
0 0.618437 0.086667 0.064375 0.088333
0 0.210000 0.076250 0.053750 0.069167
0 0.112812 0.059167 0.064375 0.088333
0 0.970938 0.049583 0.058125 0.099167
0 0.833125 0.046667 0.066250 0.093333
0 0.278438 0.030000 0.061875 0.060000
0 0.063125 0.020000 0.060000 0.040000