0 0.214062 0.952917 0.061875 0.075833
0 0.304063 0.954167 0.079375 0.091667
0 0.615313 0.936250 0.075625 0.104167
0 0.088750 0.916250 0.091250 0.097500
0 0.857500 0.900000 0.077500 0.090000
0 0.956875 0.896250 0.062500 0.094167
0 0.443125 0.879583 0.050000 0.094167
0 0.304375 0.861667 0.062500 0.083333
0 0.376250 0.844583 0.063750 0.075833
0 0.517188 0.852917 0.069375 0.099167
0 0.057500 0.834167 0.067500 0.085000
0 0.940625 0.829583 0.077500 0.109167
0 0.214688 0.804167 0.076875 0.103333
0 0.026250 0.782500 0.052500 0.105000
0 0.419687 0.773333 0.076875 0.096667
0 0.982500 0.762500 0.035000 0.078333
0 0.374063 0.740833 0.073125 0.086667
0 0.231563 0.675417 0.076875 0.107500
0 0.384062 0.639167 0.096875 0.108333
0 0.975938 0.629583 0.048125 0.110833
0 0.032813 0.609167 0.065625 0.095000
0 0.523438 0.574167 0.078125 0.101667
0 0.327188 0.537083 0.060625 0.080833
0 0.701250 0.502917 0.065000 0.072500
0 0.399687 0.492917 0.068125 0.069167
0 0.422812 0.429167 0.050625 0.083333
0 0.526563 0.444583 0.098125 0.120833
0 0.379063 0.412083 0.060625 0.092500
0 0.735000 0.416250 0.081250 0.102500
0 0.546562 0.348750 0.055625 0.072500
0 0.222188 0.361667 0.076875 0.105000
0 0.690937 0.348333 0.074375 0.088333
0 0.609375 0.332917 0.050000 0.087500
0 0.113750 0.326667 0.061250 0.080000
0 0.524062 0.258750 0.068125 0.077500
0 0.217812 0.252917 0.058125 0.075833
0 0.981250 0.256250 0.037500 0.104167
0 0.081562 0.223750 0.063125 0.087500
0 0.293750 0.210833 0.068750 0.090000
0 0.586250 0.192917 0.061250 0.085833
0 0.660937 0.160833 0.051875 0.073333
0 0.364375 0.158333 0.067500 0.090000
0 0.770938 0.126250 0.066875 0.090833
0 0.070312 0.115417 0.070625 0.087500
0 0.977500 0.127917 0.045000 0.122500
0 0.699375 0.087500 0.058750 0.081667
0 0.202187 0.076250 0.061875 0.074167
0 0.581250 0.078750 0.068750 0.082500
0 0.373750 0.018333 0.050000 0.036667
0 0.017188 0.048750 0.034375 0.097500