0 0.300000 0.947500 0.108750 0.098333
0 0.386875 0.945000 0.066250 0.101667
0 0.757812 0.929583 0.073125 0.089167
0 0.453125 0.912083 0.063750 0.070833
0 0.229063 0.918333 0.094375 0.143333
0 0.513750 0.895000 0.075000 0.110000
0 0.626563 0.878333 0.070625 0.103333
0 0.451250 0.850417 0.075000 0.072500
0 0.732500 0.806250 0.065000 0.079167
0 0.156875 0.841250 0.080000 0.157500
0 0.223750 0.817500 0.083750 0.113333
0 0.607812 0.792083 0.063125 0.082500
0 0.092188 0.800417 0.069375 0.099167
0 0.443125 0.786667 0.085000 0.108333
0 0.832812 0.782500 0.093125 0.103333
0 0.687500 0.768333 0.071250 0.098333
0 0.629687 0.733333 0.068125 0.093333
0 0.165625 0.732917 0.072500 0.092500
0 0.558750 0.710833 0.071250 0.088333
0 0.958438 0.710417 0.074375 0.097500
0 0.809375 0.686667 0.071250 0.093333
0 0.609062 0.648333 0.071875 0.091667
0 0.899687 0.647083 0.069375 0.090833
0 0.478438 0.629583 0.065625 0.095833
0 0.203437 0.600833 0.070625 0.088333
0 0.824063 0.593750 0.079375 0.075833
0 0.353438 0.557500 0.060625 0.091667
0 0.517813 0.568750 0.084375 0.132500
0 0.115312 0.547917 0.073125 0.102500
0 0.409375 0.545000 0.062500 0.105000
0 0.674687 0.517500 0.071875 0.095000
0 0.048125 0.517917 0.072500 0.097500
0 0.232187 0.512500 0.066875 0.093333
0 0.813438 0.512083 0.071875 0.109167
0 0.530000 0.454583 0.070000 0.095833
0 0.650000 0.451667 0.071250 0.095000
0 0.213125 0.425000 0.051250 0.085000
0 0.929063 0.427917 0.069375 0.094167
0 0.741875 0.422500 0.075000 0.095000
0 0.816250 0.401250 0.068750 0.062500
0 0.465000 0.390000 0.068750 0.088333
0 0.400625 0.340833 0.068750 0.085000
0 0.027500 0.331667 0.055000 0.096667
0 0.811875 0.327083 0.071250 0.090833
0 0.746563 0.326667 0.064375 0.091667
0 0.119063 0.330833 0.068125 0.101667
0 0.596250 0.308333 0.068750 0.100000
0 0.691875 0.300000 0.073750 0.103333
0 0.260625 0.284167 0.066250 0.095000
0 0.390313 0.263333 0.069375 0.085000
0 0.094062 0.257500 0.065625 0.080000
0 0.526875 0.265417 0.088750 0.129167
0 0.619062 0.217083 0.069375 0.082500
0 0.435312 0.223750 0.059375 0.095833
0 0.187188 0.217500 0.076875 0.093333
0 0.280313 0.184583 0.066875 0.090833
0 0.108125 0.183750 0.065000 0.090833
0 0.805937 0.140000 0.069375 0.065000
0 0.588437 0.137500 0.060625 0.091667
0 0.738125 0.131667 0.070000 0.086667
0 0.356875 0.086250 0.062500 0.089167
0 0.482187 0.095000 0.079375 0.128333
0 0.666875 0.089167 0.101250 0.128333
0 0.035312 0.050000 0.063125 0.091667
0 0.823750 0.055417 0.067500 0.110833
0 0.410938 0.023750 0.073125 0.047500
0 0.217188 0.032917 0.076875 0.065833
0 0.096250 0.030417 0.066250 0.060833