0 0.286875 0.978750 0.070000 0.042500
0 0.604375 0.977083 0.096250 0.045833
0 0.110937 0.975000 0.073125 0.050000
0 0.730625 0.969583 0.065000 0.060833
0 0.952500 0.967500 0.078750 0.065000
0 0.043750 0.958750 0.080000 0.082500
0 0.383437 0.945833 0.084375 0.076667
0 0.103438 0.906250 0.076875 0.084167
0 0.024063 0.900833 0.048125 0.090000
0 0.652813 0.898333 0.064375 0.091667
0 0.391250 0.875417 0.085000 0.064167
0 0.837187 0.896667 0.093125 0.113333
0 0.268437 0.900417 0.105625 0.127500
0 0.589063 0.898750 0.085625 0.127500
0 0.214062 0.872917 0.058125 0.079167
0 0.968750 0.869167 0.062500 0.091667
0 0.709688 0.857500 0.055625 0.088333
0 0.776875 0.852917 0.070000 0.084167
0 0.509375 0.852083 0.070000 0.082500
0 0.304375 0.849583 0.081250 0.085833
0 0.073750 0.840833 0.077500 0.095000
0 0.145625 0.832500 0.060000 0.091667
0 0.621875 0.819583 0.127500 0.099167
0 0.239687 0.795417 0.080625 0.075833
0 0.430312 0.800000 0.079375 0.088333
0 0.866563 0.809167 0.114375 0.108333
0 0.337813 0.786667 0.085625 0.081667
0 0.787813 0.778750 0.068125 0.069167
0 0.515938 0.757500 0.078125 0.095000
0 0.402813 0.752917 0.075625 0.094167
0 0.628125 0.737500 0.103750 0.085000
0 0.947812 0.735000 0.064375 0.091667
0 0.070312 0.724583 0.061875 0.077500
0 0.861563 0.730417 0.099375 0.095833
0 0.687187 0.692917 0.061875 0.085833
0 0.605938 0.682083 0.078125 0.072500
0 0.223750 0.683333 0.072500 0.096667
0 0.412813 0.673750 0.081875 0.082500
0 0.857500 0.660417 0.067500 0.082500
0 0.142500 0.648750 0.047500 0.095833
0 0.202813 0.642083 0.070625 0.099167
0 0.690312 0.615417 0.089375 0.067500
0 0.066562 0.614583 0.071875 0.067500
0 0.898125 0.626250 0.052500 0.115833
0 0.951875 0.616667 0.085000 0.141667
0 0.625625 0.587083 0.063750 0.095833
0 0.320312 0.579167 0.085625 0.081667
0 0.538750 0.571250 0.060000 0.082500
0 0.435000 0.564167 0.072500 0.076667
0 0.168750 0.565000 0.068750 0.080000
0 0.962187 0.540417 0.075625 0.070833
0 0.073438 0.531250 0.120625 0.100833
0 0.275625 0.512917 0.063750 0.085833
0 0.100312 0.487917 0.080625 0.092500
0 0.762500 0.478750 0.067500 0.075833
0 0.524062 0.482500 0.060625 0.086667
0 0.602187 0.495000 0.094375 0.126667
0 0.844688 0.464167 0.066875 0.096667
0 0.174375 0.460417 0.060000 0.114167
0 0.493437 0.447917 0.066875 0.094167
0 0.416250 0.434167 0.066250 0.098333
0 0.904062 0.430417 0.074375 0.099167
0 0.642813 0.421667 0.066875 0.090000
0 0.198125 0.413750 0.061250 0.074167
0 0.756875 0.410417 0.063750 0.069167
0 0.124688 0.414167 0.079375 0.120000
0 0.046875 0.378750 0.093750 0.105833
0 0.532813 0.375000 0.065625 0.116667
0 0.329375 0.351250 0.047500 0.069167
0 0.835938 0.354583 0.075625 0.090833
0 0.176250 0.345417 0.072500 0.099167
0 0.977812 0.327500 0.044375 0.088333
0 0.714688 0.330000 0.080625 0.101667
0 0.078750 0.301667 0.063750 0.068333
0 0.600625 0.320000 0.076250 0.108333
0 0.491875 0.301667 0.053750 0.101667
0 0.897188 0.285000 0.068125 0.090000
0 0.759062 0.292917 0.081875 0.109167
0 0.019375 0.285417 0.038750 0.112500
0 0.110937 0.265000 0.099375 0.075000
0 0.237813 0.272083 0.084375 0.092500
0 0.365000 0.289167 0.100000 0.148333
0 0.452500 0.254583 0.063750 0.100833
0 0.295625 0.223750 0.068750 0.067500
0 0.535312 0.225417 0.071875 0.092500
0 0.248438 0.190417 0.073125 0.089167
0 0.039375 0.178750 0.078750 0.082500
0 0.166250 0.155833 0.087500 0.101667
0 0.474375 0.132917 0.061250 0.085833
0 0.334062 0.083333 0.060625 0.090000
0 0.793438 0.078333 0.101875 0.088333
0 0.615625 0.076250 0.065000 0.089167
0 0.247500 0.074167 0.060000 0.095000
0 0.384375 0.067083 0.071250 0.087500
0 0.681875 0.053750 0.063750 0.089167
0 0.195937 0.021667 0.065625 0.043333
0 0.076875 0.018333 0.082500 0.036667