0 0.422812 0.977917 0.090625 0.044167
0 0.105625 0.972083 0.053750 0.055833
0 0.664062 0.968750 0.046875 0.062500
0 0.183125 0.954167 0.062500 0.085000
0 0.041250 0.953333 0.082500 0.093333
0 0.467500 0.950417 0.058750 0.099167
0 0.554063 0.945833 0.073125 0.100000
0 0.856563 0.922500 0.069375 0.090000
0 0.727187 0.928333 0.069375 0.101667
0 0.507500 0.925417 0.055000 0.100833
0 0.373437 0.915000 0.068125 0.091667
0 0.027500 0.868750 0.055000 0.087500
0 0.411562 0.863750 0.061875 0.080833
0 0.195625 0.879167 0.058750 0.136667
0 0.670312 0.864167 0.083125 0.115000
0 0.766875 0.820000 0.076250 0.098333
0 0.224688 0.830833 0.060625 0.136667
0 0.520312 0.812917 0.058125 0.109167
0 0.982812 0.793750 0.034375 0.094167
0 0.847187 0.780000 0.083125 0.090000
0 0.699375 0.780417 0.080000 0.112500
0 0.562500 0.732500 0.061250 0.096667
0 0.626875 0.722917 0.086250 0.104167
0 0.836562 0.702500 0.076875 0.091667
0 0.373750 0.705833 0.080000 0.100000
0 0.238437 0.676250 0.061875 0.097500
0 0.097500 0.667083 0.073750 0.087500
0 0.342500 0.655833 0.091250 0.098333
0 0.815625 0.628333 0.071250 0.073333
0 0.139063 0.640000 0.096875 0.140000
0 0.735313 0.664583 0.124375 0.200833
0 0.293438 0.631250 0.053125 0.142500
0 0.357500 0.605833 0.076250 0.095000
0 0.230000 0.619167 0.085000 0.121667
0 0.034375 0.604167 0.062500 0.095000
0 0.620000 0.610000 0.093750 0.108333
0 0.891563 0.591667 0.069375 0.086667
0 0.698750 0.587083 0.070000 0.085833
0 0.168437 0.566667 0.061875 0.061667
0 0.405000 0.585000 0.057500 0.113333
0 0.083750 0.562917 0.100000 0.132500
0 0.370000 0.533750 0.065000 0.089167
0 0.811250 0.544583 0.078750 0.129167
0 0.905312 0.535000 0.095625 0.118333
0 0.234375 0.518333 0.065000 0.090000
0 0.980938 0.522917 0.038125 0.100833
0 0.639687 0.516667 0.109375 0.111667
0 0.435937 0.499583 0.069375 0.102500
0 0.327500 0.500000 0.055000 0.110000
0 0.280938 0.508750 0.049375 0.127500
0 0.779062 0.480833 0.063125 0.085000
0 0.878437 0.455417 0.094375 0.069167
0 0.033125 0.482083 0.066250 0.139167
0 0.565312 0.440000 0.081875 0.090000
0 0.658750 0.422500 0.071250 0.095000
0 0.882188 0.380000 0.071875 0.083333
0 0.822812 0.389583 0.064375 0.105833
0 0.523750 0.377083 0.080000 0.097500
0 0.674375 0.347083 0.063750 0.090833
0 0.604062 0.347917 0.061875 0.092500
0 0.065625 0.375417 0.046250 0.159167
0 0.732187 0.340000 0.063125 0.093333
0 0.291250 0.335417 0.058750 0.105833
0 0.148750 0.286250 0.067500 0.080833
0 0.852187 0.276250 0.070625 0.084167
0 0.704688 0.254583 0.064375 0.094167
0 0.968750 0.217083 0.062500 0.085833
0 0.240313 0.224167 0.069375 0.108333
0 0.172500 0.217917 0.068750 0.100833
0 0.268125 0.199583 0.053750 0.090833
0 0.855313 0.191250 0.070625 0.084167
0 0.319063 0.200833 0.061875 0.111667
0 0.543438 0.183750 0.069375 0.089167
0 0.616250 0.172500 0.073750 0.091667
0 0.908438 0.161250 0.085625 0.102500
0 0.065625 0.155833 0.070000 0.096667
0 0.740000 0.115000 0.066250 0.078333
0 0.142187 0.127083 0.066875 0.102500
0 0.933125 0.113333 0.070000 0.083333
0 0.983437 0.107083 0.033125 0.079167
0 0.351250 0.112083 0.063750 0.097500
0 0.430000 0.100833 0.060000 0.095000
0 0.308125 0.086250 0.066250 0.109167
0 0.165313 0.065833 0.059375 0.103333
0 0.792500 0.028333 0.072500 0.056667
0 0.690937 0.043750 0.064375 0.087500
0 0.581562 0.037083 0.069375 0.074167
0 0.237500 0.063333 0.081250 0.126667
0 0.109687 0.055417 0.085625 0.110833
0 0.016563 0.056250 0.033125 0.112500