0 0.031250 0.977083 0.062500 0.045833
0 0.097187 0.976250 0.065625 0.047500
0 0.687813 0.970417 0.145625 0.059167
0 0.563125 0.955417 0.107500 0.089167
0 0.162188 0.949167 0.066875 0.090000
0 0.900937 0.935000 0.090625 0.100000
0 0.251250 0.927083 0.072500 0.100833
0 0.510000 0.924583 0.068750 0.105833
0 0.350625 0.900000 0.103750 0.113333
0 0.033438 0.876250 0.063125 0.104167
0 0.110937 0.853750 0.073125 0.085833
0 0.460625 0.845833 0.068750 0.090000
0 0.677188 0.834583 0.070625 0.095833
0 0.915000 0.829583 0.077500 0.110833
0 0.189688 0.809167 0.071875 0.093333
0 0.752188 0.811250 0.073125 0.100833
0 0.306250 0.819583 0.086250 0.117500
0 0.520000 0.798333 0.068750 0.088333
0 0.258125 0.757083 0.071250 0.099167
0 0.650625 0.747083 0.067500 0.087500
0 0.944063 0.735833 0.065625 0.088333
0 0.834688 0.739583 0.071875 0.102500
0 0.411875 0.729583 0.066250 0.084167
0 0.037500 0.735417 0.070000 0.099167
0 0.193125 0.697083 0.063750 0.077500
0 0.123438 0.703750 0.076875 0.097500
0 0.546875 0.664167 0.073750 0.095000
0 0.150625 0.638333 0.045000 0.088333
0 0.906875 0.640000 0.073750 0.095000
0 0.744062 0.644583 0.096875 0.104167
0 0.093125 0.625833 0.075000 0.078333
0 0.953750 0.600833 0.061250 0.098333
0 0.501250 0.584583 0.073750 0.099167
0 0.136563 0.564167 0.083125 0.103333
0 0.705000 0.557917 0.072500 0.092500
0 0.823438 0.560417 0.071875 0.104167
0 0.630000 0.545000 0.070000 0.088333
0 0.342187 0.552083 0.076875 0.130833
0 0.904062 0.514583 0.058125 0.085833
0 0.959063 0.487083 0.069375 0.092500
0 0.425312 0.486250 0.068125 0.094167
0 0.726562 0.472083 0.071875 0.092500
0 0.600000 0.457500 0.070000 0.100000
0 0.053750 0.467917 0.077500 0.129167
0 0.811562 0.434167 0.069375 0.095000
0 0.244062 0.427500 0.070625 0.096667
0 0.324688 0.395000 0.074375 0.106667
0 0.541250 0.386667 0.075000 0.093333
0 0.177500 0.394167 0.093750 0.136667
0 0.774375 0.362500 0.065000 0.080000
0 0.221562 0.331250 0.069375 0.089167
0 0.148125 0.330417 0.056250 0.089167
0 0.605313 0.323333 0.073125 0.098333
0 0.925312 0.318750 0.068125 0.090833
0 0.703750 0.303333 0.098750 0.098333
0 0.467187 0.295417 0.075625 0.137500
0 0.154688 0.247500 0.075625 0.078333
0 0.777500 0.257917 0.082500 0.115833
0 0.677500 0.235000 0.065000 0.095000
0 0.287500 0.231667 0.077500 0.095000
0 0.622500 0.224583 0.065000 0.090833
0 0.355938 0.195000 0.068125 0.093333
0 0.129688 0.180000 0.061875 0.090000
0 0.015938 0.179583 0.031875 0.105833
0 0.202187 0.158750 0.070625 0.092500
0 0.071250 0.158333 0.082500 0.118333
0 0.928438 0.141667 0.070625 0.090000
0 0.499063 0.137083 0.065625 0.084167
0 0.837500 0.136667 0.066250 0.105000
0 0.443125 0.115417 0.070000 0.075833
0 0.306563 0.126250 0.065625 0.097500
0 0.605938 0.127083 0.073125 0.104167
0 0.700625 0.087500 0.072500 0.076667
0 0.153438 0.091250 0.073125 0.089167
0 0.376250 0.082500 0.073750 0.098333
0 0.041250 0.063333 0.070000 0.095000
0 0.818438 0.051667 0.073125 0.080000
0 0.441563 0.044167 0.074375 0.083333
0 0.971562 0.043333 0.056875 0.086667
0 0.903438 0.038750 0.070625 0.077500
0 0.701562 0.024167 0.078125 0.048333
0 0.607812 0.037083 0.069375 0.074167
0 0.555937 0.047500 0.054375 0.095000
0 0.265313 0.047083 0.073125 0.094167
0 0.125625 0.020417 0.073750 0.040833