0 0.560000 0.978750 0.068750 0.042500
0 0.173750 0.976250 0.060000 0.047500
0 0.641875 0.975000 0.077500 0.050000
0 0.023750 0.970000 0.047500 0.060000
0 0.258750 0.965417 0.065000 0.069167
0 0.078125 0.964583 0.060000 0.070833
0 0.583125 0.921667 0.072500 0.098333
0 0.303438 0.896667 0.071875 0.085000
0 0.536875 0.882083 0.062500 0.077500
0 0.782813 0.883750 0.075625 0.099167
0 0.091563 0.867917 0.078125 0.094167
0 0.372812 0.862083 0.079375 0.084167
0 0.260625 0.866667 0.063750 0.103333
0 0.495937 0.837917 0.080625 0.089167
0 0.215000 0.855833 0.087500 0.131667
0 0.319375 0.810833 0.073750 0.103333
0 0.599688 0.802083 0.139375 0.102500
0 0.395000 0.781667 0.067500 0.088333
0 0.485625 0.770833 0.113750 0.096667
0 0.843750 0.777917 0.082500 0.114167
0 0.247812 0.756667 0.079375 0.101667
0 0.729375 0.760000 0.048750 0.110000
0 0.671875 0.745417 0.075000 0.100833
0 0.485938 0.707083 0.073125 0.074167
0 0.859375 0.685417 0.070000 0.105833
0 0.653125 0.668750 0.066250 0.084167
0 0.523438 0.667083 0.065625 0.087500
0 0.336875 0.635000 0.071250 0.088333
0 0.063750 0.627083 0.065000 0.080833
0 0.455000 0.630000 0.087500 0.103333
0 0.557500 0.616667 0.062500 0.081667
0 0.204063 0.627917 0.065625 0.104167
0 0.276562 0.615833 0.060625 0.081667
0 0.836875 0.606667 0.063750 0.085000
0 0.608750 0.577083 0.078750 0.100833
0 0.425000 0.560000 0.057500 0.080000
0 0.705313 0.550000 0.074375 0.101667
0 0.366250 0.541250 0.070000 0.100833
0 0.943438 0.532917 0.069375 0.092500
0 0.778438 0.524167 0.075625 0.088333
0 0.531875 0.516667 0.076250 0.108333
0 0.858125 0.469583 0.067500 0.087500
0 0.799063 0.447917 0.059375 0.074167
0 0.119375 0.456250 0.070000 0.090833
0 0.073125 0.434583 0.067500 0.092500
0 0.372812 0.434167 0.080625 0.096667
0 0.940625 0.429583 0.065000 0.099167
0 0.311250 0.403333 0.067500 0.080000
0 0.472813 0.392083 0.061875 0.087500
0 0.680312 0.395417 0.068125 0.097500
0 0.169063 0.388750 0.063125 0.097500
0 0.778750 0.378750 0.085000 0.100833
0 0.360312 0.359583 0.061875 0.087500
0 0.910937 0.365833 0.081875 0.108333
0 0.106875 0.357917 0.100000 0.104167
0 0.025000 0.352500 0.050000 0.110000
0 0.523438 0.335417 0.063125 0.090833
0 0.092188 0.316667 0.069375 0.076667
0 0.601875 0.318333 0.080000 0.096667
0 0.202187 0.312083 0.084375 0.112500
0 0.325937 0.297500 0.068125 0.130000
0 0.115000 0.269583 0.076250 0.077500
0 0.261250 0.266250 0.067500 0.084167
0 0.428750 0.262500 0.077500 0.093333
0 0.025000 0.258750 0.050000 0.094167
0 0.965000 0.258750 0.065000 0.107500
0 0.489063 0.246667 0.064375 0.090000
0 0.748125 0.249583 0.073750 0.100833
0 0.067500 0.217083 0.070000 0.069167
0 0.207187 0.209583 0.066875 0.085833
0 0.275625 0.195833 0.063750 0.085000
0 0.563125 0.198333 0.073750 0.091667
0 0.365938 0.200417 0.070625 0.100833
0 0.938750 0.174167 0.070000 0.093333
0 0.640938 0.204583 0.098125 0.157500
0 0.081875 0.151667 0.073750 0.076667
0 0.875000 0.085417 0.113750 0.075833
0 0.672500 0.089167 0.071250 0.103333
0 0.331875 0.062083 0.066250 0.089167
0 0.177187 0.059167 0.081875 0.105000
0 0.903438 0.042917 0.074375 0.084167
0 0.841562 0.024583 0.068125 0.049167
0 0.728750 0.024583 0.062500 0.049167
0 0.642500 0.036667 0.108750 0.073333