0 0.391250 0.978333 0.062500 0.043333
0 0.943125 0.962500 0.076250 0.075000
0 0.814375 0.955000 0.070000 0.090000
0 0.279375 0.947500 0.062500 0.093333
0 0.345000 0.940000 0.067500 0.098333
0 0.748437 0.933333 0.071875 0.100000
0 0.672813 0.862917 0.080625 0.089167
0 0.239063 0.841667 0.069375 0.093333
0 0.495937 0.843333 0.073125 0.101667
0 0.897813 0.832917 0.079375 0.099167
0 0.172500 0.812917 0.071250 0.100833
0 0.547188 0.773333 0.071875 0.095000
0 0.308125 0.774583 0.073750 0.102500
0 0.865000 0.760000 0.072500 0.090000
0 0.032813 0.732500 0.065625 0.095000
0 0.170937 0.706667 0.084375 0.095000
0 0.921250 0.698750 0.067500 0.085833
0 0.512813 0.664583 0.068125 0.087500
0 0.257500 0.645000 0.068750 0.091667
0 0.106250 0.647500 0.073750 0.103333
0 0.814063 0.618750 0.064375 0.095833
0 0.909687 0.609583 0.075625 0.089167
0 0.502812 0.574583 0.090625 0.072500
0 0.625000 0.574167 0.067500 0.088333
0 0.395000 0.547917 0.072500 0.084167
0 0.437188 0.491667 0.074375 0.091667
0 0.647188 0.475000 0.065625 0.083333
0 0.145625 0.457917 0.073750 0.087500
0 0.780312 0.456250 0.073125 0.087500
0 0.529687 0.393750 0.079375 0.099167
0 0.945312 0.383333 0.070625 0.091667
0 0.412813 0.371250 0.070625 0.087500
0 0.280625 0.365000 0.081250 0.085000
0 0.173437 0.365000 0.070625 0.085000
0 0.494375 0.345833 0.086250 0.086667
0 0.770312 0.321667 0.076875 0.080000
0 0.899375 0.308750 0.065000 0.080833
0 0.400313 0.293750 0.070625 0.082500
0 0.544687 0.260833 0.079375 0.090000
0 0.474375 0.262083 0.061250 0.097500
0 0.171250 0.235833 0.070000 0.076667
0 0.050937 0.236667 0.068125 0.090000
0 0.955313 0.242917 0.089375 0.105833
0 0.734688 0.221250 0.100625 0.140833
0 0.525312 0.172083 0.064375 0.090833
0 0.603437 0.157917 0.109375 0.099167
0 0.128125 0.154583 0.068750 0.092500
0 0.287813 0.159583 0.064375 0.107500
0 0.031563 0.145833 0.063125 0.088333
0 0.417500 0.106667 0.077500 0.098333
0 0.725938 0.082917 0.104375 0.117500
0 0.120313 0.057083 0.070625 0.084167
0 0.817187 0.060833 0.094375 0.100000
0 0.048125 0.050417 0.077500 0.087500
0 0.326875 0.050000 0.080000 0.093333
0 0.663438 0.033750 0.061875 0.067500