0 0.331562 0.976667 0.069375 0.046667
0 0.605313 0.974167 0.044375 0.051667
0 0.556250 0.962083 0.060000 0.075833
0 0.055938 0.952917 0.059375 0.077500
0 0.496250 0.944583 0.052500 0.079167
0 0.222500 0.912917 0.046250 0.067500
0 0.017188 0.909583 0.034375 0.075833
0 0.111250 0.894583 0.068750 0.095833
0 0.690312 0.875000 0.060625 0.061667
0 0.820312 0.879583 0.063125 0.082500
0 0.770000 0.847917 0.055000 0.067500
0 0.180625 0.878750 0.062500 0.139167
0 0.391562 0.843750 0.043125 0.122500
0 0.924375 0.832917 0.090000 0.110833
0 0.983437 0.797083 0.033125 0.085833
0 0.021562 0.795417 0.043125 0.084167
0 0.515625 0.788333 0.055000 0.078333
0 0.441875 0.788333 0.072500 0.078333
0 0.810312 0.765833 0.061875 0.078333
0 0.348438 0.757500 0.056875 0.073333
0 0.550625 0.730000 0.052500 0.081667
0 0.742500 0.703750 0.056250 0.094167
0 0.352500 0.684583 0.052500 0.074167
0 0.980625 0.696250 0.038750 0.115833
0 0.653125 0.672917 0.056250 0.070833
0 0.478750 0.677917 0.056250 0.085833
0 0.287813 0.632500 0.048125 0.070000
0 0.362187 0.621667 0.055625 0.068333
0 0.140625 0.610000 0.048750 0.083333
0 0.589063 0.592500 0.055625 0.091667
0 0.386875 0.578333 0.057500 0.068333
0 0.180000 0.580833 0.052500 0.076667
0 0.689688 0.577083 0.045625 0.074167
0 0.465938 0.560833 0.058125 0.071667
0 0.024375 0.557917 0.048750 0.072500
0 0.780000 0.572500 0.077500 0.120000
0 0.131562 0.537500 0.059375 0.070000
0 0.447188 0.510833 0.054375 0.068333
0 0.226875 0.509167 0.052500 0.070000
0 0.721562 0.507083 0.101875 0.085833
0 0.507500 0.497917 0.062500 0.079167
0 0.021250 0.480417 0.042500 0.079167
0 0.170313 0.465833 0.063125 0.085000
0 0.091563 0.435833 0.055625 0.075000
0 0.401875 0.435833 0.047500 0.081667
0 0.548125 0.445833 0.052500 0.105000
0 0.221250 0.429167 0.051250 0.073333
0 0.358750 0.408750 0.057500 0.079167
0 0.114687 0.395833 0.040625 0.063333
0 0.948125 0.397083 0.050000 0.072500
0 0.986875 0.388750 0.026250 0.075833
0 0.313750 0.359583 0.058750 0.070833
0 0.508750 0.357917 0.046250 0.069167
0 0.162812 0.362500 0.063125 0.093333
0 0.981875 0.303750 0.036250 0.075833
0 0.401875 0.296250 0.048750 0.087500
0 0.090313 0.301250 0.071875 0.109167
0 0.024688 0.283750 0.049375 0.089167
0 0.728437 0.267917 0.078125 0.107500
0 0.138750 0.242917 0.053750 0.064167
0 0.352187 0.225833 0.049375 0.073333
0 0.397500 0.217083 0.047500 0.077500
0 0.093438 0.214167 0.054375 0.071667
0 0.931250 0.197917 0.061250 0.082500
0 0.644687 0.202917 0.059375 0.092500
0 0.242188 0.185417 0.053125 0.097500
0 0.438750 0.170833 0.062500 0.078333
0 0.295938 0.169583 0.060625 0.092500
0 0.512813 0.161250 0.059375 0.085833
0 0.013125 0.149583 0.026250 0.064167
0 0.857812 0.185417 0.099375 0.154167
0 0.061250 0.144583 0.076250 0.075833
0 0.148750 0.115833 0.055000 0.071667
0 0.682813 0.121250 0.070625 0.095833
0 0.977500 0.106250 0.045000 0.079167
0 0.377812 0.100000 0.054375 0.066667
0 0.498750 0.100417 0.057500 0.080833
0 0.316250 0.104167 0.063750 0.091667
0 0.202187 0.094583 0.055625 0.074167
0 0.551250 0.094167 0.050000 0.075000
0 0.455000 0.094167 0.048750 0.078333
0 0.531875 0.035833 0.061250 0.068333
0 0.746250 0.045417 0.072500 0.090833
0 0.361563 0.028333 0.058125 0.056667
0 0.155625 0.020833 0.057500 0.041667