0 0.453750 0.980000 0.073750 0.040000
0 0.741563 0.975000 0.055625 0.050000
0 0.683750 0.966250 0.057500 0.067500
0 0.140625 0.963750 0.071250 0.072500
0 0.510312 0.960417 0.056875 0.070833
0 0.930312 0.945833 0.139375 0.108333
0 0.249062 0.926667 0.058125 0.075000
0 0.752188 0.910000 0.050625 0.075000
0 0.445937 0.912500 0.065625 0.083333
0 0.646875 0.909583 0.058750 0.090833
0 0.701875 0.897083 0.058750 0.079167
0 0.172813 0.892917 0.064375 0.079167
0 0.615000 0.889583 0.047500 0.075833
0 0.982187 0.887500 0.035625 0.078333
0 0.385937 0.881250 0.066875 0.084167
0 0.039375 0.867500 0.057500 0.100000
0 0.071563 0.831250 0.055625 0.072500
0 0.174063 0.828333 0.064375 0.068333
0 0.591250 0.820417 0.052500 0.069167
0 0.839063 0.810833 0.060625 0.080000
0 0.410000 0.807500 0.057500 0.076667
0 0.465000 0.803750 0.052500 0.084167
0 0.025313 0.812083 0.050625 0.100833
0 0.741875 0.792500 0.053750 0.065000
0 0.605625 0.777917 0.051250 0.067500
0 0.545000 0.775833 0.060000 0.081667
0 0.972812 0.759583 0.054375 0.084167
0 0.877812 0.750417 0.051875 0.075833
0 0.275313 0.755833 0.060625 0.086667
0 0.765625 0.742917 0.062500 0.084167
0 0.499063 0.737500 0.060625 0.078333
0 0.816562 0.717500 0.060625 0.085000
0 0.143750 0.732083 0.067500 0.122500
0 0.446250 0.706667 0.066250 0.088333
0 0.544375 0.692083 0.052500 0.069167
0 0.754375 0.670000 0.048750 0.070000
0 0.051562 0.672500 0.055625 0.078333
0 0.269688 0.634167 0.064375 0.078333
0 0.115000 0.631250 0.056250 0.077500
0 0.880938 0.624583 0.055625 0.072500
0 0.720313 0.619583 0.048125 0.072500
0 0.445937 0.617083 0.061875 0.079167
0 0.930000 0.607083 0.051250 0.080833
0 0.508437 0.615833 0.074375 0.101667
0 0.663438 0.597917 0.056875 0.074167
0 0.977187 0.594583 0.045625 0.082500
0 0.858125 0.582917 0.052500 0.072500
0 0.540937 0.576667 0.041875 0.080000
0 0.742812 0.575000 0.065625 0.083333
0 0.184375 0.576250 0.048750 0.092500
0 0.419063 0.550833 0.061875 0.080000
0 0.044062 0.552500 0.054375 0.085000
0 0.107500 0.536250 0.057500 0.079167
0 0.827500 0.527083 0.062500 0.072500
0 0.616250 0.523750 0.043750 0.070833
0 0.479375 0.505417 0.057500 0.075833
0 0.774375 0.490417 0.058750 0.077500
0 0.712812 0.482083 0.081875 0.090833
0 0.060000 0.462917 0.062500 0.084167
0 0.945000 0.447500 0.060000 0.078333
0 0.646563 0.415417 0.058125 0.059167
0 0.328125 0.411667 0.053750 0.063333
0 0.382812 0.417917 0.053125 0.077500
0 0.162812 0.394167 0.046875 0.068333
0 0.573750 0.397917 0.056250 0.077500
0 0.277500 0.396667 0.048750 0.080000
0 0.730938 0.391250 0.064375 0.070833
0 0.521563 0.376667 0.065625 0.098333
0 0.470313 0.348333 0.049375 0.070000
0 0.840625 0.352500 0.057500 0.080000
0 0.171250 0.329167 0.058750 0.070000
0 0.899062 0.330417 0.066875 0.074167
0 0.048438 0.357500 0.083125 0.130000
0 0.232187 0.315417 0.059375 0.110833
0 0.665312 0.304167 0.069375 0.090000
0 0.496875 0.297083 0.042500 0.079167
0 0.095312 0.286667 0.054375 0.068333
0 0.400938 0.256250 0.068125 0.079167
0 0.701562 0.246667 0.055625 0.071667
0 0.801875 0.249583 0.067500 0.084167
0 0.286250 0.255000 0.086250 0.106667
0 0.540625 0.261667 0.043750 0.133333
0 0.473750 0.222500 0.068750 0.076667
0 0.167187 0.232500 0.071875 0.130000
0 0.595938 0.196250 0.095625 0.080833
0 0.666250 0.193333 0.053750 0.076667
0 0.393437 0.179583 0.069375 0.087500
0 0.712812 0.143333 0.053125 0.076667
0 0.055938 0.121250 0.060625 0.055833
0 0.969063 0.153333 0.061875 0.130000
0 0.490625 0.138750 0.088750 0.104167
0 0.290312 0.110417 0.046875 0.069167
0 0.791875 0.120417 0.081250 0.100833
0 0.337187 0.103750 0.048125 0.074167
0 0.589688 0.091667 0.043125 0.063333
0 0.415625 0.100833 0.063750 0.081667
0 0.666562 0.092083 0.049375 0.074167
0 0.111250 0.093750 0.056250 0.085833
0 0.223750 0.082083 0.071250 0.087500
0 0.758750 0.075417 0.060000 0.075833
0 0.530937 0.074167 0.056875 0.081667
0 0.046562 0.057917 0.064375 0.065833
0 0.845313 0.079167 0.073125 0.131667
0 0.378750 0.053750 0.061250 0.092500
0 0.932813 0.045000 0.054375 0.078333
0 0.620625 0.037083 0.052500 0.067500
0 0.804375 0.028333 0.076250 0.056667
0 0.250312 0.018333 0.059375 0.036667
0 0.169375 0.020417 0.052500 0.040833