0 0.456250 0.978333 0.071250 0.043333
0 0.327813 0.973333 0.076875 0.053333
0 0.381875 0.943750 0.068750 0.087500
0 0.694375 0.927083 0.061250 0.087500
0 0.154375 0.920833 0.067500 0.088333
0 0.305312 0.918333 0.085625 0.105000
0 0.477500 0.906667 0.070000 0.090000
0 0.049688 0.886667 0.070625 0.088333
0 0.975000 0.881667 0.050000 0.130000
0 0.829063 0.858750 0.070625 0.092500
0 0.911875 0.847917 0.070000 0.092500
0 0.526875 0.830833 0.068750 0.093333
0 0.200000 0.788333 0.058750 0.093333
0 0.273438 0.812083 0.071875 0.144167
0 0.865000 0.776250 0.063750 0.090833
0 0.494688 0.749167 0.060625 0.081667
0 0.447188 0.762083 0.098125 0.130833
0 0.347813 0.742500 0.071875 0.098333
0 0.981875 0.719583 0.036250 0.092500
0 0.681562 0.692500 0.073125 0.095000
0 0.782813 0.605833 0.068125 0.093333
0 0.260937 0.595417 0.071875 0.094167
0 0.328437 0.583750 0.064375 0.087500
0 0.893437 0.583750 0.084375 0.110833
0 0.640000 0.569167 0.068750 0.090000
0 0.976250 0.565417 0.047500 0.095833
0 0.739375 0.557500 0.100000 0.103333
0 0.086250 0.528750 0.072500 0.089167
0 0.475938 0.499167 0.075625 0.108333
0 0.872188 0.482083 0.068125 0.089167
0 0.237500 0.457083 0.075000 0.092500
0 0.926250 0.445000 0.078750 0.113333
0 0.569063 0.410000 0.061875 0.085000
0 0.021250 0.376250 0.042500 0.094167
0 0.399375 0.356250 0.073750 0.099167
0 0.869062 0.352500 0.099375 0.103333
0 0.120938 0.355000 0.103125 0.113333
0 0.794063 0.330000 0.069375 0.105000
0 0.056875 0.317500 0.073750 0.091667
0 0.176250 0.302917 0.073750 0.075833
0 0.595625 0.294167 0.062500 0.068333
0 0.733125 0.249167 0.070000 0.093333
0 0.350313 0.231667 0.051875 0.095000
0 0.797188 0.226667 0.070625 0.093333
0 0.395313 0.194583 0.088125 0.120833
0 0.221875 0.159167 0.077500 0.100000
0 0.971250 0.155417 0.057500 0.099167
0 0.790937 0.107917 0.073125 0.090833
0 0.031563 0.095833 0.063125 0.100000
0 0.416250 0.082083 0.067500 0.085833
0 0.269375 0.085000 0.068750 0.096667
0 0.577500 0.092500 0.076250 0.123333
0 0.138437 0.061667 0.069375 0.091667
0 0.471250 0.058333 0.072500 0.091667
0 0.087813 0.024583 0.063125 0.049167