0 0.861563 0.973750 0.071875 0.052500
0 0.346250 0.971667 0.067500 0.056667
0 0.505938 0.971250 0.066875 0.057500
0 0.935937 0.966667 0.069375 0.066667
0 0.737812 0.917500 0.065625 0.076667
0 0.707500 0.868333 0.070000 0.096667
0 0.818125 0.819167 0.050000 0.108333
0 0.966562 0.796667 0.066875 0.093333
0 0.590313 0.782917 0.066875 0.090833
0 0.489687 0.781250 0.070625 0.099167
0 0.770312 0.788750 0.078125 0.120833
0 0.883750 0.775000 0.098750 0.123333
0 0.397188 0.699167 0.079375 0.091667
0 0.117813 0.704167 0.094375 0.143333
0 0.481563 0.670417 0.064375 0.080833
0 0.862812 0.656250 0.073125 0.095833
0 0.661875 0.664583 0.088750 0.114167
0 0.365625 0.638750 0.062500 0.080833
0 0.417812 0.611667 0.069375 0.083333
0 0.155938 0.597917 0.069375 0.099167
0 0.503437 0.592500 0.066875 0.093333
0 0.735000 0.588750 0.095000 0.115833
0 0.347813 0.542500 0.066875 0.093333
0 0.961875 0.512917 0.067500 0.097500
0 0.469062 0.528750 0.093125 0.159167
0 0.731875 0.494167 0.051250 0.093333
0 0.581875 0.480000 0.072500 0.101667
0 0.794687 0.471667 0.074375 0.096667
0 0.432500 0.439167 0.081250 0.098333
0 0.531250 0.432500 0.077500 0.090000
0 0.867500 0.421250 0.067500 0.085833
0 0.210000 0.369167 0.072500 0.096667
0 0.542813 0.320833 0.079375 0.070000
0 0.145000 0.354167 0.073750 0.143333
0 0.476562 0.311250 0.075625 0.077500
0 0.292812 0.280000 0.070625 0.125000
0 0.490000 0.254583 0.137500 0.100833
0 0.194688 0.254583 0.089375 0.135833
0 0.360312 0.243333 0.084375 0.148333
0 0.099375 0.171667 0.095000 0.070000
0 0.784062 0.163750 0.073125 0.080833
0 0.165937 0.143750 0.025625 0.042500
0 0.837812 0.055833 0.098125 0.111667
0 0.426875 0.025833 0.068750 0.051667
0 0.086875 0.037500 0.075000 0.075000