0 0.530937 0.981250 0.070625 0.037500
0 0.088125 0.970000 0.066250 0.060000
0 0.345313 0.960417 0.059375 0.079167
0 0.754062 0.955000 0.061875 0.090000
0 0.948125 0.944583 0.077500 0.074167
0 0.483750 0.933333 0.065000 0.090000
0 0.216875 0.936250 0.073750 0.095833
0 0.582812 0.930833 0.066875 0.091667
0 0.286562 0.914167 0.070625 0.086667
0 0.806875 0.902083 0.068750 0.094167
0 0.028750 0.899583 0.057500 0.099167
0 0.635312 0.886250 0.060625 0.080833
0 0.080312 0.891667 0.060625 0.095000
0 0.966562 0.886250 0.066875 0.114167
0 0.096250 0.836667 0.088750 0.096667
0 0.162500 0.826250 0.060000 0.079167
0 0.893750 0.823750 0.063750 0.082500
0 0.505938 0.812917 0.089375 0.090833
0 0.026875 0.797917 0.053750 0.089167
0 0.670312 0.778333 0.071875 0.083333
0 0.357500 0.783333 0.060000 0.095000
0 0.610313 0.755000 0.063125 0.080000
0 0.201563 0.750417 0.070625 0.092500
0 0.471562 0.747917 0.070625 0.089167
0 0.540625 0.725000 0.068750 0.088333
0 0.132188 0.720000 0.061875 0.090000
0 0.289687 0.725417 0.070625 0.105833
0 0.762813 0.695000 0.066875 0.096667
0 0.343125 0.645833 0.070000 0.076667
0 0.410625 0.617500 0.063750 0.100000
0 0.802813 0.621667 0.090625 0.125000
0 0.198437 0.607917 0.068125 0.097500
0 0.340313 0.569583 0.066875 0.082500
0 0.651250 0.569167 0.076250 0.093333
0 0.725313 0.564583 0.071875 0.090833
0 0.033438 0.562500 0.066875 0.091667
0 0.509687 0.560417 0.096875 0.100833
0 0.853750 0.547083 0.066250 0.092500
0 0.112500 0.536250 0.075000 0.094167
0 0.268750 0.532500 0.071250 0.090000
0 0.538125 0.477917 0.071250 0.085833
0 0.968125 0.468750 0.063750 0.087500
0 0.691875 0.470000 0.070000 0.098333
0 0.179688 0.460417 0.069375 0.094167
0 0.066250 0.454583 0.067500 0.089167
0 0.794375 0.430417 0.066250 0.080833
0 0.266250 0.434583 0.102500 0.095833
0 0.432500 0.427083 0.067500 0.104167
0 0.589063 0.401667 0.071875 0.080000
0 0.644062 0.397083 0.061875 0.084167
0 0.033125 0.392083 0.066250 0.104167
0 0.242188 0.350417 0.071875 0.084167
0 0.470000 0.352083 0.067500 0.090833
0 0.909375 0.322083 0.075000 0.094167
0 0.975938 0.298333 0.048125 0.086667
0 0.637500 0.304583 0.075000 0.099167
0 0.175937 0.301667 0.074375 0.093333
0 0.290938 0.291667 0.056875 0.075000
0 0.705625 0.288333 0.066250 0.105000
0 0.537813 0.267917 0.101875 0.117500
0 0.215312 0.229583 0.070625 0.080833
0 0.818750 0.206250 0.066250 0.082500
0 0.371875 0.188750 0.068750 0.074167
0 0.962812 0.186250 0.074375 0.090833
0 0.135937 0.183750 0.090625 0.102500
0 0.534062 0.170417 0.073125 0.097500
0 0.312500 0.147500 0.071250 0.090000
0 0.920312 0.125833 0.066875 0.086667
0 0.636250 0.116250 0.072500 0.070833
0 0.245312 0.122083 0.065625 0.089167
0 0.091875 0.118333 0.066250 0.085000
0 0.385000 0.117917 0.067500 0.095833
0 0.735313 0.117917 0.076875 0.097500
0 0.983437 0.112917 0.033125 0.100833
0 0.177500 0.101250 0.080000 0.109167
0 0.566875 0.084583 0.065000 0.089167
0 0.498750 0.083750 0.068750 0.099167
0 0.761563 0.020000 0.064375 0.040000
0 0.692813 0.032500 0.063125 0.065000
0 0.344687 0.038750 0.060625 0.077500
0 0.126875 0.054167 0.092500 0.108333
0 0.056563 0.023333 0.055625 0.046667