0 0.273750 0.977083 0.077500 0.045833
0 0.606250 0.968750 0.072500 0.062500
0 0.045937 0.960833 0.056875 0.078333
0 0.099375 0.947083 0.066250 0.077500
0 0.148438 0.902917 0.070625 0.074167
0 0.606250 0.889583 0.076250 0.092500
0 0.068750 0.873333 0.061250 0.081667
0 0.809688 0.884583 0.089375 0.142500
0 0.135625 0.830833 0.107500 0.085000
0 0.444063 0.834583 0.074375 0.112500
0 0.511875 0.799167 0.075000 0.095000
0 0.211250 0.779167 0.067500 0.088333
0 0.121563 0.740417 0.061875 0.075833
0 0.048750 0.722500 0.066250 0.086667
0 0.277813 0.714167 0.088125 0.121667
0 0.524687 0.703750 0.110625 0.102500
0 0.400625 0.688750 0.072500 0.097500
0 0.795937 0.669167 0.074375 0.095000
0 0.170000 0.626667 0.062500 0.088333
0 0.085312 0.627917 0.113125 0.142500
0 0.334688 0.577083 0.059375 0.097500
0 0.975313 0.576250 0.049375 0.100833
0 0.682813 0.590833 0.126875 0.153333
0 0.036250 0.535833 0.060000 0.073333
0 0.594375 0.529167 0.075000 0.095000
0 0.742812 0.522500 0.086875 0.105000
0 0.252188 0.548750 0.094375 0.169167
0 0.106875 0.513750 0.083750 0.107500
0 0.025625 0.472917 0.051250 0.077500
0 0.950000 0.477917 0.100000 0.102500
0 0.081875 0.452083 0.073750 0.092500
0 0.842187 0.437500 0.085625 0.120000
0 0.505938 0.430417 0.090625 0.114167
0 0.049375 0.392917 0.075000 0.077500
0 0.967500 0.396667 0.065000 0.091667
0 0.108125 0.344583 0.085000 0.112500
0 0.732187 0.332083 0.078125 0.102500
0 0.983437 0.294583 0.033125 0.084167
0 0.649375 0.270000 0.122500 0.101667
0 0.469687 0.248333 0.085625 0.110000
0 0.747188 0.244583 0.065625 0.109167
0 0.983750 0.205833 0.032500 0.090000
0 0.573125 0.208333 0.087500 0.113333
0 0.737812 0.151250 0.070625 0.074167
0 0.220938 0.157917 0.058125 0.089167
0 0.910312 0.160417 0.075625 0.125833
0 0.515312 0.153750 0.089375 0.112500
0 0.801875 0.139583 0.063750 0.087500
0 0.859375 0.117917 0.062500 0.067500
0 0.275625 0.129167 0.075000 0.090000
0 0.665625 0.115833 0.063750 0.086667
0 0.595625 0.121667 0.073750 0.098333
0 0.966562 0.108750 0.063125 0.125833
0 0.072188 0.140833 0.135625 0.196667
0 0.449688 0.062083 0.085625 0.110833
0 0.705313 0.051250 0.073125 0.097500
0 0.265000 0.047500 0.067500 0.090000
0 0.969688 0.026667 0.060625 0.053333