0 0.557187 0.970000 0.065625 0.060000
0 0.225312 0.967917 0.063125 0.064167
0 0.767813 0.964583 0.080625 0.070833
0 0.857812 0.928750 0.065625 0.090833
0 0.479063 0.920417 0.108125 0.097500
0 0.575313 0.910417 0.073125 0.097500
0 0.958125 0.907083 0.072500 0.092500
0 0.026562 0.901667 0.053125 0.125000
0 0.890312 0.870417 0.070625 0.089167
0 0.510312 0.846250 0.069375 0.092500
0 0.569063 0.815417 0.070625 0.094167
0 0.671875 0.802917 0.066250 0.077500
0 0.437500 0.823333 0.102500 0.138333
0 0.020625 0.776667 0.041250 0.088333
0 0.634375 0.759583 0.078750 0.067500
0 0.847500 0.770833 0.066250 0.091667
0 0.776875 0.775417 0.071250 0.102500
0 0.090625 0.772083 0.071250 0.097500
0 0.291250 0.762917 0.102500 0.122500
0 0.137187 0.732917 0.064375 0.100833
0 0.908438 0.646250 0.063125 0.090833
0 0.035625 0.644167 0.071250 0.091667
0 0.590000 0.588750 0.066250 0.080833
0 0.275938 0.589167 0.065625 0.090000
0 0.181250 0.592083 0.076250 0.095833
0 0.693125 0.540000 0.072500 0.095000
0 0.201250 0.500833 0.061250 0.088333
0 0.400313 0.485833 0.070625 0.078333
0 0.873437 0.472500 0.068125 0.093333
0 0.289375 0.427500 0.063750 0.095000
0 0.350313 0.425000 0.059375 0.093333
0 0.133750 0.425417 0.067500 0.095833
0 0.445625 0.424583 0.066250 0.095833
0 0.595313 0.399583 0.066875 0.099167
0 0.062812 0.382083 0.064375 0.087500
0 0.792188 0.370000 0.073125 0.101667
0 0.491875 0.337917 0.072500 0.077500
0 0.927500 0.334167 0.062500 0.091667
0 0.219688 0.326667 0.069375 0.101667
0 0.655625 0.303333 0.071250 0.093333
0 0.756875 0.279167 0.068750 0.091667
0 0.893750 0.255417 0.066250 0.102500
0 0.484687 0.253333 0.080625 0.101667
0 0.835313 0.240417 0.068125 0.095833
0 0.282500 0.205000 0.065000 0.088333
0 0.765312 0.175000 0.065625 0.083333
0 0.522813 0.156250 0.073125 0.097500
0 0.980313 0.156250 0.039375 0.102500
0 0.606250 0.147500 0.081250 0.106667
0 0.449375 0.120417 0.068750 0.094167
0 0.129062 0.105000 0.069375 0.096667
0 0.388125 0.057917 0.080000 0.110833
0 0.941250 0.022917 0.067500 0.045833
0 0.705937 0.020417 0.060625 0.040833
0 0.570000 0.050000 0.073750 0.100000
0 0.500938 0.030833 0.074375 0.061667
0 0.222812 0.041250 0.073125 0.082500