0 0.878750 0.971667 0.070000 0.056667
0 0.634062 0.962917 0.070625 0.074167
0 0.740625 0.956667 0.062500 0.086667
0 0.085000 0.956250 0.075000 0.087500
0 0.213438 0.955417 0.071875 0.089167
0 0.694375 0.942917 0.061250 0.082500
0 0.146563 0.948333 0.065625 0.103333
0 0.549375 0.944583 0.102500 0.110833
0 0.358125 0.940417 0.068750 0.109167
0 0.193750 0.874167 0.058750 0.085000
0 0.639687 0.875417 0.064375 0.094167
0 0.259375 0.858750 0.065000 0.080833
0 0.747188 0.858750 0.073125 0.095833
0 0.117188 0.860000 0.081875 0.108333
0 0.339375 0.841250 0.070000 0.089167
0 0.568438 0.859167 0.079375 0.143333
0 0.706875 0.812500 0.070000 0.086667
0 0.885625 0.799583 0.073750 0.104167
0 0.485000 0.781667 0.070000 0.101667
0 0.285000 0.768750 0.063750 0.099167
0 0.183750 0.760000 0.073750 0.086667
0 0.815312 0.759167 0.099375 0.113333
0 0.921562 0.744167 0.060625 0.088333
0 0.558125 0.723750 0.066250 0.089167
0 0.231250 0.690000 0.077500 0.086667
0 0.508437 0.688333 0.065625 0.101667
0 0.240625 0.630833 0.061250 0.070000
0 0.923750 0.627500 0.085000 0.105000
0 0.512500 0.609583 0.075000 0.085833
0 0.018437 0.613333 0.036875 0.110000
0 0.710000 0.592917 0.075000 0.097500
0 0.356563 0.580000 0.071875 0.085000
0 0.281250 0.573750 0.106250 0.094167
0 0.472187 0.506667 0.080625 0.090000
0 0.538438 0.496250 0.065625 0.085833
0 0.215938 0.497500 0.070625 0.088333
0 0.063125 0.500000 0.083750 0.100000
0 0.755313 0.491250 0.064375 0.094167
0 0.368750 0.485000 0.065000 0.098333
0 0.931562 0.487083 0.068125 0.109167
0 0.832500 0.477917 0.112500 0.104167
0 0.028125 0.480000 0.056250 0.111667
0 0.170313 0.451667 0.068125 0.083333
0 0.406875 0.441250 0.061250 0.084167
0 0.695625 0.471250 0.088750 0.164167
0 0.554375 0.438750 0.063750 0.122500
0 0.487187 0.399167 0.109375 0.125000
0 0.357187 0.376250 0.069375 0.087500
0 0.455937 0.350000 0.113125 0.085000
0 0.754062 0.287500 0.069375 0.100000
0 0.091250 0.282500 0.073750 0.103333
0 0.027187 0.283750 0.054375 0.105833
0 0.520312 0.282083 0.081875 0.105833
0 0.340938 0.267083 0.063125 0.089167
0 0.401250 0.275000 0.080000 0.123333
0 0.665000 0.207917 0.068750 0.090833
0 0.603750 0.184583 0.057500 0.074167
0 0.123438 0.219167 0.094375 0.148333
0 0.393125 0.175833 0.065000 0.086667
0 0.449062 0.188333 0.084375 0.128333
0 0.022500 0.124583 0.045000 0.094167
0 0.421250 0.119167 0.091250 0.088333
0 0.520938 0.146667 0.071875 0.148333
0 0.570625 0.112083 0.066250 0.085833
0 0.812813 0.128333 0.079375 0.126667
0 0.971875 0.083333 0.056250 0.125000
0 0.422187 0.046667 0.076875 0.078333
0 0.791250 0.035417 0.076250 0.070833
0 0.613125 0.018333 0.051250 0.036667
0 0.530625 0.038750 0.110000 0.077500
0 0.180312 0.031250 0.070625 0.062500
0 0.066875 0.043750 0.071250 0.087500