0 0.300312 0.979167 0.059375 0.041667
0 0.361563 0.969167 0.065625 0.061667
0 0.737500 0.968333 0.051250 0.063333
0 0.797188 0.965833 0.064375 0.068333
0 0.203125 0.965000 0.072500 0.070000
0 0.535312 0.958750 0.063125 0.082500
0 0.106250 0.952500 0.066250 0.081667
0 0.589688 0.922500 0.065625 0.088333
0 0.856250 0.914167 0.070000 0.090000
0 0.473125 0.904583 0.061250 0.087500
0 0.065625 0.876667 0.065000 0.085000
0 0.547813 0.877083 0.061875 0.092500
0 0.680000 0.825417 0.060000 0.080833
0 0.610313 0.829167 0.074375 0.106667
0 0.743437 0.815417 0.066875 0.095833
0 0.290000 0.811667 0.105000 0.093333
0 0.895312 0.792917 0.079375 0.129167
0 0.422187 0.753333 0.074375 0.080000
0 0.654375 0.753750 0.071250 0.094167
0 0.108750 0.750417 0.072500 0.100833
0 0.966250 0.733333 0.065000 0.083333
0 0.775000 0.714583 0.055000 0.090833
0 0.539687 0.707917 0.070625 0.089167
0 0.217812 0.699167 0.066875 0.091667
0 0.042188 0.690833 0.081875 0.081667
0 0.319688 0.644583 0.056875 0.077500
0 0.821875 0.644167 0.061250 0.081667
0 0.012500 0.615000 0.025000 0.086667
0 0.958750 0.605417 0.062500 0.082500
0 0.148750 0.628750 0.085000 0.130833
0 0.237813 0.583333 0.061875 0.076667
0 0.064062 0.582917 0.058125 0.080833
0 0.541250 0.570833 0.065000 0.090000
0 0.420000 0.545417 0.057500 0.082500
0 0.181250 0.543750 0.065000 0.092500
0 0.836875 0.531250 0.063750 0.084167
0 0.049063 0.499583 0.065625 0.089167
0 0.341250 0.490833 0.065000 0.075000
0 0.142187 0.495833 0.054375 0.090000
0 0.637188 0.488750 0.074375 0.089167
0 0.288125 0.488333 0.061250 0.095000
0 0.975625 0.481250 0.048750 0.094167
0 0.730938 0.471250 0.061875 0.082500
0 0.243125 0.467083 0.060000 0.089167
0 0.559375 0.445417 0.061250 0.100833
0 0.861563 0.441250 0.064375 0.094167
0 0.494375 0.424167 0.066250 0.103333
0 0.115312 0.365833 0.030625 0.066667
0 0.392500 0.369583 0.063750 0.085833
0 0.909687 0.375833 0.066875 0.108333
0 0.701250 0.340833 0.100000 0.068333
0 0.573438 0.344583 0.061875 0.084167
0 0.954688 0.324583 0.064375 0.087500
0 0.517500 0.328333 0.062500 0.095000
0 0.772813 0.322917 0.065625 0.090833
0 0.872812 0.310000 0.058125 0.075000
0 0.481875 0.296250 0.067500 0.090833
0 0.912813 0.277917 0.045625 0.060833
0 0.102813 0.289583 0.091875 0.110833
0 0.149688 0.251667 0.058125 0.081667
0 0.354063 0.244167 0.054375 0.068333
0 0.303438 0.251250 0.050625 0.085833
0 0.042188 0.240000 0.084375 0.075000
0 0.956875 0.237917 0.060000 0.075833
0 0.247500 0.257917 0.068750 0.124167
0 0.872812 0.232083 0.069375 0.080833
0 0.407500 0.237500 0.052500 0.091667
0 0.343438 0.189583 0.048125 0.055833
0 0.191875 0.198333 0.061250 0.080000
0 0.296563 0.160833 0.070625 0.090000
0 0.943438 0.126250 0.076875 0.085833
0 0.421250 0.079583 0.060000 0.079167
0 0.836875 0.064583 0.067500 0.079167
0 0.720625 0.021667 0.052500 0.043333
0 0.535937 0.042500 0.061875 0.085000
0 0.075625 0.032917 0.062500 0.065833