0 0.179063 0.977917 0.068125 0.044167
0 0.682187 0.968333 0.074375 0.063333
0 0.509062 0.963750 0.074375 0.072500
0 0.580625 0.957500 0.072500 0.085000
0 0.456250 0.928750 0.076250 0.099167
0 0.322813 0.918750 0.081875 0.090833
0 0.758437 0.914167 0.079375 0.095000
0 0.803750 0.860833 0.073750 0.093333
0 0.034375 0.852500 0.061250 0.086667
0 0.375000 0.848333 0.067500 0.106667
0 0.710938 0.829167 0.075625 0.100000
0 0.215312 0.833333 0.089375 0.121667
0 0.829375 0.773333 0.070000 0.101667
0 0.762813 0.762083 0.066875 0.084167
0 0.411875 0.769167 0.080000 0.111667
0 0.096875 0.747083 0.067500 0.095833
0 0.288438 0.713333 0.078125 0.086667
0 0.914375 0.701667 0.101250 0.101667
0 0.452813 0.686667 0.075625 0.101667
0 0.661563 0.680833 0.094375 0.103333
0 0.574375 0.665833 0.067500 0.091667
0 0.050937 0.661667 0.064375 0.086667
0 0.119688 0.661250 0.074375 0.090833
0 0.044062 0.571667 0.074375 0.095000
0 0.648125 0.566667 0.090000 0.133333
0 0.223438 0.542500 0.068125 0.108333
0 0.744062 0.471250 0.074375 0.102500
0 0.386875 0.454583 0.080000 0.099167
0 0.146250 0.457500 0.080000 0.110000
0 0.805312 0.398750 0.075625 0.087500
0 0.504375 0.368333 0.065000 0.095000
0 0.371875 0.358750 0.077500 0.097500
0 0.883750 0.352500 0.077500 0.105000
0 0.815625 0.330417 0.070000 0.097500
0 0.697500 0.327500 0.083750 0.100000
0 0.626250 0.301250 0.068750 0.082500
0 0.146875 0.282917 0.091250 0.129167
0 0.406250 0.260000 0.081250 0.123333
0 0.947187 0.222917 0.061875 0.087500
0 0.622188 0.213750 0.074375 0.092500
0 0.867812 0.189167 0.076875 0.091667
0 0.518125 0.195833 0.077500 0.108333
0 0.174375 0.185000 0.083750 0.098333
0 0.366250 0.166250 0.068750 0.097500
0 0.956562 0.135833 0.073125 0.091667
0 0.564688 0.138333 0.086875 0.105000
0 0.429688 0.118750 0.075625 0.100833
0 0.868437 0.098750 0.079375 0.090833
0 0.314375 0.101250 0.082500 0.095833
0 0.757500 0.116250 0.090000 0.145833
0 0.500313 0.075833 0.085625 0.108333
0 0.927813 0.062917 0.066875 0.099167
0 0.304375 0.031667 0.080000 0.063333