0 0.326562 0.980000 0.056875 0.040000
0 0.140000 0.953333 0.063750 0.090000
0 0.394062 0.934583 0.058125 0.074167
0 0.708438 0.925417 0.063125 0.082500
0 0.053750 0.905833 0.052500 0.071667
0 0.828750 0.867500 0.056250 0.090000
0 0.335625 0.862917 0.053750 0.082500
0 0.787813 0.828750 0.053125 0.074167
0 0.419687 0.813750 0.054375 0.077500
0 0.303438 0.817500 0.060625 0.091667
0 0.628437 0.792083 0.056875 0.090833
0 0.111250 0.765000 0.058750 0.088333
0 0.446250 0.762917 0.066250 0.097500
0 0.975313 0.754583 0.049375 0.092500
0 0.383125 0.751667 0.056250 0.090000
0 0.268750 0.742083 0.060000 0.074167
0 0.795625 0.728750 0.065000 0.075833
0 0.177813 0.720000 0.059375 0.075000
0 0.031875 0.695833 0.060000 0.081667
0 0.877812 0.676667 0.056875 0.078333
0 0.477500 0.679583 0.072500 0.084167
0 0.219062 0.676250 0.060625 0.079167
0 0.623125 0.648750 0.061250 0.080833
0 0.393125 0.635417 0.058750 0.079167
0 0.953438 0.628333 0.051875 0.080000
0 0.115000 0.617917 0.043750 0.065833
0 0.155000 0.622917 0.043750 0.085833
0 0.235313 0.610417 0.058125 0.075833
0 0.467500 0.597083 0.076250 0.075833
0 0.721875 0.586250 0.051250 0.082500
0 0.023438 0.575000 0.046875 0.075000
0 0.602812 0.554583 0.066875 0.069167
0 0.433125 0.532500 0.061250 0.066667
0 0.224375 0.517917 0.060000 0.067500
0 0.698125 0.530417 0.090000 0.095833
0 0.882188 0.523333 0.054375 0.085000
0 0.088750 0.531667 0.062500 0.103333
0 0.135000 0.499167 0.060000 0.091667
0 0.479375 0.484583 0.058750 0.077500
0 0.560312 0.470000 0.063125 0.078333
0 0.659375 0.469167 0.061250 0.086667
0 0.333750 0.466667 0.057500 0.098333
0 0.404375 0.447917 0.063750 0.074167
0 0.729688 0.440833 0.055625 0.088333
0 0.025000 0.437500 0.050000 0.085000
0 0.222188 0.425833 0.070625 0.070000
0 0.612812 0.428750 0.066875 0.104167
0 0.487187 0.385417 0.053125 0.095833
0 0.225625 0.365833 0.061250 0.070000
0 0.407500 0.356667 0.060000 0.070000
0 0.660000 0.359167 0.075000 0.081667
0 0.821250 0.357083 0.057500 0.087500
0 0.082500 0.340417 0.067500 0.074167
0 0.331250 0.335000 0.060000 0.081667
0 0.575313 0.330833 0.061875 0.101667
0 0.521563 0.309583 0.065625 0.087500
0 0.250937 0.295417 0.074375 0.070833
0 0.650312 0.290417 0.065625 0.069167
0 0.728125 0.292083 0.056250 0.079167
0 0.262500 0.239167 0.066250 0.071667
0 0.051562 0.238750 0.059375 0.080833
0 0.969688 0.240000 0.060625 0.085000
0 0.635000 0.225417 0.062500 0.070833
0 0.431563 0.203750 0.051875 0.070833
0 0.506563 0.208750 0.056875 0.084167
0 0.563125 0.208333 0.057500 0.108333
0 0.678750 0.175000 0.080000 0.070000
0 0.308125 0.162083 0.055000 0.077500
0 0.022500 0.142083 0.045000 0.075833
0 0.700313 0.104167 0.064375 0.070000
0 0.848125 0.109583 0.055000 0.112500
0 0.946875 0.095833 0.046250 0.105000
0 0.048125 0.067083 0.060000 0.075833
0 0.903125 0.028750 0.053750 0.057500
0 0.736250 0.030833 0.062500 0.061667
0 0.668125 0.019167 0.055000 0.038333
0 0.308750 0.031667 0.067500 0.063333