0 0.385000 0.961667 0.062500 0.076667
0 0.256563 0.942083 0.058125 0.080833
0 0.583438 0.946250 0.075625 0.107500
0 0.847500 0.938750 0.077500 0.097500
0 0.173125 0.938333 0.111250 0.120000
0 0.038750 0.911667 0.057500 0.093333
0 0.703438 0.907917 0.084375 0.094167
0 0.410625 0.899167 0.107500 0.106667
0 0.489375 0.879583 0.066250 0.097500
0 0.320000 0.893750 0.076250 0.139167
0 0.107813 0.870417 0.071875 0.095833
0 0.763437 0.841667 0.075625 0.086667
0 0.611875 0.818750 0.077500 0.094167
0 0.533125 0.807500 0.072500 0.096667
0 0.899062 0.785000 0.074375 0.088333
0 0.972812 0.778750 0.054375 0.105833
0 0.371250 0.745833 0.058750 0.075000
0 0.831875 0.753333 0.078750 0.103333
0 0.507812 0.727917 0.068125 0.084167
0 0.439688 0.712500 0.060625 0.090000
0 0.025000 0.717083 0.050000 0.099167
0 0.570312 0.660417 0.093125 0.095833
0 0.355000 0.660833 0.101250 0.096667
0 0.494063 0.614167 0.065625 0.081667
0 0.976875 0.612083 0.046250 0.084167
0 0.616563 0.598333 0.115625 0.103333
0 0.307812 0.570417 0.065625 0.067500
0 0.935000 0.574167 0.073750 0.091667
0 0.246562 0.553333 0.064375 0.101667
0 0.075313 0.550000 0.074375 0.103333
0 0.470938 0.532500 0.053125 0.073333
0 0.700313 0.539167 0.094375 0.100000
0 0.288750 0.515833 0.066250 0.071667
0 0.851562 0.523750 0.074375 0.100833
0 0.628125 0.508750 0.066250 0.084167
0 0.540625 0.500417 0.065000 0.082500
0 0.141250 0.497500 0.052500 0.081667
0 0.972812 0.469167 0.054375 0.080000
0 0.744687 0.452917 0.070625 0.090833
0 0.487187 0.442917 0.090625 0.077500
0 0.816875 0.447917 0.071250 0.099167
0 0.271250 0.438750 0.068750 0.094167
0 0.950625 0.413333 0.063750 0.083333
0 0.881250 0.415000 0.082500 0.103333
0 0.022187 0.416667 0.044375 0.111667
0 0.567187 0.398750 0.084375 0.095833
0 0.485312 0.368333 0.064375 0.078333
0 0.314063 0.372083 0.070625 0.085833
0 0.386250 0.362500 0.072500 0.091667
0 0.733750 0.365000 0.076250 0.103333
0 0.435000 0.327917 0.056250 0.069167
0 0.578438 0.315833 0.066875 0.086667
0 0.260000 0.323750 0.092500 0.137500
0 0.879375 0.290833 0.062500 0.080000
0 0.337500 0.290417 0.068750 0.082500
0 0.459375 0.282500 0.062500 0.080000
0 0.519687 0.279583 0.060625 0.085833
0 0.945625 0.282083 0.065000 0.092500
0 0.392500 0.250000 0.072500 0.091667
0 0.782500 0.224583 0.062500 0.094167
0 0.909687 0.215000 0.059375 0.093333
0 0.465000 0.200417 0.062500 0.084167
0 0.075625 0.210417 0.076250 0.104167
0 0.328125 0.187083 0.073750 0.092500
0 0.551875 0.162917 0.075000 0.100833
0 0.737500 0.148333 0.071250 0.091667
0 0.862187 0.143750 0.066875 0.087500
0 0.125312 0.140000 0.080625 0.100000
0 0.956250 0.137500 0.068750 0.098333
0 0.428438 0.129167 0.059375 0.091667
0 0.368437 0.119583 0.064375 0.092500
0 0.629687 0.143750 0.073125 0.145833
0 0.491875 0.102083 0.068750 0.090833
0 0.798438 0.088750 0.061875 0.092500
0 0.905312 0.084167 0.058125 0.096667
0 0.981875 0.073750 0.036250 0.085833
0 0.067812 0.113333 0.105625 0.178333
0 0.857500 0.054167 0.061250 0.076667
0 0.728125 0.065833 0.075000 0.123333
0 0.672813 0.038333 0.059375 0.075000
0 0.583125 0.042083 0.067500 0.084167
0 0.466250 0.031667 0.073750 0.063333
0 0.268125 0.038750 0.081250 0.077500
0 0.133750 0.038750 0.096250 0.077500