0 0.241250 0.960833 0.081250 0.078333
0 0.088438 0.947500 0.065625 0.081667
0 0.837187 0.922500 0.078125 0.075000
0 0.137500 0.883750 0.080000 0.110833
0 0.437500 0.864167 0.058750 0.078333
0 0.836562 0.835000 0.054375 0.071667
0 0.391562 0.819167 0.064375 0.076667
0 0.051250 0.798750 0.080000 0.107500
0 0.636250 0.757500 0.076250 0.101667
0 0.402813 0.720000 0.085625 0.075000
0 0.967500 0.723750 0.065000 0.084167
0 0.689688 0.690000 0.063125 0.088333
0 0.753125 0.675417 0.068750 0.104167
0 0.884687 0.650000 0.069375 0.068333
0 0.402187 0.636667 0.078125 0.073333
0 0.039062 0.607083 0.064375 0.082500
0 0.549375 0.534583 0.058750 0.070833
0 0.413750 0.531250 0.088750 0.115833
0 0.306875 0.507083 0.087500 0.100833
0 0.042813 0.480417 0.068125 0.085833
0 0.876875 0.470000 0.061250 0.075000
0 0.654375 0.438333 0.076250 0.096667
0 0.364687 0.421250 0.056875 0.077500
0 0.751563 0.405000 0.063125 0.106667
0 0.092500 0.380833 0.062500 0.080000
0 0.437500 0.375833 0.067500 0.085000
0 0.879062 0.367917 0.075625 0.084167
0 0.311250 0.344583 0.055000 0.072500
0 0.030937 0.318750 0.054375 0.082500
0 0.739062 0.299167 0.056875 0.066667
0 0.443125 0.282500 0.072500 0.093333
0 0.816875 0.258750 0.068750 0.080833
0 0.209063 0.256667 0.069375 0.091667
0 0.658125 0.205833 0.053750 0.075000
0 0.487812 0.199583 0.055625 0.072500
0 0.730000 0.189167 0.062500 0.105000
0 0.400938 0.177083 0.074375 0.100833
0 0.290938 0.172917 0.075625 0.099167
0 0.946875 0.145833 0.062500 0.076667
0 0.099062 0.121667 0.058125 0.076667
0 0.844063 0.120833 0.080625 0.081667
0 0.354687 0.097917 0.064375 0.077500
0 0.768750 0.095833 0.057500 0.080000
0 0.139375 0.039167 0.068750 0.070000
0 0.935312 0.021250 0.051875 0.042500
0 0.614688 0.040417 0.084375 0.080833
0 0.542813 0.027083 0.076875 0.054167
0 0.467500 0.024167 0.065000 0.048333
0 0.266250 0.024167 0.063750 0.048333
0 0.082812 0.018333 0.055625 0.036667