0 0.875000 0.978750 0.097500 0.042500
0 0.544063 0.978333 0.066875 0.043333
0 0.642813 0.977083 0.059375 0.045833
0 0.418125 0.969583 0.065000 0.060833
0 0.292187 0.967917 0.104375 0.064167
0 0.146875 0.965833 0.076250 0.068333
0 0.789687 0.958333 0.055625 0.083333
0 0.194062 0.935417 0.056875 0.074167
0 0.248438 0.937917 0.066875 0.082500
0 0.700937 0.935417 0.060625 0.085833
0 0.849688 0.925417 0.063125 0.082500
0 0.475000 0.930417 0.073750 0.100833
0 0.597187 0.923750 0.069375 0.107500
0 0.356250 0.902917 0.051250 0.092500
0 0.934063 0.910000 0.059375 0.125000
0 0.301250 0.887083 0.055000 0.090833
0 0.744375 0.886250 0.070000 0.114167
0 0.902188 0.862917 0.065625 0.075833
0 0.969688 0.839167 0.060625 0.088333
0 0.435625 0.845833 0.060000 0.110000
0 0.621250 0.824583 0.061250 0.072500
0 0.568750 0.825833 0.076250 0.090000
0 0.025000 0.829167 0.043750 0.108333
0 0.879687 0.818333 0.065625 0.088333
0 0.204063 0.805417 0.064375 0.074167
0 0.688750 0.813333 0.076250 0.103333
0 0.276562 0.796250 0.060625 0.070833
0 0.376250 0.822917 0.091250 0.125833
0 0.083125 0.794167 0.067500 0.070000
0 0.779062 0.764167 0.049375 0.081667
0 0.527813 0.782500 0.060625 0.121667
0 0.586250 0.747917 0.070000 0.074167
0 0.042188 0.743750 0.084375 0.099167
0 0.464375 0.751667 0.068750 0.118333
0 0.165937 0.726250 0.065625 0.077500
0 0.271250 0.724583 0.067500 0.085833
0 0.217188 0.716667 0.063125 0.075000
0 0.759062 0.712917 0.056875 0.074167
0 0.681562 0.709583 0.068125 0.075833
0 0.353125 0.719167 0.078750 0.096667
0 0.826562 0.702083 0.049375 0.075833
0 0.932500 0.662917 0.100000 0.080833
0 0.421563 0.682500 0.066875 0.120000
0 0.318125 0.663333 0.046250 0.085000
0 0.104375 0.670000 0.085000 0.098333
0 0.624062 0.662500 0.060625 0.088333
0 0.251875 0.640417 0.061250 0.080833
0 0.698125 0.619583 0.083750 0.085833
0 0.559375 0.625833 0.085000 0.105000
0 0.839375 0.612083 0.060000 0.084167
0 0.141563 0.608750 0.063125 0.085833
0 0.651563 0.598750 0.061875 0.077500
0 0.476250 0.595833 0.058750 0.076667
0 0.067812 0.595417 0.053125 0.075833
0 0.345313 0.595000 0.089375 0.076667
0 0.028125 0.581667 0.056250 0.058333
0 0.792500 0.587917 0.087500 0.084167
0 0.973437 0.570000 0.053125 0.076667
0 0.908750 0.573750 0.082500 0.109167
0 0.483750 0.544167 0.063750 0.073333
0 0.759062 0.544583 0.093125 0.079167
0 0.205937 0.531667 0.058125 0.073333
0 0.315312 0.507917 0.065625 0.055833
0 0.087500 0.509167 0.046250 0.075000
0 0.041250 0.502500 0.056250 0.076667
0 0.174687 0.500000 0.053125 0.076667
0 0.654062 0.500417 0.070625 0.090833
0 0.919375 0.483750 0.051250 0.082500
0 0.561562 0.455000 0.036875 0.075000
0 0.736250 0.450000 0.061250 0.080000
0 0.025313 0.428750 0.039375 0.047500
0 0.434375 0.433750 0.060000 0.072500
0 0.283750 0.435417 0.047500 0.077500
0 0.503750 0.427500 0.051250 0.073333
0 0.224375 0.417917 0.051250 0.077500
0 0.327813 0.432500 0.066875 0.113333
0 0.699375 0.402083 0.061250 0.079167
0 0.633437 0.402917 0.045625 0.084167
0 0.393750 0.397083 0.071250 0.079167
0 0.258125 0.387083 0.050000 0.099167
0 0.012812 0.367083 0.025625 0.067500
0 0.577500 0.367500 0.047500 0.073333
0 0.965625 0.380833 0.061250 0.123333
0 0.086875 0.371250 0.090000 0.105833
0 0.181562 0.352083 0.059375 0.074167
0 0.757500 0.347917 0.057500 0.075833
0 0.037500 0.336667 0.053750 0.088333
0 0.670000 0.324167 0.062500 0.071667
0 0.397813 0.322083 0.068125 0.075833
0 0.516563 0.329167 0.068125 0.091667
0 0.855313 0.319167 0.050625 0.078333
0 0.222812 0.310417 0.071875 0.099167
0 0.632812 0.292500 0.070625 0.100000
0 0.443437 0.278750 0.051875 0.074167
0 0.805937 0.282083 0.043125 0.092500
0 0.730625 0.269583 0.073750 0.085833
0 0.395000 0.253750 0.053750 0.085833
0 0.133750 0.237917 0.058750 0.072500
0 0.244062 0.225000 0.051875 0.076667
0 0.557500 0.249167 0.073750 0.130000
0 0.174063 0.219583 0.055625 0.072500
0 0.809375 0.207083 0.052500 0.077500
0 0.041563 0.210000 0.083125 0.100000
0 0.655000 0.192500 0.062500 0.071667
0 0.397500 0.187917 0.055000 0.067500
0 0.729375 0.181250 0.058750 0.077500
0 0.957812 0.176667 0.055625 0.085000
0 0.487500 0.187917 0.058750 0.120833
0 0.095000 0.172083 0.070000 0.109167
0 0.417187 0.133750 0.066875 0.079167
0 0.131562 0.139583 0.099375 0.100833
0 0.906875 0.127917 0.052500 0.079167
0 0.827187 0.128333 0.059375 0.093333
0 0.328437 0.111250 0.050625 0.085833
0 0.231563 0.102500 0.045625 0.071667
0 0.642813 0.100000 0.076875 0.080000
0 0.567813 0.094583 0.045625 0.089167
0 0.772500 0.099167 0.090000 0.103333
0 0.057813 0.077083 0.051875 0.080833
0 0.269062 0.079167 0.058125 0.086667
0 0.708438 0.059583 0.083125 0.087500
0 0.972812 0.071250 0.054375 0.114167
0 0.919687 0.062083 0.079375 0.109167
0 0.605938 0.032917 0.054375 0.065833
0 0.485000 0.051667 0.092500 0.103333
0 0.429063 0.017083 0.054375 0.034167
0 0.342813 0.043333 0.070625 0.086667
0 0.248438 0.015000 0.043125 0.030000
0 0.125938 0.039583 0.076875 0.079167
0 0.049688 0.015833 0.046875 0.031667