0 0.573438 0.967500 0.083125 0.065000
0 0.240313 0.960833 0.179375 0.078333
0 0.150312 0.921250 0.061875 0.054167
0 0.502500 0.944167 0.083750 0.111667
0 0.375000 0.939167 0.157500 0.121667
0 0.018750 0.915833 0.037500 0.081667
0 0.863750 0.919167 0.068750 0.096667
0 0.634687 0.908333 0.060625 0.110000
0 0.564688 0.888333 0.060625 0.081667
0 0.252188 0.875000 0.068125 0.076667
0 0.176250 0.860417 0.086250 0.099167
0 0.466875 0.832500 0.056250 0.076667
0 0.383125 0.850000 0.191250 0.141667
0 0.661875 0.809583 0.063750 0.075833
0 0.021875 0.806250 0.043750 0.079167
0 0.729062 0.867500 0.103125 0.221667
0 0.533125 0.801667 0.065000 0.090000
0 0.202500 0.785000 0.052500 0.076667
0 0.088125 0.817500 0.078750 0.143333
0 0.812187 0.816667 0.091875 0.145000
0 0.588750 0.777500 0.057500 0.085000
0 0.280000 0.747500 0.057500 0.070000
0 0.148438 0.759583 0.065625 0.100833
0 0.984375 0.750833 0.031250 0.098333
0 0.918438 0.847917 0.163125 0.304167
0 0.374688 0.740417 0.071875 0.099167
0 0.223438 0.717917 0.080625 0.110833
0 0.443750 0.727500 0.066250 0.138333
0 0.530312 0.706250 0.086875 0.099167
0 0.049688 0.691667 0.078125 0.080000
0 0.726250 0.702500 0.167500 0.116667
0 0.606563 0.665417 0.065625 0.080833
0 0.126562 0.663750 0.051875 0.097500
0 0.329375 0.644583 0.056250 0.067500
0 0.396250 0.640417 0.067500 0.080833
0 0.780625 0.616667 0.061250 0.068333
0 0.023438 0.615417 0.046875 0.087500
0 0.089375 0.599167 0.068750 0.075000
0 0.342500 0.591667 0.052500 0.063333
0 0.713125 0.582500 0.065000 0.081667
0 0.646250 0.602917 0.092500 0.130833
0 0.216250 0.601250 0.148750 0.137500
0 0.360625 0.563750 0.053750 0.072500
0 0.568750 0.588750 0.071250 0.130833
0 0.778438 0.531250 0.059375 0.080833
0 0.221250 0.528333 0.077500 0.101667
0 0.503750 0.565417 0.070000 0.177500
0 0.714688 0.495000 0.064375 0.071667
0 0.648438 0.493750 0.048125 0.074167
0 0.603437 0.493750 0.055625 0.082500
0 0.040938 0.504583 0.079375 0.125833
0 0.924375 0.553333 0.151250 0.256667
0 0.744687 0.439167 0.059375 0.081667
0 0.815937 0.441667 0.065625 0.101667
0 0.167813 0.460000 0.166875 0.138333
0 0.401562 0.486250 0.140625 0.205833
0 0.284375 0.480000 0.087500 0.195000
0 0.949063 0.429167 0.101875 0.133333
0 0.013750 0.412083 0.027500 0.105833
0 0.519687 0.413750 0.101875 0.114167
0 0.669375 0.412500 0.075000 0.140000
0 0.597500 0.389583 0.062500 0.125833
0 0.117813 0.355000 0.065625 0.058333
0 0.171875 0.361250 0.057500 0.079167
0 0.054062 0.372500 0.093125 0.111667
0 0.761875 0.358750 0.092500 0.089167
0 0.332188 0.353333 0.060625 0.080000
0 0.859375 0.355417 0.075000 0.092500
0 0.393437 0.323750 0.095625 0.084167
0 0.265937 0.305417 0.094375 0.122500
0 0.516563 0.302083 0.076875 0.120833
0 0.015625 0.286250 0.031250 0.089167
0 0.700625 0.280417 0.067500 0.087500
0 0.619375 0.283750 0.083750 0.099167
0 0.162500 0.270000 0.087500 0.085000
0 0.327813 0.254583 0.064375 0.115833
0 0.679375 0.234167 0.053750 0.090000
0 0.832812 0.242083 0.075625 0.122500
0 0.582812 0.210833 0.071875 0.071667
0 0.083437 0.249583 0.084375 0.165833
0 0.448750 0.215833 0.045000 0.105000
0 0.189688 0.196667 0.061875 0.076667
0 0.939063 0.252083 0.121875 0.205833
0 0.786875 0.171667 0.063750 0.088333
0 0.144687 0.147917 0.066875 0.079167
0 0.380937 0.187083 0.109375 0.169167
0 0.032813 0.113333 0.065625 0.068333
0 0.895625 0.105417 0.062500 0.072500
0 0.209063 0.105417 0.060625 0.079167
0 0.680312 0.117083 0.069375 0.109167
0 0.756563 0.067917 0.058125 0.089167
0 0.101562 0.051250 0.166875 0.094167
0 0.942187 0.046667 0.070625 0.091667
0 0.822187 0.077500 0.086875 0.155000
0 0.682813 0.024583 0.063125 0.049167
0 0.561562 0.090833 0.183125 0.181667
0 0.440937 0.062500 0.081875 0.125000
0 0.348750 0.061667 0.103750 0.123333
0 0.273438 0.055417 0.096875 0.110833