0 0.190000 0.940417 0.086250 0.119167
0 0.300000 0.895000 0.086250 0.123333
0 0.722812 0.850000 0.068125 0.093333
0 0.630000 0.820417 0.093750 0.120833
0 0.204375 0.765833 0.078750 0.111667
0 0.627500 0.634167 0.075000 0.093333
0 0.534062 0.622083 0.083125 0.110833
0 0.271875 0.556667 0.090000 0.105000
0 0.977187 0.522917 0.045625 0.092500
0 0.893437 0.493750 0.064375 0.089167
0 0.271250 0.456250 0.067500 0.099167
0 0.844063 0.450000 0.060625 0.088333
0 0.671250 0.451667 0.086250 0.110000
0 0.890312 0.384167 0.076875 0.091667
0 0.829375 0.351667 0.077500 0.101667
0 0.146250 0.362917 0.095000 0.144167
0 0.444688 0.337083 0.070625 0.095833
0 0.740000 0.305000 0.078750 0.101667
0 0.194375 0.277083 0.096250 0.114167
0 0.683125 0.250833 0.068750 0.091667
0 0.916562 0.220417 0.074375 0.110833
0 0.355938 0.159583 0.084375 0.110833
0 0.740625 0.140417 0.087500 0.117500
0 0.068437 0.097500 0.073125 0.100000
0 0.191250 0.059583 0.083750 0.109167
0 0.972500 0.027083 0.055000 0.054167