0 0.590625 0.972917 0.067500 0.054167
0 0.174375 0.964583 0.070000 0.070833
0 0.378750 0.905833 0.068750 0.086667
0 0.678750 0.896667 0.071250 0.095000
0 0.583438 0.882500 0.078125 0.090000
0 0.728750 0.830000 0.076250 0.095000
0 0.087500 0.824167 0.078750 0.090000
0 0.982812 0.791667 0.034375 0.091667
0 0.846875 0.781667 0.065000 0.088333
0 0.579375 0.780833 0.080000 0.093333
0 0.086563 0.749583 0.069375 0.090833
0 0.729688 0.714167 0.066875 0.096667
0 0.593750 0.697500 0.076250 0.096667
0 0.098750 0.660000 0.076250 0.085000
0 0.650000 0.648333 0.063750 0.081667
0 0.505000 0.600000 0.073750 0.098333
0 0.802500 0.574167 0.071250 0.093333
0 0.670625 0.537500 0.075000 0.096667
0 0.210000 0.497917 0.063750 0.092500
0 0.890625 0.485000 0.060000 0.091667
0 0.621250 0.445000 0.071250 0.101667
0 0.793125 0.425000 0.067500 0.088333
0 0.263750 0.419167 0.066250 0.103333
0 0.405000 0.407083 0.068750 0.095833
0 0.027187 0.379167 0.054375 0.135000
0 0.685000 0.297500 0.073750 0.096667
0 0.527500 0.272500 0.106250 0.073333
0 0.778750 0.245833 0.066250 0.090000
0 0.428750 0.243333 0.073750 0.095000
0 0.920625 0.205417 0.062500 0.092500
0 0.027187 0.198333 0.054375 0.088333
0 0.071563 0.204167 0.061875 0.105000
0 0.118750 0.190833 0.056250 0.086667
0 0.849375 0.151667 0.072500 0.091667
0 0.656875 0.144583 0.065000 0.089167
0 0.239063 0.121667 0.091875 0.073333
0 0.466250 0.125833 0.086250 0.093333
0 0.273438 0.067500 0.073125 0.086667
0 0.933750 0.055833 0.083750 0.076667
0 0.504687 0.047917 0.070625 0.085833
0 0.867188 0.017917 0.068125 0.035833
0 0.790000 0.022917 0.056250 0.045833
0 0.306875 0.028750 0.072500 0.057500
0 0.024063 0.038750 0.048125 0.077500