0 0.559688 0.971667 0.056875 0.056667
0 0.740625 0.965833 0.061250 0.068333
0 0.652500 0.961250 0.063750 0.077500
0 0.367500 0.952500 0.056250 0.065000
0 0.827187 0.947083 0.073125 0.080833
0 0.090000 0.946250 0.055000 0.079167
0 0.292812 0.940000 0.088125 0.090000
0 0.584063 0.918750 0.058125 0.079167
0 0.138750 0.898333 0.053750 0.066667
0 0.627500 0.896250 0.048750 0.064167
0 0.828438 0.887083 0.070625 0.060833
0 0.695937 0.890417 0.063125 0.089167
0 0.956875 0.898333 0.078750 0.111667
0 0.757188 0.880000 0.060625 0.085000
0 0.411875 0.841667 0.070000 0.085000
0 0.133437 0.825417 0.055625 0.074167
0 0.830625 0.817917 0.056250 0.065833
0 0.293438 0.817917 0.058125 0.077500
0 0.974375 0.817500 0.051250 0.091667
0 0.912813 0.804167 0.058125 0.083333
0 0.591875 0.783750 0.066250 0.075833
0 0.720625 0.794583 0.097500 0.099167
0 0.237500 0.792917 0.077500 0.109167
0 0.175313 0.771667 0.058125 0.083333
0 0.033125 0.762917 0.058750 0.085833
0 0.816562 0.746667 0.065625 0.080000
0 0.880625 0.742500 0.068750 0.081667
0 0.619687 0.718750 0.063125 0.084167
0 0.108750 0.712917 0.062500 0.075833
0 0.925312 0.681250 0.056875 0.080833
0 0.689375 0.681667 0.066250 0.085000
0 0.605000 0.669167 0.070000 0.063333
0 0.412813 0.647500 0.063125 0.083333
0 0.789687 0.629167 0.064375 0.075000
0 0.885000 0.619167 0.055000 0.073333
0 0.141563 0.623750 0.059375 0.090833
0 0.971562 0.595417 0.050625 0.072500
0 0.850313 0.545417 0.068125 0.075833
0 0.049063 0.537917 0.064375 0.082500
0 0.203125 0.539167 0.062500 0.086667
0 0.632812 0.520417 0.064375 0.079167
0 0.243438 0.520000 0.063125 0.083333
0 0.340938 0.499167 0.068125 0.080000
0 0.861250 0.476667 0.062500 0.085000
0 0.196563 0.458750 0.060625 0.075833
0 0.897500 0.424583 0.061250 0.074167
0 0.828438 0.415000 0.055625 0.068333
0 0.132812 0.412500 0.056875 0.073333
0 0.776563 0.389583 0.046875 0.069167
0 0.234375 0.391667 0.052500 0.075000
0 0.084062 0.396250 0.048125 0.085833
0 0.047813 0.382500 0.058125 0.078333
0 0.728750 0.372083 0.061250 0.079167
0 0.396875 0.360833 0.062500 0.076667
0 0.175937 0.362083 0.053125 0.089167
0 0.910625 0.352917 0.062500 0.075833
0 0.490000 0.349167 0.062500 0.085000
0 0.135937 0.345000 0.065625 0.081667
0 0.219688 0.321667 0.059375 0.080000
0 0.652188 0.316667 0.064375 0.073333
0 0.361250 0.313750 0.055000 0.077500
0 0.126875 0.282500 0.072500 0.073333
0 0.937813 0.283333 0.050625 0.078333
0 0.714063 0.289167 0.069375 0.093333
0 0.263125 0.291250 0.061250 0.125833
0 0.888125 0.263333 0.061250 0.075000
0 0.835000 0.251250 0.060000 0.074167
0 0.548438 0.247083 0.064375 0.079167
0 0.455625 0.238750 0.062500 0.080833
0 0.486563 0.210000 0.053125 0.076667
0 0.430000 0.212500 0.058750 0.090000
0 0.044375 0.182917 0.052500 0.077500
0 0.642500 0.180000 0.062500 0.078333
0 0.583750 0.182917 0.051250 0.089167
0 0.856875 0.170833 0.062500 0.088333
0 0.474062 0.156667 0.054375 0.071667
0 0.225938 0.157500 0.051875 0.078333
0 0.159062 0.155000 0.073125 0.095000
0 0.714063 0.147500 0.069375 0.085000
0 0.418750 0.139167 0.063750 0.076667
0 0.776250 0.126250 0.056250 0.069167
0 0.075313 0.127917 0.053125 0.072500
0 0.021562 0.125417 0.043125 0.070833
0 0.508437 0.131667 0.069375 0.100000
0 0.261562 0.100833 0.063125 0.071667
0 0.550937 0.106667 0.083125 0.091667
0 0.896250 0.092917 0.056250 0.067500
0 0.726250 0.082500 0.057500 0.081667
0 0.145313 0.065417 0.069375 0.082500
0 0.646250 0.043333 0.061250 0.085000
0 0.971875 0.040000 0.056250 0.080000
0 0.425312 0.023333 0.060625 0.046667
0 0.114375 0.020000 0.051250 0.040000