0 0.645938 0.978333 0.066875 0.043333
0 0.526250 0.966250 0.062500 0.067500
0 0.790000 0.947500 0.070000 0.083333
0 0.469375 0.930833 0.073750 0.090000
0 0.694063 0.917083 0.051875 0.070833
0 0.302812 0.900000 0.064375 0.086667
0 0.134063 0.896250 0.069375 0.082500
0 0.067500 0.900417 0.077500 0.110833
0 0.797188 0.873333 0.053125 0.071667
0 0.749375 0.874167 0.056250 0.073333
0 0.364063 0.864583 0.063125 0.077500
0 0.621250 0.839167 0.062500 0.075000
0 0.686250 0.836667 0.065000 0.088333
0 0.081250 0.794583 0.078750 0.085833
0 0.769687 0.790417 0.086875 0.090833
0 0.959063 0.777500 0.058125 0.075000
0 0.891563 0.779583 0.078125 0.090833
0 0.837500 0.766250 0.052500 0.072500
0 0.616875 0.767083 0.070000 0.087500
0 0.368125 0.760000 0.077500 0.108333
0 0.682187 0.747083 0.064375 0.092500
0 0.315000 0.738750 0.051250 0.080833
0 0.149375 0.740417 0.058750 0.085833
0 0.089688 0.731250 0.058125 0.077500
0 0.774062 0.714167 0.080625 0.061667
0 0.234375 0.725417 0.073750 0.087500
0 0.752812 0.675000 0.058125 0.075000
0 0.546562 0.678333 0.055625 0.081667
0 0.272500 0.648750 0.065000 0.067500
0 0.656875 0.630833 0.052500 0.065000
0 0.933125 0.627917 0.062500 0.090833
0 0.978750 0.615000 0.042500 0.095000
0 0.068437 0.608333 0.055625 0.081667
0 0.381563 0.595000 0.074375 0.078333
0 0.812813 0.587083 0.063125 0.070833
0 0.733125 0.586250 0.048750 0.079167
0 0.496563 0.579167 0.069375 0.085000
0 0.652500 0.561667 0.065000 0.080000
0 0.348438 0.535417 0.065625 0.087500
0 0.226875 0.523750 0.063750 0.072500
0 0.623750 0.525417 0.070000 0.082500
0 0.185938 0.488333 0.085625 0.063333
0 0.971562 0.487083 0.056875 0.080833
0 0.690312 0.474167 0.056875 0.068333
0 0.398125 0.474167 0.052500 0.078333
0 0.911563 0.476250 0.065625 0.089167
0 0.747188 0.462500 0.055625 0.075000
0 0.451562 0.465417 0.056875 0.082500
0 0.415312 0.415417 0.063125 0.084167
0 0.892500 0.401250 0.050000 0.072500
0 0.944688 0.375000 0.069375 0.075000
0 0.284062 0.370833 0.044375 0.073333
0 0.663438 0.378333 0.069375 0.091667
0 0.418125 0.370833 0.090000 0.078333
0 0.330313 0.364583 0.061875 0.090833
0 0.095937 0.337917 0.061875 0.067500
0 0.355000 0.335833 0.050000 0.075000
0 0.231250 0.309167 0.052500 0.071667
0 0.403750 0.308750 0.056250 0.075833
0 0.294063 0.298333 0.066875 0.070000
0 0.868125 0.301667 0.066250 0.088333
0 0.653438 0.287917 0.063125 0.075833
0 0.334062 0.267917 0.054375 0.075833
0 0.147813 0.260833 0.059375 0.070000
0 0.583438 0.259583 0.059375 0.080833
0 0.928438 0.253750 0.065625 0.084167
0 0.673438 0.206667 0.060625 0.083333
0 0.889062 0.201250 0.059375 0.104167
0 0.044062 0.190833 0.070625 0.083333
0 0.923750 0.164167 0.055000 0.088333
0 0.127500 0.151667 0.055000 0.068333
0 0.750938 0.140000 0.058125 0.076667
0 0.178125 0.137917 0.051250 0.079167
0 0.669063 0.129167 0.051875 0.066667
0 0.290312 0.131250 0.051875 0.085833
0 0.122188 0.092083 0.078125 0.074167
0 0.064687 0.096250 0.064375 0.082500
0 0.017500 0.082917 0.035000 0.079167
0 0.684375 0.060000 0.050000 0.080000
0 0.564063 0.051250 0.059375 0.084167
0 0.266250 0.046667 0.070000 0.083333
0 0.748125 0.044583 0.058750 0.082500
0 0.865625 0.040000 0.061250 0.080000
0 0.626563 0.050833 0.095625 0.101667
0 0.392500 0.037917 0.062500 0.075833
0 0.330937 0.026667 0.058125 0.053333
0 0.236250 0.027083 0.056250 0.054167
0 0.163125 0.025417 0.098750 0.050833