0 0.547188 0.967917 0.070625 0.064167
0 0.054375 0.956250 0.067500 0.087500
0 0.561250 0.919583 0.071250 0.070833
0 0.363750 0.918333 0.076250 0.081667
0 0.681250 0.900833 0.076250 0.093333
0 0.194375 0.886667 0.070000 0.095000
0 0.024688 0.863333 0.049375 0.101667
0 0.368125 0.840000 0.075000 0.071667
0 0.675000 0.812083 0.076250 0.085833
0 0.076875 0.755833 0.070000 0.093333
0 0.318750 0.757500 0.078750 0.100000
0 0.354375 0.722917 0.067500 0.100833
0 0.579063 0.705000 0.069375 0.088333
0 0.613125 0.655833 0.070000 0.106667
0 0.681875 0.622500 0.065000 0.093333
0 0.854375 0.609167 0.070000 0.080000
0 0.121875 0.578333 0.075000 0.098333
0 0.168125 0.490833 0.067500 0.096667
0 0.780625 0.485833 0.072500 0.093333
0 0.385000 0.477500 0.063750 0.093333
0 0.890000 0.456667 0.076250 0.091667
0 0.324375 0.430000 0.065000 0.085000
0 0.614688 0.438333 0.071875 0.118333
0 0.019375 0.425000 0.038750 0.091667
0 0.059375 0.400833 0.067500 0.103333
0 0.560625 0.405000 0.090000 0.121667
0 0.861250 0.373333 0.056250 0.078333
0 0.673750 0.377500 0.066250 0.096667
0 0.386875 0.361667 0.070000 0.091667
0 0.018437 0.338333 0.036875 0.091667
0 0.297500 0.321667 0.068750 0.088333
0 0.888750 0.315000 0.066250 0.105000
0 0.691250 0.269167 0.071250 0.090000
0 0.930625 0.250833 0.072500 0.096667
0 0.931875 0.146667 0.070000 0.095000
0 0.215625 0.139167 0.067500 0.090000
0 0.698125 0.074583 0.077500 0.080833
0 0.080000 0.084167 0.060000 0.110000
0 0.921250 0.042083 0.068750 0.084167
0 0.411250 0.045000 0.073750 0.090000
0 0.330625 0.046250 0.075000 0.092500
0 0.131250 0.035833 0.076250 0.071667
0 0.025313 0.051250 0.050625 0.102500