0 0.335000 0.963333 0.071250 0.073333
0 0.028125 0.938750 0.056250 0.090833
0 0.692813 0.908750 0.066875 0.085833
0 0.251875 0.894583 0.098750 0.067500
0 0.139063 0.886667 0.119375 0.070000
0 0.851562 0.875417 0.075625 0.080833
0 0.605000 0.865000 0.095000 0.088333
0 0.081875 0.850417 0.106250 0.092500
0 0.677188 0.813750 0.073125 0.094167
0 0.487187 0.813750 0.060625 0.094167
0 0.388125 0.811667 0.076250 0.090000
0 0.856563 0.807083 0.074375 0.089167
0 0.724688 0.768750 0.071875 0.095833
0 0.100312 0.752500 0.079375 0.088333
0 0.629687 0.767917 0.089375 0.120833
0 0.498437 0.734167 0.086875 0.080000
0 0.784375 0.716250 0.087500 0.074167
0 0.826562 0.680417 0.079375 0.100833
0 0.445937 0.638333 0.083125 0.098333
0 0.075625 0.631250 0.091250 0.089167
0 0.930312 0.632083 0.084375 0.092500
0 0.668125 0.591250 0.048750 0.095833
0 0.718750 0.596250 0.067500 0.112500
0 0.374063 0.522083 0.076875 0.087500
0 0.624687 0.495833 0.058125 0.100000
0 0.668125 0.486667 0.061250 0.096667
0 0.789687 0.475833 0.071875 0.096667
0 0.220938 0.469583 0.069375 0.104167
0 0.722812 0.449583 0.074375 0.094167
0 0.421875 0.437083 0.073750 0.095833
0 0.485625 0.438333 0.066250 0.105000
0 0.794063 0.360417 0.073125 0.095833
0 0.310000 0.344583 0.076250 0.082500
0 0.206875 0.337917 0.081250 0.080833
0 0.353438 0.269583 0.068125 0.092500
0 0.048750 0.243333 0.095000 0.085000
0 0.654062 0.219167 0.089375 0.075000
0 0.354063 0.173750 0.096875 0.075833
0 0.210938 0.170833 0.070625 0.086667
0 0.666562 0.156250 0.108125 0.082500
0 0.540625 0.155000 0.083750 0.088333
0 0.872500 0.130833 0.103750 0.080000
0 0.965625 0.132083 0.068750 0.095833
0 0.211875 0.065833 0.080000 0.091667
0 0.131250 0.055000 0.071250 0.096667
0 0.497500 0.044583 0.076250 0.087500
0 0.890625 0.031667 0.081250 0.063333