0 0.768437 0.961250 0.069375 0.077500
0 0.238125 0.938333 0.073750 0.083333
0 0.723125 0.936667 0.071250 0.091667
0 0.145000 0.910417 0.067500 0.080833
0 0.644687 0.910833 0.064375 0.093333
0 0.566875 0.887500 0.075000 0.095000
0 0.447500 0.891250 0.076250 0.104167
0 0.221250 0.855833 0.066250 0.081667
0 0.856250 0.832083 0.100000 0.082500
0 0.282813 0.819167 0.081875 0.083333
0 0.074375 0.810833 0.060000 0.080000
0 0.732812 0.824167 0.071875 0.108333
0 0.128438 0.805417 0.061875 0.114167
0 0.482812 0.767083 0.065625 0.102500
0 0.020625 0.754167 0.041250 0.085000
0 0.875313 0.748333 0.091875 0.106667
0 0.636875 0.732083 0.062500 0.110833
0 0.187812 0.723333 0.074375 0.093333
0 0.260937 0.710000 0.063125 0.110000
0 0.083750 0.692500 0.070000 0.083333
0 0.861875 0.671250 0.057500 0.090833
0 0.806875 0.669583 0.073750 0.089167
0 0.604688 0.670833 0.076875 0.100000
0 0.706875 0.661667 0.072500 0.088333
0 0.965313 0.644167 0.066875 0.096667
0 0.393750 0.635833 0.088750 0.120000
0 0.107813 0.626250 0.106875 0.102500
0 0.758750 0.592500 0.071250 0.100000
0 0.195000 0.593750 0.068750 0.109167
0 0.289687 0.539167 0.066875 0.086667
0 0.485938 0.513750 0.059375 0.104167
0 0.859062 0.468750 0.078125 0.095833
0 0.209687 0.428333 0.066875 0.096667
0 0.735938 0.439167 0.068125 0.123333
0 0.534375 0.425833 0.070000 0.100000
0 0.385313 0.409167 0.061875 0.101667
0 0.937500 0.396250 0.067500 0.092500
0 0.163750 0.409167 0.056250 0.126667
0 0.790000 0.402083 0.061250 0.117500
0 0.443437 0.373333 0.061875 0.085000
0 0.870000 0.322917 0.065000 0.087500
0 0.761250 0.302083 0.067500 0.089167
0 0.131250 0.297500 0.063750 0.088333
0 0.536250 0.270417 0.070000 0.075833
0 0.408438 0.269583 0.063125 0.085833
0 0.367812 0.289167 0.074375 0.133333
0 0.267813 0.255833 0.085625 0.093333
0 0.086250 0.225000 0.068750 0.091667
0 0.325000 0.217500 0.042500 0.081667
0 0.478438 0.222083 0.071875 0.107500
0 0.176563 0.208333 0.069375 0.085000
0 0.701875 0.201667 0.071250 0.096667
0 0.348750 0.169167 0.062500 0.111667
0 0.748750 0.157500 0.070000 0.106667
0 0.020313 0.137083 0.040625 0.092500
0 0.182500 0.135000 0.067500 0.096667
0 0.073750 0.137500 0.061250 0.111667
0 0.591875 0.133333 0.070000 0.116667
0 0.120000 0.117500 0.055000 0.113333
0 0.798438 0.105417 0.071875 0.094167
0 0.367188 0.090000 0.074375 0.123333
0 0.283438 0.057500 0.071875 0.103333
0 0.175000 0.049167 0.071250 0.095000
0 0.932813 0.037083 0.064375 0.074167
0 0.793438 0.024167 0.066875 0.048333