0 0.554688 0.962083 0.066875 0.075833
0 0.854375 0.959583 0.066250 0.080833
0 0.250937 0.958750 0.068125 0.082500
0 0.728750 0.956250 0.071250 0.087500
0 0.786875 0.954583 0.062500 0.090833
0 0.145000 0.929167 0.078750 0.080000
0 0.453750 0.891250 0.068750 0.100833
0 0.691875 0.882083 0.070000 0.085833
0 0.252500 0.872500 0.063750 0.086667
0 0.908438 0.870417 0.074375 0.087500
0 0.622500 0.873333 0.070000 0.095000
0 0.505313 0.856667 0.059375 0.068333
0 0.186562 0.850833 0.063125 0.090000
0 0.839063 0.852083 0.068125 0.094167
0 0.672188 0.806250 0.061875 0.085833
0 0.055313 0.792500 0.063125 0.088333
0 0.520312 0.789167 0.064375 0.095000
0 0.588125 0.786250 0.063750 0.090833
0 0.135625 0.768750 0.070000 0.094167
0 0.750625 0.758750 0.067500 0.089167
0 0.346875 0.764167 0.070000 0.100000
0 0.930000 0.753333 0.066250 0.095000
0 0.885000 0.740833 0.063750 0.090000
0 0.227187 0.729167 0.066875 0.096667
0 0.405938 0.701250 0.073125 0.107500
0 0.765000 0.681667 0.066250 0.091667
0 0.514687 0.675417 0.076875 0.099167
0 0.600938 0.654167 0.069375 0.086667
0 0.831250 0.656250 0.070000 0.097500
0 0.691250 0.649167 0.076250 0.083333
0 0.113437 0.652083 0.061875 0.092500
0 0.725000 0.602917 0.073750 0.090833
0 0.115937 0.583750 0.065625 0.069167
0 0.600000 0.567083 0.073750 0.089167
0 0.667813 0.526250 0.069375 0.090833
0 0.375312 0.522083 0.055625 0.099167
0 0.746250 0.518333 0.090000 0.106667
0 0.075625 0.493333 0.062500 0.080000
0 0.310937 0.508750 0.076875 0.115833
0 0.420625 0.500000 0.090000 0.115000
0 0.910312 0.477917 0.058125 0.094167
0 0.970000 0.472917 0.060000 0.092500
0 0.523438 0.468333 0.061875 0.101667
0 0.343438 0.458750 0.056875 0.089167
0 0.594688 0.465833 0.081875 0.123333
0 0.026875 0.446667 0.053750 0.086667
0 0.147500 0.435833 0.080000 0.095000
0 0.299063 0.417500 0.041875 0.075000
0 0.460938 0.425833 0.069375 0.096667
0 0.253437 0.401667 0.051875 0.098333
0 0.736250 0.400000 0.062500 0.101667
0 0.897500 0.390417 0.060000 0.084167
0 0.541562 0.373750 0.060625 0.089167
0 0.473438 0.360417 0.064375 0.082500
0 0.624375 0.362917 0.075000 0.094167
0 0.150000 0.357500 0.080000 0.090000
0 0.928750 0.349167 0.058750 0.080000
0 0.410313 0.355417 0.065625 0.094167
0 0.961875 0.357917 0.055000 0.110833
0 0.251875 0.335833 0.068750 0.076667
0 0.792188 0.338750 0.071875 0.095833
0 0.579063 0.299167 0.055625 0.073333
0 0.356875 0.300833 0.062500 0.080000
0 0.866250 0.302083 0.067500 0.095833
0 0.080937 0.286250 0.063125 0.095833
0 0.377812 0.252083 0.073125 0.082500
0 0.208750 0.258333 0.071250 0.098333
0 0.656875 0.253750 0.101250 0.125833
0 0.033750 0.238333 0.067500 0.100000
0 0.733125 0.227917 0.072500 0.087500
0 0.138750 0.214583 0.075000 0.085833
0 0.267188 0.207083 0.066875 0.090833
0 0.811250 0.210833 0.071250 0.103333
0 0.733750 0.162500 0.065000 0.063333
0 0.034375 0.160000 0.068750 0.063333
0 0.105000 0.159167 0.075000 0.086667
0 0.104375 0.101667 0.072500 0.071667
0 0.193438 0.102917 0.058125 0.089167
0 0.777813 0.093750 0.069375 0.095833
0 0.315000 0.085000 0.052500 0.093333
0 0.731250 0.077500 0.060000 0.098333
0 0.967500 0.045833 0.065000 0.091667
0 0.892813 0.022083 0.063125 0.044167
0 0.652500 0.043333 0.068750 0.086667
0 0.565312 0.055417 0.086875 0.110833
0 0.472813 0.055417 0.093125 0.110833