0 0.869062 0.971250 0.059375 0.057500
0 0.401250 0.960417 0.072500 0.079167
0 0.039375 0.954167 0.065000 0.086667
0 0.257188 0.907083 0.059375 0.084167
0 0.960625 0.904167 0.067500 0.091667
0 0.680937 0.877083 0.071875 0.075833
0 0.614688 0.837917 0.070625 0.090833
0 0.697187 0.806250 0.053125 0.079167
0 0.101562 0.803333 0.073125 0.081667
0 0.642813 0.795833 0.064375 0.081667
0 0.428750 0.755417 0.068750 0.085833
0 0.503750 0.718333 0.070000 0.086667
0 0.585938 0.715417 0.069375 0.084167
0 0.724375 0.635833 0.071250 0.103333
0 0.210313 0.625833 0.074375 0.085000
0 0.934375 0.581250 0.083750 0.062500
0 0.065000 0.578750 0.080000 0.085833
0 0.135000 0.567917 0.083750 0.082500
0 0.525000 0.558333 0.073750 0.083333
0 0.912188 0.525417 0.080625 0.077500
0 0.591562 0.509583 0.066875 0.080833
0 0.114062 0.502500 0.095625 0.068333
0 0.809688 0.508333 0.083125 0.085000
0 0.297187 0.465833 0.069375 0.095000
0 0.187500 0.442083 0.052500 0.082500
0 0.771250 0.422917 0.081250 0.090833
0 0.128750 0.424583 0.068750 0.095833
0 0.018750 0.415000 0.037500 0.086667
0 0.073125 0.374167 0.098750 0.058333
0 0.173750 0.356667 0.080000 0.076667
0 0.839063 0.330417 0.109375 0.077500
0 0.034063 0.314583 0.068125 0.087500
0 0.626250 0.307917 0.075000 0.102500
0 0.779375 0.296250 0.072500 0.084167
0 0.071875 0.291250 0.063750 0.090833
0 0.553750 0.288333 0.068750 0.093333
0 0.285313 0.290833 0.080625 0.100000
0 0.182812 0.276250 0.070625 0.079167
0 0.030625 0.241667 0.061250 0.076667
0 0.392500 0.245417 0.065000 0.087500
0 0.878437 0.233750 0.081875 0.087500
0 0.970938 0.232500 0.058125 0.088333
0 0.341875 0.208333 0.078750 0.078333
0 0.177813 0.199583 0.085625 0.075833
0 0.028125 0.177500 0.056250 0.065000
0 0.451875 0.177500 0.098750 0.086667
0 0.777500 0.182500 0.076250 0.100000
0 0.099687 0.164167 0.080625 0.071667
0 0.228437 0.171667 0.075625 0.098333
0 0.968125 0.146250 0.063750 0.077500
0 0.090625 0.100000 0.085000 0.068333
0 0.878125 0.103333 0.068750 0.096667
0 0.830313 0.087500 0.065625 0.080000
0 0.029375 0.074167 0.058750 0.088333
0 0.861250 0.025417 0.091250 0.050833
0 0.710938 0.029583 0.065625 0.059167
0 0.555000 0.037500 0.062500 0.075000
0 0.051562 0.030833 0.069375 0.061667