0 0.852812 0.975833 0.065625 0.048333
0 0.770625 0.967917 0.077500 0.064167
0 0.925937 0.961667 0.078125 0.076667
0 0.542188 0.959583 0.054375 0.077500
0 0.421250 0.948333 0.060000 0.078333
0 0.225312 0.941667 0.074375 0.081667
0 0.021562 0.947083 0.043125 0.095833
0 0.477812 0.913333 0.090625 0.103333
0 0.146875 0.930000 0.086250 0.140000
0 0.749375 0.887917 0.080000 0.084167
0 0.956562 0.872500 0.066875 0.088333
0 0.400625 0.854583 0.081250 0.095833
0 0.624687 0.896250 0.196875 0.182500
0 0.071250 0.818333 0.058750 0.078333
0 0.016875 0.810417 0.033750 0.072500
0 0.138125 0.810000 0.057500 0.081667
0 0.480938 0.806250 0.071875 0.084167
0 0.239063 0.825833 0.108125 0.138333
0 0.585000 0.795833 0.073750 0.081667
0 0.840938 0.788333 0.054375 0.071667
0 0.769687 0.792917 0.061875 0.080833
0 0.985000 0.767500 0.030000 0.085000
0 0.348750 0.789583 0.133750 0.139167
0 0.070312 0.749167 0.068125 0.071667
0 0.526875 0.747500 0.063750 0.078333
0 0.884375 0.822083 0.162500 0.254167
0 0.722187 0.755417 0.113125 0.122500
0 0.278750 0.724583 0.048750 0.067500
0 0.626563 0.720833 0.055625 0.078333
0 0.159062 0.703750 0.068125 0.110833
0 0.805937 0.680000 0.048125 0.075000
0 0.536250 0.680000 0.062500 0.081667
0 0.684375 0.679167 0.061250 0.091667
0 0.853750 0.680000 0.071250 0.118333
0 0.467187 0.687917 0.099375 0.140833
0 0.015625 0.632083 0.031250 0.072500
0 0.744375 0.633750 0.062500 0.082500
0 0.963125 0.634167 0.052500 0.090000
0 0.590000 0.622083 0.061250 0.065833
0 0.909375 0.642083 0.057500 0.124167
0 0.307188 0.621667 0.060625 0.123333
0 0.236250 0.637917 0.100000 0.162500
0 0.665937 0.582083 0.061875 0.079167
0 0.111562 0.563333 0.055625 0.093333
0 0.036250 0.549167 0.062500 0.078333
0 0.767813 0.543750 0.054375 0.074167
0 0.400938 0.597917 0.111875 0.182500
0 0.944688 0.539583 0.058125 0.074167
0 0.210625 0.524167 0.057500 0.068333
0 0.586875 0.535833 0.103750 0.095000
0 0.018125 0.493333 0.036250 0.071667
0 0.829063 0.536667 0.090625 0.178333
0 0.121875 0.572083 0.160000 0.249167
0 0.305937 0.496250 0.065625 0.115833
0 0.946250 0.459583 0.035000 0.057500
0 0.890625 0.478333 0.060000 0.101667
0 0.549063 0.465000 0.056875 0.075000
0 0.455313 0.476667 0.076875 0.098333
0 0.985938 0.463333 0.028125 0.078333
0 0.756875 0.455417 0.061250 0.075833
0 0.664687 0.452500 0.096875 0.151667
0 0.358750 0.429583 0.061250 0.114167
0 0.958125 0.389167 0.061250 0.070000
0 0.470625 0.392500 0.145000 0.108333
0 0.062187 0.415000 0.088125 0.163333
0 0.163438 0.376667 0.129375 0.130000
0 0.379375 0.344167 0.056250 0.078333
0 0.908438 0.322083 0.060625 0.090833
0 0.409375 0.286250 0.091250 0.079167
0 0.273125 0.375000 0.118750 0.261667
0 0.164062 0.282500 0.055625 0.086667
0 0.822187 0.348333 0.100625 0.235000
0 0.960938 0.256667 0.078125 0.096667
0 0.271875 0.247083 0.066250 0.089167
0 0.901875 0.233750 0.051250 0.082500
0 0.036250 0.233750 0.072500 0.109167
0 0.344687 0.208333 0.060625 0.081667
0 0.738125 0.249583 0.085000 0.172500
0 0.586875 0.280417 0.232500 0.245833
0 0.847500 0.180417 0.053750 0.074167
0 0.185000 0.195833 0.106250 0.108333
0 0.946562 0.167917 0.106875 0.089167
0 0.438750 0.177500 0.083750 0.113333
0 0.661250 0.165833 0.095000 0.118333
0 0.063437 0.157500 0.115625 0.106667
0 0.331250 0.121667 0.061250 0.065000
0 0.551562 0.124167 0.055625 0.071667
0 0.260000 0.131250 0.065000 0.137500
0 0.980938 0.094583 0.038125 0.065833
0 0.640000 0.084583 0.100000 0.109167
0 0.160000 0.072083 0.127500 0.102500
0 0.866563 0.065417 0.059375 0.105833
0 0.936875 0.024167 0.061250 0.048333
0 0.772188 0.090000 0.139375 0.180000
0 0.653438 0.016250 0.055625 0.032500
0 0.550000 0.030000 0.057500 0.060000
0 0.491250 0.035833 0.055000 0.071667
0 0.443750 0.030000 0.051250 0.060000
0 0.389688 0.055417 0.056875 0.110833
0 0.322500 0.036667 0.060000 0.073333
0 0.261875 0.027917 0.060000 0.055833
0 0.065312 0.055417 0.063125 0.110833