0 0.120625 0.976250 0.068750 0.047500
0 0.412813 0.972083 0.074375 0.055833
0 0.973125 0.947083 0.053750 0.102500
0 0.425938 0.919167 0.073125 0.086667
0 0.141875 0.907917 0.097500 0.092500
0 0.904062 0.905000 0.084375 0.106667
0 0.747188 0.896667 0.065625 0.093333
0 0.083437 0.866250 0.058125 0.075833
0 0.182500 0.865833 0.077500 0.080000
0 0.967500 0.853333 0.065000 0.090000
0 0.722500 0.851667 0.073750 0.093333
0 0.662813 0.850833 0.061875 0.091667
0 0.447813 0.843750 0.060625 0.085833
0 0.392500 0.824583 0.067500 0.094167
0 0.022187 0.795000 0.044375 0.081667
0 0.500625 0.797083 0.063750 0.089167
0 0.696562 0.769167 0.055625 0.085000
0 0.516875 0.730833 0.066250 0.080000
0 0.262813 0.736250 0.076875 0.094167
0 0.081875 0.731667 0.078750 0.093333
0 0.981250 0.697083 0.037500 0.090833
0 0.742812 0.667500 0.060625 0.086667
0 0.244062 0.653750 0.068125 0.077500
0 0.533750 0.656250 0.075000 0.090833
0 0.065000 0.649167 0.057500 0.078333
0 0.921875 0.620417 0.068750 0.087500
0 0.435000 0.619167 0.073750 0.100000
0 0.185000 0.599583 0.066250 0.082500
0 0.359687 0.576667 0.058125 0.066667
0 0.760938 0.582083 0.061875 0.092500
0 0.245000 0.575417 0.061250 0.084167
0 0.498750 0.567083 0.062500 0.085833
0 0.464375 0.541250 0.082500 0.077500
0 0.625000 0.526667 0.067500 0.095000
0 0.805625 0.508750 0.061250 0.070833
0 0.180000 0.519583 0.110000 0.097500
0 0.879687 0.533333 0.099375 0.138333
0 0.258750 0.497500 0.062500 0.075000
0 0.693750 0.510417 0.072500 0.114167
0 0.344062 0.494583 0.068125 0.102500
0 0.045312 0.504583 0.090625 0.142500
0 0.432188 0.467917 0.066875 0.079167
0 0.832812 0.455417 0.061875 0.079167
0 0.500000 0.449583 0.063750 0.092500
0 0.220938 0.440417 0.066875 0.077500
0 0.959375 0.441250 0.057500 0.084167
0 0.750938 0.414583 0.065625 0.082500
0 0.807813 0.397500 0.065625 0.106667
0 0.287813 0.381667 0.060625 0.088333
0 0.512188 0.372083 0.053125 0.075833
0 0.420938 0.372083 0.063125 0.095833
0 0.576875 0.383333 0.077500 0.125000
0 0.215000 0.367500 0.071250 0.100000
0 0.955625 0.355000 0.058750 0.083333
0 0.337813 0.369583 0.063125 0.132500
0 0.142500 0.304167 0.061250 0.085000
0 0.320937 0.264583 0.066875 0.080833
0 0.441250 0.259167 0.062500 0.091667
0 0.502188 0.235833 0.069375 0.083333
0 0.887813 0.240833 0.073125 0.096667
0 0.129688 0.227917 0.056875 0.079167
0 0.942187 0.226250 0.058125 0.097500
0 0.391250 0.200417 0.073750 0.114167
0 0.978750 0.180833 0.042500 0.078333
0 0.779062 0.176667 0.061875 0.076667
0 0.848125 0.178750 0.077500 0.090833
0 0.334375 0.165000 0.058750 0.088333
0 0.257812 0.156250 0.050625 0.074167
0 0.930312 0.150417 0.064375 0.087500
0 0.026875 0.101250 0.053750 0.090833
0 0.141875 0.090417 0.063750 0.082500
0 0.267188 0.090000 0.060625 0.085000
0 0.665937 0.085417 0.058125 0.079167
0 0.424375 0.087917 0.066250 0.097500
0 0.971250 0.089167 0.057500 0.110000
0 0.505938 0.081250 0.064375 0.094167
0 0.874687 0.070000 0.063125 0.075000
0 0.372188 0.096250 0.053125 0.127500
0 0.119688 0.055833 0.063125 0.080000
0 0.196563 0.053750 0.070625 0.104167
0 0.838437 0.027500 0.055625 0.055000
0 0.512188 0.020417 0.060625 0.040833
0 0.445937 0.042500 0.071875 0.085000
0 0.240313 0.020000 0.071875 0.040000
0 0.070938 0.021250 0.055625 0.042500
0 0.022500 0.023750 0.045000 0.047500