0 0.314063 0.977500 0.064375 0.045000
0 0.377188 0.967500 0.063125 0.065000
0 0.828438 0.962500 0.073125 0.075000
0 0.530625 0.955000 0.076250 0.090000
0 0.032188 0.953333 0.064375 0.093333
0 0.755000 0.946667 0.061250 0.105000
0 0.566875 0.920000 0.061250 0.075000
0 0.341250 0.886667 0.066250 0.080000
0 0.659687 0.869583 0.075625 0.069167
0 0.795625 0.837500 0.068750 0.103333
0 0.836250 0.792083 0.095000 0.074167
0 0.314375 0.785833 0.070000 0.088333
0 0.516875 0.785833 0.085000 0.095000
0 0.209375 0.773750 0.073750 0.107500
0 0.080312 0.755000 0.075625 0.093333
0 0.731875 0.742917 0.058750 0.077500
0 0.577187 0.726250 0.065625 0.084167
0 0.810312 0.707917 0.080625 0.079167
0 0.414375 0.692083 0.076250 0.070833
0 0.192188 0.705000 0.060625 0.118333
0 0.531563 0.704583 0.050625 0.127500
0 0.017812 0.680417 0.035625 0.084167
0 0.947187 0.669583 0.055625 0.077500
0 0.288125 0.658333 0.063750 0.090000
0 0.340938 0.623333 0.088125 0.110000
0 0.922500 0.597917 0.113750 0.085833
0 0.164687 0.596250 0.074375 0.082500
0 0.251563 0.592917 0.065625 0.085833
0 0.606875 0.589583 0.098750 0.090833
0 0.021250 0.585833 0.042500 0.100000
0 0.369063 0.555833 0.066875 0.080000
0 0.767188 0.552500 0.076875 0.085000
0 0.878750 0.530417 0.075000 0.060833
0 0.460938 0.551250 0.095625 0.109167
0 0.955937 0.507083 0.056875 0.072500
0 0.816562 0.512500 0.093125 0.096667
0 0.171563 0.501667 0.068125 0.078333
0 0.243438 0.494167 0.046875 0.075000
0 0.628750 0.465000 0.115000 0.140000
0 0.127812 0.428333 0.060625 0.066667
0 0.921250 0.418750 0.071250 0.090833
0 0.424687 0.416667 0.075625 0.101667
0 0.983125 0.375417 0.033750 0.087500
0 0.485625 0.344583 0.075000 0.082500
0 0.129375 0.332917 0.067500 0.084167
0 0.708750 0.295833 0.071250 0.093333
0 0.825625 0.258333 0.063750 0.086667
0 0.445625 0.251250 0.072500 0.085833
0 0.083125 0.239583 0.081250 0.100833
0 0.343125 0.192083 0.061250 0.089167
0 0.911563 0.196667 0.065625 0.103333
0 0.972187 0.185000 0.055625 0.095000
0 0.749687 0.178333 0.078125 0.105000
0 0.697812 0.152083 0.058125 0.074167
0 0.442188 0.144583 0.073125 0.084167
0 0.279062 0.119167 0.060625 0.081667
0 0.557187 0.105417 0.078125 0.080833
0 0.867812 0.102500 0.058125 0.090000
0 0.195625 0.085417 0.095000 0.115833
0 0.664062 0.050833 0.055625 0.066667
0 0.487812 0.078750 0.080625 0.122500
0 0.972812 0.035417 0.054375 0.070833
0 0.798438 0.023333 0.051875 0.046667
0 0.553438 0.021667 0.060625 0.043333
0 0.255937 0.020833 0.063125 0.041667