0 0.710938 0.972917 0.051875 0.054167
0 0.601250 0.972500 0.055000 0.055000
0 0.181250 0.970417 0.053750 0.059167
0 0.952500 0.969583 0.052500 0.060833
0 0.109375 0.968333 0.057500 0.063333
0 0.779062 0.967500 0.060625 0.065000
0 0.385000 0.967083 0.065000 0.065833
0 0.660000 0.940833 0.041250 0.053333
0 0.551562 0.945417 0.049375 0.065833
0 0.261250 0.951667 0.058750 0.086667
0 0.325313 0.936667 0.071875 0.086667
0 0.750000 0.922083 0.043750 0.070833
0 0.707812 0.918750 0.053125 0.079167
0 0.493437 0.923333 0.060625 0.095000
0 0.395625 0.900000 0.063750 0.075000
0 0.537188 0.892917 0.059375 0.069167
0 0.644375 0.884167 0.055000 0.068333
0 0.127500 0.891250 0.062500 0.082500
0 0.194688 0.880000 0.061875 0.078333
0 0.031875 0.874583 0.055000 0.075833
0 0.580000 0.871667 0.061250 0.083333
0 0.807813 0.850833 0.055625 0.073333
0 0.519062 0.839167 0.056875 0.065000
0 0.460938 0.860417 0.068125 0.119167
0 0.413125 0.836667 0.050000 0.073333
0 0.896250 0.832083 0.062500 0.090833
0 0.679063 0.824167 0.069375 0.081667
0 0.742188 0.820833 0.054375 0.078333
0 0.035625 0.803333 0.051250 0.066667
0 0.199687 0.797500 0.048125 0.075000
0 0.118750 0.785417 0.048750 0.067500
0 0.866875 0.755417 0.055000 0.072500
0 0.925312 0.754167 0.059375 0.076667
0 0.980000 0.756667 0.040000 0.088333
0 0.409687 0.751250 0.059375 0.085833
0 0.804063 0.747917 0.074375 0.099167
0 0.050625 0.734583 0.058750 0.072500
0 0.016250 0.700833 0.032500 0.076667
0 0.140625 0.686667 0.047500 0.055000
0 0.504375 0.690000 0.061250 0.068333
0 0.569688 0.696667 0.063125 0.083333
0 0.931562 0.687083 0.053125 0.067500
0 0.235937 0.690417 0.055625 0.075833
0 0.831250 0.680833 0.055000 0.063333
0 0.066250 0.674167 0.047500 0.063333
0 0.982812 0.660833 0.034375 0.093333
0 0.363750 0.638333 0.050000 0.065000
0 0.822187 0.623333 0.051875 0.060000
0 0.648750 0.630000 0.041250 0.075000
0 0.150625 0.625833 0.051250 0.071667
0 0.697187 0.618750 0.050625 0.072500
0 0.415000 0.612083 0.053750 0.074167
0 0.084375 0.607083 0.051250 0.070833
0 0.878750 0.594583 0.055000 0.060833
0 0.021250 0.598333 0.042500 0.075000
0 0.594375 0.601667 0.071250 0.088333
0 0.761250 0.592917 0.063750 0.089167
0 0.207500 0.593333 0.076250 0.100000
0 0.354063 0.571250 0.059375 0.085833
0 0.840625 0.558750 0.056250 0.072500
0 0.258125 0.552500 0.055000 0.075000
0 0.936875 0.545000 0.075000 0.080000
0 0.106875 0.536667 0.058750 0.070000
0 0.597187 0.519583 0.056875 0.062500
0 0.985625 0.504583 0.028750 0.054167
0 0.305625 0.518750 0.062500 0.084167
0 0.808750 0.528750 0.050000 0.120833
0 0.435312 0.497500 0.051875 0.081667
0 0.249062 0.477083 0.044375 0.059167
0 0.382500 0.472083 0.052500 0.074167
0 0.685625 0.456250 0.075000 0.052500
0 0.326250 0.452917 0.050000 0.072500
0 0.877188 0.472083 0.044375 0.130833
0 0.828125 0.435417 0.050000 0.060833
0 0.941562 0.447500 0.064375 0.108333
0 0.121563 0.425417 0.046875 0.067500
0 0.067500 0.441667 0.072500 0.110000
0 0.407187 0.422083 0.066875 0.085833
0 0.478750 0.422500 0.063750 0.095000
0 0.625938 0.408333 0.049375 0.080000
0 0.342187 0.394167 0.054375 0.061667
0 0.700000 0.385417 0.050000 0.077500
0 0.015000 0.370417 0.030000 0.094167
0 0.237500 0.350417 0.051250 0.062500
0 0.344687 0.326250 0.065625 0.077500
0 0.642813 0.318333 0.064375 0.078333
0 0.735313 0.322500 0.089375 0.105000
0 0.590000 0.302917 0.051250 0.072500
0 0.812813 0.297083 0.058125 0.082500
0 0.933750 0.293750 0.071250 0.090833
0 0.258125 0.270000 0.067500 0.070000
0 0.185938 0.276667 0.053125 0.101667
0 0.014063 0.271250 0.028125 0.090833
0 0.518750 0.260417 0.055000 0.082500
0 0.066875 0.254583 0.056250 0.080833
0 0.769687 0.255417 0.051875 0.084167
0 0.407813 0.223333 0.053125 0.076667
0 0.132188 0.214583 0.058125 0.072500
0 0.847500 0.214583 0.072500 0.097500
0 0.196875 0.179167 0.052500 0.065000
0 0.246875 0.172083 0.055000 0.072500
0 0.467500 0.175000 0.051250 0.086667
0 0.309375 0.173333 0.050000 0.083333
0 0.723125 0.149583 0.058750 0.062500
0 0.018125 0.155417 0.036250 0.092500
0 0.811250 0.146250 0.053750 0.085833
0 0.047500 0.135833 0.058750 0.093333
0 0.138750 0.119167 0.043750 0.063333
0 0.405625 0.132917 0.098750 0.107500
0 0.190625 0.112083 0.055000 0.072500
0 0.243125 0.105833 0.048750 0.070000
0 0.098437 0.105417 0.053125 0.094167
0 0.323750 0.094583 0.062500 0.077500
0 0.718125 0.087917 0.043750 0.069167
0 0.971250 0.089583 0.055000 0.077500
0 0.044062 0.071250 0.069375 0.060833
0 0.165313 0.067917 0.056875 0.067500
0 0.766875 0.071250 0.053750 0.087500
0 0.823125 0.058333 0.058750 0.078333
0 0.682813 0.051250 0.055625 0.072500
0 0.928750 0.019583 0.055000 0.039167
0 0.496250 0.033750 0.066250 0.067500
0 0.125625 0.032917 0.065000 0.065833
0 0.049063 0.024167 0.064375 0.048333