0 0.677813 0.972083 0.068125 0.055833
0 0.315937 0.964583 0.060625 0.070833
0 0.114687 0.949583 0.046875 0.074167
0 0.867812 0.935000 0.074375 0.096667
0 0.539062 0.919583 0.059375 0.100833
0 0.617812 0.905417 0.071875 0.087500
0 0.191250 0.902917 0.067500 0.092500
0 0.037187 0.891667 0.066875 0.073333
0 0.303750 0.787917 0.067500 0.087500
0 0.688438 0.782500 0.070625 0.095000
0 0.043125 0.773750 0.075000 0.097500
0 0.201875 0.769583 0.067500 0.092500
0 0.813750 0.741250 0.067500 0.089167
0 0.409375 0.727083 0.130000 0.145833
0 0.929688 0.695417 0.065625 0.089167
0 0.355625 0.670417 0.071250 0.092500
0 0.157812 0.657500 0.068125 0.090000
0 0.599063 0.643333 0.059375 0.075000
0 0.732500 0.652917 0.048750 0.095833
0 0.792813 0.637083 0.060625 0.084167
0 0.255312 0.601250 0.075625 0.092500
0 0.525000 0.572500 0.076250 0.108333
0 0.693125 0.548333 0.082500 0.105000
0 0.046250 0.517083 0.052500 0.075833
0 0.111562 0.480417 0.063125 0.082500
0 0.978125 0.411667 0.043750 0.066667
0 0.513125 0.389167 0.063750 0.076667
0 0.884687 0.379583 0.065625 0.079167
0 0.415000 0.365833 0.061250 0.078333
0 0.727187 0.359583 0.066875 0.080833
0 0.087813 0.365417 0.063125 0.100833
0 0.224688 0.351250 0.055625 0.089167
0 0.970000 0.326250 0.060000 0.082500
0 0.817500 0.319583 0.060000 0.082500
0 0.494063 0.321250 0.078125 0.094167
0 0.149375 0.293750 0.066250 0.092500
0 0.266875 0.274583 0.065000 0.087500
0 0.663438 0.269583 0.058125 0.079167
0 0.917188 0.272500 0.068125 0.086667
0 0.741250 0.282500 0.071250 0.115000
0 0.589063 0.247500 0.088125 0.120000
0 0.290938 0.199167 0.056875 0.073333
0 0.792813 0.208333 0.068125 0.093333
0 0.449062 0.190417 0.055625 0.074167
0 0.148438 0.184167 0.066875 0.095000
0 0.417187 0.160833 0.039375 0.061667
0 0.674063 0.171250 0.068125 0.087500
0 0.362500 0.159167 0.077500 0.095000
0 0.092188 0.146667 0.064375 0.073333
0 0.919375 0.146250 0.068750 0.094167
0 0.024375 0.142917 0.048750 0.120833
0 0.449062 0.114583 0.050625 0.070833
0 0.380000 0.098750 0.071250 0.069167
0 0.722812 0.103333 0.063125 0.085000
0 0.631563 0.091667 0.059375 0.076667
0 0.512500 0.094583 0.061250 0.085833
0 0.181562 0.090417 0.059375 0.082500
0 0.071875 0.075833 0.083750 0.081667
0 0.332500 0.053333 0.060000 0.091667
0 0.911563 0.039167 0.068125 0.078333
0 0.849063 0.040417 0.066875 0.080833
0 0.764375 0.034583 0.062500 0.069167
0 0.689688 0.022500 0.054375 0.045000