0 0.325000 0.980833 0.058750 0.038333
0 0.713750 0.974167 0.062500 0.051667
0 0.048125 0.964583 0.063750 0.070833
0 0.768125 0.957917 0.080000 0.084167
0 0.488125 0.914583 0.055000 0.072500
0 0.542500 0.906250 0.063750 0.085833
0 0.719375 0.892917 0.077500 0.084167
0 0.039688 0.889583 0.073125 0.092500
0 0.281250 0.900417 0.087500 0.115833
0 0.615938 0.886667 0.080625 0.106667
0 0.896250 0.872917 0.088750 0.099167
0 0.435937 0.850417 0.074375 0.090833
0 0.945000 0.844167 0.061250 0.080000
0 0.975625 0.840417 0.048750 0.090833
0 0.371563 0.829167 0.066875 0.093333
0 0.525937 0.820417 0.095625 0.085833
0 0.593125 0.806250 0.063750 0.082500
0 0.716250 0.806667 0.076250 0.090000
0 0.894062 0.785000 0.069375 0.088333
0 0.487187 0.784167 0.065625 0.091667
0 0.395625 0.752500 0.058750 0.076667
0 0.510938 0.738333 0.051875 0.066667
0 0.583125 0.738333 0.065000 0.071667
0 0.337187 0.740000 0.065625 0.095000
0 0.417500 0.720833 0.087500 0.081667
0 0.499688 0.677500 0.066875 0.071667
0 0.292812 0.672917 0.094375 0.094167
0 0.216250 0.644583 0.098750 0.085833
0 0.448125 0.645833 0.065000 0.095000
0 0.513437 0.621667 0.058125 0.091667
0 0.570000 0.642500 0.072500 0.135000
0 0.623437 0.568333 0.059375 0.061667
0 0.809688 0.588333 0.096875 0.126667
0 0.687187 0.570417 0.066875 0.100833
0 0.212188 0.564583 0.075625 0.092500
0 0.542813 0.537917 0.064375 0.087500
0 0.468438 0.542917 0.098125 0.110833
0 0.741250 0.510417 0.073750 0.099167
0 0.610313 0.502500 0.090625 0.106667
0 0.905937 0.506667 0.084375 0.118333
0 0.035937 0.480000 0.068125 0.088333
0 0.679063 0.478750 0.073125 0.094167
0 0.497188 0.468333 0.064375 0.101667
0 0.146563 0.463750 0.071875 0.092500
0 0.022500 0.441667 0.045000 0.090000
0 0.757500 0.415833 0.080000 0.100000
0 0.550625 0.411250 0.067500 0.095833
0 0.434063 0.381667 0.073125 0.096667
0 0.126250 0.374583 0.072500 0.097500
0 0.055313 0.357083 0.080625 0.140833
0 0.760000 0.315417 0.073750 0.102500
0 0.489375 0.292917 0.071250 0.090833
0 0.239687 0.268750 0.071875 0.087500
0 0.177187 0.279167 0.073125 0.141667
0 0.370312 0.200000 0.068125 0.093333
0 0.418438 0.200833 0.065625 0.100000
0 0.163438 0.207083 0.084375 0.127500
0 0.030937 0.190000 0.061875 0.113333
0 0.266562 0.184583 0.085625 0.130833
0 0.223438 0.141250 0.060625 0.094167
0 0.462813 0.144167 0.071875 0.101667
0 0.057813 0.102500 0.065625 0.075000
0 0.643437 0.106667 0.073125 0.091667
0 0.329688 0.103333 0.083125 0.121667
0 0.453437 0.073750 0.088125 0.092500
0 0.022187 0.040417 0.044375 0.079167
0 0.980000 0.035417 0.040000 0.070833
0 0.680312 0.055833 0.080625 0.111667
0 0.618437 0.031667 0.068125 0.063333
0 0.332813 0.022917 0.059375 0.045833
0 0.182812 0.037500 0.090625 0.075000