0 0.630000 0.972083 0.061250 0.055833
0 0.166563 0.970833 0.065625 0.058333
0 0.803750 0.963750 0.071250 0.072500
0 0.975625 0.960833 0.048750 0.078333
0 0.318125 0.958333 0.076250 0.083333
0 0.382188 0.936250 0.050625 0.102500
0 0.670312 0.892083 0.073125 0.090833
0 0.750625 0.892917 0.073750 0.097500
0 0.272188 0.878333 0.076875 0.090000
0 0.351875 0.855417 0.058750 0.077500
0 0.183438 0.858750 0.079375 0.087500
0 0.969063 0.845417 0.061875 0.097500
0 0.472500 0.850833 0.093750 0.140000
0 0.411562 0.819167 0.066875 0.088333
0 0.564063 0.807500 0.111875 0.113333
0 0.152812 0.767083 0.075625 0.079167
0 0.625938 0.734583 0.064375 0.059167
0 0.669375 0.775000 0.140000 0.143333
0 0.537813 0.735000 0.095625 0.073333
0 0.825000 0.717917 0.070000 0.085833
0 0.718437 0.698333 0.070625 0.088333
0 0.487500 0.697500 0.070000 0.088333
0 0.176563 0.690833 0.063125 0.078333
0 0.243750 0.679583 0.066250 0.099167
0 0.370000 0.688333 0.058750 0.143333
0 0.305000 0.668750 0.062500 0.107500
0 0.414375 0.638333 0.075000 0.088333
0 0.783125 0.644583 0.072500 0.112500
0 0.899062 0.605000 0.068125 0.085000
0 0.477187 0.600833 0.074375 0.095000
0 0.732187 0.605000 0.091875 0.121667
0 0.198125 0.586667 0.070000 0.093333
0 0.369375 0.551667 0.108750 0.125000
0 0.280625 0.537917 0.076250 0.110833
0 0.697812 0.531667 0.074375 0.103333
0 0.022500 0.515417 0.045000 0.092500
0 0.628437 0.509583 0.064375 0.085833
0 0.459062 0.500000 0.073125 0.091667
0 0.237187 0.488333 0.069375 0.083333
0 0.820000 0.488333 0.066250 0.095000
0 0.548750 0.495417 0.065000 0.117500
0 0.385313 0.470417 0.070625 0.084167
0 0.134687 0.457917 0.063125 0.080833
0 0.191250 0.448333 0.060000 0.125000
0 0.470313 0.425417 0.099375 0.085833
0 0.029375 0.408750 0.058750 0.094167
0 0.155000 0.380833 0.077500 0.075000
0 0.374688 0.383750 0.069375 0.095833
0 0.235000 0.386250 0.077500 0.112500
0 0.949063 0.360000 0.083125 0.081667
0 0.513437 0.336667 0.068125 0.093333
0 0.255937 0.322083 0.096875 0.069167
0 0.095312 0.337083 0.068125 0.120833
0 0.383125 0.281250 0.087500 0.089167
0 0.800625 0.282500 0.053750 0.106667
0 0.038437 0.260417 0.068125 0.094167
0 0.255625 0.238750 0.076250 0.097500
0 0.939375 0.232917 0.077500 0.095833
0 0.188750 0.229167 0.063750 0.088333
0 0.762188 0.210833 0.063125 0.131667
0 0.299687 0.195000 0.075625 0.100000
0 0.633437 0.192917 0.063125 0.097500
0 0.548438 0.170000 0.066875 0.090000
0 0.872188 0.153750 0.091875 0.084167
0 0.687500 0.152083 0.068750 0.090833
0 0.220312 0.145417 0.081875 0.090833
0 0.883125 0.100833 0.087500 0.093333
0 0.320312 0.087917 0.078125 0.090833
0 0.914375 0.075000 0.127500 0.113333
0 0.941250 0.045833 0.082500 0.091667
0 0.469375 0.031250 0.081250 0.062500
0 0.375625 0.037917 0.081250 0.075833
0 0.097187 0.027917 0.060625 0.055833