0 0.963437 0.976667 0.056875 0.046667
0 0.678125 0.974583 0.056250 0.050833
0 0.194688 0.972500 0.054375 0.055000
0 0.766563 0.971667 0.065625 0.056667
0 0.260937 0.970000 0.055625 0.060000
0 0.014687 0.969167 0.029375 0.061667
0 0.074688 0.965833 0.063125 0.068333
0 0.433125 0.951250 0.055000 0.082500
0 0.340625 0.939583 0.066250 0.067500
0 0.141563 0.928750 0.056875 0.067500
0 0.743125 0.930000 0.066250 0.076667
0 0.937813 0.916667 0.074375 0.075000
0 0.626563 0.914167 0.064375 0.075000
0 0.491563 0.910000 0.071875 0.088333
0 0.404375 0.892083 0.061250 0.077500
0 0.029375 0.889167 0.058750 0.076667
0 0.250312 0.902500 0.091875 0.105000
0 0.088438 0.881250 0.054375 0.062500
0 0.679063 0.883333 0.061875 0.088333
0 0.836562 0.897917 0.100625 0.142500
0 0.184688 0.854167 0.069375 0.075000
0 0.323437 0.849583 0.066875 0.080833
0 0.140937 0.838750 0.056875 0.080833
0 0.558750 0.843333 0.055000 0.091667
0 0.965000 0.830833 0.066250 0.075000
0 0.620313 0.810000 0.064375 0.086667
0 0.869687 0.803750 0.061875 0.079167
0 0.495312 0.805417 0.069375 0.102500
0 0.949688 0.775417 0.068125 0.065833
0 0.573750 0.770833 0.053750 0.065000
0 0.056250 0.788333 0.077500 0.106667
0 0.839688 0.759583 0.071875 0.075833
0 0.191562 0.752083 0.064375 0.080833
0 0.376563 0.744167 0.056875 0.078333
0 0.686562 0.753333 0.064375 0.125000
0 0.592187 0.720833 0.056875 0.083333
0 0.176875 0.708333 0.058750 0.066667
0 0.024375 0.719167 0.045000 0.091667
0 0.327813 0.687083 0.056875 0.069167
0 0.897500 0.693750 0.058750 0.089167
0 0.073438 0.683333 0.055625 0.076667
0 0.512188 0.691667 0.081875 0.095000
0 0.811250 0.674583 0.063750 0.070833
0 0.736875 0.670833 0.058750 0.073333
0 0.281250 0.672917 0.061250 0.077500
0 0.416875 0.650833 0.055000 0.088333
0 0.377500 0.614167 0.052500 0.081667
0 0.950313 0.610833 0.061875 0.081667
0 0.539062 0.606250 0.056875 0.075833
0 0.467813 0.602917 0.063125 0.074167
0 0.236875 0.605000 0.058750 0.078333
0 0.815625 0.591667 0.066250 0.061667
0 0.063437 0.583333 0.055625 0.076667
0 0.144063 0.586667 0.065625 0.086667
0 0.655312 0.548750 0.060625 0.084167
0 0.427500 0.539583 0.058750 0.075833
0 0.020000 0.536250 0.040000 0.080833
0 0.208437 0.515000 0.060625 0.080000
0 0.967812 0.509583 0.053125 0.074167
0 0.748437 0.507917 0.061875 0.090833
0 0.140000 0.493333 0.057500 0.076667
0 0.276250 0.497083 0.056250 0.089167
0 0.587812 0.488750 0.065625 0.077500
0 0.366875 0.479583 0.057500 0.072500
0 0.946875 0.465000 0.051250 0.078333
0 0.440937 0.453750 0.064375 0.070833
0 0.603437 0.445417 0.068125 0.077500
0 0.852500 0.447083 0.067500 0.089167
0 0.035312 0.441250 0.070625 0.112500
0 0.512500 0.417083 0.062500 0.079167
0 0.110625 0.406667 0.058750 0.086667
0 0.226562 0.400833 0.053125 0.083333
0 0.280625 0.393333 0.057500 0.071667
0 0.343125 0.387917 0.065000 0.080833
0 0.829688 0.377917 0.065625 0.084167
0 0.653438 0.374167 0.064375 0.091667
0 0.571562 0.364583 0.056875 0.082500
0 0.442188 0.359167 0.054375 0.086667
0 0.723750 0.347917 0.056250 0.074167
0 0.938125 0.351250 0.082500 0.099167
0 0.012500 0.342500 0.025000 0.105000
0 0.058750 0.313750 0.052500 0.080833
0 0.645312 0.305000 0.073125 0.065000
0 0.917188 0.299583 0.066875 0.070833
0 0.287187 0.308750 0.069375 0.092500
0 0.785312 0.299583 0.059375 0.077500
0 0.177187 0.288333 0.058125 0.078333
0 0.366563 0.288750 0.068125 0.099167
0 0.127188 0.278750 0.056875 0.080833
0 0.547500 0.270000 0.057500 0.068333
0 0.480000 0.275417 0.056250 0.084167
0 0.436563 0.266667 0.036875 0.068333
0 0.858125 0.253750 0.053750 0.074167
0 0.740313 0.253750 0.060625 0.077500
0 0.107188 0.248333 0.058125 0.078333
0 0.279687 0.235833 0.054375 0.075000
0 0.504687 0.232500 0.064375 0.076667
0 0.239687 0.239167 0.053125 0.098333
0 0.205937 0.223750 0.053125 0.075833
0 0.926250 0.216667 0.050000 0.086667
0 0.045312 0.210833 0.059375 0.081667
0 0.401562 0.205417 0.050625 0.079167
0 0.583750 0.193750 0.060000 0.077500
0 0.330937 0.193750 0.056875 0.079167
0 0.493125 0.191667 0.060000 0.076667
0 0.186562 0.168333 0.058125 0.076667
0 0.650625 0.188333 0.072500 0.120000
0 0.049063 0.157500 0.060625 0.068333
0 0.870938 0.137500 0.051875 0.081667
0 0.118125 0.136250 0.060000 0.084167
0 0.569063 0.134583 0.059375 0.082500
0 0.941562 0.119583 0.061875 0.072500
0 0.349687 0.115000 0.059375 0.093333
0 0.410313 0.108333 0.055625 0.081667
0 0.484375 0.101667 0.067500 0.075000
0 0.246562 0.116250 0.076875 0.122500
0 0.710938 0.085833 0.070625 0.098333
0 0.564063 0.065417 0.055625 0.077500
0 0.634375 0.067500 0.062500 0.083333
0 0.045000 0.068750 0.062500 0.089167
0 0.172813 0.037917 0.066875 0.065833
0 0.840313 0.041250 0.065625 0.074167
0 0.756563 0.027500 0.051875 0.055000
0 0.293438 0.040417 0.055625 0.080833