0 0.192188 0.983750 0.041875 0.032500
0 0.358125 0.982917 0.062500 0.034167
0 0.500938 0.981667 0.064375 0.036667
0 0.685000 0.976667 0.068750 0.046667
0 0.905625 0.975417 0.047500 0.049167
0 0.234375 0.973333 0.043750 0.053333
0 0.025937 0.963750 0.051875 0.072500
0 0.446562 0.959167 0.056875 0.078333
0 0.860313 0.952917 0.046875 0.094167
0 0.186562 0.931667 0.046875 0.068333
0 0.608437 0.924583 0.050625 0.077500
0 0.818125 0.926667 0.060000 0.091667
0 0.134375 0.907083 0.061250 0.067500
0 0.240313 0.903750 0.053125 0.080833
0 0.698750 0.900833 0.056250 0.076667
0 0.746250 0.916667 0.081250 0.111667
0 0.652813 0.898750 0.056875 0.092500
0 0.417500 0.893750 0.068750 0.090833
0 0.550312 0.890417 0.076875 0.089167
0 0.981563 0.870833 0.036875 0.060000
0 0.049375 0.879583 0.057500 0.077500
0 0.145937 0.849583 0.063125 0.060833
0 0.460313 0.852083 0.060625 0.080833
0 0.900000 0.839167 0.062500 0.086667
0 0.533750 0.832500 0.065000 0.078333
0 0.085938 0.824167 0.051875 0.073333
0 0.682500 0.821250 0.053750 0.069167
0 0.266250 0.814167 0.056250 0.086667
0 0.627500 0.805000 0.056250 0.091667
0 0.945000 0.792500 0.061250 0.080000
0 0.814375 0.772500 0.050000 0.073333
0 0.132812 0.775000 0.081875 0.081667
0 0.988125 0.757083 0.023750 0.065833
0 0.205313 0.773333 0.060625 0.111667
0 0.652813 0.743333 0.058125 0.066667
0 0.758750 0.745000 0.061250 0.085000
0 0.323125 0.731667 0.057500 0.078333
0 0.905312 0.727083 0.054375 0.072500
0 0.855625 0.735417 0.047500 0.090833
0 0.395313 0.714167 0.058125 0.076667
0 0.170313 0.690833 0.051875 0.075000
0 0.275313 0.680000 0.048125 0.061667
0 0.220625 0.679167 0.051250 0.063333
0 0.637500 0.685000 0.057500 0.081667
0 0.736875 0.654167 0.052500 0.063333
0 0.798438 0.652083 0.075625 0.077500
0 0.575000 0.657917 0.066250 0.089167
0 0.030000 0.642083 0.060000 0.075833
0 0.396875 0.627500 0.047500 0.081667
0 0.337813 0.637083 0.096875 0.107500
0 0.509375 0.619167 0.065000 0.073333
0 0.259062 0.617500 0.066875 0.076667
0 0.185000 0.605833 0.068750 0.086667
0 0.119375 0.605000 0.057500 0.088333
0 0.049375 0.599583 0.068750 0.087500
0 0.452500 0.578750 0.071250 0.064167
0 0.948125 0.590000 0.087500 0.118333
0 0.562500 0.570000 0.063750 0.078333
0 0.775000 0.561667 0.056250 0.071667
0 0.278750 0.549167 0.043750 0.056667
0 0.984688 0.550000 0.030625 0.073333
0 0.223438 0.546667 0.058125 0.078333
0 0.831562 0.535417 0.055625 0.075833
0 0.442812 0.525417 0.065625 0.074167
0 0.874375 0.505833 0.052500 0.060000
0 0.678125 0.495000 0.042500 0.075000
0 0.034688 0.501250 0.069375 0.095833
0 0.756250 0.486667 0.051250 0.068333
0 0.255312 0.480000 0.050625 0.071667
0 0.420625 0.457083 0.047500 0.064167
0 0.972812 0.453333 0.054375 0.081667
0 0.198437 0.446250 0.070625 0.082500
0 0.484375 0.438333 0.057500 0.085000
0 0.551875 0.449167 0.097500 0.110000
0 0.255625 0.410000 0.047500 0.065000
0 0.694375 0.414167 0.075000 0.083333
0 0.882500 0.402500 0.046250 0.061667
0 0.121250 0.399583 0.065000 0.082500
0 0.813125 0.392500 0.060000 0.073333
0 0.516250 0.367917 0.041250 0.054167
0 0.180625 0.370000 0.062500 0.068333
0 0.746875 0.366667 0.057500 0.071667
0 0.593437 0.333333 0.060625 0.068333
0 0.215000 0.321667 0.051250 0.061667
0 0.815000 0.322500 0.048750 0.071667
0 0.500625 0.310417 0.052500 0.059167
0 0.118750 0.315833 0.048750 0.070000
0 0.764375 0.307917 0.057500 0.069167
0 0.978750 0.299167 0.042500 0.071667
0 0.848125 0.294583 0.058750 0.062500
0 0.634687 0.290000 0.046875 0.055000
0 0.363750 0.285833 0.053750 0.050000
0 0.169375 0.273333 0.057500 0.068333
0 0.946875 0.258333 0.037500 0.051667
0 0.881875 0.260000 0.052500 0.065000
0 0.227500 0.252500 0.053750 0.066667
0 0.801562 0.246667 0.048125 0.068333
0 0.992188 0.245000 0.015625 0.066667
0 0.749375 0.241667 0.047500 0.061667
0 0.605625 0.247917 0.055000 0.095833
0 0.538750 0.254167 0.081250 0.115000
0 0.182500 0.199167 0.053750 0.070000
0 0.261562 0.195833 0.055625 0.068333
0 0.926875 0.199583 0.058750 0.082500
0 0.573125 0.187917 0.050000 0.064167
0 0.313750 0.184167 0.041250 0.066667
0 0.783750 0.186250 0.060000 0.077500
0 0.688438 0.185417 0.071875 0.097500
0 0.037812 0.168750 0.075625 0.097500
0 0.739062 0.161667 0.064375 0.090000
0 0.658125 0.162083 0.068750 0.092500
0 0.961250 0.148333 0.046250 0.071667
0 0.359375 0.147083 0.057500 0.075833
0 0.111250 0.148333 0.068750 0.078333
0 0.599375 0.126250 0.055000 0.079167
0 0.055938 0.107083 0.068125 0.050833
0 0.895625 0.118333 0.075000 0.075000
0 0.165000 0.105417 0.048750 0.077500
0 0.705000 0.095417 0.086250 0.067500
0 0.637500 0.088333 0.046250 0.061667
0 0.985000 0.088750 0.030000 0.075833
0 0.218750 0.075833 0.051250 0.070000
0 0.871563 0.058750 0.065625 0.067500
0 0.054062 0.056250 0.063125 0.062500
0 0.342187 0.072500 0.084375 0.103333
0 0.565625 0.050833 0.057500 0.070000
0 0.010937 0.051667 0.021875 0.071667
0 0.810312 0.045000 0.065625 0.068333
0 0.397813 0.037500 0.055625 0.065000
0 0.499375 0.042500 0.065000 0.076667
0 0.972187 0.021250 0.055625 0.042500
0 0.682813 0.021250 0.048125 0.042500
0 0.621875 0.026667 0.072500 0.053333
0 0.167813 0.016250 0.055625 0.032500