0 0.582812 0.896667 0.071875 0.100000
0 0.351250 0.895000 0.070000 0.105000
0 0.164375 0.812500 0.071250 0.095000
0 0.644062 0.812500 0.066875 0.128333
0 0.132812 0.736250 0.079375 0.097500
0 0.234375 0.707083 0.058750 0.077500
0 0.770000 0.689583 0.107500 0.110833
0 0.660625 0.650833 0.068750 0.100000
0 0.390625 0.640000 0.072500 0.095000
0 0.295625 0.611667 0.071250 0.088333
0 0.838125 0.612083 0.073750 0.104167
0 0.527813 0.567917 0.083125 0.075833
0 0.137187 0.520000 0.074375 0.086667
0 0.020625 0.525417 0.041250 0.112500
0 0.930000 0.465417 0.063750 0.099167
0 0.362187 0.379167 0.080625 0.090000
0 0.295625 0.375833 0.076250 0.098333
0 0.869062 0.297500 0.069375 0.093333
0 0.023438 0.260833 0.046875 0.086667
0 0.557813 0.238750 0.074375 0.104167
0 0.818438 0.241250 0.074375 0.112500
0 0.701875 0.207083 0.107500 0.085833
0 0.965313 0.162083 0.069375 0.079167
0 0.787813 0.170000 0.063125 0.103333
0 0.683438 0.160000 0.084375 0.106667
0 0.185625 0.118750 0.073750 0.090833
0 0.686875 0.059583 0.073750 0.084167