0 0.643125 0.983333 0.052500 0.033333
0 0.699063 0.981250 0.056875 0.037500
0 0.263437 0.977500 0.049375 0.045000
0 0.771250 0.968333 0.058750 0.063333
0 0.084375 0.966250 0.150000 0.067500
0 0.414375 0.965000 0.083750 0.070000
0 0.569375 0.957500 0.095000 0.085000
0 0.893125 0.953333 0.073750 0.093333
0 0.027813 0.941667 0.055625 0.091667
0 0.967187 0.946667 0.065625 0.106667
0 0.210625 0.932083 0.057500 0.080833
0 0.669063 0.919583 0.053125 0.074167
0 0.709688 0.913750 0.056875 0.072500
0 0.817500 0.912917 0.078750 0.112500
0 0.890938 0.878750 0.059375 0.057500
0 0.390000 0.894583 0.067500 0.095833
0 0.104375 0.888333 0.063750 0.086667
0 0.454062 0.884583 0.075625 0.102500
0 0.298125 0.889167 0.082500 0.131667
0 0.613437 0.855417 0.060625 0.080833
0 0.770625 0.857083 0.061250 0.089167
0 0.243125 0.840000 0.057500 0.070000
0 0.708125 0.843333 0.070000 0.091667
0 0.831562 0.817917 0.056875 0.074167
0 0.032188 0.837917 0.064375 0.124167
0 0.541250 0.833750 0.090000 0.142500
0 0.087813 0.802917 0.056875 0.085833
0 0.177813 0.821667 0.080625 0.131667
0 0.959688 0.822917 0.075625 0.135833
0 0.460938 0.784167 0.056875 0.085000
0 0.904375 0.779583 0.062500 0.079167
0 0.642188 0.780000 0.064375 0.081667
0 0.744062 0.767083 0.060625 0.064167
0 0.515312 0.755833 0.061875 0.078333
0 0.195312 0.761667 0.106875 0.098333
0 0.694688 0.740000 0.061875 0.081667
0 0.332813 0.753750 0.069375 0.114167
0 0.826562 0.746250 0.094375 0.102500
0 0.982500 0.727917 0.035000 0.082500
0 0.110000 0.723333 0.048750 0.093333
0 0.031250 0.707500 0.062500 0.083333
0 0.456562 0.703333 0.061875 0.096667
0 0.576875 0.722917 0.077500 0.137500
0 0.272188 0.708750 0.060625 0.114167
0 0.895000 0.698333 0.086250 0.095000
0 0.396250 0.700417 0.073750 0.119167
0 0.739688 0.676667 0.055625 0.076667
0 0.191875 0.670833 0.073750 0.078333
0 0.343438 0.663750 0.058125 0.070833
0 0.640625 0.667083 0.073750 0.085833
0 0.143125 0.651667 0.061250 0.096667
0 0.066562 0.651667 0.068125 0.096667
0 0.799687 0.646250 0.065625 0.094167
0 0.693125 0.643333 0.065000 0.101667
0 0.526563 0.615000 0.069375 0.080000
0 0.866250 0.625833 0.063750 0.108333
0 0.595000 0.611667 0.090000 0.098333
0 0.263750 0.615417 0.103750 0.105833
0 0.957187 0.617500 0.085625 0.133333
0 0.363750 0.592917 0.066250 0.085833
0 0.443750 0.599583 0.100000 0.100833
0 0.205625 0.571250 0.061250 0.082500
0 0.754687 0.560417 0.070625 0.092500
0 0.144375 0.557917 0.048750 0.087500
0 0.082812 0.553750 0.056875 0.115833
0 0.023125 0.542083 0.046250 0.094167
0 0.513750 0.532917 0.062500 0.084167
0 0.688125 0.541250 0.072500 0.109167
0 0.583750 0.519583 0.065000 0.075833
0 0.424375 0.516250 0.061250 0.069167
0 0.939375 0.516667 0.060000 0.076667
0 0.360000 0.512917 0.058750 0.085833
0 0.849375 0.516250 0.088750 0.097500
0 0.763437 0.491250 0.073125 0.062500
0 0.635000 0.492917 0.052500 0.065833
0 0.284687 0.507083 0.070625 0.104167
0 0.550000 0.480000 0.073750 0.080000
0 0.470313 0.481250 0.061875 0.087500
0 0.185312 0.474167 0.073125 0.076667
0 0.400625 0.454583 0.050000 0.069167
0 0.122813 0.462083 0.061875 0.084167
0 0.070000 0.463333 0.052500 0.086667
0 0.980313 0.458750 0.039375 0.087500
0 0.880313 0.452500 0.070625 0.085000
0 0.503750 0.434583 0.060000 0.082500
0 0.734062 0.432917 0.074375 0.087500
0 0.200937 0.428333 0.060625 0.085000
0 0.438750 0.418333 0.048750 0.070000
0 0.625000 0.426250 0.083750 0.090833
0 0.096875 0.418750 0.058750 0.082500
0 0.022187 0.430000 0.044375 0.110000
0 0.815625 0.413333 0.061250 0.078333
0 0.945312 0.407500 0.060625 0.070000
0 0.324062 0.419167 0.068125 0.118333
0 0.567187 0.396250 0.059375 0.085833
0 0.151875 0.370833 0.046250 0.061667
0 0.250937 0.382917 0.051875 0.090833
0 0.686250 0.375000 0.056250 0.103333
0 0.543438 0.359167 0.060625 0.075000
0 0.395000 0.366250 0.065000 0.109167
0 0.035625 0.350833 0.066250 0.085000
0 0.758437 0.341667 0.061875 0.081667
0 0.344687 0.329583 0.058125 0.070833
0 0.477187 0.339583 0.060625 0.094167
0 0.931250 0.327917 0.068750 0.105833
0 0.865313 0.322500 0.050625 0.096667
0 0.650312 0.317500 0.050625 0.086667
0 0.275938 0.311667 0.068125 0.080000
0 0.903438 0.283750 0.070625 0.069167
0 0.798125 0.286250 0.060000 0.085833
0 0.722500 0.278750 0.060000 0.089167
0 0.978125 0.321250 0.043750 0.184167
0 0.163125 0.276250 0.082500 0.094167
0 0.476875 0.257917 0.060000 0.064167
0 0.032500 0.262500 0.065000 0.076667
0 0.562187 0.283333 0.101875 0.120000
0 0.819375 0.252083 0.053750 0.065833
0 0.417500 0.256250 0.056250 0.089167
0 0.097187 0.243333 0.059375 0.076667
0 0.323437 0.241667 0.094375 0.076667
0 0.370625 0.232917 0.058750 0.090833
0 0.540625 0.211667 0.062500 0.073333
0 0.650937 0.217500 0.064375 0.093333
0 0.920937 0.210833 0.110625 0.086667
0 0.449375 0.205833 0.095000 0.080000
0 0.216250 0.220417 0.083750 0.110833
0 0.596562 0.189167 0.060625 0.071667
0 0.730938 0.203750 0.054375 0.104167
0 0.302187 0.189583 0.061875 0.079167
0 0.142813 0.197083 0.060625 0.099167
0 0.019062 0.171667 0.038125 0.068333
0 0.092813 0.157500 0.063125 0.056667
0 0.969688 0.161250 0.060625 0.079167
0 0.666562 0.154167 0.066875 0.068333
0 0.766250 0.176250 0.066250 0.127500
0 0.483750 0.149167 0.070000 0.080000
0 0.374375 0.144583 0.063750 0.082500
0 0.253750 0.143750 0.071250 0.087500
0 0.192188 0.121250 0.049375 0.087500
0 0.822812 0.132500 0.070625 0.113333
0 0.430312 0.117083 0.070625 0.084167
0 0.621250 0.102500 0.050000 0.068333
0 0.577812 0.110417 0.055625 0.084167
0 0.144375 0.104583 0.056250 0.087500
0 0.708750 0.096250 0.073750 0.080833
0 0.283438 0.091250 0.054375 0.082500
0 0.892500 0.113333 0.065000 0.146667
0 0.962500 0.080000 0.075000 0.085000
0 0.077500 0.086250 0.071250 0.104167
0 0.240937 0.062917 0.091875 0.077500
0 0.330625 0.051250 0.057500 0.085833
0 0.793750 0.039167 0.057500 0.078333
0 0.694375 0.037917 0.062500 0.075833
0 0.626563 0.035000 0.058125 0.070000
0 0.553125 0.035000 0.081250 0.070000
0 0.475938 0.049583 0.088125 0.099167
0 0.402500 0.050833 0.071250 0.101667
0 0.176563 0.020000 0.060625 0.040000
0 0.127812 0.040833 0.061875 0.081667
0 0.024688 0.036667 0.049375 0.073333