0 0.829375 0.984167 0.055000 0.031667
0 0.632188 0.977500 0.061875 0.045000
0 0.387500 0.976250 0.066250 0.047500
0 0.487500 0.974583 0.121250 0.050833
0 0.192500 0.970000 0.063750 0.060000
0 0.129375 0.966667 0.046250 0.066667
0 0.672188 0.966250 0.045625 0.067500
0 0.297812 0.965417 0.068125 0.069167
0 0.070625 0.964583 0.060000 0.070833
0 0.707187 0.962917 0.036875 0.074167
0 0.890000 0.962083 0.058750 0.075833
0 0.812500 0.944167 0.063750 0.066667
0 0.584375 0.951250 0.051250 0.097500
0 0.469687 0.931667 0.058125 0.066667
0 0.071250 0.911667 0.073750 0.061667
0 0.357500 0.921667 0.057500 0.083333
0 0.022812 0.918333 0.045625 0.076667
0 0.877500 0.915000 0.056250 0.071667
0 0.218750 0.917083 0.062500 0.085833
0 0.982500 0.915833 0.035000 0.085000
0 0.418125 0.913750 0.062500 0.082500
0 0.628750 0.908333 0.067500 0.078333
0 0.271250 0.925417 0.060000 0.114167
0 0.933750 0.902917 0.057500 0.085833
0 0.527813 0.907083 0.061875 0.094167
0 0.792813 0.903333 0.080625 0.095000
0 0.706250 0.902917 0.086250 0.095833
0 0.143125 0.880833 0.072500 0.073333
0 0.183438 0.850417 0.069375 0.072500
0 0.839688 0.844583 0.064375 0.089167
0 0.583750 0.834167 0.056250 0.073333
0 0.330313 0.846667 0.089375 0.101667
0 0.476875 0.832500 0.058750 0.075000
0 0.401875 0.842917 0.092500 0.099167
0 0.116562 0.820833 0.056875 0.061667
0 0.894062 0.822917 0.081875 0.077500
0 0.050000 0.831667 0.070000 0.095000
0 0.633750 0.819583 0.062500 0.084167
0 0.261250 0.817083 0.081250 0.084167
0 0.695000 0.815833 0.075000 0.096667
0 0.961250 0.815000 0.077500 0.108333
0 0.539375 0.792500 0.051250 0.071667
0 0.431875 0.770417 0.075000 0.077500
0 0.363750 0.763333 0.055000 0.070000
0 0.090625 0.755417 0.086250 0.079167
0 0.607500 0.740833 0.098750 0.081667
0 0.685937 0.735417 0.053125 0.074167
0 0.262188 0.729167 0.063125 0.063333
0 0.182812 0.760417 0.115625 0.127500
0 0.025625 0.737083 0.051250 0.094167
0 0.492500 0.727500 0.063750 0.095000
0 0.841875 0.724583 0.077500 0.097500
0 0.965000 0.717500 0.070000 0.103333
0 0.767500 0.702500 0.057500 0.085000
0 0.327813 0.687917 0.086875 0.070833
0 0.260937 0.675417 0.051875 0.062500
0 0.192188 0.685000 0.064375 0.081667
0 0.420625 0.680833 0.073750 0.078333
0 0.536250 0.673333 0.066250 0.066667
0 0.583750 0.677500 0.080000 0.098333
0 0.657813 0.664583 0.055625 0.074167
0 0.921562 0.662917 0.069375 0.085833
0 0.018750 0.646667 0.037500 0.071667
0 0.122188 0.650833 0.079375 0.085000
0 0.046250 0.645417 0.056250 0.084167
0 0.521875 0.628333 0.053750 0.066667
0 0.292812 0.626250 0.056875 0.074167
0 0.847187 0.640833 0.074375 0.108333
0 0.727187 0.629583 0.069375 0.107500
0 0.638750 0.608750 0.073750 0.075833
0 0.786563 0.609167 0.061875 0.081667
0 0.205625 0.599167 0.046250 0.061667
0 0.967500 0.607500 0.065000 0.111667
0 0.468438 0.590833 0.060625 0.085000
0 0.540625 0.580833 0.056250 0.075000
0 0.340313 0.592500 0.060625 0.100000
0 0.885938 0.574167 0.086875 0.091667
0 0.647813 0.554167 0.061875 0.055000
0 0.594375 0.572500 0.063750 0.115000
0 0.266562 0.554167 0.066875 0.081667
0 0.383437 0.559167 0.075625 0.098333
0 0.108438 0.551667 0.116875 0.093333
0 0.744375 0.543333 0.116250 0.103333
0 0.440000 0.532917 0.056250 0.092500
0 0.052187 0.524167 0.055625 0.076667
0 0.543125 0.513333 0.058750 0.068333
0 0.497188 0.516667 0.058125 0.078333
0 0.181875 0.523333 0.068750 0.093333
0 0.911563 0.485000 0.099375 0.105000
0 0.250000 0.468750 0.058750 0.072500
0 0.099375 0.465833 0.046250 0.071667
0 0.773750 0.462500 0.052500 0.068333
0 0.641250 0.464167 0.068750 0.090000
0 0.315000 0.494167 0.068750 0.163333
0 0.816875 0.445417 0.068750 0.070833
0 0.454375 0.440000 0.056250 0.066667
0 0.710938 0.461250 0.078125 0.110833
0 0.501563 0.444583 0.054375 0.080833
0 0.964063 0.442083 0.068125 0.092500
0 0.613750 0.430417 0.053750 0.080833
0 0.156250 0.426667 0.062500 0.085000
0 0.234687 0.413333 0.083125 0.098333
0 0.033750 0.433333 0.067500 0.138333
0 0.688125 0.402917 0.065000 0.087500
0 0.901250 0.397917 0.083750 0.079167
0 0.547813 0.407083 0.058125 0.114167
0 0.755000 0.381250 0.061250 0.094167
0 0.336250 0.389167 0.065000 0.115000
0 0.128750 0.362500 0.050000 0.081667
0 0.969063 0.363750 0.061875 0.085833
0 0.821250 0.363750 0.076250 0.089167
0 0.410313 0.375417 0.083125 0.115833
0 0.236250 0.346250 0.068750 0.057500
0 0.078750 0.347500 0.050000 0.088333
0 0.289375 0.335833 0.088750 0.081667
0 0.575000 0.333333 0.061250 0.080000
0 0.385625 0.309167 0.067500 0.060000
0 0.497500 0.323333 0.062500 0.090000
0 0.025937 0.319583 0.051875 0.105833
0 0.869687 0.295000 0.069375 0.073333
0 0.174375 0.296667 0.068750 0.078333
0 0.691250 0.312500 0.086250 0.115000
0 0.780312 0.294167 0.060625 0.081667
0 0.446875 0.287500 0.065000 0.068333
0 0.616875 0.284583 0.052500 0.109167
0 0.314688 0.256667 0.051875 0.060000
0 0.102500 0.268750 0.078750 0.100833
0 0.381875 0.253333 0.056250 0.075000
0 0.012812 0.246250 0.025625 0.072500
0 0.778750 0.232917 0.055000 0.052500
0 0.232187 0.242500 0.056875 0.078333
0 0.671875 0.237500 0.066250 0.088333
0 0.969375 0.226667 0.061250 0.096667
0 0.170937 0.207500 0.096875 0.086667
0 0.605313 0.200000 0.064375 0.075000
0 0.831250 0.213750 0.063750 0.104167
0 0.308750 0.196667 0.050000 0.070000
0 0.496875 0.221250 0.080000 0.120833
0 0.756563 0.185417 0.079375 0.077500
0 0.899062 0.196667 0.076875 0.106667
0 0.078125 0.189167 0.078750 0.095000
0 0.436250 0.197083 0.062500 0.114167
0 0.566875 0.178333 0.066250 0.100000
0 0.024375 0.158333 0.048750 0.073333
0 0.654375 0.156250 0.077500 0.075833
0 0.241875 0.163750 0.055000 0.092500
0 0.380312 0.155417 0.079375 0.115833
0 0.461875 0.136250 0.060000 0.082500
0 0.968437 0.138750 0.063125 0.089167
0 0.810937 0.133333 0.065625 0.086667
0 0.133750 0.126667 0.067500 0.076667
0 0.898125 0.117083 0.053750 0.069167
0 0.213750 0.111250 0.063750 0.085833
0 0.333437 0.092500 0.084375 0.088333
0 0.867500 0.085000 0.055000 0.083333
0 0.770938 0.077083 0.063125 0.067500
0 0.058125 0.081250 0.058750 0.077500
0 0.691250 0.078750 0.058750 0.079167
0 0.612500 0.098333 0.111250 0.130000
0 0.519375 0.092500 0.061250 0.118333
0 0.013437 0.066250 0.026875 0.084167
0 0.940000 0.048333 0.092500 0.078333
0 0.445000 0.050000 0.056250 0.088333
0 0.272813 0.047917 0.075625 0.090833
0 0.897813 0.022917 0.058125 0.045833
0 0.829688 0.045833 0.083125 0.091667
0 0.750313 0.033333 0.056875 0.066667
0 0.593437 0.025417 0.111875 0.050833
0 0.492500 0.031250 0.057500 0.062500
0 0.389688 0.038333 0.069375 0.076667
0 0.187188 0.042500 0.095625 0.085000
0 0.120625 0.032917 0.061250 0.065833
0 0.043750 0.031250 0.087500 0.062500