0 0.361563 0.958333 0.074375 0.083333
0 0.560000 0.944583 0.091250 0.084167
0 0.155000 0.933333 0.068750 0.111667
0 0.233750 0.890000 0.068750 0.101667
0 0.578750 0.870833 0.081250 0.083333
0 0.090938 0.876667 0.071875 0.096667
0 0.291250 0.854583 0.082500 0.102500
0 0.832500 0.840417 0.078750 0.107500
0 0.927500 0.805833 0.071250 0.096667
0 0.318125 0.807500 0.092500 0.100000
0 0.611875 0.789583 0.072500 0.072500
0 0.490312 0.762083 0.069375 0.099167
0 0.583125 0.745833 0.067500 0.093333
0 0.172500 0.725833 0.068750 0.106667
0 0.299375 0.703333 0.080000 0.078333
0 0.945000 0.703333 0.068750 0.105000
0 0.805625 0.666250 0.076250 0.095833
0 0.688750 0.630417 0.077500 0.097500
0 0.306250 0.610417 0.083750 0.112500
0 0.614375 0.590000 0.066250 0.086667
0 0.984688 0.587500 0.030625 0.103333
0 0.466875 0.568750 0.073750 0.095833
0 0.965313 0.530833 0.068125 0.110000
0 0.895000 0.530000 0.066250 0.115000
0 0.373125 0.484167 0.072500 0.086667
0 0.093125 0.489167 0.070000 0.100000
0 0.016563 0.480833 0.033125 0.096667
0 0.488750 0.457083 0.061250 0.084167
0 0.785625 0.395000 0.062500 0.081667
0 0.286875 0.395833 0.065000 0.083333
0 0.380000 0.388333 0.066250 0.085000
0 0.117500 0.388333 0.071250 0.095000
0 0.980000 0.381667 0.040000 0.085000
0 0.911250 0.337083 0.073750 0.100833
0 0.487812 0.322917 0.065625 0.100833
0 0.708125 0.295833 0.067500 0.093333
0 0.543438 0.291250 0.078125 0.105833
0 0.895000 0.247917 0.080000 0.090833
0 0.682813 0.214167 0.054375 0.063333
0 0.106250 0.248750 0.103750 0.135833
0 0.220938 0.205000 0.064375 0.086667
0 0.530312 0.187917 0.079375 0.084167
0 0.405625 0.203333 0.085000 0.121667
0 0.871875 0.158333 0.087500 0.083333
0 0.586875 0.178333 0.092500 0.128333
0 0.249375 0.110000 0.063750 0.095000
0 0.441875 0.097500 0.062500 0.091667
0 0.783750 0.094167 0.073750 0.100000
0 0.658438 0.080833 0.069375 0.086667
0 0.026562 0.125000 0.053125 0.178333
0 0.351250 0.067917 0.068750 0.084167
0 0.576562 0.065833 0.079375 0.086667
0 0.865000 0.057917 0.086250 0.100833
0 0.620000 0.026667 0.076250 0.053333
0 0.490938 0.030000 0.071875 0.060000