0 0.338438 0.967917 0.070625 0.064167
0 0.763750 0.945833 0.076250 0.083333
0 0.893437 0.922917 0.075625 0.079167
0 0.420625 0.933333 0.072500 0.105000
0 0.265313 0.925417 0.096875 0.107500
0 0.112812 0.917500 0.070625 0.100000
0 0.759062 0.862917 0.076875 0.084167
0 0.966875 0.806250 0.066250 0.089167
0 0.029687 0.779583 0.059375 0.115833
0 0.350938 0.716667 0.073125 0.088333
0 0.921562 0.697500 0.066875 0.103333
0 0.613750 0.685833 0.067500 0.100000
0 0.849375 0.696250 0.080000 0.154167
0 0.771250 0.666250 0.072500 0.094167
0 0.450937 0.658333 0.074375 0.098333
0 0.657813 0.645417 0.075625 0.089167
0 0.300000 0.631667 0.075000 0.093333
0 0.913750 0.600417 0.071250 0.092500
0 0.971562 0.607500 0.056875 0.108333
0 0.725313 0.595000 0.066875 0.083333
0 0.481250 0.605417 0.066250 0.104167
0 0.034688 0.579583 0.069375 0.089167
0 0.196250 0.556667 0.066250 0.096667
0 0.558750 0.551250 0.072500 0.102500
0 0.813125 0.524583 0.057500 0.107500
0 0.432188 0.505417 0.074375 0.087500
0 0.087188 0.501667 0.066875 0.095000
0 0.498437 0.478750 0.061875 0.089167
0 0.855000 0.487500 0.066250 0.108333
0 0.348750 0.458333 0.073750 0.098333
0 0.139063 0.457500 0.060625 0.120000
0 0.573438 0.379167 0.065625 0.083333
0 0.432500 0.395833 0.087500 0.135000
0 0.236250 0.373333 0.072500 0.095000
0 0.505313 0.364583 0.065625 0.090833
0 0.101875 0.325000 0.066250 0.090000
0 0.686562 0.318333 0.078125 0.090000
0 0.615313 0.310000 0.064375 0.086667
0 0.204063 0.300417 0.069375 0.087500
0 0.973437 0.294583 0.053125 0.127500
0 0.673750 0.229583 0.067500 0.087500
0 0.194062 0.229167 0.094375 0.103333
0 0.603125 0.210417 0.062500 0.087500
0 0.065000 0.206250 0.068750 0.097500
0 0.736250 0.202083 0.066250 0.095833
0 0.332813 0.187500 0.066875 0.081667
0 0.442500 0.187083 0.072500 0.095833
0 0.014687 0.178333 0.029375 0.085000
0 0.934063 0.172500 0.064375 0.083333
0 0.092500 0.160417 0.068750 0.077500
0 0.510625 0.137083 0.070000 0.090833
0 0.697187 0.131250 0.066875 0.092500
0 0.798438 0.116250 0.069375 0.084167
0 0.220000 0.123750 0.096250 0.124167
0 0.640312 0.080417 0.070625 0.097500
0 0.450313 0.074167 0.073125 0.098333
0 0.292187 0.045417 0.071875 0.070833
0 0.093750 0.058333 0.072500 0.096667
0 0.578125 0.036667 0.068750 0.073333