0 0.305937 0.980000 0.070625 0.040000
0 0.459688 0.978750 0.068125 0.042500
0 0.503750 0.962500 0.063750 0.075000
0 0.367812 0.962083 0.061875 0.075833
0 0.662500 0.959167 0.066250 0.081667
0 0.960313 0.954167 0.079375 0.091667
0 0.430625 0.922917 0.075000 0.075833
0 0.231875 0.897500 0.100000 0.113333
0 0.458750 0.853750 0.072500 0.082500
0 0.907188 0.847500 0.068125 0.080000
0 0.672188 0.847083 0.083125 0.142500
0 0.036250 0.815000 0.072500 0.083333
0 0.634375 0.805000 0.065000 0.095000
0 0.232187 0.801250 0.048125 0.087500
0 0.757500 0.794167 0.057500 0.080000
0 0.814688 0.775833 0.076875 0.098333
0 0.712187 0.770833 0.068125 0.088333
0 0.359687 0.728333 0.071875 0.083333
0 0.196875 0.726250 0.066250 0.100833
0 0.429688 0.722500 0.065625 0.095000
0 0.669063 0.716250 0.060625 0.094167
0 0.940312 0.714167 0.066875 0.091667
0 0.613750 0.714583 0.053750 0.095833
0 0.255312 0.714167 0.066875 0.115000
0 0.132188 0.679167 0.065625 0.081667
0 0.677500 0.652917 0.055000 0.077500
0 0.198437 0.647500 0.066875 0.066667
0 0.038125 0.652500 0.058750 0.080000
0 0.411875 0.662917 0.076250 0.117500
0 0.972187 0.633333 0.055625 0.098333
0 0.750313 0.600000 0.038125 0.046667
0 0.363438 0.598333 0.065625 0.088333
0 0.698438 0.584583 0.066875 0.092500
0 0.317812 0.562500 0.060625 0.086667
0 0.416875 0.551250 0.063750 0.104167
0 0.260313 0.542917 0.068125 0.095833
0 0.382812 0.509167 0.081875 0.101667
0 0.221250 0.516250 0.073750 0.122500
0 0.280625 0.452917 0.075000 0.089167
0 0.800000 0.425417 0.066250 0.085833
0 0.286562 0.372917 0.070625 0.085833
0 0.891250 0.344583 0.072500 0.105833
0 0.022500 0.318750 0.045000 0.082500
0 0.352500 0.290417 0.057500 0.090833
0 0.055625 0.287500 0.065000 0.093333
0 0.838437 0.275000 0.085625 0.090000
0 0.961875 0.247917 0.066250 0.084167
0 0.489063 0.242083 0.075625 0.089167
0 0.260313 0.237917 0.070625 0.089167
0 0.565937 0.233750 0.061875 0.089167
0 0.422187 0.232083 0.064375 0.092500
0 0.195625 0.185000 0.061250 0.080000
0 0.367812 0.190833 0.063125 0.093333
0 0.260313 0.170000 0.071875 0.073333
0 0.861250 0.186250 0.103750 0.107500
0 0.470938 0.170417 0.080625 0.089167
0 0.076563 0.186667 0.078125 0.125000
0 0.312812 0.144583 0.064375 0.057500
0 0.126875 0.099583 0.065000 0.105833
0 0.295312 0.081250 0.100625 0.097500
0 0.665312 0.065833 0.073125 0.085000
0 0.208125 0.043750 0.071250 0.084167
0 0.849375 0.022917 0.075000 0.045833
0 0.794375 0.036667 0.065000 0.073333
0 0.598437 0.032500 0.061875 0.065000