0 0.494688 0.978750 0.059375 0.042500
0 0.934375 0.976250 0.077500 0.047500
0 0.690312 0.972500 0.091875 0.055000
0 0.436875 0.967917 0.056250 0.064167
0 0.148438 0.967500 0.068125 0.065000
0 0.633750 0.954583 0.066250 0.090833
0 0.102188 0.936250 0.068125 0.087500
0 0.045312 0.892500 0.063125 0.076667
0 0.668750 0.885833 0.075000 0.111667
0 0.397813 0.867500 0.061875 0.085000
0 0.015312 0.857917 0.030625 0.072500
0 0.070312 0.832917 0.066875 0.080833
0 0.911250 0.829167 0.071250 0.096667
0 0.342813 0.817917 0.078125 0.099167
0 0.034375 0.802083 0.061250 0.079167
0 0.616563 0.824583 0.103125 0.139167
0 0.125312 0.782500 0.074375 0.086667
0 0.273125 0.771667 0.070000 0.096667
0 0.872812 0.770833 0.071875 0.125000
0 0.378437 0.740000 0.059375 0.086667
0 0.215000 0.743333 0.062500 0.093333
0 0.916250 0.729583 0.062500 0.084167
0 0.513750 0.732083 0.071250 0.089167
0 0.057500 0.730000 0.070000 0.088333
0 0.328437 0.718750 0.065625 0.100833
0 0.770938 0.712917 0.073125 0.094167
0 0.660312 0.701667 0.065625 0.091667
0 0.448125 0.698750 0.075000 0.094167
0 0.141563 0.689167 0.071875 0.096667
0 0.583125 0.683333 0.076250 0.090000
0 0.979688 0.680833 0.040625 0.088333
0 0.225000 0.674583 0.077500 0.085833
0 0.029063 0.657083 0.058125 0.092500
0 0.188750 0.646667 0.067500 0.081667
0 0.891250 0.649583 0.078750 0.092500
0 0.096562 0.646667 0.069375 0.088333
0 0.498750 0.647083 0.062500 0.092500
0 0.822812 0.655000 0.073125 0.110000
0 0.753750 0.629583 0.117500 0.120833
0 0.606563 0.580833 0.080625 0.093333
0 0.969375 0.514167 0.061250 0.091667
0 0.528438 0.520833 0.103125 0.108333
0 0.901563 0.503333 0.066875 0.098333
0 0.442500 0.491250 0.075000 0.100833
0 0.262188 0.506667 0.084375 0.135000
0 0.801875 0.480000 0.066250 0.088333
0 0.080625 0.447500 0.095000 0.116667
0 0.503125 0.424583 0.067500 0.095833
0 0.821562 0.397917 0.095625 0.110833
0 0.016875 0.337917 0.033750 0.094167
0 0.758125 0.302500 0.068750 0.090000
0 0.338125 0.275833 0.070000 0.095000
0 0.470938 0.285000 0.088125 0.145000
0 0.734375 0.251250 0.110000 0.090833
0 0.655625 0.236667 0.066250 0.081667
0 0.122188 0.230000 0.086875 0.123333
0 0.226875 0.190833 0.077500 0.085000
0 0.031250 0.169583 0.062500 0.095833
0 0.889687 0.151667 0.066875 0.088333
0 0.750625 0.107083 0.060000 0.082500
0 0.266250 0.106667 0.065000 0.103333
0 0.138750 0.112083 0.065000 0.124167
0 0.838437 0.100417 0.078125 0.102500
0 0.790625 0.071667 0.075000 0.086667
0 0.666562 0.050000 0.054375 0.088333
0 0.893125 0.047917 0.075000 0.095833
0 0.710000 0.038750 0.068750 0.077500
0 0.619687 0.042917 0.059375 0.085833
0 0.557813 0.046250 0.069375 0.092500
0 0.373750 0.036667 0.060000 0.073333
0 0.114375 0.037917 0.072500 0.075833