0 0.548750 0.981667 0.055000 0.036667
0 0.691562 0.977917 0.058125 0.044167
0 0.406875 0.967500 0.062500 0.065000
0 0.295000 0.954167 0.050000 0.070000
0 0.245625 0.951667 0.060000 0.076667
0 0.089375 0.953750 0.131250 0.092500
0 0.012500 0.923750 0.025000 0.057500
0 0.506563 0.930000 0.063125 0.075000
0 0.564688 0.917500 0.048125 0.090000
0 0.683125 0.912500 0.051250 0.085000
0 0.973125 0.907500 0.053750 0.081667
0 0.492188 0.892917 0.065625 0.072500
0 0.754375 0.908333 0.082500 0.125000
0 0.344375 0.896250 0.062500 0.110833
0 0.380625 0.832917 0.062500 0.072500
0 0.531563 0.831250 0.055625 0.074167
0 0.830937 0.831667 0.066875 0.080000
0 0.107500 0.825833 0.052500 0.075000
0 0.588750 0.820833 0.057500 0.078333
0 0.188750 0.801667 0.048750 0.063333
0 0.946562 0.794167 0.043125 0.058333
0 0.760000 0.784583 0.067500 0.090833
0 0.036250 0.785417 0.072500 0.100833
0 0.070000 0.764583 0.046250 0.070833
0 0.646250 0.760417 0.080000 0.077500
0 0.549687 0.754583 0.045625 0.069167
0 0.389375 0.750833 0.062500 0.073333
0 0.315000 0.742917 0.055000 0.072500
0 0.165313 0.739167 0.071875 0.070000
0 0.108438 0.726250 0.059375 0.072500
0 0.921875 0.729167 0.067500 0.085000
0 0.248750 0.710833 0.053750 0.070000
0 0.437188 0.706250 0.053125 0.069167
0 0.493125 0.698333 0.056250 0.075000
0 0.880000 0.697500 0.066250 0.076667
0 0.024375 0.686250 0.048750 0.064167
0 0.662500 0.685833 0.056250 0.075000
0 0.074375 0.686667 0.048750 0.085000
0 0.558438 0.674167 0.084375 0.110000
0 0.934063 0.652500 0.045625 0.071667
0 0.432500 0.644583 0.052500 0.065833
0 0.267500 0.621667 0.047500 0.061667
0 0.640000 0.610417 0.061250 0.075833
0 0.969063 0.594167 0.055625 0.080000
0 0.504062 0.580000 0.053125 0.070000
0 0.906250 0.585000 0.073750 0.100000
0 0.256563 0.545417 0.061875 0.085833
0 0.075625 0.538333 0.058750 0.085000
0 0.421875 0.526250 0.046250 0.064167
0 0.688438 0.525417 0.066875 0.092500
0 0.380937 0.518333 0.059375 0.078333
0 0.023125 0.514167 0.046250 0.076667
0 0.457188 0.507917 0.054375 0.065833
0 0.753437 0.504167 0.055625 0.065000
0 0.979375 0.505833 0.041250 0.083333
0 0.549375 0.495000 0.048750 0.078333
0 0.921562 0.494583 0.065625 0.085833
0 0.502812 0.490000 0.055625 0.078333
0 0.850938 0.478750 0.044375 0.060833
0 0.318750 0.484583 0.060000 0.074167
0 0.596250 0.470833 0.050000 0.061667
0 0.784687 0.453333 0.053125 0.066667
0 0.274687 0.451667 0.045625 0.075000
0 0.092500 0.450000 0.062500 0.076667
0 0.644375 0.441667 0.078750 0.086667
0 0.205313 0.437500 0.054375 0.078333
0 0.141875 0.425000 0.062500 0.071667
0 0.967812 0.424583 0.064375 0.075833
0 0.563438 0.408750 0.061875 0.080833
0 0.339687 0.418750 0.104375 0.135833
0 0.983750 0.367500 0.032500 0.063333
0 0.463750 0.361667 0.071250 0.065000
0 0.622812 0.365417 0.051875 0.074167
0 0.217500 0.356250 0.056250 0.067500
0 0.517500 0.347083 0.052500 0.070833
0 0.839375 0.328750 0.050000 0.065833
0 0.948438 0.338333 0.079375 0.086667
0 0.198125 0.311667 0.065000 0.085000
0 0.682187 0.300000 0.059375 0.070000
0 0.549687 0.292500 0.059375 0.086667
0 0.901250 0.277500 0.065000 0.081667
0 0.233125 0.253333 0.051250 0.065000
0 0.965313 0.255000 0.063125 0.073333
0 0.485000 0.261250 0.067500 0.085833
0 0.792188 0.249583 0.068125 0.082500
0 0.302187 0.230417 0.054375 0.072500
0 0.732500 0.220417 0.056250 0.070833
0 0.045312 0.222917 0.054375 0.090833
0 0.446562 0.210417 0.063125 0.077500
0 0.355312 0.202917 0.050625 0.069167
0 0.180625 0.192500 0.058750 0.080000
0 0.812187 0.212917 0.108125 0.127500
0 0.088125 0.177917 0.048750 0.067500
0 0.667500 0.182917 0.053750 0.090833
0 0.950000 0.167500 0.051250 0.071667
0 0.727812 0.145000 0.055625 0.068333
0 0.453125 0.148333 0.065000 0.081667
0 0.134375 0.135417 0.070000 0.074167
0 0.224688 0.118333 0.058125 0.068333
0 0.306250 0.113750 0.076250 0.109167
0 0.947812 0.086250 0.049375 0.055833
0 0.672500 0.089167 0.050000 0.061667
0 0.718437 0.085833 0.060625 0.075000
0 0.112812 0.078750 0.053125 0.072500
0 0.512813 0.062083 0.059375 0.070833
0 0.257812 0.077500 0.070625 0.105000
0 0.458750 0.048750 0.060000 0.077500
0 0.954375 0.017500 0.046250 0.035000
0 0.867812 0.032917 0.065625 0.065833
0 0.720938 0.028333 0.103125 0.056667
0 0.181875 0.030833 0.057500 0.061667
0 0.112187 0.020000 0.054375 0.040000
0 0.061875 0.033333 0.061250 0.066667