0 0.722500 0.969583 0.097500 0.060833
0 0.207813 0.963333 0.075625 0.073333
0 0.873750 0.955000 0.072500 0.090000
0 0.645000 0.927083 0.057500 0.094167
0 0.699375 0.902500 0.066250 0.098333
0 0.052187 0.891667 0.058125 0.090000
0 0.491875 0.885000 0.061250 0.086667
0 0.112500 0.888750 0.072500 0.094167
0 0.555625 0.878333 0.063750 0.086667
0 0.768125 0.857917 0.066250 0.085833
0 0.226875 0.841667 0.075000 0.100000
0 0.848125 0.805417 0.071250 0.070833
0 0.378125 0.805417 0.065000 0.085833
0 0.032813 0.793750 0.063125 0.095833
0 0.341875 0.764167 0.062500 0.083333
0 0.533750 0.752500 0.066250 0.080000
0 0.936250 0.706667 0.075000 0.080000
0 0.285938 0.712917 0.066875 0.099167
0 0.642813 0.699583 0.075625 0.089167
0 0.753437 0.675000 0.074375 0.093333
0 0.138437 0.639583 0.073125 0.092500
0 0.962500 0.619583 0.068750 0.092500
0 0.830000 0.616667 0.075000 0.098333
0 0.684375 0.611250 0.065000 0.089167
0 0.414375 0.610417 0.061250 0.090833
0 0.618125 0.608333 0.066250 0.093333
0 0.198125 0.619167 0.075000 0.120000
0 0.265937 0.568750 0.064375 0.080833
0 0.689063 0.530000 0.061875 0.080000
0 0.465313 0.516667 0.084375 0.078333
0 0.064062 0.517500 0.065625 0.083333
0 0.963125 0.519583 0.073750 0.092500
0 0.120000 0.475000 0.061250 0.081667
0 0.462500 0.458750 0.073750 0.084167
0 0.546250 0.441667 0.072500 0.095000
0 0.189688 0.438333 0.076875 0.090000
0 0.808438 0.423333 0.059375 0.100000
0 0.903125 0.399583 0.058750 0.085833
0 0.340313 0.390833 0.063125 0.090000
0 0.414062 0.393750 0.070625 0.100833
0 0.606563 0.381250 0.065625 0.092500
0 0.246875 0.352083 0.063750 0.085833
0 0.732187 0.355000 0.071875 0.096667
0 0.203437 0.346250 0.054375 0.085833
0 0.284375 0.322917 0.066250 0.085833
0 0.770938 0.309167 0.058125 0.090000
0 0.913125 0.306250 0.082500 0.094167
0 0.234375 0.272083 0.080000 0.070833
0 0.056250 0.300000 0.096250 0.126667
0 0.317812 0.282917 0.075625 0.095833
0 0.619062 0.265417 0.071875 0.094167
0 0.710938 0.240000 0.069375 0.085000
0 0.844063 0.232083 0.065625 0.080833
0 0.260313 0.212917 0.108125 0.105833
0 0.106563 0.153750 0.066875 0.055833
0 0.823125 0.172917 0.070000 0.095833
0 0.454688 0.126250 0.066875 0.089167
0 0.562187 0.069583 0.074375 0.089167
0 0.186875 0.070833 0.110000 0.116667
0 0.045312 0.042917 0.063125 0.080833
0 0.678750 0.030417 0.068750 0.060833
0 0.417500 0.041667 0.063750 0.083333
0 0.242188 0.032500 0.061875 0.065000