0 0.216562 0.979167 0.065625 0.041667
0 0.684375 0.975417 0.061250 0.049167
0 0.775000 0.933333 0.053750 0.085000
0 0.188750 0.919167 0.051250 0.073333
0 0.630313 0.916667 0.084375 0.095000
0 0.710625 0.890833 0.057500 0.070000
0 0.910312 0.894167 0.061875 0.086667
0 0.376875 0.891667 0.057500 0.081667
0 0.674375 0.864167 0.061250 0.086667
0 0.610000 0.828333 0.058750 0.075000
0 0.161250 0.827917 0.066250 0.075833
0 0.433125 0.826667 0.067500 0.085000
0 0.351250 0.748333 0.061250 0.085000
0 0.980625 0.742500 0.038750 0.083333
0 0.075625 0.740000 0.060000 0.090000
0 0.797813 0.733750 0.059375 0.084167
0 0.668438 0.720000 0.074375 0.063333
0 0.868125 0.712083 0.062500 0.079167
0 0.123438 0.710000 0.063125 0.086667
0 0.018437 0.706667 0.036875 0.088333
0 0.559688 0.748750 0.198125 0.230833
0 0.039688 0.669167 0.056875 0.080000
0 0.467500 0.658333 0.078750 0.065000
0 0.201563 0.655417 0.069375 0.079167
0 0.391250 0.646667 0.046250 0.065000
0 0.297500 0.645833 0.068750 0.086667
0 0.656250 0.609583 0.061250 0.059167
0 0.597187 0.611667 0.056875 0.071667
0 0.384688 0.577917 0.053125 0.062500
0 0.778438 0.585000 0.068125 0.085000
0 0.140625 0.562917 0.065000 0.080833
0 0.745625 0.552083 0.067500 0.072500
0 0.332500 0.550417 0.053750 0.075833
0 0.483750 0.522500 0.053750 0.073333
0 0.073438 0.513333 0.053125 0.066667
0 0.772813 0.497917 0.051875 0.079167
0 0.833438 0.473333 0.070625 0.091667
0 0.112187 0.467500 0.064375 0.083333
0 0.698438 0.467500 0.081875 0.110000
0 0.287500 0.447500 0.061250 0.090000
0 0.535625 0.439167 0.057500 0.076667
0 0.908125 0.422917 0.062500 0.082500
0 0.340938 0.399583 0.060625 0.085833
0 0.136250 0.390833 0.066250 0.071667
0 0.222812 0.379167 0.066875 0.083333
0 0.497500 0.367500 0.071250 0.083333
0 0.860938 0.356667 0.060625 0.068333
0 0.281875 0.333750 0.060000 0.077500
0 0.954063 0.324167 0.060625 0.080000
0 0.601875 0.322500 0.065000 0.083333
0 0.793125 0.307917 0.052500 0.080833
0 0.166250 0.302917 0.057500 0.079167
0 0.731875 0.293333 0.060000 0.075000
0 0.121563 0.285833 0.066875 0.076667
0 0.961875 0.245833 0.050000 0.066667
0 0.683125 0.245000 0.062500 0.078333
0 0.829375 0.238333 0.060000 0.078333
0 0.158750 0.225833 0.061250 0.073333
0 0.895938 0.211250 0.066875 0.079167
0 0.467500 0.189167 0.056250 0.080000
0 0.154062 0.156667 0.068125 0.081667
0 0.394375 0.135833 0.060000 0.076667
0 0.851250 0.126250 0.086250 0.110833
0 0.675312 0.095417 0.054375 0.072500
0 0.452500 0.095000 0.053750 0.075000
0 0.113125 0.091250 0.070000 0.090833
0 0.025000 0.083333 0.050000 0.083333
0 0.901250 0.017083 0.057500 0.034167
0 0.772188 0.032917 0.051875 0.065833
0 0.435312 0.027917 0.045625 0.055833