0 0.572500 0.970000 0.062500 0.060000
0 0.306250 0.964167 0.072500 0.071667
0 0.988750 0.941667 0.022500 0.080000
0 0.802813 0.940000 0.066875 0.093333
0 0.741250 0.934167 0.067500 0.081667
0 0.540625 0.904167 0.063750 0.078333
0 0.355000 0.903333 0.067500 0.086667
0 0.622500 0.882500 0.075000 0.101667
0 0.968125 0.845000 0.063750 0.090000
0 0.380625 0.840000 0.078750 0.093333
0 0.200000 0.822500 0.067500 0.085000
0 0.044375 0.817500 0.063750 0.085000
0 0.480625 0.812917 0.073750 0.087500
0 0.873437 0.807500 0.070625 0.090000
0 0.631250 0.788333 0.060000 0.076667
0 0.725000 0.767500 0.072500 0.088333
0 0.146250 0.760833 0.077500 0.091667
0 0.352500 0.745833 0.060000 0.078333
0 0.496875 0.741667 0.076250 0.085000
0 0.881563 0.703750 0.059375 0.089167
0 0.683750 0.676667 0.067500 0.096667
0 0.478125 0.667917 0.073750 0.079167
0 0.851250 0.674167 0.067500 0.105000
0 0.215000 0.661667 0.072500 0.083333
0 0.545000 0.645000 0.070000 0.083333
0 0.611875 0.634167 0.066250 0.071667
0 0.946875 0.613333 0.063750 0.086667
0 0.298125 0.605000 0.068750 0.096667
0 0.146875 0.572500 0.068750 0.095000
0 0.865625 0.566250 0.073750 0.084167
0 0.484375 0.569167 0.066250 0.111667
0 0.612500 0.532500 0.072500 0.091667
0 0.316250 0.518750 0.070000 0.090833
0 0.847500 0.492083 0.087500 0.084167
0 0.051250 0.485833 0.072500 0.085000
0 0.175000 0.480833 0.062500 0.085000
0 0.464375 0.463333 0.073750 0.086667
0 0.266875 0.460833 0.076250 0.095000
0 0.385625 0.450833 0.066250 0.085000
0 0.725625 0.441667 0.058750 0.080000
0 0.525625 0.440000 0.066250 0.086667
0 0.320625 0.394583 0.071250 0.080833
0 0.592500 0.371667 0.062500 0.083333
0 0.220000 0.370833 0.080000 0.088333
0 0.686250 0.362500 0.075000 0.088333
0 0.441250 0.366667 0.075000 0.100000
0 0.865625 0.355000 0.066250 0.083333
0 0.773125 0.345000 0.073750 0.086667
0 0.121875 0.327500 0.061250 0.085000
0 0.687500 0.303750 0.102500 0.117500
0 0.307500 0.290833 0.087500 0.121667
0 0.400625 0.239167 0.056250 0.075000
0 0.526875 0.217500 0.068750 0.085000
0 0.229375 0.214167 0.066250 0.081667
0 0.155000 0.205833 0.070000 0.088333
0 0.689375 0.167500 0.046250 0.061667
0 0.436563 0.138333 0.066875 0.086667
0 0.318750 0.135000 0.075000 0.093333
0 0.086250 0.137500 0.070000 0.098333
0 0.131875 0.099167 0.068750 0.068333
0 0.901563 0.107500 0.065625 0.088333
0 0.407500 0.104167 0.065000 0.088333
0 0.969375 0.089167 0.061250 0.081667
0 0.527500 0.056667 0.077500 0.080000
0 0.230625 0.047500 0.061250 0.085000
0 0.703750 0.020000 0.077500 0.040000
0 0.110000 0.018333 0.090000 0.036667