0 0.982812 0.968750 0.034375 0.062500
0 0.833750 0.927500 0.071250 0.103333
0 0.964688 0.900000 0.070625 0.088333
0 0.449062 0.875833 0.081875 0.100000
0 0.510000 0.842917 0.073750 0.089167
0 0.875625 0.799167 0.077500 0.100000
0 0.686875 0.776667 0.070000 0.098333
0 0.510000 0.756667 0.078750 0.085000
0 0.703750 0.707500 0.078750 0.096667
0 0.943750 0.695833 0.071250 0.103333
0 0.848750 0.668333 0.061250 0.088333
0 0.216875 0.662083 0.065000 0.097500
0 0.147500 0.657500 0.073750 0.103333
0 0.758125 0.651667 0.072500 0.105000
0 0.325625 0.638333 0.077500 0.101667
0 0.552500 0.590833 0.078750 0.090000
0 0.811250 0.583750 0.081250 0.104167
0 0.193125 0.572500 0.097500 0.090000
0 0.014687 0.565833 0.029375 0.096667
0 0.913125 0.549167 0.070000 0.083333
0 0.701250 0.518333 0.081250 0.085000
0 0.823750 0.491250 0.071250 0.087500
0 0.574375 0.469167 0.075000 0.100000
0 0.341875 0.435833 0.072500 0.106667
0 0.040938 0.415833 0.081875 0.086667
0 0.979062 0.415833 0.041875 0.103333
0 0.790000 0.409167 0.078750 0.093333
0 0.527500 0.406667 0.081250 0.098333
0 0.151875 0.398333 0.085000 0.095000
0 0.379375 0.355000 0.070000 0.095000
0 0.651250 0.336667 0.073750 0.098333
0 0.962187 0.247500 0.075625 0.096667
0 0.312188 0.246250 0.049375 0.099167
0 0.150625 0.236667 0.067500 0.098333
0 0.481250 0.234167 0.066250 0.096667
0 0.243750 0.246667 0.093750 0.121667
0 0.910625 0.185833 0.067500 0.096667
0 0.663750 0.155000 0.066250 0.091667
0 0.589375 0.149167 0.057500 0.080000
0 0.295000 0.155000 0.073750 0.091667
0 0.454375 0.155833 0.070000 0.096667
0 0.039375 0.104167 0.067500 0.090000
0 0.365625 0.104167 0.067500 0.100000
0 0.740625 0.059167 0.065000 0.083333
0 0.065625 0.023750 0.072500 0.047500