0 0.457188 0.967500 0.073125 0.065000
0 0.943750 0.959167 0.082500 0.081667
0 0.663750 0.938750 0.056250 0.082500
0 0.519375 0.906250 0.068750 0.090833
0 0.210000 0.897917 0.070000 0.085833
0 0.107188 0.837917 0.080625 0.087500
0 0.815937 0.808750 0.061875 0.090833
0 0.207187 0.803750 0.084375 0.090833
0 0.882812 0.804167 0.070625 0.095000
0 0.479063 0.764167 0.059375 0.083333
0 0.094375 0.738750 0.070000 0.092500
0 0.858125 0.710833 0.076250 0.081667
0 0.149688 0.681250 0.071875 0.085833
0 0.666875 0.681667 0.076250 0.106667
0 0.225625 0.668333 0.076250 0.115000
0 0.314688 0.652083 0.068125 0.087500
0 0.832812 0.634583 0.093125 0.114167
0 0.157812 0.583750 0.076875 0.080833
0 0.247812 0.572917 0.063125 0.095833
0 0.505313 0.542500 0.063125 0.091667
0 0.616250 0.475833 0.071250 0.098333
0 0.975000 0.445833 0.050000 0.090000
0 0.796875 0.425000 0.071250 0.095000
0 0.319063 0.364167 0.066875 0.085000
0 0.476250 0.339583 0.073750 0.100833
0 0.095625 0.304583 0.058750 0.085833
0 0.641875 0.302083 0.066250 0.090833
0 0.283125 0.295000 0.075000 0.090000
0 0.381563 0.282500 0.056875 0.076667
0 0.512188 0.268333 0.093125 0.081667
0 0.738125 0.223333 0.072500 0.081667
0 0.291875 0.199583 0.073750 0.084167
0 0.579375 0.166250 0.066250 0.092500
0 0.832812 0.156667 0.069375 0.093333
0 0.462813 0.154167 0.086875 0.096667
0 0.318437 0.125000 0.069375 0.096667
0 0.191562 0.110417 0.064375 0.092500
0 0.890312 0.093333 0.061875 0.083333
0 0.977187 0.052917 0.045625 0.095833
0 0.416563 0.022083 0.071875 0.044167
0 0.044687 0.036250 0.074375 0.072500