0 0.638750 0.977917 0.060000 0.044167
0 0.312188 0.971667 0.076875 0.056667
0 0.789375 0.963333 0.071250 0.073333
0 0.475938 0.946667 0.071875 0.091667
0 0.613125 0.920000 0.058750 0.088333
0 0.093125 0.927083 0.077500 0.110833
0 0.561562 0.903333 0.055625 0.088333
0 0.320312 0.887917 0.076875 0.094167
0 0.700625 0.865000 0.145000 0.113333
0 0.070312 0.837917 0.074375 0.079167
0 0.151562 0.810417 0.060625 0.084167
0 0.483125 0.822083 0.081250 0.114167
0 0.241875 0.782500 0.073750 0.095000
0 0.069687 0.770833 0.073125 0.080000
0 0.624687 0.744583 0.073125 0.092500
0 0.223125 0.694167 0.068750 0.066667
0 0.387500 0.700000 0.067500 0.090000
0 0.965000 0.692500 0.067500 0.095000
0 0.886875 0.654583 0.055000 0.069167
0 0.111250 0.658333 0.061250 0.076667
0 0.564063 0.643750 0.065625 0.092500
0 0.201875 0.638750 0.071250 0.089167
0 0.263437 0.625833 0.059375 0.091667
0 0.759062 0.611667 0.059375 0.093333
0 0.901563 0.573750 0.078125 0.085833
0 0.821875 0.565833 0.062500 0.095000
0 0.034375 0.593750 0.068750 0.199167
0 0.297812 0.536667 0.068125 0.086667
0 0.500313 0.520000 0.060625 0.083333
0 0.125938 0.516667 0.065625 0.090000
0 0.406250 0.494167 0.062500 0.090000
0 0.064375 0.487083 0.058750 0.094167
0 0.782188 0.473333 0.064375 0.093333
0 0.251250 0.464167 0.066250 0.081667
0 0.325625 0.455833 0.068750 0.095000
0 0.442188 0.454583 0.068125 0.094167
0 0.100000 0.440417 0.056250 0.070833
0 0.935312 0.465833 0.129375 0.125000
0 0.368125 0.377083 0.065000 0.065833
0 0.153750 0.379583 0.048750 0.094167
0 0.203750 0.372500 0.058750 0.083333
0 0.630000 0.355833 0.063750 0.078333
0 0.277813 0.359583 0.060625 0.085833
0 0.100312 0.358333 0.069375 0.090000
0 0.020313 0.352917 0.040625 0.089167
0 0.922500 0.336667 0.065000 0.070000
0 0.447188 0.328333 0.053125 0.088333
0 0.858437 0.323750 0.060625 0.080833
0 0.224062 0.300833 0.060625 0.078333
0 0.493750 0.300833 0.067500 0.091667
0 0.892188 0.280000 0.065625 0.085000
0 0.519375 0.255417 0.051250 0.060833
0 0.796875 0.247917 0.062500 0.087500
0 0.926562 0.243333 0.066875 0.083333
0 0.625625 0.227917 0.071250 0.094167
0 0.246250 0.213750 0.063750 0.079167
0 0.982500 0.176250 0.035000 0.075833
0 0.844688 0.171250 0.056875 0.070833
0 0.373437 0.165417 0.060625 0.072500
0 0.044687 0.164583 0.058125 0.079167
0 0.760625 0.162083 0.060000 0.084167
0 0.464375 0.155417 0.066250 0.089167
0 0.241875 0.142083 0.058750 0.072500
0 0.916875 0.145833 0.085000 0.110000
0 0.830625 0.091250 0.068750 0.085833
0 0.145937 0.070833 0.071875 0.080000
0 0.516250 0.074583 0.078750 0.112500
0 0.243125 0.058750 0.086250 0.082500
0 0.592187 0.053333 0.063125 0.081667
0 0.801875 0.045000 0.056250 0.080000
0 0.876875 0.040833 0.063750 0.081667
0 0.712812 0.032083 0.063125 0.064167
0 0.477500 0.030833 0.057500 0.061667
0 0.352187 0.038750 0.064375 0.077500