0 0.284687 0.981667 0.059375 0.036667
0 0.972187 0.976667 0.055625 0.046667
0 0.680000 0.971250 0.063750 0.057500
0 0.105000 0.940000 0.071250 0.088333
0 0.960938 0.910833 0.074375 0.075000
0 0.264375 0.918333 0.088750 0.095000
0 0.403750 0.903333 0.055000 0.073333
0 0.024688 0.902500 0.049375 0.081667
0 0.676250 0.880417 0.053750 0.072500
0 0.385000 0.818750 0.071250 0.075833
0 0.043125 0.814583 0.065000 0.087500
0 0.224375 0.771667 0.061250 0.093333
0 0.517188 0.754583 0.056875 0.089167
0 0.800000 0.744583 0.065000 0.084167
0 0.175625 0.722917 0.053750 0.065833
0 0.033750 0.689167 0.062500 0.068333
0 0.299375 0.671250 0.055000 0.075833
0 0.154688 0.629583 0.068125 0.084167
0 0.511563 0.620000 0.061875 0.090000
0 0.032188 0.603750 0.060625 0.087500
0 0.442812 0.587083 0.058125 0.074167
0 0.979062 0.582500 0.041875 0.090000
0 0.102188 0.559167 0.096875 0.098333
0 0.721562 0.551250 0.064375 0.087500
0 0.488125 0.538333 0.051250 0.075000
0 0.541875 0.544167 0.060000 0.090000
0 0.630938 0.509167 0.059375 0.083333
0 0.801875 0.497500 0.067500 0.091667
0 0.137187 0.485833 0.111875 0.093333
0 0.329688 0.473333 0.070625 0.076667
0 0.961562 0.465833 0.064375 0.085000
0 0.561875 0.420833 0.057500 0.078333
0 0.273438 0.402500 0.088125 0.075000
0 0.765000 0.402500 0.072500 0.088333
0 0.443125 0.394167 0.060000 0.073333
0 0.123750 0.355417 0.065000 0.084167
0 0.865625 0.352917 0.060000 0.082500
0 0.159688 0.333750 0.059375 0.085833
0 0.330625 0.327500 0.062500 0.086667
0 0.924687 0.303333 0.065625 0.083333
0 0.022812 0.289167 0.045625 0.088333
0 0.388750 0.242083 0.053750 0.085833
0 0.956875 0.232917 0.058750 0.074167
0 0.684375 0.236250 0.063750 0.085833
0 0.243438 0.229167 0.063125 0.081667
0 0.100000 0.236667 0.096250 0.116667
0 0.791250 0.230417 0.086250 0.110833
0 0.173437 0.197083 0.060625 0.084167
0 0.430937 0.183750 0.063125 0.090833
0 0.275625 0.131667 0.060000 0.078333
0 0.030625 0.069583 0.061250 0.079167
0 0.578438 0.063750 0.076875 0.109167
0 0.338125 0.044583 0.063750 0.075833
0 0.964688 0.033750 0.056875 0.067500
0 0.170313 0.023750 0.063125 0.047500