0 0.048438 0.973750 0.065625 0.052500
0 0.339687 0.956667 0.056875 0.086667
0 0.560625 0.880833 0.076250 0.083333
0 0.841250 0.870833 0.077500 0.073333
0 0.961562 0.867500 0.069375 0.081667
0 0.364375 0.850000 0.071250 0.076667
0 0.450625 0.847083 0.076250 0.084167
0 0.691562 0.803750 0.065625 0.085833
0 0.423125 0.779167 0.076250 0.086667
0 0.221562 0.775417 0.069375 0.087500
0 0.516563 0.773333 0.068125 0.096667
0 0.309688 0.764167 0.086875 0.083333
0 0.786875 0.745000 0.065000 0.091667
0 0.727187 0.708750 0.070625 0.089167
0 0.305312 0.685417 0.071875 0.094167
0 0.239063 0.668750 0.079375 0.082500
0 0.808125 0.660833 0.067500 0.075000
0 0.457813 0.662083 0.063125 0.087500
0 0.890625 0.645000 0.072500 0.086667
0 0.213750 0.595417 0.071250 0.089167
0 0.100000 0.590000 0.067500 0.093333
0 0.497812 0.547500 0.096875 0.068333
0 0.193438 0.502500 0.066875 0.091667
0 0.407187 0.492083 0.070625 0.092500
0 0.463750 0.468750 0.072500 0.085833
0 0.763125 0.470417 0.060000 0.129167
0 0.131875 0.444167 0.061250 0.101667
0 0.978125 0.419583 0.043750 0.074167
0 0.420000 0.387083 0.063750 0.077500
0 0.667188 0.352083 0.073125 0.077500
0 0.140625 0.307500 0.076250 0.091667
0 0.224375 0.232917 0.085000 0.075833
0 0.961250 0.216667 0.060000 0.093333
0 0.785625 0.196667 0.068750 0.086667
0 0.908750 0.190833 0.067500 0.095000
0 0.326250 0.146667 0.071250 0.146667
0 0.060312 0.099583 0.073125 0.092500
0 0.128750 0.067917 0.070000 0.094167
0 0.955625 0.060000 0.067500 0.090000
0 0.861250 0.027500 0.076250 0.055000
0 0.530312 0.037500 0.066875 0.075000