0 0.049063 0.978750 0.098125 0.042500
0 0.817500 0.973333 0.081250 0.053333
0 0.447813 0.969583 0.069375 0.060833
0 0.375625 0.965417 0.075000 0.069167
0 0.552813 0.962917 0.070625 0.074167
0 0.203125 0.955000 0.067500 0.081667
0 0.076875 0.937500 0.060000 0.080000
0 0.498437 0.915417 0.063125 0.074167
0 0.011250 0.912917 0.022500 0.075833
0 0.841875 0.910417 0.100000 0.094167
0 0.279375 0.894167 0.075000 0.093333
0 0.173125 0.880833 0.067500 0.075000
0 0.356875 0.883333 0.075000 0.098333
0 0.545625 0.864167 0.078750 0.106667
0 0.456875 0.846667 0.065000 0.091667
0 0.591250 0.870833 0.111250 0.165000
0 0.256875 0.809167 0.071250 0.076667
0 0.834375 0.814583 0.072500 0.094167
0 0.183750 0.814583 0.071250 0.097500
0 0.104375 0.815833 0.087500 0.105000
0 0.030625 0.805417 0.061250 0.102500
0 0.918750 0.804167 0.081250 0.103333
0 0.522188 0.774583 0.095625 0.135833
0 0.739062 0.728750 0.068125 0.095833
0 0.059687 0.728750 0.098125 0.097500
0 0.635312 0.719167 0.073125 0.105000
0 0.033438 0.679167 0.066875 0.078333
0 0.231875 0.678333 0.057500 0.085000
0 0.966562 0.626667 0.066875 0.098333
0 0.524687 0.595000 0.065625 0.088333
0 0.398750 0.591667 0.071250 0.091667
0 0.283125 0.584167 0.067500 0.093333
0 0.092188 0.553333 0.064375 0.078333
0 0.030937 0.560833 0.061875 0.096667
0 0.471250 0.558333 0.068750 0.095000
0 0.215625 0.540833 0.057500 0.078333
0 0.570625 0.534167 0.072500 0.093333
0 0.318125 0.495417 0.057500 0.085833
0 0.843125 0.487500 0.068750 0.095000
0 0.103125 0.461667 0.067500 0.095000
0 0.432188 0.468333 0.069375 0.110000
0 0.538750 0.464167 0.055000 0.111667
0 0.787500 0.425000 0.063750 0.078333
0 0.487812 0.449167 0.061875 0.130000
0 0.403125 0.373333 0.057500 0.091667
0 0.018750 0.348750 0.037500 0.085833
0 0.119688 0.342500 0.066875 0.088333
0 0.063437 0.342500 0.056875 0.090000
0 0.877812 0.366250 0.144375 0.184167
0 0.975938 0.285833 0.048125 0.085000
0 0.203125 0.289167 0.078750 0.110000
0 0.775312 0.259583 0.053125 0.085833
0 0.028438 0.259583 0.056875 0.092500
0 0.122500 0.258750 0.081250 0.112500
0 0.943750 0.225833 0.051250 0.083333
0 0.228750 0.229583 0.070000 0.104167
0 0.733750 0.205833 0.061250 0.080000
0 0.853125 0.220833 0.128750 0.140000
0 0.150000 0.188333 0.097500 0.103333
0 0.098750 0.149583 0.091250 0.082500
0 0.860938 0.144167 0.070625 0.088333
0 0.436875 0.137500 0.065000 0.093333
0 0.939375 0.134167 0.073750 0.095000
0 0.683750 0.095833 0.073750 0.086667
0 0.978437 0.089167 0.043125 0.076667
0 0.787500 0.089583 0.078750 0.079167
0 0.033438 0.085417 0.066875 0.130833
0 0.923125 0.029583 0.061250 0.059167
0 0.872812 0.038750 0.061875 0.077500
0 0.748437 0.037083 0.068125 0.074167
0 0.654375 0.029583 0.122500 0.059167
0 0.135000 0.020000 0.060000 0.040000
0 0.070625 0.014583 0.058750 0.029167