0 0.335625 0.977500 0.085000 0.045000
0 0.022187 0.967083 0.044375 0.065833
0 0.658750 0.961250 0.070000 0.077500
0 0.354063 0.949167 0.090625 0.101667
0 0.575937 0.945000 0.085625 0.103333
0 0.506250 0.925833 0.056250 0.085000
0 0.421563 0.900833 0.096875 0.110000
0 0.280625 0.873333 0.068750 0.091667
0 0.778125 0.871250 0.073750 0.107500
0 0.573750 0.864167 0.101250 0.106667
0 0.464062 0.847917 0.075625 0.095833
0 0.376250 0.850833 0.128750 0.106667
0 0.634687 0.805417 0.069375 0.087500
0 0.483750 0.803333 0.082500 0.088333
0 0.714063 0.811667 0.118125 0.121667
0 0.565312 0.770417 0.066875 0.092500
0 0.050937 0.765000 0.076875 0.085000
0 0.907813 0.760833 0.066875 0.100000
0 0.503437 0.728333 0.099375 0.081667
0 0.846875 0.751250 0.070000 0.134167
0 0.799687 0.724583 0.066875 0.105833
0 0.647500 0.716250 0.048750 0.094167
0 0.718750 0.721667 0.098750 0.125000
0 0.205625 0.697500 0.071250 0.103333
0 0.273750 0.687917 0.067500 0.092500
0 0.906250 0.683750 0.082500 0.097500
0 0.959063 0.672500 0.081875 0.078333
0 0.459688 0.685417 0.069375 0.110833
0 0.625625 0.653750 0.066250 0.075833
0 0.028750 0.668333 0.057500 0.131667
0 0.830000 0.641250 0.065000 0.089167
0 0.331875 0.636667 0.068750 0.080000
0 0.930000 0.615833 0.058750 0.071667
0 0.085000 0.638750 0.081250 0.122500
0 0.151875 0.603750 0.075000 0.102500
0 0.870938 0.597083 0.065625 0.094167
0 0.295938 0.594583 0.100625 0.102500
0 0.537813 0.603333 0.089375 0.121667
0 0.045625 0.585833 0.051250 0.091667
0 0.908438 0.564583 0.080625 0.084167
0 0.625313 0.574583 0.108125 0.105833
0 0.454375 0.569167 0.125000 0.115000
0 0.372188 0.545417 0.069375 0.079167
0 0.014375 0.534167 0.028750 0.081667
0 0.819063 0.542500 0.063125 0.106667
0 0.963125 0.515000 0.065000 0.085000
0 0.238437 0.517500 0.059375 0.091667
0 0.093125 0.518333 0.068750 0.096667
0 0.455313 0.490417 0.076875 0.100833
0 0.986250 0.463333 0.027500 0.076667
0 0.701875 0.462083 0.106250 0.087500
0 0.290000 0.447083 0.067500 0.082500
0 0.155938 0.447083 0.060625 0.087500
0 0.624687 0.442917 0.051875 0.082500
0 0.519687 0.436667 0.069375 0.078333
0 0.237813 0.435000 0.066875 0.083333
0 0.048750 0.430833 0.076250 0.088333
0 0.966250 0.404583 0.067500 0.092500
0 0.437500 0.403333 0.080000 0.096667
0 0.783125 0.392917 0.053750 0.082500
0 0.379375 0.380833 0.060000 0.091667
0 0.316875 0.386250 0.082500 0.105833
0 0.653750 0.379167 0.068750 0.093333
0 0.111875 0.378750 0.070000 0.094167
0 0.212500 0.370417 0.105000 0.099167
0 0.145625 0.349583 0.071250 0.082500
0 0.511875 0.354167 0.108750 0.120000
0 0.280938 0.341667 0.074375 0.105000
0 0.954063 0.315000 0.091875 0.096667
0 0.610625 0.315000 0.073750 0.101667
0 0.556875 0.296667 0.067500 0.080000
0 0.230625 0.296667 0.071250 0.100000
0 0.830625 0.276250 0.075000 0.084167
0 0.663125 0.285000 0.090000 0.101667
0 0.415000 0.283333 0.087500 0.140000
0 0.334062 0.273333 0.071875 0.125000
0 0.499375 0.262500 0.070000 0.106667
0 0.900000 0.252500 0.070000 0.098333
0 0.735625 0.235000 0.083750 0.078333
0 0.584375 0.215000 0.056250 0.086667
0 0.247188 0.219167 0.065625 0.096667
0 0.659687 0.196250 0.063125 0.087500
0 0.983750 0.184583 0.032500 0.070833
0 0.770000 0.189583 0.055000 0.089167
0 0.712187 0.172917 0.066875 0.077500
0 0.829375 0.180000 0.070000 0.096667
0 0.620938 0.157500 0.060625 0.088333
0 0.447188 0.167083 0.073125 0.110833
0 0.368750 0.149167 0.082500 0.108333
0 0.962187 0.105000 0.075625 0.101667
0 0.661875 0.102917 0.108750 0.102500
0 0.748125 0.096250 0.060000 0.095833
0 0.467187 0.092917 0.084375 0.114167
0 0.321250 0.072083 0.075000 0.110833
0 0.713125 0.047083 0.065000 0.094167
0 0.249375 0.047083 0.080000 0.094167