0 0.330625 0.968750 0.072500 0.062500
0 0.418438 0.968333 0.066875 0.063333
0 0.117500 0.963333 0.063750 0.073333
0 0.714063 0.958750 0.064375 0.082500
0 0.650625 0.957083 0.073750 0.085833
0 0.855938 0.929583 0.056875 0.082500
0 0.591250 0.905417 0.071250 0.084167
0 0.490625 0.881667 0.075000 0.098333
0 0.185312 0.876667 0.073125 0.091667
0 0.696250 0.870833 0.081250 0.086667
0 0.343125 0.879583 0.087500 0.115833
0 0.029375 0.852500 0.058750 0.083333
0 0.401562 0.835000 0.065625 0.098333
0 0.984062 0.816667 0.031875 0.081667
0 0.224688 0.794167 0.074375 0.085000
0 0.590625 0.769167 0.065000 0.086667
0 0.344687 0.753750 0.069375 0.090833
0 0.024688 0.758750 0.049375 0.100833
0 0.190000 0.744167 0.071250 0.096667
0 0.118750 0.715000 0.066250 0.095000
0 0.763437 0.710833 0.071875 0.103333
0 0.464375 0.697917 0.080000 0.097500
0 0.984062 0.676667 0.031875 0.088333
0 0.932813 0.682917 0.075625 0.107500
0 0.558438 0.670833 0.069375 0.101667
0 0.269688 0.637917 0.075625 0.105833
0 0.333125 0.628333 0.058750 0.096667
0 0.896875 0.612500 0.083750 0.070000
0 0.523750 0.628333 0.078750 0.108333
0 0.610000 0.620833 0.076250 0.103333
0 0.452500 0.621667 0.103750 0.121667
0 0.027187 0.604167 0.054375 0.093333
0 0.768437 0.583333 0.083125 0.096667
0 0.250000 0.556250 0.066250 0.097500
0 0.790625 0.540833 0.072500 0.091667
0 0.979062 0.508333 0.041875 0.091667
0 0.797500 0.445000 0.068750 0.078333
0 0.125625 0.419167 0.070000 0.090000
0 0.631250 0.417500 0.071250 0.100000
0 0.824375 0.388750 0.083750 0.072500
0 0.899375 0.400000 0.070000 0.101667
0 0.381250 0.390833 0.071250 0.083333
0 0.705625 0.380833 0.067500 0.093333
0 0.060625 0.378333 0.067500 0.091667
0 0.804688 0.329167 0.075625 0.091667
0 0.331875 0.295000 0.028750 0.045000
0 0.202500 0.294167 0.063750 0.086667
0 0.290938 0.268750 0.078125 0.094167
0 0.936250 0.262083 0.071250 0.097500
0 0.430625 0.232083 0.072500 0.105833
0 0.271250 0.208750 0.076250 0.075833
0 0.592500 0.216667 0.073750 0.095000
0 0.789375 0.158333 0.070000 0.095000
0 0.916875 0.150833 0.072500 0.096667
0 0.059375 0.148333 0.070000 0.098333
0 0.560625 0.120833 0.070000 0.093333
0 0.250312 0.117500 0.071875 0.096667
0 0.349375 0.101250 0.077500 0.085833
0 0.779375 0.055833 0.077500 0.100000
0 0.876250 0.032917 0.068750 0.065833
0 0.553125 0.037083 0.048750 0.074167
0 0.500000 0.040833 0.056250 0.081667
0 0.444063 0.024583 0.059375 0.049167
0 0.286875 0.036250 0.065000 0.072500
0 0.147500 0.032917 0.073750 0.065833