0 0.664687 0.974583 0.070625 0.050833
0 0.588750 0.969167 0.058750 0.061667
0 0.112187 0.938750 0.058125 0.074167
0 0.459062 0.935417 0.058125 0.080833
0 0.290625 0.912917 0.047500 0.075833
0 0.190312 0.909167 0.073125 0.108333
0 0.151875 0.881667 0.050000 0.066667
0 0.033750 0.875000 0.067500 0.090000
0 0.254688 0.872083 0.053125 0.097500
0 0.774062 0.778750 0.070625 0.087500
0 0.389062 0.772083 0.065625 0.085833
0 0.416875 0.705417 0.063750 0.075833
0 0.113750 0.717500 0.052500 0.101667
0 0.817813 0.710000 0.070625 0.095000
0 0.055000 0.700000 0.073750 0.083333
0 0.659375 0.694167 0.052500 0.083333
0 0.035937 0.647917 0.066875 0.074167
0 0.622188 0.647917 0.061875 0.079167
0 0.698438 0.637917 0.064375 0.069167
0 0.901250 0.627083 0.081250 0.109167
0 0.508125 0.602083 0.065000 0.084167
0 0.380625 0.591667 0.061250 0.090000
0 0.311875 0.592083 0.065000 0.092500
0 0.952812 0.575000 0.058125 0.085000
0 0.255000 0.550000 0.063750 0.083333
0 0.856563 0.544583 0.059375 0.084167
0 0.604688 0.545417 0.055625 0.092500
0 0.709063 0.535417 0.064375 0.084167
0 0.197813 0.553750 0.059375 0.135833
0 0.390000 0.484583 0.061250 0.080833
0 0.535312 0.454583 0.051875 0.077500
0 0.875625 0.438333 0.063750 0.086667
0 0.665625 0.422500 0.055000 0.073333
0 0.575313 0.416250 0.064375 0.075833
0 0.356875 0.415000 0.057500 0.080000
0 0.420312 0.407917 0.061875 0.074167
0 0.622500 0.372500 0.052500 0.068333
0 0.402813 0.355417 0.069375 0.080833
0 0.981250 0.303750 0.037500 0.092500
0 0.173750 0.299583 0.067500 0.119167
0 0.212500 0.267500 0.051250 0.088333
0 0.609062 0.253333 0.055625 0.078333
0 0.860313 0.237917 0.055625 0.109167
0 0.513437 0.228333 0.050625 0.096667
0 0.914062 0.210833 0.060625 0.086667
0 0.552188 0.212917 0.056875 0.092500
0 0.729688 0.203333 0.063125 0.088333
0 0.258437 0.175000 0.060625 0.080000
0 0.662813 0.170000 0.058125 0.090000
0 0.205313 0.149583 0.054375 0.074167
0 0.253125 0.116667 0.058750 0.073333
0 0.881563 0.111250 0.060625 0.079167
0 0.094687 0.103750 0.051875 0.069167
0 0.746250 0.107500 0.057500 0.081667
0 0.820937 0.099583 0.068125 0.082500
0 0.379375 0.091250 0.070000 0.099167
0 0.739688 0.039167 0.061875 0.075000
0 0.120313 0.022917 0.061875 0.045833