0 0.641250 0.969583 0.068750 0.060833
0 0.314688 0.960000 0.054375 0.075000
0 0.453437 0.952917 0.065625 0.094167
0 0.980000 0.947083 0.040000 0.094167
0 0.854062 0.946667 0.074375 0.095000
0 0.093125 0.918750 0.066250 0.084167
0 0.552500 0.916250 0.062500 0.080833
0 0.653438 0.881250 0.050625 0.070833
0 0.176875 0.882500 0.055000 0.080000
0 0.058438 0.859583 0.058125 0.090833
0 0.514687 0.839583 0.056875 0.075833
0 0.595000 0.822917 0.061250 0.080833
0 0.986250 0.814583 0.027500 0.072500
0 0.746875 0.820833 0.070000 0.098333
0 0.840000 0.820417 0.070000 0.100833
0 0.288750 0.791667 0.107500 0.120000
0 0.029063 0.765000 0.058125 0.095000
0 0.119063 0.736667 0.050625 0.055000
0 0.936562 0.690000 0.060625 0.063333
0 0.485938 0.697500 0.063125 0.088333
0 0.315312 0.677083 0.064375 0.092500
0 0.163438 0.652917 0.069375 0.085833
0 0.032188 0.642500 0.054375 0.070000
0 0.563750 0.640417 0.066250 0.099167
0 0.938438 0.623750 0.060625 0.075833
0 0.676875 0.588333 0.075000 0.095000
0 0.248125 0.591667 0.075000 0.125000
0 0.078125 0.560833 0.066250 0.073333
0 0.760000 0.551250 0.053750 0.079167
0 0.356563 0.540417 0.089375 0.089167
0 0.195312 0.495000 0.063125 0.078333
0 0.458125 0.459583 0.062500 0.069167
0 0.822187 0.446667 0.064375 0.086667
0 0.912500 0.432500 0.057500 0.063333
0 0.087500 0.427500 0.080000 0.095000
0 0.985313 0.401250 0.029375 0.070833
0 0.547813 0.398333 0.103125 0.106667
0 0.457500 0.390000 0.060000 0.090000
0 0.312500 0.372917 0.048750 0.069167
0 0.171875 0.374167 0.047500 0.093333
0 0.383750 0.347917 0.065000 0.087500
0 0.106563 0.332500 0.068125 0.088333
0 0.724375 0.308750 0.067500 0.090833
0 0.294687 0.276667 0.073125 0.090000
0 0.320000 0.228750 0.058750 0.075833
0 0.663125 0.210417 0.066250 0.075833
0 0.790937 0.209167 0.061875 0.093333
0 0.043437 0.201250 0.060625 0.092500
0 0.206250 0.192500 0.061250 0.090000
0 0.953438 0.176667 0.050625 0.076667
0 0.367188 0.142083 0.060625 0.079167
0 0.265313 0.124167 0.046875 0.065000
0 0.028438 0.122917 0.056875 0.069167
0 0.621563 0.137500 0.051875 0.100000
0 0.670625 0.085000 0.076250 0.091667
0 0.529375 0.072917 0.048750 0.102500
0 0.732500 0.087500 0.072500 0.138333
0 0.395313 0.047917 0.055625 0.065833
0 0.588125 0.053750 0.063750 0.094167
0 0.669375 0.024167 0.093750 0.048333
0 0.322500 0.034167 0.053750 0.068333
0 0.246875 0.037083 0.055000 0.074167
0 0.134687 0.037500 0.060625 0.075000
0 0.018750 0.039167 0.037500 0.078333