0 0.720313 0.970000 0.066875 0.060000
0 0.171875 0.970000 0.071250 0.060000
0 0.071875 0.960417 0.062500 0.079167
0 0.535312 0.948333 0.063125 0.085000
0 0.775937 0.947500 0.064375 0.093333
0 0.017500 0.909167 0.035000 0.101667
0 0.204063 0.899583 0.068125 0.085833
0 0.315312 0.887083 0.068125 0.087500
0 0.122500 0.864583 0.066250 0.095833
0 0.358438 0.865000 0.063125 0.103333
0 0.412500 0.849167 0.053750 0.086667
0 0.597812 0.821667 0.065625 0.083333
0 0.879687 0.801667 0.059375 0.086667
0 0.979375 0.765417 0.041250 0.087500
0 0.910000 0.720000 0.071250 0.086667
0 0.421250 0.731667 0.092500 0.158333
0 0.728750 0.686250 0.070000 0.099167
0 0.855625 0.656667 0.062500 0.081667
0 0.514375 0.647500 0.065000 0.083333
0 0.024688 0.648333 0.049375 0.088333
0 0.182188 0.621667 0.061875 0.100000
0 0.755625 0.607083 0.066250 0.090833
0 0.097500 0.600833 0.066250 0.090000
0 0.559688 0.576250 0.069375 0.092500
0 0.308125 0.556667 0.066250 0.085000
0 0.887813 0.557083 0.066875 0.087500
0 0.492812 0.552500 0.065625 0.085000
0 0.824063 0.550833 0.061875 0.090000
0 0.642813 0.525000 0.070625 0.098333
0 0.254688 0.516250 0.061875 0.092500
0 0.784375 0.492083 0.065000 0.087500
0 0.955625 0.490000 0.070000 0.096667
0 0.542500 0.477500 0.070000 0.091667
0 0.338438 0.439583 0.061875 0.072500
0 0.890625 0.442083 0.062500 0.079167
0 0.216875 0.427083 0.058750 0.084167
0 0.656563 0.390000 0.065625 0.086667
0 0.885625 0.334167 0.067500 0.088333
0 0.956562 0.341667 0.069375 0.118333
0 0.137187 0.275000 0.066875 0.091667
0 0.446875 0.256667 0.070000 0.093333
0 0.023750 0.234583 0.047500 0.069167
0 0.884062 0.216250 0.069375 0.095833
0 0.689063 0.175833 0.060625 0.085000
0 0.101562 0.162917 0.071875 0.082500
0 0.067812 0.150000 0.059375 0.088333
0 0.274062 0.137083 0.070625 0.097500
0 0.151250 0.128750 0.061250 0.094167
0 0.224062 0.117917 0.056875 0.082500
0 0.887813 0.110417 0.071875 0.094167
0 0.959688 0.085417 0.066875 0.092500
0 0.379688 0.080417 0.063125 0.102500
0 0.841875 0.064583 0.066250 0.095833
0 0.611563 0.037083 0.066875 0.074167
0 0.202500 0.040417 0.075000 0.080833