0 0.532813 0.974583 0.058125 0.050833
0 0.395937 0.970833 0.070625 0.058333
0 0.278750 0.967083 0.053750 0.065833
0 0.067187 0.966250 0.068125 0.067500
0 0.331875 0.959167 0.065000 0.081667
0 0.147187 0.927500 0.073125 0.083333
0 0.222812 0.933333 0.081875 0.101667
0 0.527188 0.907500 0.058125 0.086667
0 0.791875 0.925000 0.082500 0.135000
0 0.912813 0.905417 0.085625 0.129167
0 0.308437 0.886250 0.111875 0.102500
0 0.600938 0.904167 0.086875 0.166667
0 0.436563 0.858750 0.085625 0.110833
0 0.200000 0.856250 0.071250 0.105833
0 0.382500 0.826667 0.072500 0.108333
0 0.243750 0.795833 0.080000 0.105000
0 0.490625 0.786667 0.097500 0.100000
0 0.983437 0.804583 0.033125 0.140833
0 0.582187 0.760833 0.108125 0.096667
0 0.421563 0.746667 0.065625 0.093333
0 0.223125 0.714167 0.070000 0.093333
0 0.287813 0.708750 0.068125 0.089167
0 0.957187 0.717500 0.084375 0.146667
0 0.663125 0.691250 0.117500 0.100833
0 0.789375 0.687500 0.115000 0.130000
0 0.734062 0.653750 0.065625 0.090833
0 0.906250 0.651667 0.067500 0.095000
0 0.555625 0.655833 0.072500 0.103333
0 0.483750 0.642083 0.070000 0.090833
0 0.678750 0.615417 0.061250 0.084167
0 0.867500 0.610000 0.077500 0.110000
0 0.088438 0.597500 0.079375 0.108333
0 0.806250 0.580417 0.065000 0.094167
0 0.224688 0.577083 0.080625 0.097500
0 0.614688 0.569167 0.078125 0.113333
0 0.981563 0.561667 0.036875 0.143333
0 0.890938 0.533333 0.063125 0.091667
0 0.684688 0.527083 0.064375 0.090833
0 0.477187 0.540417 0.078125 0.134167
0 0.750938 0.542083 0.099375 0.140833
0 0.410938 0.461250 0.084375 0.102500
0 0.616250 0.471250 0.076250 0.125833
0 0.845938 0.451667 0.071875 0.093333
0 0.955625 0.426667 0.088750 0.110000
0 0.146250 0.419167 0.081250 0.106667
0 0.620000 0.382500 0.068750 0.078333
0 0.847812 0.370417 0.088125 0.130833
0 0.927813 0.342083 0.090625 0.095833
0 0.451250 0.345000 0.127500 0.108333
0 0.364687 0.335833 0.085625 0.091667
0 0.273750 0.305833 0.117500 0.105000
0 0.552813 0.301667 0.101875 0.145000
0 0.186562 0.262917 0.079375 0.099167
0 0.686562 0.255833 0.075625 0.091667
0 0.617500 0.272083 0.100000 0.152500
0 0.312188 0.236250 0.079375 0.099167
0 0.126250 0.217917 0.081250 0.102500
0 0.403438 0.210833 0.066875 0.101667
0 0.873125 0.211250 0.067500 0.104167
0 0.507500 0.187500 0.078750 0.113333
0 0.944688 0.174583 0.090625 0.129167
0 0.595313 0.102917 0.056875 0.082500
0 0.539375 0.095833 0.071250 0.088333
0 0.198125 0.070417 0.070000 0.100833
0 0.766250 0.063750 0.111250 0.094167
0 0.689375 0.060000 0.056250 0.086667
0 0.631875 0.038750 0.111250 0.077500
0 0.523438 0.040000 0.113125 0.080000
0 0.237813 0.028750 0.078125 0.057500