0 0.464687 0.982917 0.060625 0.034167
0 0.414375 0.970833 0.065000 0.058333
0 0.756875 0.969167 0.061250 0.061667
0 0.315937 0.959583 0.104375 0.080833
0 0.303125 0.906667 0.062500 0.045000
0 0.455625 0.922500 0.061250 0.086667
0 0.047813 0.903750 0.071875 0.082500
0 0.727500 0.876667 0.068750 0.090000
0 0.325625 0.844167 0.110000 0.095000
0 0.812813 0.838333 0.065625 0.095000
0 0.074375 0.823750 0.097500 0.114167
0 0.835000 0.804167 0.063750 0.083333
0 0.279687 0.795833 0.059375 0.081667
0 0.669063 0.672500 0.064375 0.076667
0 0.755938 0.674167 0.064375 0.093333
0 0.450937 0.673750 0.075625 0.104167
0 0.292812 0.627917 0.070625 0.104167
0 0.973437 0.599167 0.053125 0.101667
0 0.023750 0.564167 0.047500 0.095000
0 0.418125 0.533750 0.075000 0.090833
0 0.876875 0.527500 0.073750 0.098333
0 0.541875 0.488333 0.083750 0.096667
0 0.327188 0.479167 0.068125 0.098333
0 0.459688 0.467500 0.068125 0.093333
0 0.170625 0.437083 0.066250 0.089167
0 0.487812 0.417500 0.065625 0.098333
0 0.103438 0.401667 0.068125 0.086667
0 0.542188 0.375417 0.071875 0.092500
0 0.438125 0.369167 0.073750 0.081667
0 0.977500 0.369583 0.045000 0.087500
0 0.915937 0.342500 0.071875 0.095000
0 0.466875 0.292500 0.083750 0.083333
0 0.409062 0.285000 0.056875 0.091667
0 0.202500 0.278750 0.073750 0.092500
0 0.571562 0.274583 0.070625 0.089167
0 0.920625 0.263750 0.066250 0.079167
0 0.536875 0.231667 0.087500 0.105000
0 0.036875 0.186250 0.072500 0.087500
0 0.210938 0.186667 0.068125 0.093333
0 0.790000 0.164167 0.070000 0.095000
0 0.728125 0.157500 0.058750 0.083333
0 0.392500 0.140000 0.070000 0.096667
0 0.946875 0.075833 0.067500 0.086667
0 0.704688 0.077500 0.070625 0.093333
0 0.781875 0.069167 0.080000 0.095000
0 0.483125 0.045417 0.068750 0.084167