0 0.885938 0.972917 0.074375 0.054167
0 0.292500 0.969167 0.142500 0.061667
0 0.104063 0.966667 0.070625 0.066667
0 0.634375 0.923750 0.053750 0.080833
0 0.715000 0.908750 0.085000 0.072500
0 0.543438 0.915833 0.061875 0.088333
0 0.453437 0.897917 0.055625 0.067500
0 0.027187 0.900417 0.054375 0.112500
0 0.980313 0.872083 0.039375 0.112500
0 0.940000 0.856250 0.057500 0.084167
0 0.806875 0.850833 0.062500 0.078333
0 0.153750 0.850417 0.108750 0.122500
0 0.885938 0.827500 0.074375 0.098333
0 0.210625 0.806250 0.060000 0.069167
0 0.968750 0.786667 0.051250 0.068333
0 0.063750 0.802500 0.087500 0.100000
0 0.837187 0.780000 0.065625 0.090000
0 0.301250 0.765833 0.060000 0.085000
0 0.255937 0.765833 0.060625 0.090000
0 0.767188 0.745000 0.064375 0.080000
0 0.422187 0.740417 0.063125 0.070833
0 0.360938 0.746250 0.061875 0.082500
0 0.703125 0.710000 0.062500 0.076667
0 0.271250 0.690833 0.080000 0.078333
0 0.799063 0.677083 0.054375 0.079167
0 0.540312 0.670000 0.059375 0.078333
0 0.469062 0.682917 0.064375 0.104167
0 0.955313 0.662083 0.065625 0.084167
0 0.219375 0.665417 0.107500 0.100833
0 0.055313 0.637917 0.059375 0.077500
0 0.292812 0.601667 0.053125 0.075000
0 0.217500 0.603333 0.113750 0.100000
0 0.568125 0.586667 0.060000 0.076667
0 0.025625 0.569167 0.051250 0.075000
0 0.096875 0.545000 0.076250 0.091667
0 0.313125 0.522083 0.060000 0.072500
0 0.447188 0.494583 0.061875 0.089167
0 0.354063 0.486667 0.091875 0.108333
0 0.255312 0.496667 0.073125 0.130000
0 0.919375 0.466667 0.062500 0.086667
0 0.962812 0.450417 0.068125 0.102500
0 0.697187 0.428333 0.054375 0.078333
0 0.510938 0.417917 0.054375 0.087500
0 0.828750 0.395417 0.055000 0.079167
0 0.904062 0.380000 0.069375 0.091667
0 0.401875 0.366250 0.051250 0.069167
0 0.976875 0.371667 0.046250 0.105000
0 0.673750 0.354167 0.061250 0.086667
0 0.503437 0.324583 0.051875 0.080833
0 0.183750 0.396667 0.158750 0.233333
0 0.809063 0.316250 0.046875 0.084167
0 0.351875 0.312500 0.062500 0.078333
0 0.023438 0.297500 0.046875 0.078333
0 0.715625 0.290000 0.052500 0.073333
0 0.577812 0.290000 0.070625 0.090000
0 0.970625 0.282500 0.051250 0.080000
0 0.291875 0.277917 0.070000 0.095833
0 0.090000 0.265417 0.062500 0.092500
0 0.851875 0.259583 0.061250 0.099167
0 0.429375 0.242083 0.065000 0.087500
0 0.751875 0.230000 0.065000 0.090000
0 0.680937 0.225000 0.068125 0.090000
0 0.520000 0.205000 0.063750 0.093333
0 0.185312 0.197917 0.059375 0.079167
0 0.119688 0.187917 0.059375 0.079167
0 0.945312 0.192500 0.066875 0.091667
0 0.771875 0.142083 0.061250 0.079167
0 0.653438 0.143333 0.050625 0.093333
0 0.477500 0.124167 0.051250 0.073333
0 0.035937 0.160000 0.071875 0.153333
0 0.157188 0.121667 0.053125 0.078333
0 0.982812 0.119583 0.034375 0.099167
0 0.258750 0.101667 0.056250 0.068333
0 0.412813 0.093750 0.065625 0.089167
0 0.694375 0.080833 0.061250 0.075000
0 0.545937 0.068750 0.053125 0.069167
0 0.480625 0.062917 0.057500 0.070833
0 0.345313 0.063750 0.059375 0.084167
0 0.211562 0.058333 0.064375 0.076667
0 0.921250 0.022917 0.062500 0.045833
0 0.857500 0.036250 0.066250 0.072500
0 0.724688 0.032500 0.054375 0.065000