0 0.650000 0.969583 0.072500 0.060833
0 0.422812 0.960000 0.065625 0.080000
0 0.509062 0.953750 0.064375 0.080833
0 0.945937 0.949167 0.079375 0.101667
0 0.746250 0.930417 0.065000 0.092500
0 0.314375 0.919167 0.061250 0.085000
0 0.839688 0.900417 0.071875 0.075833
0 0.016875 0.868750 0.033750 0.094167
0 0.654375 0.851667 0.070000 0.068333
0 0.475313 0.870833 0.050625 0.113333
0 0.848750 0.842083 0.065000 0.084167
0 0.965000 0.834583 0.070000 0.094167
0 0.733750 0.803333 0.092500 0.095000
0 0.427500 0.782083 0.062500 0.089167
0 0.835938 0.750000 0.070625 0.073333
0 0.064062 0.758750 0.075625 0.112500
0 0.483125 0.758750 0.065000 0.114167
0 0.654062 0.739583 0.066875 0.094167
0 0.563438 0.732917 0.085625 0.119167
0 0.053750 0.691667 0.061250 0.090000
0 0.985625 0.690417 0.028750 0.099167
0 0.381875 0.694167 0.066250 0.108333
0 0.173125 0.678750 0.077500 0.094167
0 0.935000 0.608333 0.071250 0.085000
0 0.751250 0.628333 0.075000 0.136667
0 0.532188 0.608333 0.079375 0.105000
0 0.035312 0.597500 0.070625 0.083333
0 0.350313 0.582917 0.081875 0.099167
0 0.656875 0.554583 0.050000 0.074167
0 0.610625 0.561250 0.056250 0.090833
0 0.812813 0.549583 0.070625 0.085833
0 0.097812 0.544583 0.063125 0.097500
0 0.172187 0.540833 0.060625 0.093333
0 0.012500 0.517083 0.025000 0.084167
0 0.718125 0.505833 0.058750 0.085000
0 0.530000 0.495000 0.098750 0.103333
0 0.435000 0.490000 0.068750 0.103333
0 0.918438 0.475833 0.083125 0.078333
0 0.063750 0.471250 0.086250 0.070833
0 0.346875 0.472083 0.072500 0.095833
0 0.664687 0.450833 0.053125 0.073333
0 0.755000 0.439583 0.056250 0.075833
0 0.164375 0.432917 0.062500 0.082500
0 0.946250 0.410417 0.107500 0.104167
0 0.436875 0.370000 0.070000 0.088333
0 0.800625 0.368333 0.082500 0.091667
0 0.173750 0.328333 0.051250 0.081667
0 0.930625 0.307500 0.067500 0.071667
0 0.348750 0.298333 0.063750 0.116667
0 0.244375 0.278333 0.065000 0.093333
0 0.478438 0.266250 0.064375 0.079167
0 0.843750 0.271667 0.082500 0.110000
0 0.149688 0.219583 0.061875 0.075833
0 0.966875 0.209583 0.066250 0.099167
0 0.423750 0.204583 0.096250 0.102500
0 0.829063 0.165000 0.066875 0.073333
0 0.104063 0.130000 0.071875 0.091667
0 0.242500 0.118750 0.066250 0.104167
0 0.911563 0.100833 0.074375 0.095000
0 0.334062 0.096250 0.054375 0.094167
0 0.410313 0.019167 0.049375 0.038333
0 0.035000 0.034167 0.070000 0.068333