0 0.470625 0.974167 0.055000 0.051667
0 0.567187 0.972500 0.055625 0.055000
0 0.259375 0.966667 0.063750 0.066667
0 0.956250 0.960417 0.052500 0.074167
0 0.902188 0.930833 0.069375 0.078333
0 0.110625 0.930000 0.061250 0.081667
0 0.026875 0.941667 0.053750 0.110000
0 0.713437 0.917917 0.055625 0.074167
0 0.769062 0.914167 0.060625 0.071667
0 0.582500 0.907500 0.068750 0.070000
0 0.634687 0.888333 0.059375 0.080000
0 0.685312 0.881667 0.051875 0.076667
0 0.877500 0.872917 0.062500 0.079167
0 0.776875 0.856667 0.061250 0.068333
0 0.016875 0.837500 0.033750 0.070000
0 0.454375 0.839167 0.065000 0.076667
0 0.948125 0.834583 0.067500 0.085833
0 0.607812 0.825417 0.061875 0.075833
0 0.289062 0.824583 0.069375 0.080833
0 0.786563 0.792083 0.056875 0.064167
0 0.372812 0.795833 0.056875 0.075000
0 0.863125 0.790417 0.071250 0.085833
0 0.190625 0.776667 0.061250 0.065000
0 0.431563 0.763333 0.064375 0.088333
0 0.071875 0.747083 0.060000 0.089167
0 0.818750 0.737500 0.066250 0.083333
0 0.734375 0.733750 0.060000 0.087500
0 0.023125 0.715000 0.046250 0.076667
0 0.676250 0.738333 0.072500 0.135000
0 0.130938 0.715833 0.059375 0.091667
0 0.884375 0.706250 0.061250 0.080833
0 0.354687 0.695417 0.054375 0.080833
0 0.779062 0.677500 0.065625 0.091667
0 0.031875 0.630833 0.051250 0.055000
0 0.890938 0.622500 0.058125 0.073333
0 0.652188 0.632500 0.084375 0.110000
0 0.201250 0.611667 0.062500 0.085000
0 0.475313 0.607083 0.056875 0.077500
0 0.807187 0.602917 0.044375 0.070833
0 0.364375 0.603750 0.061250 0.087500
0 0.268125 0.588333 0.060000 0.078333
0 0.079062 0.574167 0.044375 0.055000
0 0.754687 0.581667 0.063125 0.098333
0 0.028438 0.567500 0.056875 0.071667
0 0.125938 0.544583 0.054375 0.059167
0 0.909375 0.550417 0.063750 0.075833
0 0.223750 0.542500 0.051250 0.075000
0 0.540625 0.540000 0.068750 0.090000
0 0.184688 0.529167 0.068125 0.091667
0 0.302187 0.507083 0.064375 0.080833
0 0.767813 0.499583 0.068125 0.069167
0 0.452188 0.483333 0.059375 0.085000
0 0.921562 0.475417 0.074375 0.080833
0 0.383750 0.495833 0.083750 0.145000
0 0.826250 0.465417 0.063750 0.085833
0 0.248750 0.433333 0.053750 0.076667
0 0.880000 0.422500 0.055000 0.058333
0 0.743750 0.427083 0.058750 0.080833
0 0.496563 0.427500 0.058125 0.083333
0 0.113125 0.402500 0.056250 0.071667
0 0.610000 0.399167 0.062500 0.078333
0 0.042500 0.388750 0.073750 0.095833
0 0.797500 0.380417 0.071250 0.084167
0 0.465625 0.377500 0.057500 0.083333
0 0.197500 0.363750 0.053750 0.065833
0 0.554375 0.359583 0.080000 0.082500
0 0.752812 0.340000 0.059375 0.076667
0 0.403125 0.361667 0.085000 0.123333
0 0.658125 0.324167 0.053750 0.073333
0 0.016875 0.312917 0.033750 0.075833
0 0.052187 0.307917 0.041875 0.069167
0 0.186875 0.296250 0.056250 0.075833
0 0.458125 0.289583 0.057500 0.069167
0 0.350313 0.315417 0.071875 0.120833
0 0.581875 0.295417 0.083750 0.085833
0 0.293125 0.276250 0.058750 0.080833
0 0.939375 0.267083 0.057500 0.079167
0 0.870625 0.267500 0.060000 0.088333
0 0.523750 0.254583 0.070000 0.074167
0 0.636250 0.251667 0.053750 0.078333
0 0.404687 0.252083 0.066875 0.087500
0 0.696875 0.232917 0.060000 0.075833
0 0.017188 0.223333 0.034375 0.081667
0 0.576562 0.219583 0.059375 0.080833
0 0.510312 0.193750 0.064375 0.069167
0 0.060000 0.189167 0.062500 0.078333
0 0.660937 0.180000 0.066875 0.085000
0 0.473125 0.161250 0.062500 0.052500
0 0.907188 0.180833 0.073125 0.093333
0 0.846562 0.143333 0.055625 0.073333
0 0.524062 0.129583 0.061875 0.059167
0 0.589375 0.127500 0.065000 0.081667
0 0.035000 0.119167 0.052500 0.075000
0 0.212500 0.133750 0.086250 0.110833
0 0.494375 0.094167 0.056250 0.070000
0 0.088438 0.070000 0.054375 0.073333
0 0.016563 0.063750 0.033125 0.067500
0 0.548750 0.064167 0.053750 0.070000
0 0.145937 0.070417 0.058125 0.082500
0 0.413438 0.050417 0.053125 0.067500
0 0.395937 0.020417 0.070625 0.040833
0 0.292500 0.020833 0.057500 0.041667
0 0.116875 0.030000 0.050000 0.060000