0 0.471562 0.973750 0.065625 0.052500
0 0.675937 0.962917 0.061875 0.074167
0 0.620625 0.962500 0.071250 0.075000
0 0.377188 0.935833 0.064375 0.091667
0 0.166563 0.927500 0.110625 0.106667
0 0.847500 0.912917 0.055000 0.085833
0 0.293125 0.923333 0.102500 0.108333
0 0.648438 0.901667 0.049375 0.085000
0 0.561875 0.920833 0.096250 0.136667
0 0.765312 0.873333 0.081875 0.108333
0 0.482500 0.860000 0.071250 0.088333
0 0.229687 0.856667 0.060625 0.081667
0 0.394688 0.853333 0.064375 0.080000
0 0.681875 0.852500 0.072500 0.121667
0 0.880313 0.838750 0.065625 0.099167
0 0.727500 0.832083 0.055000 0.097500
0 0.567187 0.825833 0.095625 0.098333
0 0.385937 0.792917 0.060625 0.077500
0 0.316563 0.786250 0.094375 0.082500
0 0.642188 0.765833 0.068125 0.091667
0 0.809375 0.769167 0.062500 0.110000
0 0.714375 0.750833 0.053750 0.080000
0 0.188125 0.768333 0.137500 0.141667
0 0.451250 0.759583 0.081250 0.130833
0 0.983125 0.752917 0.033750 0.137500
0 0.400000 0.719583 0.060000 0.072500
0 0.572187 0.728333 0.081875 0.091667
0 0.023125 0.718750 0.046250 0.110833
0 0.321562 0.706250 0.098125 0.090833
0 0.770625 0.705000 0.087500 0.115000
0 0.135937 0.695833 0.076875 0.106667
0 0.237187 0.685417 0.069375 0.089167
0 0.872500 0.680833 0.078750 0.093333
0 0.628125 0.680833 0.067500 0.093333
0 0.216250 0.616250 0.075000 0.062500
0 0.432188 0.639167 0.095625 0.113333
0 0.530937 0.643750 0.096875 0.140833
0 0.322813 0.620417 0.066875 0.094167
0 0.788750 0.616667 0.061250 0.101667
0 0.901875 0.607917 0.072500 0.090833
0 0.487812 0.605000 0.056875 0.086667
0 0.738750 0.592500 0.071250 0.086667
0 0.394688 0.583750 0.070625 0.079167
0 0.677188 0.595833 0.079375 0.133333
0 0.605313 0.580417 0.069375 0.142500
0 0.213125 0.538750 0.056250 0.092500
0 0.359687 0.507917 0.096875 0.089167
0 0.196875 0.470000 0.065000 0.071667
0 0.135937 0.498333 0.109375 0.148333
0 0.308125 0.468333 0.088750 0.096667
0 0.688438 0.451667 0.074375 0.071667
0 0.881875 0.471250 0.090000 0.132500
0 0.408125 0.416667 0.080000 0.086667
0 0.491563 0.406250 0.068125 0.074167
0 0.080312 0.406250 0.065625 0.090833
0 0.348438 0.387500 0.060625 0.078333
0 0.231563 0.394583 0.086875 0.112500
0 0.747188 0.373750 0.069375 0.105833
0 0.437812 0.347083 0.071875 0.087500
0 0.639062 0.351250 0.068125 0.130833
0 0.581562 0.315417 0.066875 0.112500
0 0.697187 0.297083 0.058125 0.104167
0 0.966875 0.295417 0.066250 0.119167
0 0.299063 0.273333 0.090625 0.106667
0 0.895625 0.264167 0.071250 0.105000
0 0.027187 0.246250 0.054375 0.097500
0 0.634375 0.242083 0.065000 0.092500
0 0.948438 0.229167 0.074375 0.093333
0 0.845313 0.221250 0.066875 0.087500
0 0.777500 0.222500 0.073750 0.105000
0 0.463125 0.212917 0.090000 0.087500
0 0.355625 0.209167 0.061250 0.095000
0 0.709375 0.196250 0.067500 0.092500
0 0.966562 0.150000 0.066875 0.083333
0 0.395000 0.137083 0.081250 0.105833
0 0.034375 0.138333 0.068750 0.140000
0 0.612500 0.095833 0.098750 0.086667
0 0.198437 0.097500 0.074375 0.096667
0 0.738125 0.078750 0.077500 0.097500
0 0.969688 0.070417 0.060625 0.085833
0 0.456250 0.067500 0.070000 0.083333
0 0.135625 0.070417 0.058750 0.112500
0 0.568438 0.055833 0.071875 0.088333
0 0.800000 0.033750 0.077500 0.067500
0 0.713750 0.020417 0.061250 0.040833
0 0.621875 0.032500 0.073750 0.065000
0 0.505625 0.040000 0.071250 0.080000
0 0.380937 0.044167 0.096875 0.088333
0 0.285000 0.062500 0.096250 0.125000
0 0.178437 0.030417 0.109375 0.060833
0 0.081875 0.026250 0.081250 0.052500