0 0.213125 0.882083 0.066250 0.097500
0 0.408125 0.863333 0.081250 0.096667
0 0.703125 0.789583 0.085000 0.099167
0 0.735000 0.703750 0.078750 0.089167
0 0.682187 0.661667 0.078125 0.096667
0 0.948438 0.617083 0.065625 0.082500
0 0.477500 0.595417 0.078750 0.089167
0 0.893125 0.588333 0.068750 0.098333
0 0.980625 0.555833 0.038750 0.091667
0 0.349687 0.479583 0.076875 0.097500
0 0.409687 0.445000 0.066875 0.076667
0 0.870625 0.408333 0.070000 0.083333
0 0.767188 0.392500 0.083125 0.071667
0 0.293125 0.307083 0.071250 0.089167
0 0.608750 0.289583 0.100000 0.062500
0 0.725000 0.119167 0.062500 0.083333
0 0.834375 0.098333 0.070000 0.078333
0 0.622500 0.037500 0.111250 0.066667