0 0.349062 0.979583 0.063125 0.040833
0 0.649687 0.972083 0.066875 0.055833
0 0.145937 0.960833 0.069375 0.078333
0 0.709688 0.950833 0.063125 0.098333
0 0.550937 0.908333 0.060625 0.071667
0 0.369375 0.910417 0.060000 0.087500
0 0.235625 0.908333 0.072500 0.085000
0 0.631563 0.904167 0.056875 0.080000
0 0.416563 0.894167 0.059375 0.096667
0 0.697500 0.854167 0.070000 0.090000
0 0.879062 0.828750 0.043125 0.075833
0 0.920000 0.849583 0.090000 0.119167
0 0.784375 0.826250 0.067500 0.092500
0 0.520312 0.815833 0.066875 0.091667
0 0.105625 0.799583 0.073750 0.080833
0 0.401562 0.796250 0.056875 0.075833
0 0.034063 0.778750 0.068125 0.092500
0 0.291875 0.769167 0.065000 0.078333
0 0.539062 0.756667 0.070625 0.088333
0 0.636250 0.755000 0.080000 0.115000
0 0.363750 0.725417 0.068750 0.089167
0 0.978750 0.712500 0.042500 0.086667
0 0.112500 0.709583 0.051250 0.095833
0 0.011562 0.696667 0.023125 0.075000
0 0.685937 0.698750 0.054375 0.082500
0 0.319375 0.695417 0.052500 0.077500
0 0.254375 0.697083 0.078750 0.100833
0 0.054688 0.682500 0.063125 0.098333
0 0.730313 0.667083 0.049375 0.087500
0 0.621563 0.664167 0.066875 0.081667
0 0.458437 0.656667 0.065625 0.083333
0 0.361250 0.639583 0.060000 0.074167
0 0.775312 0.603333 0.058125 0.073333
0 0.575625 0.607917 0.061250 0.082500
0 0.650625 0.599583 0.061250 0.069167
0 0.091875 0.601250 0.068750 0.089167
0 0.969375 0.586250 0.048750 0.070833
0 0.915312 0.582083 0.059375 0.077500
0 0.384062 0.575000 0.054375 0.075000
0 0.754375 0.565833 0.091250 0.108333
0 0.654687 0.532917 0.058125 0.070833
0 0.900625 0.518750 0.048750 0.065833
0 0.540625 0.514583 0.063750 0.087500
0 0.117500 0.497917 0.071250 0.094167
0 0.440000 0.485417 0.065000 0.087500
0 0.979062 0.475417 0.041875 0.085833
0 0.232187 0.462917 0.075625 0.090833
0 0.167813 0.455000 0.054375 0.078333
0 0.390937 0.444167 0.050625 0.075000
0 0.902188 0.439167 0.058125 0.081667
0 0.058750 0.430833 0.066250 0.095000
0 0.941562 0.410417 0.064375 0.092500
0 0.225312 0.385000 0.056875 0.076667
0 0.774062 0.366667 0.063125 0.080000
0 0.867188 0.359167 0.065625 0.086667
0 0.982187 0.356250 0.035625 0.087500
0 0.114375 0.357917 0.067500 0.090833
0 0.540312 0.340417 0.070625 0.082500
0 0.358750 0.327917 0.065000 0.084167
0 0.618750 0.317083 0.067500 0.089167
0 0.757188 0.291667 0.058125 0.081667
0 0.436250 0.281667 0.060000 0.085000
0 0.247500 0.254167 0.062500 0.071667
0 0.530937 0.258750 0.054375 0.082500
0 0.677500 0.244583 0.053750 0.077500
0 0.087813 0.232917 0.064375 0.080833
0 0.718437 0.225000 0.053125 0.091667
0 0.817500 0.199167 0.066250 0.068333
0 0.754687 0.163750 0.061875 0.089167
0 0.115312 0.139167 0.073125 0.111667
0 0.344687 0.065000 0.056875 0.066667
0 0.033125 0.073750 0.052500 0.087500
0 0.151875 0.082500 0.113750 0.125000
0 0.724375 0.052500 0.067500 0.080000
0 0.487812 0.031667 0.054375 0.063333
0 0.415312 0.039167 0.059375 0.078333
0 0.173437 0.028333 0.064375 0.056667