0 0.851250 0.978750 0.061250 0.042500
0 0.605313 0.975833 0.079375 0.048333
0 0.527500 0.967917 0.073750 0.064167
0 0.150938 0.960833 0.060625 0.078333
0 0.942500 0.955833 0.085000 0.088333
0 0.207187 0.951250 0.069375 0.097500
0 0.084375 0.950000 0.070000 0.100000
0 0.702812 0.938750 0.066875 0.084167
0 0.537188 0.911250 0.056875 0.072500
0 0.605625 0.911250 0.073750 0.094167
0 0.957500 0.885000 0.085000 0.101667
0 0.244375 0.872083 0.068750 0.090833
0 0.796250 0.831667 0.068750 0.085000
0 0.194688 0.789167 0.075625 0.100000
0 0.740938 0.787917 0.064375 0.099167
0 0.413750 0.764167 0.075000 0.083333
0 0.261250 0.772500 0.073750 0.110000
0 0.122813 0.756667 0.066875 0.096667
0 0.042813 0.741667 0.066875 0.090000
0 0.780000 0.730417 0.067500 0.100833
0 0.370312 0.691667 0.066875 0.086667
0 0.981250 0.686667 0.037500 0.095000
0 0.020625 0.670000 0.041250 0.088333
0 0.651250 0.655417 0.068750 0.094167
0 0.115937 0.627083 0.070625 0.097500
0 0.296875 0.600417 0.072500 0.110833
0 0.737187 0.571250 0.071875 0.087500
0 0.050625 0.582083 0.058750 0.109167
0 0.950937 0.576667 0.074375 0.103333
0 0.805312 0.556250 0.066875 0.087500
0 0.648125 0.557083 0.068750 0.099167
0 0.098125 0.532917 0.071250 0.095833
0 0.233750 0.504167 0.057500 0.095000
0 0.742500 0.477500 0.065000 0.091667
0 0.521875 0.470000 0.067500 0.091667
0 0.322188 0.473333 0.074375 0.103333
0 0.602500 0.458333 0.071250 0.101667
0 0.396562 0.436250 0.073125 0.095833
0 0.050625 0.420000 0.056250 0.106667
0 0.843437 0.424583 0.069375 0.144167
0 0.119688 0.378333 0.071875 0.098333
0 0.269375 0.322083 0.068750 0.090833
0 0.025313 0.326667 0.050625 0.110000
0 0.560000 0.311250 0.075000 0.125833
0 0.632188 0.326667 0.079375 0.175000
0 0.678438 0.286667 0.065625 0.103333
0 0.743750 0.252917 0.063750 0.072500
0 0.038750 0.240833 0.068750 0.093333
0 0.292812 0.236667 0.061875 0.086667
0 0.225000 0.231250 0.065000 0.082500
0 0.520000 0.260833 0.095000 0.146667
0 0.805312 0.236667 0.075625 0.110000
0 0.454688 0.216667 0.070625 0.090000
0 0.917500 0.220000 0.071250 0.103333
0 0.162500 0.216667 0.072500 0.098333
0 0.742188 0.190833 0.075625 0.076667
0 0.515000 0.159583 0.083750 0.114167
0 0.438437 0.147500 0.071875 0.090000
0 0.379688 0.142083 0.063125 0.099167
0 0.899062 0.132083 0.063125 0.080833
0 0.100625 0.132917 0.070000 0.087500
0 0.214375 0.139167 0.066250 0.103333
0 0.734062 0.127500 0.085625 0.108333
0 0.971250 0.110000 0.057500 0.098333
0 0.039375 0.097917 0.070000 0.094167
0 0.165313 0.082500 0.064375 0.070000
0 0.920312 0.073750 0.066875 0.090833
0 0.456562 0.073333 0.073125 0.090000
0 0.849688 0.052083 0.071875 0.089167
0 0.899375 0.017917 0.068750 0.035833
0 0.122500 0.031667 0.063750 0.063333
0 0.055625 0.021667 0.067500 0.043333