0 0.089688 0.978333 0.060625 0.043333
0 0.702500 0.972500 0.057500 0.055000
0 0.640000 0.957917 0.056250 0.080833
0 0.418125 0.947500 0.080000 0.101667
0 0.248438 0.930417 0.070625 0.082500
0 0.179688 0.925417 0.066875 0.077500
0 0.553438 0.920000 0.063125 0.076667
0 0.660312 0.886667 0.061875 0.073333
0 0.368125 0.897500 0.082500 0.110000
0 0.306250 0.853750 0.058750 0.077500
0 0.556250 0.849167 0.057500 0.071667
0 0.914062 0.851667 0.058125 0.103333
0 0.502812 0.827917 0.070625 0.067500
0 0.718437 0.820833 0.058125 0.081667
0 0.861563 0.829583 0.083125 0.114167
0 0.787188 0.815833 0.069375 0.100000
0 0.051250 0.796667 0.052500 0.078333
0 0.392500 0.793333 0.056250 0.095000
0 0.269688 0.781667 0.061875 0.075000
0 0.330000 0.777083 0.060000 0.069167
0 0.658438 0.795000 0.084375 0.110000
0 0.523438 0.770000 0.060625 0.076667
0 0.696562 0.727500 0.059375 0.090000
0 0.113125 0.718333 0.056250 0.076667
0 0.437188 0.711250 0.054375 0.075833
0 0.320000 0.696667 0.062500 0.076667
0 0.568750 0.701250 0.065000 0.089167
0 0.019062 0.679583 0.038125 0.049167
0 0.921250 0.699583 0.062500 0.097500
0 0.067500 0.664583 0.058750 0.072500
0 0.774687 0.661250 0.068125 0.087500
0 0.699688 0.646667 0.046875 0.060000
0 0.316250 0.620000 0.047500 0.070000
0 0.016563 0.622083 0.033125 0.085833
0 0.158125 0.608750 0.057500 0.079167
0 0.508750 0.611250 0.063750 0.109167
0 0.774062 0.582500 0.075625 0.071667
0 0.441875 0.594167 0.067500 0.100000
0 0.576250 0.577917 0.062500 0.085833
0 0.681875 0.575417 0.068750 0.084167
0 0.983750 0.568750 0.032500 0.077500
0 0.096250 0.572083 0.055000 0.084167
0 0.943750 0.554583 0.068750 0.089167
0 0.345000 0.542500 0.071250 0.068333
0 0.734688 0.530417 0.053125 0.062500
0 0.192188 0.532500 0.050625 0.080000
0 0.248750 0.529583 0.052500 0.077500
0 0.535000 0.525833 0.051250 0.086667
0 0.607187 0.511667 0.049375 0.066667
0 0.929063 0.483333 0.049375 0.086667
0 0.570937 0.474167 0.053125 0.075000
0 0.143750 0.462083 0.050000 0.077500
0 0.662500 0.473750 0.092500 0.117500
0 0.734688 0.446250 0.051875 0.065833
0 0.824688 0.445833 0.068125 0.078333
0 0.238750 0.438750 0.055000 0.072500
0 0.389062 0.425000 0.044375 0.063333
0 0.103438 0.426250 0.045625 0.067500
0 0.292187 0.453333 0.080625 0.123333
0 0.967812 0.439583 0.064375 0.100833
0 0.674375 0.402917 0.051250 0.069167
0 0.048750 0.408333 0.045000 0.081667
0 0.595313 0.381250 0.071875 0.067500
0 0.152188 0.379167 0.058125 0.080000
0 0.326562 0.362083 0.046875 0.062500
0 0.637188 0.340417 0.051875 0.077500
0 0.742500 0.356667 0.085000 0.123333
0 0.104375 0.345833 0.105000 0.106667
0 0.560625 0.322500 0.053750 0.073333
0 0.950000 0.329167 0.058750 0.098333
0 0.372812 0.307500 0.061875 0.081667
0 0.826562 0.302083 0.059375 0.084167
0 0.499375 0.279167 0.052500 0.076667
0 0.645000 0.263750 0.043750 0.065833
0 0.973125 0.262500 0.045000 0.068333
0 0.413750 0.257083 0.055000 0.067500
0 0.328750 0.255417 0.048750 0.065833
0 0.767188 0.266667 0.058125 0.090000
0 0.190938 0.259167 0.068125 0.085000
0 0.598125 0.253750 0.063750 0.087500
0 0.704375 0.239167 0.068750 0.083333
0 0.873750 0.225417 0.060000 0.084167
0 0.517188 0.213750 0.059375 0.070833
0 0.435312 0.194583 0.054375 0.065833
0 0.329375 0.190833 0.055000 0.063333
0 0.233750 0.190000 0.061250 0.076667
0 0.838125 0.179583 0.066250 0.077500
0 0.692500 0.171667 0.057500 0.065000
0 0.579063 0.158333 0.063125 0.096667
0 0.086875 0.142917 0.055000 0.079167
0 0.021875 0.137917 0.043750 0.077500
0 0.812813 0.130000 0.063125 0.073333
0 0.349687 0.124167 0.068125 0.086667
0 0.963125 0.119583 0.066250 0.084167
0 0.627812 0.097083 0.048125 0.077500
0 0.754375 0.112917 0.061250 0.119167
0 0.050937 0.085833 0.051875 0.070000
0 0.899375 0.081250 0.066250 0.085833
0 0.673750 0.067083 0.065000 0.064167
0 0.329688 0.047500 0.053125 0.068333
0 0.828750 0.050000 0.068750 0.093333
0 0.927188 0.022917 0.059375 0.045833
0 0.750625 0.020417 0.050000 0.040833
0 0.555312 0.026250 0.064375 0.052500
0 0.369688 0.016250 0.056875 0.032500