0 0.402813 0.980000 0.084375 0.040000
0 0.171563 0.976250 0.054375 0.047500
0 0.536875 0.975000 0.068750 0.050000
0 0.764062 0.971250 0.055625 0.057500
0 0.822500 0.965833 0.056250 0.068333
0 0.307188 0.962083 0.065625 0.070833
0 0.708438 0.952083 0.070625 0.085833
0 0.031875 0.950417 0.063750 0.082500
0 0.387813 0.936667 0.066875 0.091667
0 0.574063 0.927083 0.060625 0.082500
0 0.243125 0.937083 0.096250 0.125833
0 0.626563 0.893750 0.059375 0.075833
0 0.879062 0.895417 0.055625 0.082500
0 0.102188 0.885833 0.060625 0.086667
0 0.704688 0.876250 0.056875 0.069167
0 0.176563 0.895833 0.058125 0.111667
0 0.012188 0.874583 0.024375 0.072500
0 0.051562 0.876667 0.059375 0.080000
0 0.821250 0.884167 0.073750 0.101667
0 0.293750 0.852083 0.066250 0.085833
0 0.395313 0.845833 0.069375 0.083333
0 0.460000 0.832500 0.057500 0.071667
0 0.699375 0.816667 0.061250 0.063333
0 0.015625 0.808333 0.031250 0.065000
0 0.113125 0.793750 0.058750 0.080833
0 0.756250 0.784167 0.068750 0.080000
0 0.277187 0.779167 0.054375 0.071667
0 0.565000 0.771667 0.047500 0.063333
0 0.610000 0.765000 0.046250 0.068333
0 0.464375 0.756667 0.051250 0.068333
0 0.228125 0.757500 0.065000 0.073333
0 0.407813 0.759167 0.056875 0.078333
0 0.893437 0.766250 0.091875 0.102500
0 0.714063 0.725417 0.059375 0.079167
0 0.506250 0.706667 0.051250 0.076667
0 0.097812 0.708333 0.054375 0.081667
0 0.428125 0.692500 0.055000 0.086667
0 0.238125 0.684583 0.068750 0.079167
0 0.758125 0.678750 0.060000 0.082500
0 0.550312 0.672917 0.051875 0.074167
0 0.668125 0.682083 0.066250 0.102500
0 0.602500 0.646667 0.058750 0.076667
0 0.054062 0.644167 0.065625 0.078333
0 0.926875 0.622917 0.057500 0.070833
0 0.281562 0.627083 0.064375 0.082500
0 0.738437 0.609167 0.053125 0.071667
0 0.434688 0.605833 0.060625 0.080000
0 0.323750 0.609583 0.071250 0.090833
0 0.514375 0.606667 0.067500 0.086667
0 0.094062 0.592500 0.068125 0.088333
0 0.196875 0.591250 0.077500 0.094167
0 0.623437 0.582500 0.073125 0.080000
0 0.793438 0.567500 0.058125 0.078333
0 0.684063 0.570000 0.060625 0.086667
0 0.388125 0.570417 0.070000 0.092500
0 0.981563 0.540000 0.036875 0.076667
0 0.505625 0.527917 0.061250 0.075833
0 0.430625 0.520833 0.045000 0.066667
0 0.134375 0.529583 0.058750 0.085833
0 0.236563 0.514583 0.061875 0.082500
0 0.559688 0.510417 0.048125 0.084167
0 0.620938 0.492917 0.089375 0.099167
0 0.955937 0.470833 0.068125 0.083333
0 0.880938 0.467083 0.081875 0.089167
0 0.528125 0.446250 0.058750 0.074167
0 0.432500 0.451667 0.098750 0.105000
0 0.765938 0.427917 0.061875 0.067500
0 0.191562 0.416250 0.064375 0.079167
0 0.896250 0.395833 0.068750 0.083333
0 0.816250 0.380417 0.056250 0.067500
0 0.140313 0.384583 0.054375 0.082500
0 0.245625 0.389167 0.075000 0.095000
0 0.025313 0.389167 0.050625 0.106667
0 0.357500 0.371250 0.065000 0.082500
0 0.456250 0.366250 0.073750 0.112500
0 0.504062 0.345833 0.054375 0.083333
0 0.676250 0.335417 0.066250 0.090833
0 0.916250 0.324167 0.070000 0.078333
0 0.231250 0.311667 0.053750 0.068333
0 0.306250 0.316250 0.063750 0.080833
0 0.839063 0.303333 0.064375 0.078333
0 0.379688 0.295000 0.059375 0.075000
0 0.594375 0.290417 0.093750 0.090833
0 0.955000 0.267083 0.056250 0.082500
0 0.542188 0.254583 0.056875 0.072500
0 0.861563 0.255000 0.061875 0.085000
0 0.408125 0.237500 0.056250 0.078333
0 0.165313 0.234583 0.070625 0.092500
0 0.070000 0.204167 0.058750 0.085000
0 0.019688 0.187917 0.039375 0.067500
0 0.648438 0.185417 0.046875 0.074167
0 0.900312 0.186667 0.061875 0.083333
0 0.130000 0.182500 0.062500 0.095000
0 0.582812 0.182083 0.066875 0.114167
0 0.340313 0.178750 0.089375 0.109167
0 0.472187 0.165000 0.069375 0.083333
0 0.850625 0.138750 0.078750 0.062500
0 0.522188 0.131250 0.051875 0.075833
0 0.385313 0.126667 0.070625 0.096667
0 0.135625 0.091250 0.061250 0.077500
0 0.024375 0.091250 0.048750 0.080833
0 0.572500 0.082083 0.061250 0.070833
0 0.850938 0.063750 0.061875 0.080833
0 0.268437 0.057917 0.056875 0.070833
0 0.397188 0.057500 0.058125 0.073333
0 0.982187 0.039167 0.035625 0.073333
0 0.902500 0.040833 0.061250 0.081667
0 0.072813 0.020833 0.063125 0.041667