0 0.884687 0.970833 0.060625 0.058333
0 0.822187 0.969167 0.068125 0.061667
0 0.212500 0.960000 0.098750 0.080000
0 0.430625 0.942500 0.080000 0.093333
0 0.761563 0.943750 0.071875 0.099167
0 0.516563 0.894167 0.058125 0.101667
0 0.903125 0.840000 0.066250 0.090000
0 0.476250 0.796250 0.072500 0.090833
0 0.817500 0.783333 0.060000 0.101667
0 0.278125 0.772083 0.073750 0.107500
0 0.080937 0.705417 0.071875 0.090833
0 0.618437 0.710000 0.084375 0.103333
0 0.371563 0.697500 0.073125 0.088333
0 0.471562 0.683750 0.076875 0.092500
0 0.748750 0.657917 0.066250 0.079167
0 0.900000 0.628333 0.062500 0.080000
0 0.615625 0.581250 0.066250 0.095833
0 0.558438 0.571667 0.066875 0.091667
0 0.843750 0.572500 0.071250 0.095000
0 0.294063 0.569167 0.066875 0.090000
0 0.749687 0.565000 0.085625 0.093333
0 0.118125 0.510000 0.062500 0.085000
0 0.795625 0.501250 0.076250 0.097500
0 0.195000 0.486667 0.056250 0.136667
0 0.939375 0.453333 0.073750 0.085000
0 0.846250 0.403750 0.065000 0.095833
0 0.769375 0.397083 0.082500 0.097500
0 0.307500 0.388333 0.067500 0.093333
0 0.018437 0.352917 0.036875 0.097500
0 0.463125 0.342083 0.072500 0.092500
0 0.639375 0.335417 0.081250 0.087500
0 0.882188 0.361667 0.111875 0.145000
0 0.364063 0.317917 0.064375 0.089167
0 0.443437 0.270833 0.063125 0.053333
0 0.587500 0.283333 0.066250 0.086667
0 0.163125 0.255833 0.072500 0.100000
0 0.257812 0.216667 0.063125 0.091667
0 0.577500 0.186667 0.100000 0.076667
0 0.096250 0.182917 0.075000 0.087500
0 0.268750 0.140417 0.080000 0.085833
0 0.446875 0.143333 0.075000 0.100000
0 0.889062 0.130833 0.070625 0.091667
0 0.251250 0.082917 0.061250 0.084167
0 0.158438 0.079167 0.068125 0.096667
0 0.665000 0.057917 0.062500 0.087500
0 0.885625 0.019583 0.071250 0.039167
0 0.484063 0.028750 0.073125 0.057500
0 0.349687 0.035833 0.071875 0.071667
0 0.063437 0.050000 0.076875 0.100000