0 0.985000 0.943750 0.030000 0.097500
0 0.355000 0.915417 0.061250 0.085833
0 0.931875 0.911667 0.083750 0.090000
0 0.610938 0.903333 0.076875 0.083333
0 0.682500 0.892917 0.068750 0.092500
0 0.559375 0.851250 0.077500 0.097500
0 0.635312 0.818333 0.068125 0.090000
0 0.851562 0.767083 0.073125 0.102500
0 0.753750 0.755833 0.070000 0.098333
0 0.393437 0.731667 0.076875 0.090000
0 0.985938 0.713333 0.028125 0.081667
0 0.630938 0.719583 0.074375 0.094167
0 0.814375 0.717500 0.072500 0.093333
0 0.180938 0.685417 0.105625 0.134167
0 0.682187 0.642917 0.075625 0.099167
0 0.752812 0.635417 0.070625 0.099167
0 0.219375 0.632083 0.067500 0.094167
0 0.985625 0.620417 0.028750 0.085833
0 0.798750 0.603333 0.071250 0.091667
0 0.471562 0.569167 0.079375 0.100000
0 0.703125 0.506667 0.075000 0.095000
0 0.047500 0.445000 0.070000 0.096667
0 0.479687 0.401250 0.070625 0.085833
0 0.288750 0.326250 0.075000 0.092500
0 0.136250 0.304583 0.071250 0.094167
0 0.449375 0.302917 0.080000 0.092500
0 0.213750 0.273750 0.067500 0.092500
0 0.783125 0.270833 0.071250 0.098333
0 0.900312 0.262917 0.074375 0.094167
0 0.564375 0.243750 0.076250 0.100833
0 0.320000 0.219167 0.077500 0.091667
0 0.309688 0.118750 0.070625 0.090833
0 0.461562 0.096667 0.069375 0.086667
0 0.386875 0.077083 0.071250 0.087500
0 0.890625 0.052500 0.066250 0.093333
0 0.528750 0.047500 0.072500 0.095000