0 0.466875 0.950417 0.071250 0.095833
0 0.272188 0.900000 0.073125 0.111667
0 0.386875 0.866250 0.085000 0.087500
0 0.338750 0.819167 0.076250 0.088333
0 0.408125 0.795000 0.071250 0.088333
0 0.635000 0.736250 0.063750 0.094167
0 0.691875 0.731667 0.066250 0.118333
0 0.656875 0.619167 0.058750 0.106667
0 0.593125 0.612917 0.072500 0.095833
0 0.442812 0.564167 0.073125 0.095000
0 0.809688 0.517083 0.068125 0.102500
0 0.674687 0.479167 0.066875 0.091667
0 0.849063 0.471667 0.064375 0.091667
0 0.940625 0.470833 0.063750 0.115000
0 0.354375 0.433750 0.063750 0.085833
0 0.454375 0.407083 0.062500 0.090833
0 0.219688 0.394583 0.064375 0.090833
0 0.417812 0.317083 0.058125 0.084167
0 0.345313 0.313750 0.080625 0.084167
0 0.144687 0.286250 0.061875 0.082500
0 0.370937 0.246667 0.071875 0.083333
0 0.284687 0.220000 0.060625 0.096667
0 0.693438 0.207500 0.098125 0.085000
0 0.779687 0.217500 0.084375 0.106667
0 0.124375 0.193750 0.068750 0.087500
0 0.928750 0.165000 0.068750 0.108333
0 0.693750 0.134583 0.075000 0.074167
0 0.710938 0.065417 0.070625 0.077500
0 0.779687 0.038750 0.069375 0.077500