0 0.451875 0.978750 0.053750 0.042500
0 0.870000 0.970833 0.068750 0.058333
0 0.157812 0.966667 0.061875 0.066667
0 0.617500 0.965000 0.061250 0.070000
0 0.385313 0.964583 0.056875 0.070833
0 0.061875 0.962917 0.065000 0.074167
0 0.982187 0.920000 0.035625 0.078333
0 0.191250 0.893333 0.050000 0.058333
0 0.140625 0.898333 0.051250 0.073333
0 0.856875 0.904167 0.070000 0.106667
0 0.665312 0.892083 0.053125 0.085833
0 0.723125 0.886667 0.062500 0.080000
0 0.459375 0.868333 0.062500 0.080000
0 0.610000 0.868750 0.060000 0.084167
0 0.547813 0.828750 0.056875 0.075833
0 0.904687 0.827917 0.064375 0.082500
0 0.966250 0.820833 0.056250 0.071667
0 0.035312 0.825000 0.064375 0.080000
0 0.493750 0.816250 0.057500 0.069167
0 0.715313 0.800417 0.060625 0.077500
0 0.847187 0.786250 0.055625 0.072500
0 0.627500 0.768750 0.072500 0.085833
0 0.124688 0.757500 0.056875 0.075000
0 0.450000 0.745417 0.055000 0.069167
0 0.526563 0.750833 0.063125 0.081667
0 0.277813 0.724167 0.061875 0.078333
0 0.166250 0.717500 0.061250 0.080000
0 0.985000 0.715833 0.030000 0.083333
0 0.393750 0.701250 0.068750 0.092500
0 0.325937 0.683333 0.061875 0.080000
0 0.230937 0.675833 0.048125 0.071667
0 0.817187 0.657083 0.058125 0.077500
0 0.541250 0.658333 0.072500 0.103333
0 0.106875 0.638750 0.061250 0.079167
0 0.181562 0.634583 0.064375 0.079167
0 0.576250 0.628750 0.062500 0.084167
0 0.666875 0.629167 0.066250 0.090000
0 0.050000 0.600833 0.063750 0.073333
0 0.965625 0.596667 0.055000 0.070000
0 0.465313 0.588333 0.064375 0.088333
0 0.245312 0.584167 0.070625 0.086667
0 0.893125 0.564583 0.056250 0.069167
0 0.941250 0.533750 0.055000 0.072500
0 0.665625 0.527917 0.056250 0.070833
0 0.097812 0.523750 0.049375 0.077500
0 0.242812 0.494583 0.055625 0.074167
0 0.699375 0.485417 0.056250 0.064167
0 0.891875 0.495000 0.090000 0.101667
0 0.813125 0.468333 0.052500 0.075000
0 0.476875 0.474583 0.077500 0.107500
0 0.591250 0.470833 0.086250 0.101667
0 0.973437 0.457083 0.053125 0.079167
0 0.210313 0.448750 0.060625 0.079167
0 0.513125 0.442917 0.056250 0.077500
0 0.715938 0.410833 0.064375 0.083333
0 0.851562 0.401250 0.060625 0.072500
0 0.663750 0.387083 0.057500 0.067500
0 0.549687 0.377500 0.055625 0.078333
0 0.249062 0.368750 0.051875 0.074167
0 0.447813 0.354583 0.050625 0.062500
0 0.163750 0.353333 0.092500 0.105000
0 0.684688 0.324583 0.078125 0.085833
0 0.059375 0.296250 0.055000 0.072500
0 0.966562 0.289167 0.066875 0.080000
0 0.475625 0.286250 0.053750 0.082500
0 0.635938 0.268750 0.061875 0.079167
0 0.285313 0.257083 0.055625 0.077500
0 0.917188 0.257500 0.061875 0.081667
0 0.079687 0.247500 0.058125 0.075000
0 0.361875 0.237917 0.067500 0.094167
0 0.866563 0.212917 0.061875 0.082500
0 0.911875 0.175417 0.050000 0.079167
0 0.071563 0.168750 0.058125 0.075833
0 0.826250 0.155833 0.058750 0.076667
0 0.721875 0.149583 0.063750 0.077500
0 0.315000 0.146250 0.060000 0.082500
0 0.394375 0.117917 0.055000 0.074167
0 0.799375 0.097083 0.060000 0.062500
0 0.206563 0.103333 0.061875 0.085000
0 0.512500 0.091250 0.063750 0.065833
0 0.078125 0.093333 0.056250 0.070000
0 0.368437 0.072083 0.059375 0.069167
0 0.146875 0.072917 0.055000 0.077500
0 0.670000 0.074583 0.077500 0.092500
0 0.859062 0.060833 0.053125 0.068333
0 0.288125 0.063333 0.063750 0.081667
0 0.915312 0.028750 0.063125 0.057500
0 0.801562 0.035417 0.051875 0.070833
0 0.748437 0.021250 0.054375 0.042500
0 0.347813 0.027500 0.070625 0.055000
0 0.199375 0.029583 0.050000 0.059167
0 0.071563 0.029167 0.055625 0.058333