0 0.234063 0.975417 0.076875 0.049167
0 0.821250 0.968750 0.075000 0.062500
0 0.557500 0.967083 0.061250 0.065833
0 0.496563 0.965000 0.064375 0.070000
0 0.158438 0.957500 0.094375 0.085000
0 0.025937 0.955000 0.051875 0.090000
0 0.105938 0.937500 0.063125 0.125000
0 0.933125 0.919167 0.068750 0.090000
0 0.058125 0.929583 0.052500 0.127500
0 0.505000 0.892500 0.082500 0.078333
0 0.170937 0.884167 0.080625 0.071667
0 0.389688 0.894583 0.078125 0.095833
0 0.827187 0.888750 0.070625 0.107500
0 0.886875 0.865000 0.080000 0.090000
0 0.570000 0.852083 0.065000 0.100833
0 0.964375 0.846250 0.067500 0.094167
0 0.454062 0.839167 0.064375 0.091667
0 0.018125 0.855417 0.036250 0.124167
0 0.306875 0.834583 0.057500 0.092500
0 0.630000 0.820833 0.068750 0.098333
0 0.252188 0.825417 0.045625 0.109167
0 0.929375 0.815833 0.082500 0.105000
0 0.390937 0.800417 0.061875 0.094167
0 0.145625 0.790833 0.075000 0.078333
0 0.212500 0.806667 0.058750 0.120000
0 0.551562 0.765000 0.079375 0.095000
0 0.915000 0.739167 0.080000 0.078333
0 0.984062 0.735000 0.031875 0.076667
0 0.422500 0.722500 0.068750 0.098333
0 0.296563 0.720833 0.078125 0.096667
0 0.879062 0.672083 0.074375 0.089167
0 0.120313 0.671667 0.055625 0.091667
0 0.477187 0.671667 0.058125 0.118333
0 0.526875 0.656250 0.060000 0.089167
0 0.070312 0.661667 0.055625 0.110000
0 0.837500 0.635000 0.075000 0.086667
0 0.678125 0.635000 0.060000 0.093333
0 0.268125 0.616667 0.072500 0.098333
0 0.121875 0.600000 0.097500 0.083333
0 0.731563 0.595417 0.068125 0.097500
0 0.030937 0.576250 0.061875 0.079167
0 0.874375 0.565417 0.070000 0.077500
0 0.606250 0.573750 0.065000 0.105833
0 0.827500 0.537500 0.067500 0.081667
0 0.277813 0.536250 0.069375 0.089167
0 0.916250 0.525833 0.075000 0.083333
0 0.140937 0.528750 0.073125 0.094167
0 0.387500 0.527083 0.087500 0.120833
0 0.646250 0.515000 0.055000 0.113333
0 0.484063 0.502083 0.071875 0.117500
0 0.742500 0.494583 0.068750 0.107500
0 0.865000 0.482500 0.068750 0.085000
0 0.812813 0.455417 0.058125 0.092500
0 0.584375 0.455833 0.065000 0.110000
0 0.405625 0.447083 0.061250 0.092500
0 0.093438 0.429167 0.081875 0.088333
0 0.317812 0.419583 0.058125 0.077500
0 0.270625 0.451250 0.106250 0.185833
0 0.913438 0.407500 0.068125 0.100000
0 0.025313 0.397500 0.050625 0.090000
0 0.632812 0.402083 0.091875 0.119167
0 0.556562 0.395000 0.069375 0.106667
0 0.151562 0.372083 0.075625 0.082500
0 0.710625 0.373333 0.055000 0.101667
0 0.336562 0.367083 0.089375 0.090833
0 0.480000 0.355417 0.061250 0.110833
0 0.240313 0.347083 0.089375 0.110833
0 0.761250 0.335417 0.070000 0.107500
0 0.364687 0.329583 0.071875 0.099167
0 0.439375 0.329167 0.070000 0.101667
0 0.185938 0.288750 0.080625 0.085833
0 0.072500 0.279167 0.077500 0.081667
0 0.656250 0.292500 0.105000 0.126667
0 0.307812 0.250833 0.068125 0.085000
0 0.525937 0.243333 0.071875 0.075000
0 0.436563 0.237083 0.075625 0.085833
0 0.176563 0.235417 0.085625 0.085833
0 0.746250 0.247917 0.063750 0.120833
0 0.018437 0.230000 0.036875 0.085000
0 0.852500 0.230833 0.058750 0.105000
0 0.690312 0.230000 0.060625 0.121667
0 0.358438 0.222500 0.074375 0.110000
0 0.095000 0.197917 0.067500 0.090833
0 0.914375 0.197917 0.068750 0.092500
0 0.251250 0.212500 0.052500 0.145000
0 0.799375 0.147500 0.063750 0.078333
0 0.073125 0.142083 0.080000 0.092500
0 0.605938 0.136250 0.060625 0.082500
0 0.656563 0.132917 0.068125 0.092500
0 0.365938 0.127917 0.070625 0.087500
0 0.784687 0.098333 0.083125 0.088333
0 0.712812 0.075417 0.061875 0.099167
0 0.595625 0.062917 0.055000 0.075833
0 0.970938 0.064583 0.058125 0.097500
0 0.914687 0.051250 0.065625 0.102500
0 0.822500 0.036667 0.085000 0.073333
0 0.682187 0.042083 0.078125 0.084167
0 0.628125 0.022083 0.073750 0.044167
0 0.050000 0.045000 0.066250 0.090000