0 0.233125 0.983750 0.060000 0.032500
0 0.572812 0.981667 0.080625 0.036667
0 0.500313 0.959167 0.075625 0.081667
0 0.879062 0.942917 0.059375 0.077500
0 0.308437 0.929167 0.060625 0.085000
0 0.559375 0.923333 0.082500 0.085000
0 0.208125 0.934583 0.078750 0.109167
0 0.494063 0.871667 0.070625 0.078333
0 0.155938 0.855417 0.071875 0.087500
0 0.278750 0.826667 0.065000 0.088333
0 0.806562 0.792917 0.070625 0.092500
0 0.710313 0.779167 0.065625 0.086667
0 0.245000 0.762917 0.080000 0.070833
0 0.514375 0.714583 0.081250 0.099167
0 0.802500 0.705417 0.077500 0.087500
0 0.346875 0.692917 0.081250 0.080833
0 0.892500 0.689583 0.061250 0.087500
0 0.046875 0.690417 0.083750 0.090833
0 0.561562 0.687083 0.079375 0.089167
0 0.223750 0.656250 0.067500 0.084167
0 0.103750 0.627917 0.097500 0.075833
0 0.440937 0.576667 0.066875 0.081667
0 0.303438 0.553333 0.078125 0.091667
0 0.549375 0.539583 0.066250 0.082500
0 0.352500 0.523333 0.070000 0.096667
0 0.430625 0.505833 0.086250 0.080000
0 0.858437 0.504583 0.065625 0.087500
0 0.903438 0.457500 0.068125 0.091667
0 0.834688 0.441250 0.066875 0.077500
0 0.978437 0.437083 0.043125 0.080833
0 0.409375 0.417917 0.073750 0.087500
0 0.940625 0.364583 0.063750 0.085833
0 0.624375 0.360833 0.068750 0.081667
0 0.114375 0.334167 0.078750 0.098333
0 0.227187 0.271667 0.071875 0.090000
0 0.364063 0.265417 0.069375 0.092500
0 0.042188 0.260000 0.083125 0.086667
0 0.446875 0.252500 0.070000 0.085000
0 0.045625 0.204167 0.091250 0.063333
0 0.765625 0.200417 0.067500 0.090833
0 0.524375 0.200833 0.073750 0.096667
0 0.087813 0.155833 0.050625 0.085000
0 0.893750 0.149583 0.071250 0.082500
0 0.032500 0.139167 0.065000 0.066667
0 0.618125 0.132917 0.067500 0.080833
0 0.955000 0.136667 0.072500 0.101667
0 0.517188 0.117083 0.063125 0.074167
0 0.746875 0.109583 0.077500 0.092500
0 0.625313 0.054167 0.065625 0.076667
0 0.435000 0.070833 0.087500 0.115000
0 0.245938 0.056667 0.069375 0.100000
0 0.750625 0.042917 0.070000 0.082500
0 0.948438 0.037917 0.066875 0.075833
0 0.857500 0.026667 0.062500 0.053333
0 0.029375 0.032500 0.058750 0.065000