0 0.836562 0.964583 0.061875 0.070833
0 0.175000 0.904167 0.068750 0.093333
0 0.770625 0.845000 0.068750 0.098333
0 0.568438 0.829167 0.059375 0.106667
0 0.971250 0.803333 0.057500 0.086667
0 0.860625 0.793333 0.068750 0.093333
0 0.922500 0.766250 0.062500 0.082500
0 0.721250 0.757500 0.067500 0.091667
0 0.306250 0.752083 0.063750 0.090833
0 0.130000 0.749583 0.080000 0.100833
0 0.030625 0.752083 0.061250 0.144167
0 0.254688 0.724167 0.055625 0.093333
0 0.208437 0.721250 0.058125 0.114167
0 0.334375 0.674167 0.063750 0.086667
0 0.515312 0.665833 0.065625 0.088333
0 0.705000 0.587500 0.058750 0.106667
0 0.827500 0.564583 0.062500 0.070833
0 0.646563 0.575417 0.063125 0.094167
0 0.229063 0.556667 0.060625 0.080000
0 0.549687 0.557083 0.064375 0.094167
0 0.769687 0.532083 0.071875 0.095833
0 0.824063 0.489167 0.065625 0.098333
0 0.488438 0.480000 0.081875 0.088333
0 0.265625 0.458333 0.052500 0.113333
0 0.212500 0.446667 0.063750 0.093333
0 0.132500 0.437500 0.061250 0.103333
0 0.171563 0.412917 0.051875 0.080833
0 0.790312 0.398333 0.070625 0.090000
0 0.049063 0.392917 0.056875 0.107500
0 0.365000 0.382083 0.072500 0.089167
0 0.633437 0.385417 0.069375 0.097500
0 0.186562 0.356667 0.063125 0.061667
0 0.963750 0.316250 0.060000 0.095833
0 0.183750 0.294583 0.058750 0.067500
0 0.451875 0.304167 0.056250 0.091667
0 0.909375 0.272500 0.067500 0.110000
0 0.249375 0.255417 0.055000 0.079167
0 0.725000 0.239167 0.076250 0.108333
0 0.671562 0.188333 0.060625 0.078333
0 0.202813 0.168333 0.066875 0.065000
0 0.319063 0.180000 0.069375 0.095000
0 0.941250 0.180417 0.076250 0.149167
0 0.490000 0.167500 0.083750 0.138333
0 0.984062 0.168750 0.031875 0.142500
0 0.872500 0.142083 0.065000 0.092500
0 0.229063 0.108750 0.071875 0.087500
0 0.961250 0.073333 0.073750 0.093333
0 0.476562 0.061250 0.065625 0.097500
0 0.284062 0.021250 0.064375 0.042500