0 0.767188 0.960417 0.098125 0.079167
0 0.658750 0.937083 0.080000 0.085833
0 0.830313 0.897917 0.096875 0.084167
0 0.517500 0.903750 0.082500 0.095833
0 0.133125 0.889167 0.060000 0.098333
0 0.187812 0.863750 0.076875 0.080833
0 0.110312 0.822083 0.061875 0.097500
0 0.397188 0.797917 0.103125 0.067500
0 0.180000 0.778333 0.065000 0.088333
0 0.670937 0.775000 0.088125 0.095000
0 0.245000 0.776667 0.072500 0.103333
0 0.403125 0.739167 0.102500 0.085000
0 0.280313 0.736667 0.083125 0.088333
0 0.380625 0.665833 0.101250 0.095000
0 0.284375 0.652917 0.066250 0.097500
0 0.775937 0.591250 0.086875 0.102500
0 0.971250 0.584167 0.057500 0.090000
0 0.514062 0.568750 0.070625 0.109167
0 0.658438 0.542500 0.071875 0.098333
0 0.600313 0.528333 0.065625 0.111667
0 0.800312 0.526667 0.070625 0.118333
0 0.966875 0.437083 0.066250 0.097500
0 0.606875 0.390417 0.082500 0.090833
0 0.969375 0.362083 0.061250 0.075833
0 0.713125 0.321250 0.077500 0.100833
0 0.388125 0.281667 0.078750 0.095000
0 0.232813 0.262917 0.094375 0.075833
0 0.601875 0.249583 0.076250 0.089167
0 0.948438 0.222083 0.103125 0.082500
0 0.811875 0.189583 0.088750 0.080833
0 0.968125 0.186250 0.063750 0.097500
0 0.133125 0.174583 0.085000 0.079167
0 0.592500 0.162500 0.075000 0.080000
0 0.700313 0.158750 0.081875 0.075833
0 0.178437 0.166250 0.075625 0.117500
0 0.308437 0.147917 0.080625 0.100833
0 0.860938 0.099167 0.076875 0.075000
0 0.623750 0.093333 0.078750 0.080000
0 0.761875 0.062500 0.080000 0.093333
0 0.882500 0.040833 0.120000 0.070000
0 0.969688 0.037500 0.060625 0.075000
0 0.176563 0.031250 0.074375 0.062500