0 0.537813 0.975833 0.059375 0.048333
0 0.472500 0.971667 0.073750 0.056667
0 0.231563 0.961250 0.074375 0.077500
0 0.849688 0.960833 0.113125 0.078333
0 0.163750 0.957917 0.066250 0.084167
0 0.719375 0.957083 0.077500 0.085833
0 0.309688 0.947917 0.079375 0.104167
0 0.043750 0.937083 0.087500 0.125833
0 0.879062 0.920833 0.076875 0.096667
0 0.491563 0.905000 0.081875 0.120000
0 0.238750 0.883333 0.067500 0.088333
0 0.813438 0.883750 0.069375 0.092500
0 0.967812 0.890417 0.064375 0.124167
0 0.626875 0.889167 0.080000 0.155000
0 0.309375 0.862917 0.075000 0.102500
0 0.416250 0.850833 0.083750 0.088333
0 0.720938 0.839167 0.069375 0.086667
0 0.018437 0.836250 0.036875 0.082500
0 0.798438 0.798750 0.099375 0.085833
0 0.203125 0.809167 0.072500 0.106667
0 0.919063 0.792917 0.078125 0.107500
0 0.609062 0.782917 0.061875 0.087500
0 0.280625 0.779167 0.056250 0.086667
0 0.021250 0.755417 0.042500 0.084167
0 0.863437 0.755000 0.065625 0.096667
0 0.187812 0.707917 0.068125 0.092500
0 0.613750 0.698333 0.058750 0.083333
0 0.264688 0.657083 0.115625 0.087500
0 0.799375 0.652917 0.098750 0.139167
0 0.657813 0.667083 0.116875 0.167500
0 0.574063 0.611667 0.070625 0.098333
0 0.200313 0.607500 0.065625 0.096667
0 0.110000 0.582917 0.120000 0.137500
0 0.659062 0.555000 0.066875 0.085000
0 0.269375 0.563333 0.107500 0.105000
0 0.342813 0.539167 0.065625 0.086667
0 0.412187 0.537083 0.074375 0.090833
0 0.183750 0.534583 0.061250 0.089167
0 0.583750 0.529167 0.095000 0.113333
0 0.492500 0.510833 0.091250 0.090000
0 0.219688 0.472500 0.068125 0.088333
0 0.313750 0.463750 0.067500 0.089167
0 0.386250 0.456250 0.076250 0.092500
0 0.456250 0.440417 0.065000 0.075833
0 0.039062 0.433333 0.064375 0.088333
0 0.714375 0.414583 0.107500 0.149167
0 0.150938 0.370417 0.065625 0.087500
0 0.570625 0.371667 0.073750 0.091667
0 0.089688 0.358750 0.064375 0.085833
0 0.028750 0.353750 0.057500 0.095833
0 0.501875 0.335833 0.068750 0.086667
0 0.560937 0.285417 0.089375 0.085833
0 0.442812 0.323750 0.096875 0.164167
0 0.636563 0.282917 0.076875 0.107500
0 0.153438 0.237083 0.065625 0.074167
0 0.504375 0.235833 0.060000 0.078333
0 0.224688 0.233333 0.076875 0.100000
0 0.418125 0.214583 0.061250 0.085833
0 0.338750 0.227917 0.097500 0.119167
0 0.558125 0.205833 0.067500 0.086667
0 0.799687 0.198333 0.081875 0.093333
0 0.066250 0.198750 0.110000 0.097500
0 0.660625 0.193750 0.118750 0.099167
0 0.968750 0.181250 0.062500 0.100833
0 0.265937 0.173333 0.064375 0.095000
0 0.738125 0.164583 0.073750 0.105833
0 0.525000 0.144167 0.061250 0.078333
0 0.832500 0.141667 0.063750 0.085000
0 0.904687 0.135000 0.085625 0.083333
0 0.356250 0.121250 0.071250 0.109167
0 0.161250 0.136667 0.111250 0.140000
0 0.662813 0.103750 0.070625 0.087500
0 0.594688 0.105833 0.071875 0.096667
0 0.249688 0.086250 0.069375 0.087500
0 0.802188 0.075000 0.081875 0.086667
0 0.865313 0.062083 0.068125 0.064167
0 0.540625 0.070417 0.055000 0.082500
0 0.487812 0.081250 0.056875 0.114167
0 0.694375 0.039583 0.066250 0.079167
0 0.613750 0.029583 0.068750 0.059167
0 0.399062 0.066250 0.129375 0.132500
0 0.163125 0.035417 0.120000 0.070833