0 0.750625 0.968750 0.058750 0.062500
0 0.684063 0.942917 0.063125 0.084167
0 0.163438 0.911667 0.069375 0.090000
0 0.853437 0.895417 0.070625 0.079167
0 0.773750 0.893750 0.070000 0.089167
0 0.042500 0.871250 0.072500 0.074167
0 0.355625 0.838333 0.080000 0.121667
0 0.310000 0.805000 0.065000 0.103333
0 0.911563 0.781667 0.065625 0.080000
0 0.482500 0.767500 0.060000 0.078333
0 0.592812 0.757083 0.064375 0.090833
0 0.816562 0.748333 0.059375 0.096667
0 0.767500 0.727500 0.058750 0.068333
0 0.358438 0.722917 0.068125 0.075833
0 0.972500 0.717917 0.055000 0.080833
0 0.527500 0.707083 0.070000 0.079167
0 0.843125 0.665417 0.056250 0.080833
0 0.021875 0.659167 0.043750 0.068333
0 0.970313 0.642917 0.059375 0.074167
0 0.338125 0.644583 0.068750 0.090833
0 0.277813 0.624167 0.061875 0.078333
0 0.533750 0.614167 0.061250 0.085000
0 0.164062 0.584583 0.066875 0.079167
0 0.972187 0.565417 0.055625 0.079167
0 0.103438 0.569583 0.071875 0.094167
0 0.354687 0.553750 0.069375 0.087500
0 0.215312 0.537083 0.079375 0.095833
0 0.079375 0.515833 0.068750 0.081667
0 0.020625 0.495833 0.041250 0.083333
0 0.835313 0.496667 0.056875 0.086667
0 0.136875 0.482917 0.058750 0.090833
0 0.303438 0.412917 0.059375 0.077500
0 0.859062 0.407083 0.063125 0.087500
0 0.046562 0.384583 0.064375 0.075833
0 0.550312 0.376250 0.070625 0.085833
0 0.948438 0.363333 0.066875 0.088333
0 0.485625 0.342083 0.061250 0.079167
0 0.679688 0.315833 0.065625 0.093333
0 0.020625 0.303750 0.041250 0.072500
0 0.972812 0.302500 0.054375 0.098333
0 0.080312 0.257917 0.061875 0.067500
0 0.185000 0.242083 0.053750 0.077500
0 0.132500 0.231667 0.056250 0.083333
0 0.910625 0.235000 0.076250 0.103333
0 0.480000 0.222083 0.066250 0.077500
0 0.984375 0.214583 0.031250 0.085833
0 0.094687 0.156250 0.056875 0.067500
0 0.450937 0.145833 0.061875 0.071667
0 0.359687 0.122917 0.066875 0.087500
0 0.243750 0.108750 0.062500 0.070833
0 0.716250 0.104583 0.058750 0.084167
0 0.607812 0.080000 0.064375 0.086667
0 0.417187 0.066250 0.059375 0.077500
0 0.290000 0.040000 0.072500 0.080000