0 0.250625 0.970417 0.077500 0.059167
0 0.129062 0.966250 0.071875 0.067500
0 0.627812 0.940833 0.065625 0.096667
0 0.196250 0.914583 0.073750 0.092500
0 0.680000 0.825417 0.073750 0.095833
0 0.866563 0.828750 0.079375 0.104167
0 0.591562 0.788750 0.079375 0.090833
0 0.145625 0.762083 0.071250 0.092500
0 0.781563 0.728333 0.080625 0.101667
0 0.294375 0.631250 0.076250 0.100833
0 0.498125 0.605000 0.076250 0.091667
0 0.239375 0.602083 0.076250 0.099167
0 0.760938 0.567917 0.068125 0.094167
0 0.442500 0.544167 0.076250 0.103333
0 0.961250 0.502500 0.075000 0.108333
0 0.290938 0.449167 0.059375 0.103333
0 0.904375 0.434583 0.067500 0.099167
0 0.816250 0.413750 0.070000 0.084167
0 0.027500 0.267500 0.055000 0.101667
0 0.500000 0.265000 0.075000 0.100000
0 0.145000 0.252917 0.073750 0.100833
0 0.555000 0.213333 0.076250 0.091667
0 0.220000 0.176250 0.068750 0.079167
0 0.696562 0.136250 0.070625 0.095833
0 0.395937 0.107083 0.071875 0.090833
0 0.973437 0.061667 0.053125 0.100000
0 0.569063 0.041250 0.080625 0.082500
0 0.166875 0.024583 0.070000 0.049167