0 0.382812 0.952083 0.084375 0.095833
0 0.253437 0.930417 0.071875 0.099167
0 0.358438 0.883333 0.070625 0.076667
0 0.027187 0.879167 0.054375 0.105000
0 0.493750 0.874167 0.076250 0.098333
0 0.180312 0.856667 0.070625 0.080000
0 0.410313 0.850417 0.090625 0.144167
0 0.458125 0.802500 0.067500 0.076667
0 0.102188 0.809167 0.070625 0.095000
0 0.165313 0.797500 0.060625 0.081667
0 0.506563 0.782083 0.071875 0.090833
0 0.889062 0.782917 0.066875 0.097500
0 0.052812 0.779167 0.075625 0.103333
0 0.219375 0.753333 0.063750 0.095000
0 0.285000 0.744583 0.078750 0.082500
0 0.405938 0.737083 0.061875 0.079167
0 0.638750 0.692917 0.078750 0.077500
0 0.839063 0.696667 0.074375 0.086667
0 0.543438 0.697083 0.071875 0.092500
0 0.715938 0.686667 0.071875 0.096667
0 0.453750 0.647917 0.072500 0.102500
0 0.277187 0.648750 0.086875 0.105833
0 0.623437 0.630417 0.068125 0.072500
0 0.549375 0.621250 0.066250 0.085833
0 0.062812 0.607917 0.070625 0.097500
0 0.717812 0.590417 0.073125 0.090833
0 0.366250 0.539583 0.070000 0.094167
0 0.233125 0.528750 0.068750 0.094167
0 0.042813 0.519167 0.074375 0.091667
0 0.775312 0.512083 0.069375 0.084167
0 0.680937 0.516667 0.079375 0.125000
0 0.139063 0.492083 0.069375 0.089167
0 0.397500 0.473750 0.066250 0.094167
0 0.461875 0.474583 0.066250 0.097500
0 0.726250 0.460000 0.068750 0.106667
0 0.204375 0.450833 0.067500 0.093333
0 0.792813 0.450000 0.065625 0.101667
0 0.290312 0.417500 0.071875 0.085000
0 0.553750 0.415833 0.072500 0.100000
0 0.655000 0.387917 0.070000 0.095833
0 0.591875 0.363750 0.071250 0.079167
0 0.700313 0.354167 0.075625 0.086667
0 0.825000 0.337083 0.072500 0.092500
0 0.893125 0.323750 0.068750 0.087500
0 0.439063 0.313333 0.071875 0.095000
0 0.180938 0.318750 0.060625 0.135833
0 0.127500 0.296250 0.066250 0.100833
0 0.061562 0.314583 0.076875 0.165833
0 0.772813 0.272500 0.066875 0.085000
0 0.972500 0.273750 0.055000 0.097500
0 0.018750 0.262917 0.037500 0.095833
0 0.652188 0.237083 0.076875 0.090833
0 0.852187 0.230833 0.069375 0.088333
0 0.939688 0.220000 0.076875 0.100000
0 0.277500 0.204583 0.068750 0.095833
0 0.543750 0.204583 0.066250 0.097500
0 0.161250 0.175417 0.060000 0.079167
0 0.222812 0.184583 0.063125 0.104167
0 0.670625 0.151250 0.076250 0.094167
0 0.546875 0.087500 0.073750 0.088333
0 0.437188 0.057917 0.075625 0.087500