0 0.269062 0.967083 0.083125 0.065833
0 0.180625 0.964583 0.070000 0.070833
0 0.927500 0.954583 0.066250 0.090833
0 0.477187 0.942917 0.090625 0.089167
0 0.842500 0.938333 0.068750 0.085000
0 0.659375 0.923333 0.065000 0.085000
0 0.341875 0.920417 0.067500 0.087500
0 0.367188 0.892500 0.074375 0.096667
0 0.712187 0.867917 0.060625 0.094167
0 0.294375 0.845833 0.062500 0.086667
0 0.758750 0.831667 0.066250 0.091667
0 0.587187 0.821667 0.063125 0.098333
0 0.213438 0.825000 0.080625 0.115000
0 0.466250 0.789167 0.066250 0.093333
0 0.626563 0.782083 0.055625 0.112500
0 0.716875 0.771250 0.067500 0.097500
0 0.984688 0.746667 0.030625 0.091667
0 0.200313 0.711667 0.069375 0.095000
0 0.791250 0.692500 0.076250 0.070000
0 0.449375 0.691250 0.072500 0.082500
0 0.123125 0.724167 0.110000 0.150000
0 0.623125 0.681667 0.065000 0.095000
0 0.880000 0.667917 0.063750 0.082500
0 0.265000 0.689167 0.073750 0.133333
0 0.954375 0.658750 0.060000 0.077500
0 0.430000 0.628333 0.063750 0.078333
0 0.513750 0.623333 0.066250 0.091667
0 0.785000 0.614583 0.068750 0.084167
0 0.049375 0.608333 0.065000 0.085000
0 0.862500 0.597500 0.073750 0.090000
0 0.958750 0.581250 0.061250 0.070833
0 0.605000 0.585833 0.073750 0.086667
0 0.319688 0.577500 0.064375 0.090000
0 0.239063 0.570417 0.059375 0.077500
0 0.264688 0.535417 0.050625 0.085833
0 0.121250 0.521667 0.063750 0.085000
0 0.707500 0.520000 0.071250 0.095000
0 0.839375 0.506667 0.065000 0.085000
0 0.420000 0.487500 0.063750 0.086667
0 0.649375 0.483333 0.055000 0.085000
0 0.192500 0.465000 0.063750 0.075000
0 0.488125 0.459583 0.072500 0.092500
0 0.351875 0.437500 0.070000 0.083333
0 0.067500 0.436667 0.066250 0.095000
0 0.261875 0.420000 0.060000 0.085000
0 0.703750 0.415000 0.071250 0.085000
0 0.136250 0.405417 0.071250 0.090833
0 0.473125 0.402500 0.070000 0.086667
0 0.330625 0.387917 0.067500 0.084167
0 0.775000 0.383333 0.063750 0.088333
0 0.403125 0.378333 0.065000 0.085000
0 0.620000 0.370833 0.063750 0.090000
0 0.025937 0.362083 0.051875 0.084167
0 0.886250 0.335833 0.063750 0.090000
0 0.557500 0.335833 0.058750 0.100000
0 0.113750 0.330417 0.071250 0.092500
0 0.968437 0.316667 0.063125 0.088333
0 0.023438 0.287917 0.046875 0.067500
0 0.270625 0.255833 0.062500 0.093333
0 0.530625 0.250000 0.067500 0.095000
0 0.663125 0.227500 0.067500 0.100000
0 0.360625 0.218750 0.070000 0.094167
0 0.234375 0.175000 0.067500 0.081667
0 0.048750 0.158333 0.061250 0.085000
0 0.300625 0.135833 0.065000 0.086667
0 0.133125 0.126667 0.070000 0.085000
0 0.561250 0.090000 0.076250 0.095000
0 0.020313 0.083333 0.040625 0.085000
0 0.677188 0.083750 0.063125 0.087500
0 0.744375 0.075833 0.070000 0.090000
0 0.881875 0.035417 0.062500 0.070833
0 0.701562 0.028750 0.061875 0.057500
0 0.314375 0.033333 0.057500 0.066667