0 0.810625 0.976250 0.057500 0.047500
0 0.130625 0.956667 0.070000 0.086667
0 0.175313 0.946667 0.060625 0.091667
0 0.796250 0.923333 0.056250 0.075000
0 0.443750 0.892500 0.056250 0.073333
0 0.039688 0.896667 0.079375 0.088333
0 0.352500 0.875833 0.058750 0.093333
0 0.147187 0.856250 0.054375 0.069167
0 0.670625 0.861667 0.057500 0.085000
0 0.741250 0.855833 0.063750 0.093333
0 0.983437 0.824167 0.033125 0.083333
0 0.408750 0.817500 0.063750 0.093333
0 0.146250 0.794167 0.061250 0.056667
0 0.520000 0.800833 0.063750 0.083333
0 0.587500 0.795833 0.061250 0.080000
0 0.941875 0.789167 0.055000 0.070000
0 0.295000 0.790000 0.066250 0.088333
0 0.873750 0.778750 0.048750 0.067500
0 0.695937 0.780833 0.054375 0.083333
0 0.906250 0.732500 0.061250 0.060000
0 0.061875 0.742917 0.067500 0.087500
0 0.151250 0.721667 0.063750 0.088333
0 0.741563 0.710000 0.059375 0.071667
0 0.274375 0.691667 0.057500 0.065000
0 0.662500 0.687500 0.053750 0.086667
0 0.455000 0.685833 0.078750 0.100000
0 0.385000 0.673333 0.048750 0.078333
0 0.601875 0.653333 0.060000 0.078333
0 0.296875 0.611667 0.057500 0.071667
0 0.781250 0.579167 0.053750 0.066667
0 0.844375 0.609167 0.067500 0.133333
0 0.606250 0.560000 0.058750 0.078333
0 0.662500 0.562500 0.053750 0.090000
0 0.328750 0.540417 0.061250 0.085833
0 0.904687 0.538333 0.061875 0.085000
0 0.503750 0.522500 0.061250 0.073333
0 0.136875 0.520000 0.060000 0.068333
0 0.221875 0.565833 0.150000 0.170000
0 0.717500 0.508333 0.058750 0.081667
0 0.238437 0.501250 0.060625 0.077500
0 0.641875 0.475417 0.055000 0.079167
0 0.520312 0.460833 0.056875 0.080000
0 0.416250 0.447500 0.051250 0.070000
0 0.203125 0.451250 0.060000 0.079167
0 0.808750 0.440417 0.068750 0.092500
0 0.143750 0.435833 0.071250 0.086667
0 0.367500 0.430000 0.058750 0.085000
0 0.070000 0.421667 0.056250 0.085000
0 0.568125 0.416667 0.065000 0.095000
0 0.314688 0.395000 0.060625 0.071667
0 0.642500 0.384167 0.053750 0.070000
0 0.204375 0.381250 0.057500 0.064167
0 0.455000 0.382500 0.066250 0.080000
0 0.517188 0.364167 0.056875 0.076667
0 0.280000 0.350000 0.053750 0.098333
0 0.760625 0.343333 0.087500 0.115000
0 0.871250 0.292500 0.056250 0.073333
0 0.710000 0.290833 0.068750 0.080000
0 0.505625 0.283333 0.060000 0.071667
0 0.195000 0.281667 0.058750 0.071667
0 0.672813 0.226250 0.045625 0.077500
0 0.786250 0.222500 0.051250 0.083333
0 0.355938 0.213333 0.061875 0.081667
0 0.947187 0.205417 0.059375 0.082500
0 0.274375 0.224583 0.080000 0.122500
0 0.073125 0.195000 0.065000 0.081667
0 0.846875 0.190000 0.060000 0.078333
0 0.622812 0.180000 0.054375 0.085000
0 0.233750 0.170000 0.066250 0.075000
0 0.500000 0.175833 0.086250 0.100000
0 0.803750 0.136667 0.063750 0.078333
0 0.447500 0.131250 0.056250 0.072500
0 0.581875 0.123333 0.052500 0.081667
0 0.075938 0.096667 0.066875 0.071667
0 0.975000 0.089583 0.050000 0.072500
0 0.406875 0.081667 0.070000 0.085000
0 0.683750 0.064167 0.051250 0.063333
0 0.933438 0.060833 0.053125 0.086667
0 0.831250 0.052500 0.071250 0.080000
0 0.365000 0.045000 0.058750 0.071667
0 0.860000 0.011667 0.051250 0.023333
0 0.643437 0.024583 0.058125 0.049167
0 0.580000 0.023333 0.058750 0.046667
0 0.185625 0.036250 0.057500 0.072500
0 0.073125 0.034583 0.103750 0.069167