0 0.644687 0.969167 0.068125 0.061667
0 0.879687 0.926667 0.068125 0.110000
0 0.114375 0.926250 0.062500 0.114167
0 0.463438 0.807083 0.065625 0.097500
0 0.556250 0.764583 0.062500 0.097500
0 0.503125 0.723333 0.075000 0.086667
0 0.227813 0.732083 0.074375 0.117500
0 0.477187 0.627917 0.075625 0.095833
0 0.800312 0.624583 0.064375 0.104167
0 0.586250 0.568333 0.075000 0.115000
0 0.639375 0.524167 0.068750 0.096667
0 0.081875 0.514583 0.070000 0.097500
0 0.304375 0.465000 0.073750 0.111667
0 0.376250 0.468333 0.060000 0.140000
0 0.820000 0.452083 0.072500 0.144167
0 0.053125 0.406667 0.057500 0.123333
0 0.082500 0.325000 0.067500 0.111667
0 0.351562 0.253333 0.066875 0.135000
0 0.079375 0.216250 0.071250 0.095833
0 0.216250 0.203750 0.078750 0.100833
0 0.551562 0.184583 0.073125 0.092500
0 0.766563 0.163750 0.075625 0.094167
0 0.374063 0.161667 0.061875 0.091667
0 0.467813 0.113750 0.079375 0.094167
0 0.327500 0.082500 0.071250 0.096667
0 0.567187 0.019583 0.071875 0.039167