0 0.715625 0.977083 0.067500 0.045833
0 0.153125 0.973333 0.060000 0.053333
0 0.965625 0.960000 0.068750 0.080000
0 0.857187 0.957500 0.070625 0.085000
0 0.025937 0.956250 0.051875 0.087500
0 0.270937 0.955000 0.071875 0.086667
0 0.752812 0.915000 0.090625 0.090000
0 0.164375 0.901667 0.053750 0.085000
0 0.423438 0.887083 0.071875 0.084167
0 0.882812 0.860417 0.059375 0.074167
0 0.029063 0.865833 0.058125 0.093333
0 0.968437 0.847500 0.063125 0.083333
0 0.744375 0.847500 0.071250 0.086667
0 0.830625 0.846250 0.058750 0.092500
0 0.443750 0.809583 0.067500 0.097500
0 0.737187 0.784583 0.069375 0.082500
0 0.918125 0.782500 0.067500 0.088333
0 0.079687 0.769583 0.105625 0.094167
0 0.667500 0.742083 0.063750 0.090833
0 0.971875 0.756250 0.056250 0.122500
0 0.599063 0.740417 0.070625 0.092500
0 0.955313 0.702500 0.085625 0.090000
0 0.437188 0.699167 0.069375 0.096667
0 0.068437 0.686250 0.100625 0.084167
0 0.504062 0.670417 0.075625 0.087500
0 0.664375 0.661667 0.063750 0.085000
0 0.916562 0.642917 0.060625 0.062500
0 0.723437 0.650833 0.063125 0.081667
0 0.134687 0.644583 0.063125 0.090833
0 0.774375 0.617917 0.068750 0.080833
0 0.062187 0.603750 0.065625 0.079167
0 0.859375 0.610417 0.097500 0.102500
0 0.974688 0.587917 0.050625 0.075833
0 0.645312 0.577500 0.054375 0.083333
0 0.024688 0.569583 0.049375 0.082500
0 0.707812 0.568750 0.073125 0.082500
0 0.101875 0.559167 0.053750 0.076667
0 0.487812 0.562500 0.059375 0.088333
0 0.150938 0.559167 0.051875 0.083333
0 0.920625 0.539583 0.072500 0.085833
0 0.555000 0.532917 0.102500 0.095833
0 0.866563 0.512917 0.054375 0.067500
0 0.619687 0.505000 0.061875 0.081667
0 0.013125 0.499583 0.026250 0.075833
0 0.664687 0.492917 0.054375 0.072500
0 0.733437 0.488333 0.046875 0.091667
0 0.777500 0.486250 0.071250 0.090833
0 0.183750 0.479167 0.062500 0.078333
0 0.285313 0.474167 0.068125 0.083333
0 0.058125 0.469583 0.062500 0.080833
0 0.436875 0.468750 0.068750 0.085833
0 0.894062 0.458750 0.064375 0.087500
0 0.362812 0.431250 0.068125 0.087500
0 0.825625 0.423750 0.051250 0.075833
0 0.630625 0.419167 0.071250 0.085000
0 0.932500 0.402500 0.067500 0.061667
0 0.485938 0.408333 0.065625 0.076667
0 0.556875 0.414583 0.068750 0.099167
0 0.062812 0.384583 0.069375 0.087500
0 0.345938 0.374167 0.064375 0.081667
0 0.136250 0.369583 0.050000 0.075833
0 0.964375 0.350417 0.071250 0.109167
0 0.892500 0.344583 0.061250 0.105833
0 0.099062 0.315833 0.065625 0.083333
0 0.965000 0.294167 0.070000 0.055000
0 0.286250 0.313750 0.073750 0.094167
0 0.604062 0.283750 0.061875 0.089167
0 0.903438 0.249167 0.069375 0.085000
0 0.328750 0.255000 0.066250 0.100000
0 0.157500 0.248750 0.067500 0.090833
0 0.220000 0.240000 0.067500 0.080000
0 0.267813 0.246250 0.055625 0.099167
0 0.688438 0.272917 0.086875 0.157500
0 0.098750 0.232083 0.060000 0.085833
0 0.628437 0.222083 0.074375 0.077500
0 0.954375 0.213750 0.061250 0.087500
0 0.232500 0.178333 0.076250 0.055000
0 0.901250 0.173333 0.058750 0.065000
0 0.354687 0.165417 0.063125 0.079167
0 0.021562 0.161250 0.043125 0.092500
0 0.077813 0.159167 0.073125 0.090000
0 0.136875 0.153750 0.046250 0.087500
0 0.647500 0.145000 0.063750 0.085000
0 0.851250 0.124583 0.067500 0.075833
0 0.408750 0.130833 0.065000 0.096667
0 0.305312 0.122083 0.073125 0.079167
0 0.784062 0.115417 0.064375 0.089167
0 0.511250 0.121667 0.080000 0.118333
0 0.718437 0.087500 0.065625 0.080000
0 0.945312 0.079167 0.055625 0.075000
0 0.263125 0.052500 0.063750 0.093333
0 0.926562 0.027500 0.058125 0.055000
0 0.876563 0.037500 0.048125 0.075000
0 0.834375 0.025417 0.058750 0.050833
0 0.201250 0.035417 0.072500 0.070833