0 0.583750 0.981250 0.063750 0.037500
0 0.328750 0.977083 0.071250 0.045833
0 0.409375 0.975417 0.075000 0.049167
0 0.029375 0.971250 0.058750 0.057500
0 0.258125 0.962917 0.062500 0.074167
0 0.710000 0.960417 0.056250 0.079167
0 0.193438 0.922500 0.068125 0.093333
0 0.954375 0.920833 0.072500 0.093333
0 0.380625 0.913333 0.072500 0.088333
0 0.759687 0.885833 0.074375 0.081667
0 0.143750 0.880417 0.077500 0.102500
0 0.663750 0.855833 0.068750 0.093333
0 0.879375 0.847500 0.072500 0.086667
0 0.513125 0.846667 0.067500 0.088333
0 0.736875 0.833333 0.071250 0.088333
0 0.442500 0.816667 0.071250 0.081667
0 0.809375 0.815833 0.067500 0.083333
0 0.575625 0.801667 0.065000 0.088333
0 0.245625 0.790000 0.067500 0.095000
0 0.093750 0.787500 0.068750 0.093333
0 0.018125 0.785000 0.036250 0.101667
0 0.758750 0.747083 0.073750 0.112500
0 0.483125 0.695000 0.070000 0.105000
0 0.690625 0.674167 0.067500 0.086667
0 0.237813 0.643333 0.059375 0.076667
0 0.127500 0.645833 0.061250 0.106667
0 0.551250 0.637500 0.065000 0.098333
0 0.405313 0.633333 0.070625 0.091667
0 0.854375 0.610833 0.070000 0.083333
0 0.772500 0.615833 0.071250 0.100000
0 0.582187 0.587083 0.069375 0.092500
0 0.210000 0.578333 0.071250 0.098333
0 0.449062 0.570833 0.070625 0.105000
0 0.084062 0.556250 0.074375 0.094167
0 0.903125 0.517500 0.070000 0.080000
0 0.648125 0.511667 0.067500 0.095000
0 0.388125 0.493333 0.072500 0.081667
0 0.051562 0.486250 0.073125 0.085833
0 0.253437 0.497083 0.095625 0.160833
0 0.836250 0.456667 0.066250 0.098333
0 0.522500 0.431667 0.073750 0.098333
0 0.594375 0.408333 0.075000 0.096667
0 0.666250 0.387500 0.063750 0.106667
0 0.301250 0.379167 0.073750 0.106667
0 0.984688 0.375833 0.030625 0.110000
0 0.539687 0.346667 0.071875 0.086667
0 0.916250 0.314167 0.066250 0.096667
0 0.802500 0.288333 0.073750 0.098333
0 0.502188 0.279583 0.073125 0.102500
0 0.730000 0.280000 0.063750 0.111667
0 0.075000 0.250000 0.078750 0.088333
0 0.144375 0.198333 0.062500 0.078333
0 0.305625 0.192500 0.060000 0.083333
0 0.061250 0.162083 0.081250 0.082500
0 0.989062 0.121250 0.021875 0.080833
0 0.649375 0.115000 0.065000 0.101667
0 0.082500 0.092500 0.072500 0.093333
0 0.883125 0.062500 0.070000 0.096667
0 0.954375 0.057083 0.067500 0.104167
0 0.024063 0.051250 0.048125 0.099167
0 0.800625 0.032083 0.072500 0.064167
0 0.542500 0.027083 0.066250 0.054167
0 0.298750 0.042917 0.071250 0.085833
0 0.188438 0.049583 0.086875 0.099167
0 0.113437 0.031250 0.074375 0.062500
0 0.053750 0.025000 0.045000 0.050000