0 0.890938 0.882917 0.060625 0.080833
0 0.782188 0.864167 0.088125 0.110000
0 0.289375 0.834583 0.073750 0.097500
0 0.946250 0.797083 0.073750 0.095833
0 0.104688 0.745000 0.076875 0.098333
0 0.757188 0.734583 0.056875 0.085833
0 0.024375 0.665000 0.048750 0.070000
0 0.912813 0.584583 0.066875 0.082500
0 0.386250 0.575833 0.065000 0.095000
0 0.655000 0.545417 0.067500 0.085833
0 0.449688 0.540833 0.061875 0.085000
0 0.296563 0.450000 0.071875 0.088333
0 0.454688 0.425417 0.073125 0.099167
0 0.889062 0.368333 0.074375 0.115000
0 0.550625 0.342917 0.077500 0.105833
0 0.765000 0.264167 0.060000 0.070000
0 0.260625 0.209167 0.065000 0.091667
0 0.737500 0.197083 0.053750 0.080833
0 0.407187 0.166667 0.083125 0.083333
0 0.198750 0.068750 0.102500 0.114167