0 0.131875 0.944583 0.068750 0.099167
0 0.735000 0.889583 0.070000 0.100833
0 0.915937 0.861667 0.071875 0.095000
0 0.977187 0.836250 0.045625 0.095833
0 0.371875 0.784167 0.065000 0.093333
0 0.170625 0.757500 0.060000 0.090000
0 0.218125 0.683750 0.067500 0.102500
0 0.702812 0.690000 0.095625 0.133333
0 0.320000 0.672083 0.075000 0.097500
0 0.475313 0.656250 0.060625 0.100833
0 0.534687 0.641667 0.058125 0.083333
0 0.835313 0.638333 0.070625 0.091667
0 0.959688 0.605417 0.066875 0.089167
0 0.688750 0.597917 0.058750 0.080833
0 0.749687 0.600000 0.071875 0.106667
0 0.912500 0.582917 0.072500 0.100833
0 0.244062 0.557500 0.059375 0.085000
0 0.820937 0.532083 0.056875 0.107500
0 0.167187 0.525833 0.080625 0.103333
0 0.975000 0.520000 0.050000 0.095000
0 0.278750 0.470833 0.072500 0.090000
0 0.650000 0.462917 0.070000 0.094167
0 0.150938 0.422500 0.070625 0.096667
0 0.450937 0.403750 0.063125 0.085833
0 0.531250 0.398333 0.076250 0.098333
0 0.874687 0.343333 0.058125 0.098333
0 0.391875 0.340000 0.061250 0.093333
0 0.280938 0.340833 0.073125 0.095000
0 0.110000 0.324583 0.077500 0.095833
0 0.774375 0.274583 0.068750 0.089167
0 0.253750 0.257083 0.068750 0.092500
0 0.898438 0.208750 0.073125 0.104167
0 0.954688 0.151250 0.071875 0.100833
0 0.092813 0.120000 0.066875 0.090000
0 0.740938 0.113750 0.084375 0.099167
0 0.340000 0.107500 0.063750 0.086667
0 0.387500 0.110833 0.053750 0.116667
0 0.492188 0.077917 0.071875 0.095833
0 0.042500 0.046667 0.075000 0.091667
0 0.284375 0.030833 0.078750 0.061667