0 0.170000 0.979583 0.066250 0.040833
0 0.350000 0.974167 0.066250 0.035000
0 0.685937 0.972500 0.061875 0.055000
0 0.933125 0.963750 0.073750 0.072500
0 0.441875 0.963750 0.060000 0.072500
0 0.011562 0.954167 0.023125 0.070000
0 0.645625 0.959167 0.070000 0.081667
0 0.758750 0.956250 0.061250 0.079167
0 0.500625 0.937500 0.060000 0.083333
0 0.349375 0.928750 0.065000 0.072500
0 0.977812 0.925417 0.044375 0.074167
0 0.050625 0.929167 0.055000 0.083333
0 0.555000 0.900000 0.063750 0.081667
0 0.929375 0.893750 0.060000 0.072500
0 0.697187 0.872083 0.053125 0.062500
0 0.402500 0.878333 0.056250 0.083333
0 0.086250 0.867917 0.053750 0.077500
0 0.971250 0.858333 0.057500 0.061667
0 0.611250 0.858750 0.051250 0.065833
0 0.157812 0.850000 0.059375 0.075000
0 0.327188 0.849167 0.071875 0.100000
0 0.740313 0.825417 0.061875 0.070833
0 0.493125 0.820000 0.067500 0.078333
0 0.967812 0.803333 0.064375 0.071667
0 0.292812 0.779583 0.053125 0.075833
0 0.033438 0.774167 0.051875 0.076667
0 0.153438 0.771250 0.071875 0.087500
0 0.654375 0.763333 0.062500 0.078333
0 0.712500 0.757083 0.050000 0.069167
0 0.110000 0.745417 0.061250 0.075833
0 0.464375 0.741667 0.061250 0.088333
0 0.365000 0.734583 0.070000 0.077500
0 0.844375 0.703333 0.062500 0.085000
0 0.099687 0.689167 0.059375 0.076667
0 0.242500 0.680000 0.058750 0.071667
0 0.985000 0.676667 0.030000 0.068333
0 0.638437 0.683333 0.055625 0.081667
0 0.383125 0.681667 0.066250 0.081667
0 0.310625 0.680417 0.067500 0.090833
0 0.706875 0.658333 0.057500 0.078333
0 0.177813 0.654583 0.065625 0.082500
0 0.815625 0.594167 0.052500 0.065000
0 0.663438 0.603750 0.059375 0.085833
0 0.258125 0.591667 0.067500 0.091667
0 0.618125 0.571250 0.068750 0.082500
0 0.752812 0.565000 0.050625 0.080000
0 0.180625 0.565833 0.065000 0.081667
0 0.448750 0.564167 0.081250 0.093333
0 0.585938 0.550000 0.065625 0.088333
0 0.110937 0.528333 0.054375 0.080000
0 0.789687 0.524167 0.061875 0.083333
0 0.346875 0.510833 0.067500 0.083333
0 0.229375 0.501667 0.062500 0.088333
0 0.541250 0.490833 0.053750 0.068333
0 0.157500 0.487917 0.053750 0.065833
0 0.932500 0.497500 0.092500 0.090000
0 0.772188 0.454583 0.065625 0.075833
0 0.885000 0.436667 0.060000 0.075000
0 0.259688 0.427083 0.055625 0.080833
0 0.687187 0.419167 0.064375 0.076667
0 0.222188 0.407500 0.051875 0.086667
0 0.165625 0.398333 0.057500 0.095000
0 0.816250 0.375833 0.063750 0.086667
0 0.527500 0.359583 0.058750 0.057500
0 0.898750 0.362500 0.052500 0.076667
0 0.622500 0.350417 0.062500 0.077500
0 0.350000 0.324167 0.056250 0.080000
0 0.663438 0.289583 0.059375 0.085833
0 0.847500 0.283333 0.056250 0.075000
0 0.037187 0.276667 0.049375 0.086667
0 0.443125 0.267500 0.057500 0.076667
0 0.896250 0.245833 0.063750 0.073333
0 0.620000 0.230833 0.055000 0.076667
0 0.252812 0.222500 0.058125 0.076667
0 0.180625 0.227500 0.067500 0.091667
0 0.820625 0.207917 0.055000 0.072500
0 0.423750 0.198333 0.053750 0.075000
0 0.090313 0.187917 0.069375 0.064167
0 0.337500 0.187500 0.066250 0.083333
0 0.530000 0.176667 0.086250 0.105000
0 0.396562 0.129583 0.055625 0.077500
0 0.066250 0.122083 0.058750 0.074167
0 0.165625 0.130833 0.077500 0.103333
0 0.301563 0.108750 0.051875 0.074167
0 0.757812 0.107500 0.055625 0.083333
0 0.913438 0.098750 0.055625 0.084167
0 0.017812 0.090833 0.035625 0.080000
0 0.106875 0.055417 0.051250 0.077500
0 0.860625 0.047500 0.057500 0.075000
0 0.562500 0.016250 0.061250 0.032500
0 0.265000 0.040417 0.071250 0.080833
0 0.061250 0.045833 0.082500 0.091667