0 0.515938 0.929583 0.085625 0.089167
0 0.958125 0.917083 0.083750 0.100833
0 0.146563 0.866667 0.071875 0.090000
0 0.628437 0.872917 0.075625 0.104167
0 0.217812 0.800000 0.069375 0.093333
0 0.304063 0.780000 0.050625 0.071667
0 0.400000 0.790833 0.066250 0.095000
0 0.056875 0.766667 0.076250 0.076667
0 0.302812 0.697083 0.071875 0.089167
0 0.776563 0.690833 0.069375 0.090000
0 0.178125 0.682917 0.068750 0.095833
0 0.043125 0.669583 0.058750 0.087500
0 0.765000 0.566250 0.082500 0.092500
0 0.431875 0.560417 0.068750 0.082500
0 0.317500 0.567083 0.076250 0.100833
0 0.630625 0.542500 0.067500 0.090000
0 0.980625 0.502917 0.038750 0.087500
0 0.110000 0.464167 0.063750 0.098333
0 0.632812 0.441667 0.049375 0.076667
0 0.579375 0.402500 0.065000 0.106667
0 0.676562 0.358750 0.063125 0.075833
0 0.637813 0.297500 0.074375 0.075000
0 0.861563 0.303750 0.065625 0.095833
0 0.930000 0.292917 0.071250 0.097500
0 0.436250 0.285000 0.065000 0.098333
0 0.089063 0.260417 0.060625 0.090833
0 0.149688 0.256667 0.065625 0.090000
0 0.316563 0.240000 0.076875 0.088333
0 0.666250 0.217500 0.063750 0.075000
0 0.575000 0.214167 0.083750 0.093333
0 0.846562 0.191667 0.069375 0.090000
0 0.232187 0.150833 0.071875 0.091667
0 0.626563 0.141250 0.079375 0.090833
0 0.895625 0.128750 0.071250 0.095833
0 0.395625 0.042083 0.060000 0.084167