0 0.204375 0.985000 0.056250 0.030000
0 0.862187 0.981250 0.046875 0.037500
0 0.688125 0.980833 0.048750 0.038333
0 0.073438 0.975000 0.056875 0.050000
0 0.387500 0.974583 0.063750 0.050833
0 0.940937 0.966667 0.083125 0.066667
0 0.266562 0.958333 0.066875 0.083333
0 0.575313 0.951250 0.058125 0.084167
0 0.625313 0.939167 0.056875 0.083333
0 0.117500 0.928750 0.053750 0.072500
0 0.160625 0.920000 0.068750 0.071667
0 0.334062 0.915417 0.055625 0.079167
0 0.476250 0.909583 0.063750 0.090833
0 0.400625 0.894583 0.058750 0.077500
0 0.984062 0.899167 0.031875 0.091667
0 0.016875 0.894583 0.033750 0.087500
0 0.917188 0.875417 0.055625 0.069167
0 0.553750 0.880417 0.065000 0.084167
0 0.228125 0.868750 0.070000 0.070833
0 0.620000 0.844167 0.052500 0.075000
0 0.760625 0.834583 0.056250 0.084167
0 0.358750 0.820833 0.065000 0.100000
0 0.569688 0.807917 0.050625 0.077500
0 0.245625 0.797500 0.056250 0.076667
0 0.735313 0.789167 0.053125 0.071667
0 0.503437 0.785417 0.058125 0.074167
0 0.041563 0.780417 0.064375 0.077500
0 0.928438 0.781667 0.086875 0.090000
0 0.431875 0.794583 0.063750 0.117500
0 0.656875 0.759583 0.071250 0.090833
0 0.875938 0.757083 0.049375 0.087500
0 0.803438 0.741667 0.065625 0.075000
0 0.185000 0.745000 0.060000 0.081667
0 0.111562 0.736667 0.059375 0.075000
0 0.788438 0.690833 0.073125 0.075000
0 0.515938 0.686250 0.050625 0.075833
0 0.352187 0.669167 0.059375 0.078333
0 0.012188 0.657917 0.024375 0.077500
0 0.567187 0.660417 0.073125 0.089167
0 0.067187 0.651667 0.060625 0.088333
0 0.761250 0.637500 0.056250 0.083333
0 0.132812 0.637500 0.049375 0.105000
0 0.425000 0.625833 0.062500 0.086667
0 0.930000 0.613750 0.060000 0.075833
0 0.589063 0.603333 0.066875 0.073333
0 0.259062 0.597500 0.054375 0.070000
0 0.192812 0.614583 0.071875 0.122500
0 0.495000 0.594583 0.060000 0.092500
0 0.904375 0.582917 0.063750 0.075833
0 0.751250 0.564583 0.055000 0.065833
0 0.402187 0.559583 0.066875 0.077500
0 0.632812 0.530417 0.049375 0.067500
0 0.260000 0.527917 0.055000 0.070833
0 0.835313 0.529167 0.059375 0.091667
0 0.145625 0.515000 0.058750 0.068333
0 0.330625 0.519167 0.061250 0.085000
0 0.749375 0.500833 0.062500 0.071667
0 0.022812 0.506667 0.045625 0.083333
0 0.957812 0.500833 0.061875 0.095000
0 0.490625 0.491667 0.058750 0.080000
0 0.570625 0.496667 0.071250 0.116667
0 0.817500 0.472500 0.058750 0.076667
0 0.396875 0.463333 0.070000 0.078333
0 0.667188 0.459583 0.065625 0.077500
0 0.610938 0.455000 0.049375 0.080000
0 0.225938 0.457083 0.061875 0.085833
0 0.896563 0.453750 0.059375 0.080833
0 0.164375 0.420417 0.056250 0.079167
0 0.735938 0.410417 0.064375 0.074167
0 0.325000 0.410000 0.066250 0.078333
0 0.625938 0.393333 0.061875 0.053333
0 0.257812 0.380417 0.040625 0.079167
0 0.721875 0.372500 0.066250 0.068333
0 0.974688 0.378333 0.050625 0.081667
0 0.057500 0.390000 0.062500 0.105000
0 0.170313 0.367917 0.059375 0.064167
0 0.808125 0.376667 0.061250 0.095000
0 0.551562 0.367083 0.048125 0.089167
0 0.456875 0.346667 0.067500 0.081667
0 0.884375 0.343750 0.066250 0.082500
0 0.284375 0.334583 0.058750 0.077500
0 0.110625 0.333750 0.060000 0.084167
0 0.367812 0.327917 0.060625 0.075833
0 0.439375 0.315833 0.053750 0.085000
0 0.615313 0.310000 0.066875 0.076667
0 0.967500 0.294583 0.052500 0.094167
0 0.248125 0.285000 0.052500 0.076667
0 0.173750 0.279583 0.062500 0.074167
0 0.833438 0.277500 0.053125 0.075000
0 0.512500 0.277083 0.061250 0.077500
0 0.414687 0.249167 0.063125 0.070000
0 0.572500 0.242917 0.055000 0.072500
0 0.126875 0.239583 0.073750 0.080833
0 0.884687 0.232083 0.059375 0.072500
0 0.971875 0.226250 0.056250 0.074167
0 0.670937 0.229583 0.064375 0.085833
0 0.343125 0.225417 0.063750 0.112500
0 0.237187 0.195417 0.063125 0.070833
0 0.818438 0.184167 0.053125 0.078333
0 0.030937 0.184167 0.061875 0.078333
0 0.555312 0.169167 0.078125 0.066667
0 0.279687 0.172083 0.058125 0.074167
0 0.773125 0.162083 0.055000 0.074167
0 0.187188 0.169167 0.068125 0.111667
0 0.912813 0.153333 0.065625 0.081667
0 0.416875 0.144167 0.063750 0.071667
0 0.882500 0.122083 0.056250 0.075833
0 0.975938 0.104583 0.048125 0.077500
0 0.404062 0.093333 0.060625 0.063333
0 0.033125 0.092500 0.066250 0.075000
0 0.604375 0.098333 0.056250 0.091667
0 0.532188 0.085000 0.054375 0.073333
0 0.140625 0.071250 0.051250 0.082500
0 0.190312 0.054583 0.066875 0.074167
0 0.277500 0.050000 0.062500 0.081667
0 0.929375 0.045000 0.058750 0.080000
0 0.807500 0.039167 0.065000 0.078333
0 0.465000 0.038333 0.051250 0.076667
0 0.083125 0.035417 0.058750 0.070833