0 0.050937 0.921250 0.063125 0.085833
0 0.227500 0.872083 0.066250 0.072500
0 0.333125 0.874583 0.071250 0.089167
0 0.040313 0.837917 0.064375 0.082500
0 0.361875 0.835417 0.053750 0.079167
0 0.814063 0.806250 0.078125 0.090833
0 0.180312 0.801250 0.075625 0.095833
0 0.455000 0.786667 0.060000 0.068333
0 0.135937 0.732917 0.079375 0.085833
0 0.755938 0.716667 0.073125 0.108333
0 0.513125 0.681250 0.065000 0.082500
0 0.819688 0.641250 0.110625 0.082500
0 0.675312 0.618333 0.060625 0.078333
0 0.385937 0.611250 0.053125 0.069167
0 0.278438 0.585417 0.110625 0.089167
0 0.571562 0.572083 0.064375 0.075833
0 0.735938 0.546250 0.060625 0.089167
0 0.320625 0.509583 0.037500 0.047500
0 0.361563 0.470833 0.061875 0.076667
0 0.937187 0.452500 0.101875 0.058333
0 0.148750 0.434167 0.073750 0.095000
0 0.222812 0.343750 0.081875 0.094167
0 0.818750 0.310833 0.086250 0.083333
0 0.314375 0.278333 0.082500 0.061667
0 0.193438 0.248333 0.055625 0.068333
0 0.771563 0.249583 0.073125 0.080833
0 0.579063 0.250417 0.078125 0.097500
0 0.200625 0.186250 0.075000 0.080833
0 0.966250 0.041667 0.067500 0.083333
0 0.740625 0.035417 0.062500 0.070833