0 0.930000 0.975000 0.078750 0.050000
0 0.252812 0.973750 0.069375 0.052500
0 0.129688 0.972500 0.068125 0.055000
0 0.420312 0.962917 0.069375 0.074167
0 0.179375 0.962083 0.072500 0.075833
0 0.273750 0.921667 0.073750 0.085000
0 0.899375 0.925833 0.068750 0.098333
0 0.598125 0.900417 0.065000 0.080833
0 0.744687 0.894583 0.069375 0.087500
0 0.023438 0.885417 0.046875 0.087500
0 0.641563 0.866250 0.066875 0.090833
0 0.686250 0.838333 0.075000 0.096667
0 0.118438 0.818750 0.068125 0.092500
0 0.398438 0.797917 0.070625 0.095833
0 0.223438 0.785000 0.060625 0.078333
0 0.294687 0.771250 0.068125 0.089167
0 0.462187 0.775833 0.065625 0.100000
0 0.580000 0.759167 0.066250 0.096667
0 0.773750 0.727917 0.075000 0.094167
0 0.062187 0.694583 0.055625 0.074167
0 0.883437 0.685000 0.069375 0.083333
0 0.435000 0.689583 0.065000 0.099167
0 0.212812 0.671250 0.068125 0.102500
0 0.366563 0.658333 0.070625 0.103333
0 0.722187 0.642917 0.078125 0.094167
0 0.645938 0.606667 0.065625 0.085000
0 0.245000 0.600833 0.062500 0.096667
0 0.153438 0.601667 0.070625 0.098333
0 0.588125 0.581250 0.063750 0.084167
0 0.096875 0.553333 0.063750 0.081667
0 0.030000 0.537500 0.060000 0.086667
0 0.498125 0.538750 0.063750 0.094167
0 0.562187 0.515833 0.063125 0.085000
0 0.848125 0.513333 0.066250 0.085000
0 0.969688 0.495833 0.060625 0.098333
0 0.384688 0.459583 0.083125 0.075833
0 0.810625 0.448333 0.067500 0.086667
0 0.505000 0.436667 0.067500 0.093333
0 0.661563 0.409167 0.064375 0.090000
0 0.250625 0.395833 0.070000 0.083333
0 0.136563 0.396667 0.083125 0.101667
0 0.380000 0.370833 0.086250 0.100000
0 0.980625 0.351250 0.038750 0.090833
0 0.800937 0.284583 0.060625 0.082500
0 0.296250 0.257917 0.063750 0.077500
0 0.400000 0.259167 0.066250 0.091667
0 0.538125 0.224167 0.070000 0.086667
0 0.858750 0.223750 0.067500 0.094167
0 0.973750 0.182500 0.052500 0.100000
0 0.062500 0.171667 0.063750 0.078333
0 0.264375 0.174583 0.068750 0.089167
0 0.729375 0.172500 0.060000 0.091667
0 0.018125 0.169167 0.036250 0.096667
0 0.819063 0.146667 0.064375 0.086667
0 0.924687 0.148750 0.063125 0.094167
0 0.335938 0.140833 0.063125 0.093333
0 0.058438 0.113333 0.069375 0.073333
0 0.472500 0.116667 0.061250 0.085000
0 0.116562 0.110833 0.068125 0.091667
0 0.553438 0.079583 0.065625 0.087500
0 0.805000 0.076250 0.070000 0.092500
0 0.665312 0.055417 0.061875 0.090833
0 0.881563 0.030000 0.044375 0.060000
0 0.117500 0.027500 0.063750 0.055000