0 0.794063 0.974583 0.048125 0.050833
0 0.921875 0.973333 0.061250 0.053333
0 0.310625 0.972083 0.067500 0.055833
0 0.579375 0.957083 0.052500 0.079167
0 0.739688 0.955417 0.063125 0.089167
0 0.101250 0.920833 0.061250 0.083333
0 0.402500 0.919167 0.058750 0.086667
0 0.568125 0.878333 0.067500 0.091667
0 0.775312 0.838333 0.060625 0.081667
0 0.430000 0.788333 0.048750 0.068333
0 0.639375 0.814583 0.047500 0.122500
0 0.274687 0.762500 0.068125 0.086667
0 0.722812 0.764167 0.064375 0.095000
0 0.184375 0.745417 0.060000 0.084167
0 0.583750 0.735833 0.068750 0.111667
0 0.666250 0.730000 0.053750 0.105000
0 0.526250 0.693750 0.061250 0.090833
0 0.071250 0.691250 0.081250 0.095833
0 0.928125 0.628333 0.055000 0.080000
0 0.113750 0.619583 0.058750 0.084167
0 0.609375 0.604167 0.060000 0.093333
0 0.757812 0.592917 0.058125 0.089167
0 0.016563 0.564167 0.033125 0.108333
0 0.286250 0.541250 0.061250 0.084167
0 0.697500 0.536667 0.057500 0.078333
0 0.620625 0.499167 0.062500 0.126667
0 0.403750 0.462500 0.055000 0.075000
0 0.134375 0.460417 0.062500 0.100833
0 0.657500 0.435417 0.062500 0.080833
0 0.057188 0.419583 0.055625 0.099167
0 0.166250 0.403750 0.072500 0.089167
0 0.812500 0.411667 0.048750 0.110000
0 0.865938 0.361667 0.074375 0.088333
0 0.727500 0.344167 0.058750 0.093333
0 0.140937 0.322083 0.060625 0.080833
0 0.230625 0.297917 0.060000 0.085833
0 0.624062 0.293750 0.060625 0.084167
0 0.835938 0.247083 0.066875 0.085833
0 0.490000 0.228333 0.058750 0.088333
0 0.037500 0.214583 0.057500 0.062500
0 0.899375 0.210833 0.061250 0.080000
0 0.333437 0.217500 0.063125 0.105000
0 0.224375 0.185000 0.065000 0.086667
0 0.117188 0.187500 0.074375 0.116667
0 0.833750 0.156250 0.046250 0.087500
0 0.880313 0.159167 0.068125 0.095000
0 0.979688 0.143333 0.040625 0.098333
0 0.390000 0.142917 0.063750 0.105833
0 0.938438 0.099167 0.066875 0.100000
0 0.435000 0.093750 0.053750 0.097500
0 0.078125 0.084167 0.055000 0.093333
0 0.325625 0.060833 0.068750 0.093333
0 0.896563 0.024167 0.063125 0.048333
0 0.175937 0.027500 0.060625 0.055000