0 0.463125 0.959167 0.071250 0.081667
0 0.783438 0.938750 0.070625 0.104167
0 0.676562 0.920417 0.068125 0.085833
0 0.904062 0.894167 0.070625 0.080000
0 0.248125 0.894583 0.068750 0.092500
0 0.319688 0.888750 0.064375 0.084167
0 0.509062 0.887917 0.063125 0.085833
0 0.437188 0.876250 0.071875 0.085833
0 0.346250 0.819583 0.066250 0.089167
0 0.905937 0.813333 0.080625 0.080000
0 0.648750 0.795000 0.072500 0.083333
0 0.819688 0.782500 0.069375 0.093333
0 0.775937 0.762500 0.054375 0.085000
0 0.316250 0.754167 0.062500 0.090000
0 0.945625 0.751250 0.062500 0.085833
0 0.376875 0.756667 0.057500 0.098333
0 0.869375 0.729583 0.077500 0.075833
0 0.016250 0.738333 0.032500 0.093333
0 0.495625 0.723750 0.063750 0.080833
0 0.705000 0.730000 0.075000 0.108333
0 0.255937 0.683333 0.069375 0.093333
0 0.564688 0.633750 0.055625 0.075833
0 0.899375 0.627917 0.062500 0.089167
0 0.756250 0.619167 0.065000 0.091667
0 0.052187 0.625417 0.059375 0.107500
0 0.121563 0.596667 0.071875 0.093333
0 0.522500 0.566667 0.063750 0.078333
0 0.922188 0.537083 0.069375 0.092500
0 0.579063 0.493750 0.058125 0.077500
0 0.416250 0.493750 0.057500 0.090833
0 0.279687 0.492500 0.056875 0.091667
0 0.130312 0.487917 0.070625 0.095833
0 0.248438 0.468750 0.058125 0.102500
0 0.184688 0.440000 0.056875 0.086667
0 0.765625 0.437917 0.071250 0.092500
0 0.472813 0.423333 0.073125 0.090000
0 0.402813 0.415833 0.073125 0.105000
0 0.335000 0.407917 0.068750 0.095833
0 0.556562 0.395417 0.065625 0.089167
0 0.787500 0.383750 0.087500 0.104167
0 0.848125 0.362083 0.103750 0.110833
0 0.218750 0.318750 0.062500 0.085833
0 0.158750 0.288750 0.068750 0.094167
0 0.972187 0.278750 0.055625 0.087500
0 0.258437 0.265833 0.064375 0.073333
0 0.401250 0.272083 0.065000 0.087500
0 0.850625 0.264167 0.065000 0.080000
0 0.939063 0.196250 0.060625 0.085833
0 0.022187 0.191667 0.044375 0.103333
0 0.841250 0.171250 0.070000 0.090833
0 0.492500 0.175417 0.066250 0.100833
0 0.171250 0.136250 0.066250 0.084167
0 0.398125 0.133750 0.072500 0.095833
0 0.086250 0.097917 0.082500 0.082500
0 0.360312 0.074583 0.070625 0.094167
0 0.524062 0.066250 0.068125 0.092500
0 0.215938 0.061250 0.075625 0.087500
0 0.644687 0.026667 0.089375 0.053333
0 0.461875 0.044583 0.067500 0.089167
0 0.106250 0.028750 0.078750 0.057500