0 0.935625 0.979583 0.062500 0.040833
0 0.429375 0.968750 0.072500 0.062500
0 0.355312 0.963750 0.074375 0.072500
0 0.096250 0.959167 0.066250 0.076667
0 0.717500 0.953750 0.078750 0.092500
0 0.225000 0.950000 0.073750 0.098333
0 0.579375 0.930833 0.082500 0.096667
0 0.283125 0.898333 0.067500 0.095000
0 0.407500 0.890833 0.078750 0.090000
0 0.029063 0.877500 0.058125 0.090000
0 0.746250 0.860000 0.071250 0.095000
0 0.088125 0.828333 0.100000 0.085000
0 0.818125 0.825833 0.062500 0.090000
0 0.426875 0.797500 0.060000 0.096667
0 0.556875 0.781667 0.075000 0.091667
0 0.631875 0.766667 0.075000 0.085000
0 0.128750 0.735833 0.063750 0.090000
0 0.030937 0.733333 0.061875 0.091667
0 0.979062 0.696667 0.041875 0.091667
0 0.324375 0.693333 0.067500 0.088333
0 0.516875 0.679167 0.085000 0.083333
0 0.723125 0.678333 0.062500 0.085000
0 0.627500 0.660833 0.068750 0.086667
0 0.038750 0.639167 0.066250 0.080000
0 0.233750 0.612500 0.066250 0.093333
0 0.793125 0.566667 0.070000 0.098333
0 0.444375 0.556250 0.060000 0.079167
0 0.363125 0.540000 0.085000 0.145000
0 0.109375 0.481667 0.070000 0.091667
0 0.801875 0.474167 0.070000 0.083333
0 0.926875 0.452500 0.062500 0.080000
0 0.441875 0.455000 0.067500 0.088333
0 0.214375 0.463333 0.082500 0.108333
0 0.588125 0.436250 0.057500 0.082500
0 0.160000 0.385833 0.071250 0.100000
0 0.970313 0.370000 0.059375 0.091667
0 0.606250 0.351667 0.068750 0.088333
0 0.882500 0.316667 0.068750 0.088333
0 0.470000 0.310833 0.076250 0.093333
0 0.525000 0.195833 0.068750 0.093333
0 0.765625 0.176667 0.067500 0.101667
0 0.204375 0.171667 0.067500 0.098333
0 0.648125 0.120833 0.072500 0.086667
0 0.452500 0.117500 0.061250 0.083333
0 0.343750 0.108333 0.071250 0.091667
0 0.130000 0.095833 0.063750 0.090000
0 0.256875 0.057500 0.072500 0.098333
0 0.737500 0.038750 0.071250 0.077500
0 0.367500 0.022083 0.071250 0.044167
0 0.268750 0.012083 0.062500 0.024167
0 0.033750 0.022083 0.066250 0.044167