0 0.651563 0.970000 0.053125 0.060000
0 0.522188 0.943750 0.061875 0.084167
0 0.384688 0.924167 0.059375 0.075000
0 0.078437 0.925000 0.063125 0.081667
0 0.464375 0.926250 0.058750 0.087500
0 0.305000 0.905417 0.061250 0.075833
0 0.745000 0.912500 0.060000 0.098333
0 0.170937 0.898750 0.064375 0.080833
0 0.450000 0.872917 0.066250 0.065833
0 0.634062 0.880417 0.059375 0.085833
0 0.159688 0.846250 0.056875 0.065833
0 0.257500 0.841250 0.072500 0.069167
0 0.024375 0.849167 0.048750 0.091667
0 0.360938 0.847917 0.056875 0.092500
0 0.616875 0.810833 0.060000 0.086667
0 0.431250 0.784167 0.060000 0.080000
0 0.304063 0.773333 0.060625 0.070000
0 0.222500 0.768750 0.063750 0.067500
0 0.508750 0.768333 0.062500 0.070000
0 0.936562 0.781250 0.084375 0.112500
0 0.016250 0.759583 0.032500 0.085833
0 0.675312 0.760000 0.061875 0.096667
0 0.571875 0.733750 0.063750 0.079167
0 0.293750 0.727917 0.062500 0.067500
0 0.415625 0.727083 0.065000 0.074167
0 0.823750 0.725417 0.063750 0.074167
0 0.492500 0.725833 0.058750 0.078333
0 0.149375 0.708750 0.051250 0.069167
0 0.671562 0.690000 0.068125 0.071667
0 0.046562 0.690000 0.089375 0.078333
0 0.219062 0.679583 0.064375 0.080833
0 0.977812 0.690000 0.044375 0.111667
0 0.895000 0.679167 0.060000 0.098333
0 0.603125 0.656250 0.063750 0.077500
0 0.768437 0.660417 0.065625 0.087500
0 0.290938 0.637917 0.060625 0.082500
0 0.565312 0.635000 0.061875 0.091667
0 0.842812 0.626667 0.065625 0.091667
0 0.145000 0.618333 0.055000 0.075000
0 0.393750 0.617500 0.065000 0.075000
0 0.202500 0.609167 0.060000 0.073333
0 0.044687 0.610833 0.056875 0.076667
0 0.670625 0.610000 0.060000 0.081667
0 0.096250 0.582500 0.047500 0.061667
0 0.728125 0.582083 0.062500 0.072500
0 0.622812 0.584583 0.059375 0.077500
0 0.926250 0.578333 0.072500 0.073333
0 0.804375 0.567500 0.071250 0.081667
0 0.458437 0.565833 0.058125 0.086667
0 0.349687 0.562917 0.065625 0.087500
0 0.181250 0.534583 0.052500 0.089167
0 0.100937 0.527917 0.059375 0.080833
0 0.889687 0.507083 0.059375 0.082500
0 0.744687 0.496667 0.070625 0.086667
0 0.026250 0.483333 0.052500 0.078333
0 0.698750 0.467500 0.086250 0.055000
0 0.830313 0.477500 0.055625 0.078333
0 0.322188 0.472917 0.065625 0.077500
0 0.419687 0.477917 0.063125 0.090833
0 0.281250 0.464167 0.052500 0.081667
0 0.139063 0.457917 0.060625 0.069167
0 0.062187 0.449167 0.060625 0.075000
0 0.216875 0.443750 0.053750 0.077500
0 0.954375 0.446667 0.065000 0.085000
0 0.605000 0.442917 0.062500 0.082500
0 0.780625 0.441250 0.061250 0.085833
0 0.139063 0.408333 0.056875 0.061667
0 0.450000 0.392917 0.062500 0.084167
0 0.525625 0.395833 0.058750 0.095000
0 0.341562 0.376667 0.061875 0.080000
0 0.693438 0.373750 0.063125 0.082500
0 0.079375 0.372917 0.060000 0.082500
0 0.025937 0.376667 0.051875 0.110000
0 0.605625 0.359167 0.060000 0.085000
0 0.230937 0.352500 0.059375 0.081667
0 0.787500 0.339167 0.060000 0.083333
0 0.150938 0.327083 0.075625 0.069167
0 0.970000 0.317083 0.060000 0.080833
0 0.303125 0.315417 0.062500 0.082500
0 0.855625 0.314583 0.058750 0.092500
0 0.485625 0.308333 0.062500 0.086667
0 0.394688 0.303333 0.056875 0.081667
0 0.558750 0.296250 0.065000 0.074167
0 0.640938 0.293333 0.064375 0.080000
0 0.090938 0.282083 0.098125 0.070833
0 0.722812 0.279167 0.068125 0.085000
0 0.363125 0.282500 0.065000 0.093333
0 0.264375 0.266250 0.045000 0.065833
0 0.544063 0.248750 0.065625 0.075833
0 0.441875 0.241667 0.056250 0.071667
0 0.913750 0.246250 0.070000 0.084167
0 0.791562 0.237500 0.063125 0.083333
0 0.178750 0.235417 0.061250 0.085833
0 0.410000 0.206250 0.060000 0.080833
0 0.039688 0.201667 0.079375 0.088333
0 0.249688 0.192083 0.056875 0.072500
0 0.528125 0.181250 0.050000 0.089167
0 0.714063 0.175833 0.061875 0.083333
0 0.321562 0.173750 0.065625 0.105833
0 0.937813 0.147500 0.073125 0.083333
0 0.471875 0.146250 0.066250 0.099167
0 0.860000 0.134167 0.058750 0.081667
0 0.235313 0.121667 0.063125 0.078333
0 0.396875 0.102917 0.060000 0.075833
0 0.643750 0.085000 0.060000 0.091667
0 0.264688 0.069167 0.059375 0.081667
0 0.338750 0.062083 0.063750 0.099167
0 0.864062 0.029167 0.060625 0.058333
0 0.803750 0.022917 0.057500 0.045833
0 0.708438 0.035833 0.059375 0.071667
0 0.585000 0.024583 0.060000 0.049167
0 0.508125 0.049583 0.088750 0.099167
0 0.161875 0.043750 0.073750 0.087500
0 0.043750 0.036250 0.087500 0.072500