0 0.299063 0.979167 0.050625 0.041667
0 0.867500 0.978750 0.060000 0.042500
0 0.453125 0.976667 0.052500 0.046667
0 0.557500 0.975417 0.065000 0.049167
0 0.780312 0.971250 0.056875 0.057500
0 0.719063 0.971250 0.056875 0.057500
0 0.945625 0.960000 0.056250 0.080000
0 0.245312 0.942083 0.043125 0.060833
0 0.635938 0.947500 0.049375 0.090000
0 0.362187 0.936250 0.059375 0.074167
0 0.030937 0.932917 0.056875 0.077500
0 0.573438 0.935833 0.068125 0.085000
0 0.882812 0.932917 0.055625 0.085833
0 0.305625 0.922500 0.052500 0.070000
0 0.689688 0.934167 0.059375 0.108333
0 0.834063 0.929167 0.051875 0.100000
0 0.168437 0.905833 0.044375 0.056667
0 0.672188 0.870833 0.046875 0.076667
0 0.099062 0.867083 0.053125 0.079167
0 0.590313 0.863333 0.068125 0.075000
0 0.050313 0.862083 0.045625 0.072500
0 0.771875 0.886250 0.071250 0.122500
0 0.179375 0.857917 0.063750 0.065833
0 0.815625 0.859583 0.052500 0.100833
0 0.865938 0.837500 0.056875 0.081667
0 0.243125 0.820000 0.056250 0.065000
0 0.453437 0.854583 0.078125 0.147500
0 0.981875 0.808333 0.036250 0.088333
0 0.675000 0.794167 0.051250 0.073333
0 0.752500 0.797917 0.067500 0.085833
0 0.188438 0.794167 0.063125 0.078333
0 0.623750 0.789583 0.047500 0.082500
0 0.556875 0.782083 0.058750 0.074167
0 0.289687 0.763333 0.050625 0.066667
0 0.486250 0.782083 0.075000 0.107500
0 0.083125 0.753333 0.052500 0.075000
0 0.226875 0.748333 0.067500 0.076667
0 0.944375 0.736250 0.063750 0.109167
0 0.363750 0.710833 0.056250 0.091667
0 0.167187 0.691667 0.051875 0.065000
0 0.028125 0.682500 0.052500 0.063333
0 0.304063 0.685417 0.058125 0.080833
0 0.449375 0.668333 0.067500 0.100000
0 0.555312 0.650833 0.055625 0.078333
0 0.685312 0.646250 0.058125 0.079167
0 0.876250 0.653750 0.053750 0.095833
0 0.930312 0.655417 0.045625 0.102500
0 0.974688 0.660000 0.050625 0.113333
0 0.025313 0.622917 0.050625 0.064167
0 0.628750 0.606250 0.056250 0.074167
0 0.503437 0.624167 0.054375 0.120000
0 0.146250 0.622083 0.080000 0.117500
0 0.106250 0.602917 0.048750 0.085833
0 0.819375 0.595833 0.060000 0.078333
0 0.061562 0.581667 0.053125 0.075000
0 0.552813 0.575000 0.051875 0.070000
0 0.201250 0.570417 0.076250 0.080833
0 0.124063 0.557083 0.043125 0.062500
0 0.079375 0.537917 0.053750 0.065833
0 0.174063 0.532500 0.065625 0.063333
0 0.639687 0.533333 0.050625 0.071667
0 0.028438 0.515000 0.046875 0.075000
0 0.513750 0.521667 0.056250 0.093333
0 0.575313 0.509583 0.060625 0.072500
0 0.168437 0.507500 0.076875 0.070000
0 0.191875 0.459167 0.056250 0.063333
0 0.787813 0.459583 0.056875 0.079167
0 0.949688 0.458333 0.068125 0.080000
0 0.477812 0.458750 0.059375 0.084167
0 0.709375 0.465000 0.068750 0.116667
0 0.025313 0.432083 0.050625 0.077500
0 0.542813 0.419167 0.050625 0.080000
0 0.045937 0.404167 0.053125 0.050000
0 0.731563 0.393333 0.056875 0.070000
0 0.822500 0.386667 0.066250 0.073333
0 0.055313 0.364167 0.050625 0.051667
0 0.915000 0.378333 0.062500 0.083333
0 0.979375 0.366667 0.041250 0.078333
0 0.432500 0.336250 0.052500 0.072500
0 0.824063 0.323333 0.058125 0.066667
0 0.612187 0.322083 0.045625 0.065833
0 0.510000 0.332500 0.088750 0.095000
0 0.315937 0.312917 0.060625 0.072500
0 0.926250 0.298750 0.065000 0.084167
0 0.287187 0.267917 0.044375 0.062500
0 0.979688 0.270000 0.040625 0.088333
0 0.334375 0.257083 0.047500 0.062500
0 0.056875 0.255417 0.041250 0.059167
0 0.236875 0.247083 0.047500 0.077500
0 0.097187 0.242500 0.050625 0.083333
0 0.492188 0.232500 0.054375 0.073333
0 0.544687 0.234167 0.056875 0.091667
0 0.147500 0.207500 0.045000 0.058333
0 0.587187 0.205000 0.066875 0.078333
0 0.670625 0.218333 0.045000 0.108333
0 0.326250 0.194583 0.061250 0.069167
0 0.262188 0.193333 0.054375 0.080000
0 0.843437 0.188750 0.059375 0.074167
0 0.968125 0.178333 0.051250 0.076667
0 0.743750 0.175417 0.053750 0.072500
0 0.628125 0.167083 0.046250 0.080833
0 0.094062 0.161250 0.038125 0.077500
0 0.443750 0.148750 0.057500 0.067500
0 0.882500 0.162917 0.081250 0.105833
0 0.161562 0.143333 0.039375 0.070000
0 0.026562 0.152917 0.053125 0.092500
0 0.805000 0.140417 0.058750 0.072500
0 0.695625 0.119583 0.060000 0.074167
0 0.316563 0.119583 0.060625 0.079167
0 0.255937 0.118333 0.070625 0.095000
0 0.907813 0.097083 0.046875 0.077500
0 0.827812 0.096250 0.060625 0.075833
0 0.610625 0.090417 0.055000 0.069167
0 0.448437 0.082500 0.069375 0.063333
0 0.207500 0.096667 0.050000 0.106667
0 0.754375 0.079583 0.058750 0.082500
0 0.022187 0.073750 0.044375 0.084167
0 0.661250 0.056250 0.062500 0.082500
0 0.300938 0.043333 0.056875 0.071667
0 0.795625 0.041667 0.057500 0.076667
0 0.571875 0.021250 0.053750 0.042500
0 0.430312 0.015833 0.053125 0.031667
0 0.143125 0.027083 0.047500 0.054167
0 0.051250 0.034583 0.048750 0.069167