0 0.347500 0.976667 0.068750 0.046667
0 0.822187 0.973333 0.058125 0.053333
0 0.112812 0.965833 0.068125 0.068333
0 0.968125 0.965000 0.063750 0.070000
0 0.693125 0.962500 0.061250 0.075000
0 0.597500 0.961667 0.110000 0.076667
0 0.284062 0.961667 0.053125 0.076667
0 0.473750 0.937083 0.067500 0.094167
0 0.210625 0.942917 0.091250 0.114167
0 0.965313 0.915833 0.069375 0.066667
0 0.340000 0.917917 0.076250 0.080833
0 0.546875 0.915417 0.067500 0.082500
0 0.100312 0.886667 0.058125 0.088333
0 0.685312 0.870000 0.060625 0.073333
0 0.356563 0.866667 0.079375 0.073333
0 0.053125 0.840833 0.053750 0.105000
0 0.392188 0.815417 0.070625 0.085833
0 0.811562 0.813333 0.075625 0.088333
0 0.444375 0.814583 0.063750 0.100833
0 0.316563 0.779167 0.070625 0.091667
0 0.156562 0.767917 0.073125 0.084167
0 0.846562 0.745000 0.085625 0.075000
0 0.256875 0.710000 0.072500 0.098333
0 0.560937 0.670417 0.068125 0.065833
0 0.761250 0.664583 0.076250 0.084167
0 0.131875 0.663333 0.066250 0.086667
0 0.293438 0.650000 0.066875 0.093333
0 0.901250 0.650000 0.058750 0.096667
0 0.363750 0.633333 0.060000 0.090000
0 0.497188 0.613333 0.064375 0.093333
0 0.743750 0.592500 0.082500 0.068333
0 0.560312 0.600417 0.075625 0.097500
0 0.885312 0.584583 0.079375 0.074167
0 0.155000 0.581250 0.060000 0.092500
0 0.405313 0.560000 0.064375 0.080000
0 0.966562 0.554167 0.066875 0.071667
0 0.769687 0.550417 0.091875 0.072500
0 0.031250 0.546667 0.062500 0.095000
0 0.692813 0.526250 0.066875 0.082500
0 0.099062 0.521667 0.068125 0.085000
0 0.431250 0.512917 0.060000 0.085833
0 0.550000 0.499583 0.070000 0.072500
0 0.059375 0.492500 0.065000 0.098333
0 0.974375 0.489583 0.051250 0.105833
0 0.928438 0.475417 0.059375 0.097500
0 0.370000 0.458333 0.072500 0.081667
0 0.875938 0.470000 0.053125 0.106667
0 0.538125 0.430417 0.067500 0.059167
0 0.736563 0.415417 0.083125 0.102500
0 0.111562 0.394583 0.064375 0.089167
0 0.027813 0.380833 0.055625 0.085000
0 0.163438 0.374583 0.066875 0.079167
0 0.387813 0.374167 0.070625 0.086667
0 0.576250 0.343333 0.075000 0.083333
0 0.963750 0.349583 0.072500 0.100833
0 0.283438 0.317083 0.080625 0.090833
0 0.552813 0.286667 0.060625 0.068333
0 0.760312 0.286667 0.073125 0.075000
0 0.958750 0.277917 0.082500 0.085833
0 0.814688 0.269167 0.090625 0.075000
0 0.440625 0.272083 0.071250 0.089167
0 0.911250 0.274583 0.055000 0.112500
0 0.371563 0.249167 0.053125 0.088333
0 0.460625 0.220000 0.095000 0.080000
0 0.799063 0.217083 0.090625 0.075833
0 0.510312 0.203750 0.068125 0.087500
0 0.702500 0.197500 0.061250 0.083333
0 0.079062 0.189583 0.076875 0.085833
0 0.465000 0.162500 0.075000 0.058333
0 0.831875 0.144167 0.066250 0.085000
0 0.271875 0.136250 0.086250 0.072500
0 0.882188 0.107917 0.054375 0.090833
0 0.675312 0.094583 0.065625 0.082500
0 0.498437 0.090417 0.066875 0.084167
0 0.081250 0.078333 0.066250 0.068333
0 0.714063 0.078750 0.055625 0.074167
0 0.958750 0.086667 0.082500 0.118333
0 0.228750 0.071667 0.057500 0.096667
0 0.173437 0.067500 0.080625 0.096667
0 0.285000 0.058750 0.070000 0.090833
0 0.601562 0.047500 0.060625 0.081667
0 0.909062 0.035833 0.073125 0.071667
0 0.403750 0.037083 0.062500 0.074167