0 0.596250 0.965833 0.067500 0.068333
0 0.221562 0.965833 0.073125 0.068333
0 0.895312 0.961250 0.058125 0.077500
0 0.828750 0.957083 0.075000 0.085833
0 0.968750 0.952500 0.051250 0.095000
0 0.093125 0.932500 0.067500 0.096667
0 0.173750 0.920417 0.067500 0.090833
0 0.346875 0.878750 0.065000 0.085833
0 0.138750 0.841667 0.067500 0.096667
0 0.478438 0.837083 0.070625 0.097500
0 0.665312 0.821250 0.074375 0.100833
0 0.204687 0.817917 0.074375 0.095833
0 0.781875 0.784583 0.073750 0.089167
0 0.969063 0.770417 0.061875 0.095833
0 0.418125 0.713750 0.077500 0.079167
0 0.888437 0.720417 0.070625 0.094167
0 0.473438 0.715833 0.060625 0.125000
0 0.720625 0.682917 0.075000 0.092500
0 0.155938 0.684167 0.079375 0.101667
0 0.542500 0.679583 0.067500 0.102500
0 0.360625 0.674167 0.071250 0.091667
0 0.882812 0.623750 0.074375 0.085833
0 0.779687 0.610000 0.068125 0.090000
0 0.493125 0.619167 0.085000 0.115000
0 0.954063 0.622083 0.061875 0.124167
0 0.042188 0.608333 0.084375 0.098333
0 0.433125 0.588750 0.086250 0.122500
0 0.200625 0.553750 0.060000 0.084167
0 0.122813 0.531250 0.059375 0.087500
0 0.555937 0.529167 0.069375 0.090000
0 0.670312 0.472083 0.074375 0.074167
0 0.772813 0.470833 0.071875 0.100000
0 0.494375 0.462083 0.067500 0.087500
0 0.858125 0.462083 0.080000 0.100833
0 0.155625 0.417083 0.062500 0.095833
0 0.680000 0.403333 0.062500 0.086667
0 0.423438 0.395000 0.076875 0.100000
0 0.027813 0.391250 0.055625 0.095833
0 0.187812 0.384583 0.065625 0.084167
0 0.633125 0.378333 0.065000 0.095000
0 0.350938 0.372083 0.071875 0.092500
0 0.272500 0.376250 0.087500 0.102500
0 0.567813 0.342500 0.069375 0.095000
0 0.375937 0.327500 0.066875 0.091667
0 0.639687 0.316667 0.061875 0.071667
0 0.839375 0.250417 0.066250 0.092500
0 0.521250 0.261667 0.091250 0.125000
0 0.924687 0.232500 0.070625 0.100000
0 0.452188 0.204167 0.054375 0.096667
0 0.055938 0.198333 0.073125 0.091667
0 0.681250 0.156250 0.060000 0.089167
0 0.629375 0.139583 0.075000 0.089167
0 0.181562 0.129167 0.081875 0.108333
0 0.025313 0.092500 0.050625 0.091667
0 0.743437 0.075833 0.070625 0.090000
0 0.156250 0.056250 0.066250 0.100833
0 0.823438 0.021667 0.064375 0.043333
0 0.491250 0.043750 0.071250 0.087500