0 0.444688 0.979583 0.044375 0.040833
0 0.311875 0.970833 0.065000 0.058333
0 0.531250 0.967083 0.055000 0.065833
0 0.061875 0.964583 0.058750 0.070833
0 0.123438 0.948750 0.046875 0.070833
0 0.018125 0.915833 0.036250 0.093333
0 0.222500 0.902083 0.065000 0.072500
0 0.075938 0.865000 0.050625 0.065000
0 0.389375 0.855833 0.052500 0.076667
0 0.985000 0.844167 0.030000 0.060000
0 0.246875 0.821250 0.055000 0.082500
0 0.663125 0.812083 0.062500 0.082500
0 0.590000 0.805000 0.061250 0.085000
0 0.918125 0.787083 0.046250 0.067500
0 0.153750 0.787917 0.057500 0.075833
0 0.069062 0.782500 0.050625 0.076667
0 0.535625 0.755833 0.058750 0.083333
0 0.970000 0.755417 0.058750 0.090833
0 0.755938 0.735000 0.061875 0.073333
0 0.314375 0.725417 0.080000 0.107500
0 0.113437 0.705417 0.061875 0.070833
0 0.229063 0.702917 0.059375 0.089167
0 0.131250 0.648333 0.060000 0.063333
0 0.557813 0.635000 0.060625 0.083333
0 0.525000 0.596667 0.062500 0.075000
0 0.093125 0.567917 0.060000 0.079167
0 0.875625 0.567500 0.075000 0.101667
0 0.524062 0.532083 0.066875 0.059167
0 0.951875 0.524167 0.055000 0.070000
0 0.602500 0.508750 0.053750 0.057500
0 0.327500 0.515000 0.048750 0.076667
0 0.379375 0.483333 0.056250 0.078333
0 0.675000 0.477083 0.066250 0.090833
0 0.285313 0.446250 0.060625 0.085833
0 0.248438 0.373333 0.050625 0.066667
0 0.107188 0.359583 0.060625 0.072500
0 0.612812 0.355833 0.049375 0.070000
0 0.976875 0.354583 0.042500 0.070833
0 0.946562 0.320833 0.055625 0.075000
0 0.646563 0.314167 0.063125 0.071667
0 0.336875 0.305000 0.067500 0.071667
0 0.627188 0.269583 0.048125 0.057500
0 0.565937 0.272917 0.054375 0.072500
0 0.253437 0.278333 0.065625 0.091667
0 0.735625 0.258333 0.050000 0.061667
0 0.370625 0.259583 0.055000 0.069167
0 0.038125 0.257083 0.056250 0.074167
0 0.506250 0.247500 0.050000 0.076667
0 0.891250 0.261667 0.100000 0.118333
0 0.666250 0.238750 0.055000 0.080833
0 0.367500 0.187083 0.058750 0.069167
0 0.698438 0.187500 0.053125 0.075000
0 0.161875 0.177917 0.060000 0.072500
0 0.074375 0.168750 0.061250 0.065833
0 0.665625 0.150833 0.056250 0.071667
0 0.494063 0.158333 0.063125 0.093333
0 0.590000 0.133750 0.057500 0.097500
0 0.329375 0.102500 0.057500 0.068333
0 0.690937 0.107083 0.090625 0.080833
0 0.432812 0.104167 0.060625 0.080000
0 0.542188 0.064583 0.051875 0.072500
0 0.379063 0.058333 0.059375 0.071667
0 0.212812 0.044167 0.064375 0.088333
0 0.137187 0.022500 0.059375 0.045000