0 0.375000 0.978750 0.052500 0.042500
0 0.607500 0.976667 0.053750 0.046667
0 0.508437 0.964583 0.058125 0.070833
0 0.761875 0.961250 0.065000 0.077500
0 0.445937 0.959167 0.055625 0.076667
0 0.858125 0.953750 0.050000 0.069167
0 0.693125 0.957500 0.063750 0.078333
0 0.130312 0.947917 0.053125 0.079167
0 0.571562 0.917500 0.058125 0.066667
0 0.324375 0.924167 0.066250 0.086667
0 0.047813 0.914583 0.054375 0.079167
0 0.779375 0.906667 0.053750 0.068333
0 0.956250 0.912500 0.062500 0.085000
0 0.878125 0.894167 0.086250 0.091667
0 0.431250 0.879167 0.050000 0.075000
0 0.345938 0.877500 0.059375 0.085000
0 0.608125 0.863333 0.045000 0.080000
0 0.098750 0.855000 0.062500 0.078333
0 0.985000 0.848750 0.030000 0.079167
0 0.038125 0.826667 0.062500 0.090000
0 0.680000 0.790833 0.050000 0.068333
0 0.632812 0.784167 0.053125 0.073333
0 0.501563 0.774583 0.065625 0.082500
0 0.575937 0.758750 0.061875 0.089167
0 0.716875 0.742917 0.055000 0.074167
0 0.962187 0.749167 0.056875 0.090000
0 0.385937 0.733750 0.059375 0.080833
0 0.234063 0.732917 0.051875 0.084167
0 0.333750 0.756667 0.082500 0.133333
0 0.898438 0.730000 0.065625 0.088333
0 0.281250 0.681250 0.047500 0.070833
0 0.352812 0.678750 0.063125 0.084167
0 0.407187 0.654583 0.051875 0.065833
0 0.488750 0.659167 0.052500 0.076667
0 0.710313 0.655833 0.063125 0.095000
0 0.202813 0.647500 0.055625 0.080000
0 0.572500 0.648750 0.076250 0.085833
0 0.025625 0.642083 0.051250 0.089167
0 0.832187 0.634583 0.071875 0.087500
0 0.888125 0.635000 0.061250 0.091667
0 0.441875 0.612500 0.048750 0.063333
0 0.150938 0.605417 0.064375 0.084167
0 0.765938 0.590000 0.063125 0.080000
0 0.971562 0.585833 0.056875 0.085000
0 0.531563 0.583750 0.044375 0.087500
0 0.491563 0.577500 0.048125 0.081667
0 0.226250 0.570833 0.055000 0.073333
0 0.067500 0.558333 0.055000 0.061667
0 0.844375 0.554167 0.062500 0.070000
0 0.572812 0.559583 0.058125 0.087500
0 0.413750 0.544583 0.071250 0.082500
0 0.712187 0.516667 0.061875 0.073333
0 0.145937 0.517083 0.054375 0.075833
0 0.502500 0.497917 0.063750 0.069167
0 0.323750 0.500000 0.060000 0.073333
0 0.426250 0.489167 0.060000 0.065000
0 0.845625 0.482500 0.057500 0.073333
0 0.604688 0.475833 0.051875 0.070000
0 0.043750 0.449583 0.057500 0.075833
0 0.677188 0.442500 0.068125 0.081667
0 0.518437 0.428750 0.050625 0.064167
0 0.093125 0.426250 0.046250 0.067500
0 0.765625 0.428333 0.053750 0.076667
0 0.905937 0.417917 0.053125 0.070833
0 0.361250 0.398750 0.060000 0.070833
0 0.453750 0.383750 0.055000 0.069167
0 0.048125 0.377917 0.053750 0.067500
0 0.214688 0.376250 0.058125 0.082500
0 0.562813 0.362500 0.053125 0.080000
0 0.664062 0.340833 0.060625 0.073333
0 0.851250 0.330417 0.065000 0.075833
0 0.133750 0.338750 0.083750 0.100833
0 0.971562 0.317500 0.054375 0.076667
0 0.504062 0.312500 0.069375 0.083333
0 0.739375 0.306667 0.053750 0.103333
0 0.627188 0.286250 0.064375 0.069167
0 0.296250 0.273750 0.055000 0.069167
0 0.247812 0.254583 0.050625 0.074167
0 0.109687 0.256250 0.064375 0.080833
0 0.852187 0.235000 0.050625 0.066667
0 0.531563 0.235833 0.054375 0.075000
0 0.586875 0.230417 0.052500 0.070833
0 0.045937 0.223750 0.053125 0.067500
0 0.315625 0.225833 0.073750 0.080000
0 0.690000 0.197083 0.066250 0.082500
0 0.208125 0.200833 0.062500 0.093333
0 0.793750 0.203333 0.083750 0.100000
0 0.116562 0.185000 0.061875 0.076667
0 0.153125 0.179167 0.046250 0.085000
0 0.352187 0.166667 0.045625 0.063333
0 0.496875 0.165000 0.068750 0.070000
0 0.580625 0.157083 0.048750 0.062500
0 0.716250 0.137500 0.050000 0.070000
0 0.979375 0.150833 0.041250 0.101667
0 0.318125 0.115000 0.046250 0.090000
0 0.950313 0.095417 0.063125 0.074167
0 0.535312 0.093333 0.046875 0.076667
0 0.789062 0.083333 0.053125 0.068333
0 0.663125 0.085833 0.057500 0.078333
0 0.849375 0.078333 0.057500 0.073333
0 0.385625 0.085833 0.058750 0.090000
0 0.747812 0.052500 0.045625 0.083333
0 0.458750 0.057917 0.063750 0.094167
0 0.950313 0.034167 0.058125 0.060000
0 0.706875 0.045417 0.057500 0.084167
0 0.026875 0.035833 0.053750 0.068333
0 0.852187 0.022083 0.060625 0.044167
0 0.649375 0.019167 0.061250 0.038333
0 0.515312 0.027083 0.051875 0.054167
0 0.085000 0.020417 0.055000 0.040833