0 0.339375 0.970000 0.066250 0.060000
0 0.253125 0.964583 0.063750 0.070833
0 0.969063 0.958333 0.061875 0.083333
0 0.731563 0.896667 0.066875 0.083333
0 0.876875 0.875833 0.106250 0.080000
0 0.157188 0.812917 0.063125 0.097500
0 0.076250 0.812083 0.071250 0.100833
0 0.267813 0.790417 0.063125 0.092500
0 0.804688 0.788750 0.069375 0.094167
0 0.582500 0.805000 0.056250 0.141667
0 0.640000 0.770833 0.076250 0.120000
0 0.815937 0.693333 0.073125 0.066667
0 0.326562 0.682500 0.073125 0.098333
0 0.141250 0.624583 0.071250 0.077500
0 0.801250 0.615417 0.067500 0.072500
0 0.200937 0.574583 0.069375 0.105833
0 0.591250 0.506667 0.063750 0.090000
0 0.104375 0.499167 0.071250 0.105000
0 0.289687 0.473750 0.066875 0.084167
0 0.710625 0.484167 0.086250 0.111667
0 0.501875 0.480417 0.092500 0.117500
0 0.950937 0.449583 0.048125 0.065833
0 0.333125 0.397917 0.056250 0.069167
0 0.257188 0.375833 0.071875 0.093333
0 0.138437 0.366667 0.058125 0.088333
0 0.835938 0.340417 0.063125 0.080833
0 0.323437 0.315833 0.060625 0.075000
0 0.176250 0.281667 0.062500 0.071667
0 0.664062 0.291250 0.069375 0.094167
0 0.291875 0.226250 0.067500 0.085833
0 0.794687 0.195000 0.063125 0.090000
0 0.515938 0.176250 0.058125 0.080833
0 0.973437 0.167917 0.053125 0.102500
0 0.859062 0.128333 0.059375 0.081667
0 0.363438 0.087500 0.066875 0.093333
0 0.596562 0.053750 0.074375 0.079167
0 0.535000 0.057500 0.058750 0.115000