0 0.688125 0.969167 0.106250 0.061667
0 0.450000 0.964583 0.052500 0.070833
0 0.502188 0.962500 0.059375 0.071667
0 0.907500 0.959583 0.071250 0.080833
0 0.239063 0.955833 0.075625 0.088333
0 0.385937 0.955000 0.074375 0.090000
0 0.726562 0.942917 0.049375 0.074167
0 0.618437 0.926667 0.065625 0.090000
0 0.571562 0.926250 0.070625 0.105833
0 0.766875 0.910417 0.066250 0.079167
0 0.677813 0.903750 0.060625 0.084167
0 0.885312 0.897083 0.063125 0.084167
0 0.511875 0.884583 0.057500 0.079167
0 0.970313 0.896667 0.059375 0.115000
0 0.355000 0.862083 0.070000 0.080833
0 0.809375 0.863333 0.065000 0.131667
0 0.284062 0.868750 0.080625 0.150833
0 0.418125 0.831667 0.077500 0.080000
0 0.469375 0.823333 0.048750 0.065000
0 0.862812 0.831667 0.048125 0.083333
0 0.657500 0.836250 0.082500 0.107500
0 0.751875 0.822500 0.066250 0.081667
0 0.018750 0.793750 0.037500 0.114167
0 0.672188 0.767083 0.070625 0.062500
0 0.514687 0.757917 0.064375 0.084167
0 0.832187 0.760000 0.079375 0.096667
0 0.242500 0.762917 0.107500 0.107500
0 0.773438 0.747500 0.049375 0.078333
0 0.616563 0.748333 0.069375 0.090000
0 0.446875 0.730833 0.055000 0.088333
0 0.720938 0.732083 0.065625 0.102500
0 0.877188 0.712500 0.058125 0.088333
0 0.666250 0.694167 0.071250 0.085000
0 0.818750 0.682500 0.067500 0.076667
0 0.574063 0.684583 0.068125 0.095833
0 0.369375 0.674167 0.067500 0.095000
0 0.757500 0.665833 0.075000 0.103333
0 0.235625 0.662917 0.071250 0.099167
0 0.175000 0.650833 0.066250 0.093333
0 0.463438 0.641667 0.065625 0.085000
0 0.041563 0.662917 0.083125 0.132500
0 0.849375 0.639583 0.083750 0.089167
0 0.920000 0.622083 0.061250 0.079167
0 0.975625 0.617917 0.048750 0.092500
0 0.410625 0.609583 0.063750 0.080833
0 0.803125 0.604583 0.071250 0.077500
0 0.225000 0.592917 0.062500 0.055833
0 0.726875 0.585000 0.085000 0.076667
0 0.642813 0.600833 0.083125 0.113333
0 0.555937 0.589167 0.061875 0.095000
0 0.366250 0.564583 0.058750 0.079167
0 0.852500 0.558333 0.062500 0.073333
0 0.790937 0.549167 0.071875 0.065000
0 0.094375 0.576667 0.092500 0.121667
0 0.953750 0.551250 0.058750 0.087500
0 0.989375 0.536667 0.021250 0.080000
0 0.909062 0.520417 0.065625 0.070833
0 0.192812 0.526667 0.080625 0.100000
0 0.399062 0.510833 0.063125 0.075000
0 0.052187 0.536667 0.064375 0.143333
0 0.318750 0.498750 0.060000 0.079167
0 0.119063 0.494583 0.073125 0.085833
0 0.255000 0.509167 0.065000 0.136667
0 0.451562 0.472083 0.063125 0.070833
0 0.522188 0.478750 0.066875 0.094167
0 0.967812 0.462917 0.064375 0.087500
0 0.908125 0.446667 0.056250 0.081667
0 0.190938 0.451667 0.089375 0.091667
0 0.478750 0.443750 0.066250 0.090833
0 0.293125 0.424583 0.058750 0.092500
0 0.408438 0.416667 0.056875 0.085000
0 0.529375 0.391250 0.065000 0.082500
0 0.350938 0.375833 0.058125 0.068333
0 0.052500 0.391250 0.067500 0.100833
0 0.180938 0.369583 0.054375 0.092500
0 0.127188 0.380000 0.061875 0.123333
0 0.882500 0.365417 0.075000 0.095833
0 0.437500 0.330833 0.066250 0.096667
0 0.221562 0.323750 0.060625 0.082500
0 0.950000 0.330833 0.068750 0.100000
0 0.282813 0.330417 0.065625 0.104167
0 0.975000 0.348750 0.050000 0.147500
0 0.551562 0.305000 0.073125 0.091667
0 0.021562 0.285000 0.043125 0.088333
0 0.324062 0.291250 0.078125 0.109167
0 0.920625 0.286667 0.076250 0.110000
0 0.848437 0.276250 0.074375 0.094167
0 0.177813 0.272083 0.071875 0.100833
0 0.073750 0.244167 0.075000 0.091667
0 0.798125 0.232917 0.071250 0.087500
0 0.335938 0.236250 0.066875 0.105833
0 0.411250 0.225417 0.072500 0.085833
0 0.728125 0.217917 0.103750 0.135833
0 0.658438 0.200417 0.068125 0.107500
0 0.168437 0.187500 0.073125 0.086667
0 0.038750 0.189167 0.077500 0.103333
0 0.296250 0.170000 0.071250 0.106667
0 0.360938 0.145000 0.066875 0.090000
0 0.718437 0.137917 0.065625 0.104167
0 0.420312 0.126250 0.055625 0.087500
0 0.577187 0.126250 0.073125 0.092500
0 0.802500 0.124583 0.140000 0.129167
0 0.974063 0.103333 0.051875 0.098333
0 0.339062 0.090000 0.068125 0.100000
0 0.475938 0.076667 0.061875 0.081667
0 0.118750 0.078750 0.065000 0.090833
0 0.702812 0.067083 0.065625 0.105833
0 0.634062 0.057083 0.078125 0.112500
0 0.743437 0.034583 0.086875 0.069167
0 0.579063 0.027917 0.088125 0.055833
0 0.516250 0.051667 0.085000 0.103333
0 0.367812 0.026667 0.069375 0.053333
0 0.284687 0.038333 0.065625 0.076667
0 0.043125 0.052917 0.086250 0.105833