0 0.290938 0.979167 0.064375 0.041667
0 0.513750 0.969167 0.076250 0.061667
0 0.586562 0.904167 0.064375 0.078333
0 0.814063 0.892917 0.060625 0.074167
0 0.259688 0.892917 0.073125 0.082500
0 0.159688 0.849167 0.068125 0.091667
0 0.544063 0.829583 0.070625 0.092500
0 0.917188 0.844583 0.056875 0.129167
0 0.847812 0.824583 0.071875 0.095833
0 0.272813 0.808750 0.073125 0.094167
0 0.178750 0.764583 0.052500 0.072500
0 0.030937 0.765833 0.061875 0.090000
0 0.496563 0.740833 0.069375 0.093333
0 0.385000 0.770000 0.087500 0.153333
0 0.839375 0.730417 0.055000 0.080833
0 0.234375 0.719167 0.072500 0.096667
0 0.570625 0.695000 0.057500 0.095000
0 0.260313 0.677917 0.066875 0.090833
0 0.777813 0.686667 0.084375 0.115000
0 0.387813 0.650000 0.068125 0.081667
0 0.153750 0.645833 0.067500 0.090000
0 0.086875 0.593333 0.062500 0.091667
0 0.495000 0.534167 0.061250 0.083333
0 0.178750 0.529167 0.050000 0.085000
0 0.922188 0.530417 0.066875 0.092500
0 0.321562 0.534583 0.085625 0.149167
0 0.279062 0.506250 0.053125 0.105833
0 0.442188 0.493333 0.074375 0.098333
0 0.131875 0.495833 0.058750 0.133333
0 0.716250 0.465833 0.065000 0.076667
0 0.978437 0.447083 0.043125 0.104167
0 0.025313 0.427917 0.050625 0.079167
0 0.361875 0.418750 0.053750 0.114167
0 0.653750 0.394583 0.072500 0.069167
0 0.172500 0.402917 0.068750 0.095833
0 0.507500 0.389167 0.071250 0.096667
0 0.799687 0.382083 0.079375 0.127500
0 0.398125 0.341667 0.067500 0.098333
0 0.865313 0.342500 0.074375 0.105000
0 0.656250 0.325833 0.076250 0.076667
0 0.142500 0.298750 0.073750 0.099167
0 0.058125 0.253333 0.060000 0.085000
0 0.281875 0.228750 0.067500 0.100833
0 0.556250 0.210000 0.080000 0.081667
0 0.174375 0.197500 0.075000 0.136667
0 0.386875 0.152917 0.077500 0.099167
0 0.546875 0.146250 0.073750 0.090833
0 0.578125 0.080833 0.070000 0.086667
0 0.665000 0.023750 0.068750 0.047500