0 0.500625 0.974167 0.073750 0.051667
0 0.967187 0.970417 0.059375 0.059167
0 0.774687 0.970000 0.060625 0.060000
0 0.836875 0.966667 0.077500 0.066667
0 0.335313 0.964167 0.055625 0.071667
0 0.595000 0.961250 0.065000 0.077500
0 0.900937 0.960417 0.055625 0.079167
0 0.433437 0.959167 0.056875 0.081667
0 0.169687 0.954167 0.053125 0.091667
0 0.381563 0.946667 0.039375 0.081667
0 0.647813 0.950000 0.069375 0.100000
0 0.532813 0.922917 0.054375 0.072500
0 0.953750 0.924167 0.078750 0.085000
0 0.236875 0.939167 0.052500 0.121667
0 0.122500 0.898333 0.051250 0.066667
0 0.089688 0.906250 0.050625 0.099167
0 0.319375 0.891250 0.066250 0.080833
0 0.752500 0.885833 0.057500 0.075000
0 0.420625 0.887083 0.055000 0.077500
0 0.581875 0.869167 0.071250 0.083333
0 0.969688 0.864167 0.060625 0.090000
0 0.639687 0.849167 0.063125 0.090000
0 0.020625 0.852917 0.041250 0.099167
0 0.427187 0.825417 0.049375 0.067500
0 0.052812 0.829167 0.059375 0.080000
0 0.873750 0.837917 0.065000 0.100833
0 0.805625 0.815833 0.057500 0.083333
0 0.208125 0.816250 0.067500 0.095833
0 0.286875 0.825000 0.073750 0.125000
0 0.665625 0.802917 0.068750 0.112500
0 0.740625 0.795833 0.055000 0.101667
0 0.445937 0.777500 0.065625 0.078333
0 0.228437 0.772917 0.054375 0.069167
0 0.982812 0.773333 0.034375 0.086667
0 0.937813 0.763333 0.061875 0.086667
0 0.531250 0.756667 0.058750 0.075000
0 0.359687 0.774583 0.095625 0.117500
0 0.587812 0.761250 0.071875 0.107500
0 0.082812 0.745417 0.058125 0.075833
0 0.320625 0.723750 0.111250 0.084167
0 0.827812 0.719167 0.058125 0.095000
0 0.152812 0.720833 0.068125 0.105000
0 0.761875 0.695833 0.062500 0.076667
0 0.916875 0.689583 0.053750 0.072500
0 0.030625 0.669167 0.061250 0.048333
0 0.501875 0.668750 0.042500 0.049167
0 0.695000 0.674583 0.058750 0.065833
0 0.456250 0.675000 0.057500 0.066667
0 0.642813 0.671250 0.053125 0.075833
0 0.199063 0.667083 0.065625 0.085833
0 0.973437 0.664167 0.053125 0.096667
0 0.097812 0.647917 0.059375 0.090833
0 0.355000 0.633750 0.066250 0.079167
0 0.302812 0.629583 0.050625 0.074167
0 0.907500 0.616250 0.061250 0.085833
0 0.847500 0.627917 0.068750 0.110833
0 0.070312 0.609583 0.061875 0.074167
0 0.608125 0.587083 0.055000 0.069167
0 0.791250 0.600000 0.077500 0.098333
0 0.286250 0.605833 0.060000 0.111667
0 0.219375 0.575000 0.062500 0.071667
0 0.926562 0.575000 0.049375 0.078333
0 0.476875 0.568750 0.063750 0.092500
0 0.975313 0.567500 0.049375 0.095000
0 0.408750 0.566667 0.051250 0.098333
0 0.685625 0.562500 0.081250 0.091667
0 0.135937 0.550000 0.055625 0.076667
0 0.551250 0.547500 0.050000 0.090000
0 0.203437 0.526250 0.060625 0.075833
0 0.336562 0.526250 0.059375 0.089167
0 0.754062 0.519167 0.059375 0.076667
0 0.604688 0.508750 0.063125 0.092500
0 0.815937 0.487083 0.055625 0.075833
0 0.070312 0.509167 0.061875 0.120000
0 0.275938 0.485000 0.068125 0.078333
0 0.115000 0.464167 0.065000 0.068333
0 0.019062 0.464167 0.038125 0.078333
0 0.750000 0.455833 0.061250 0.070000
0 0.489063 0.458333 0.084375 0.090000
0 0.401250 0.460000 0.085000 0.100000
0 0.565312 0.437917 0.048125 0.077500
0 0.188750 0.437500 0.057500 0.083333
0 0.305625 0.417917 0.067500 0.072500
0 0.870313 0.437083 0.074375 0.115833
0 0.123750 0.411667 0.056250 0.066667
0 0.666250 0.435417 0.061250 0.117500
0 0.761563 0.411250 0.055625 0.074167
0 0.947500 0.403333 0.092500 0.071667
0 0.703750 0.380833 0.045000 0.068333
0 0.233750 0.377083 0.075000 0.079167
0 0.359687 0.373333 0.051875 0.078333
0 0.467500 0.381667 0.055000 0.111667
0 0.552188 0.372917 0.100625 0.100833
0 0.610313 0.375833 0.056875 0.128333
0 0.983750 0.351250 0.032500 0.082500
0 0.861250 0.344167 0.066250 0.073333
0 0.180312 0.350000 0.054375 0.088333
0 0.410625 0.337500 0.061250 0.081667
0 0.049063 0.345000 0.049375 0.101667
0 0.307812 0.337917 0.078125 0.095833
0 0.808125 0.326250 0.073750 0.077500
0 0.102500 0.318750 0.056250 0.079167
0 0.958750 0.312500 0.058750 0.073333
0 0.015938 0.345833 0.031875 0.166667
0 0.522188 0.298333 0.054375 0.076667
0 0.585625 0.299167 0.060000 0.083333
0 0.242812 0.293750 0.084375 0.087500
0 0.045312 0.259167 0.060625 0.041667
0 0.483125 0.271250 0.055000 0.074167
0 0.647500 0.265000 0.050000 0.066667
0 0.769375 0.283750 0.077500 0.112500
0 0.363750 0.264167 0.073750 0.098333
0 0.959375 0.244167 0.062500 0.076667
0 0.162812 0.242917 0.071875 0.112500
0 0.095312 0.216250 0.074375 0.084167
0 0.587812 0.203333 0.059375 0.065000
0 0.401562 0.203750 0.056875 0.069167
0 0.254375 0.197500 0.053750 0.081667
0 0.975313 0.187500 0.049375 0.073333
0 0.530937 0.193333 0.065625 0.093333
0 0.459375 0.183333 0.056250 0.083333
0 0.661250 0.181250 0.063750 0.120833
0 0.599375 0.151667 0.060000 0.065000
0 0.178750 0.155417 0.092500 0.074167
0 0.065625 0.153750 0.065000 0.084167
0 0.737187 0.150833 0.063125 0.091667
0 0.511875 0.146250 0.057500 0.090833
0 0.022187 0.166250 0.044375 0.132500
0 0.895625 0.145000 0.096250 0.103333
0 0.117188 0.114583 0.055625 0.074167
0 0.977500 0.109167 0.045000 0.066667
0 0.303125 0.122917 0.057500 0.100833
0 0.593125 0.095833 0.072500 0.065000
0 0.221250 0.102500 0.062500 0.105000
0 0.350000 0.107083 0.055000 0.117500
0 0.435625 0.095417 0.085000 0.110833
0 0.151562 0.076250 0.060625 0.085833
0 0.046250 0.081250 0.058750 0.097500
0 0.382500 0.054167 0.056250 0.076667
0 0.015312 0.053333 0.030625 0.086667
0 0.973437 0.039167 0.053125 0.078333
0 0.912500 0.016667 0.052500 0.033333
0 0.765000 0.039167 0.067500 0.078333
0 0.617188 0.034583 0.053125 0.069167
0 0.512500 0.051667 0.058750 0.103333
0 0.450000 0.022500 0.082500 0.045000
0 0.270937 0.024167 0.060625 0.048333
0 0.203437 0.037083 0.059375 0.074167
0 0.123125 0.030000 0.077500 0.060000
0 0.057813 0.019167 0.050625 0.038333