0 0.275625 0.965833 0.072500 0.068333
0 0.830000 0.957083 0.068750 0.085833
0 0.543125 0.957083 0.068750 0.085833
0 0.909687 0.904583 0.068125 0.085833
0 0.610938 0.900000 0.066875 0.086667
0 0.751875 0.872083 0.080000 0.080833
0 0.420000 0.865417 0.070000 0.084167
0 0.095000 0.867083 0.075000 0.090833
0 0.609688 0.814583 0.071875 0.082500
0 0.488125 0.805417 0.075000 0.094167
0 0.785000 0.801250 0.067500 0.087500
0 0.656875 0.798333 0.070000 0.110000
0 0.313125 0.777500 0.088750 0.120000
0 0.544375 0.763333 0.075000 0.100000
0 0.833438 0.718333 0.069375 0.086667
0 0.916875 0.714583 0.072500 0.097500
0 0.595625 0.707083 0.081250 0.102500
0 0.351562 0.696250 0.073125 0.095833
0 0.772813 0.702500 0.074375 0.110000
0 0.136250 0.679583 0.071250 0.102500
0 0.720313 0.648750 0.064375 0.085833
0 0.873750 0.645000 0.076250 0.105000
0 0.218750 0.598333 0.068750 0.103333
0 0.835625 0.586667 0.066250 0.090000
0 0.353438 0.589583 0.070625 0.100833
0 0.650000 0.575833 0.067500 0.098333
0 0.283438 0.548333 0.079375 0.086667
0 0.077813 0.551667 0.070625 0.100000
0 0.789375 0.510000 0.066250 0.080000
0 0.189062 0.481667 0.071875 0.080000
0 0.119375 0.497500 0.096250 0.111667
0 0.910937 0.481667 0.054375 0.083333
0 0.059062 0.467083 0.061875 0.079167
0 0.301563 0.448333 0.069375 0.091667
0 0.737500 0.438333 0.073750 0.083333
0 0.028750 0.430833 0.057500 0.090000
0 0.553438 0.435000 0.066875 0.100000
0 0.942187 0.430000 0.065625 0.095000
0 0.170625 0.392917 0.068750 0.089167
0 0.875000 0.389583 0.071250 0.094167
0 0.959375 0.371250 0.075000 0.090833
0 0.666562 0.357917 0.063125 0.089167
0 0.313437 0.347917 0.068125 0.092500
0 0.396875 0.338750 0.067500 0.090833
0 0.858750 0.307917 0.066250 0.085833
0 0.759687 0.310833 0.073125 0.091667
0 0.598750 0.314167 0.068750 0.100000
0 0.819375 0.250833 0.068750 0.093333
0 0.390000 0.193333 0.067500 0.075000
0 0.438125 0.197917 0.062500 0.104167
0 0.596875 0.180000 0.070000 0.093333
0 0.240937 0.167083 0.069375 0.085833
0 0.523125 0.160000 0.067500 0.086667
0 0.965625 0.144167 0.063750 0.090000
0 0.660937 0.128333 0.068125 0.093333
0 0.344062 0.124583 0.066875 0.090833
0 0.292500 0.106250 0.063750 0.095833
0 0.437500 0.101250 0.068750 0.087500
0 0.553750 0.075000 0.068750 0.091667
0 0.266875 0.073750 0.070000 0.097500
0 0.931250 0.064167 0.062500 0.101667