0 0.653125 0.970000 0.067500 0.060000
0 0.306875 0.969583 0.067500 0.060833
0 0.935625 0.962083 0.047500 0.075833
0 0.025937 0.955000 0.051875 0.090000
0 0.587187 0.944167 0.049375 0.080000
0 0.439375 0.918750 0.058750 0.085833
0 0.327813 0.899167 0.073125 0.091667
0 0.214062 0.868333 0.079375 0.118333
0 0.389375 0.862500 0.061250 0.113333
0 0.795937 0.832917 0.070625 0.077500
0 0.444375 0.833750 0.057500 0.085833
0 0.289375 0.822083 0.067500 0.115833
0 0.210000 0.780000 0.066250 0.083333
0 0.914062 0.775417 0.069375 0.085833
0 0.353125 0.764167 0.066250 0.083333
0 0.805625 0.756250 0.053750 0.089167
0 0.056875 0.736667 0.063750 0.088333
0 0.891250 0.707083 0.060000 0.079167
0 0.979062 0.670833 0.041875 0.106667
0 0.951875 0.615417 0.058750 0.095833
0 0.727500 0.609167 0.060000 0.095000
0 0.312188 0.547917 0.063125 0.105833
0 0.424063 0.514167 0.051875 0.080000
0 0.958125 0.510000 0.050000 0.136667
0 0.800312 0.482500 0.061875 0.088333
0 0.259062 0.472083 0.066875 0.090833
0 0.199063 0.455000 0.058125 0.088333
0 0.020000 0.451250 0.040000 0.085833
0 0.352187 0.389583 0.055625 0.097500
0 0.127500 0.363750 0.060000 0.085833
0 0.952500 0.373750 0.046250 0.117500
0 0.665625 0.298750 0.066250 0.097500
0 0.835625 0.304167 0.073750 0.135000
0 0.288438 0.279167 0.064375 0.086667
0 0.026562 0.248750 0.053125 0.085833
0 0.785937 0.250417 0.058125 0.094167
0 0.987187 0.242917 0.025625 0.094167
0 0.644375 0.235417 0.058750 0.097500
0 0.432500 0.162500 0.070000 0.088333
0 0.262500 0.147500 0.073750 0.085000
0 0.126250 0.132917 0.066250 0.090833
0 0.551250 0.136250 0.063750 0.100833
0 0.624062 0.073750 0.058125 0.090833
0 0.802188 0.071250 0.074375 0.087500
0 0.071250 0.074583 0.057500 0.104167
0 0.201875 0.035417 0.061250 0.070833