0 0.344062 0.974167 0.048125 0.051667
0 0.491563 0.969583 0.065625 0.060833
0 0.824375 0.967917 0.072500 0.064167
0 0.592812 0.966667 0.065625 0.066667
0 0.276875 0.962917 0.061250 0.074167
0 0.412813 0.910417 0.051875 0.080833
0 0.451250 0.894167 0.068750 0.088333
0 0.040000 0.890417 0.060000 0.097500
0 0.085625 0.887083 0.061250 0.107500
0 0.520938 0.876250 0.051875 0.137500
0 0.365625 0.870417 0.055000 0.129167
0 0.740625 0.852500 0.056250 0.125000
0 0.777500 0.830833 0.047500 0.096667
0 0.111875 0.822500 0.058750 0.088333
0 0.827500 0.828333 0.047500 0.110000
0 0.879062 0.826667 0.051875 0.125000
0 0.077813 0.784583 0.055625 0.090833
0 0.159062 0.787083 0.065625 0.097500
0 0.213125 0.766250 0.030000 0.079167
0 0.407813 0.776667 0.065625 0.101667
0 0.268750 0.762083 0.060000 0.074167
0 0.185938 0.765417 0.039375 0.089167
0 0.671875 0.744583 0.061250 0.089167
0 0.126875 0.730417 0.033750 0.070833
0 0.168125 0.710833 0.068750 0.056667
0 0.574375 0.763333 0.058750 0.173333
0 0.083750 0.713750 0.055000 0.094167
0 0.513125 0.737917 0.066250 0.159167
0 0.460625 0.707083 0.052500 0.117500
0 0.340313 0.695000 0.061875 0.106667
0 0.813438 0.688750 0.069375 0.097500
0 0.720938 0.673750 0.070625 0.079167
0 0.616875 0.681667 0.057500 0.096667
0 0.933125 0.666667 0.062500 0.091667
0 0.264375 0.669583 0.046250 0.104167
0 0.218125 0.650833 0.058750 0.130000
0 0.885625 0.625000 0.055000 0.121667
0 0.792813 0.590417 0.066875 0.084167
0 0.374375 0.615417 0.057500 0.140833
0 0.250625 0.576667 0.067500 0.081667
0 0.036875 0.523750 0.053750 0.075833
0 0.728750 0.533333 0.060000 0.101667
0 0.115000 0.524583 0.055000 0.099167
0 0.065312 0.503750 0.064375 0.120833
0 0.682500 0.492083 0.050000 0.130833
0 0.856563 0.436250 0.063125 0.087500
0 0.083750 0.430000 0.065000 0.091667
0 0.868125 0.375833 0.046250 0.071667
0 0.129688 0.397917 0.079375 0.132500
0 0.234687 0.372917 0.070625 0.105833
0 0.570312 0.351250 0.063125 0.089167
0 0.018750 0.360417 0.037500 0.109167
0 0.765938 0.345417 0.061875 0.104167
0 0.460000 0.325833 0.066250 0.093333
0 0.691562 0.318750 0.066875 0.094167
0 0.868437 0.310833 0.088125 0.083333
0 0.289375 0.303333 0.051250 0.090000
0 0.975938 0.297083 0.048125 0.109167
0 0.526250 0.272500 0.058750 0.105000
0 0.626875 0.252083 0.066250 0.084167
0 0.945625 0.273333 0.061250 0.133333
0 0.086875 0.247500 0.085000 0.105000
0 0.732187 0.225833 0.051875 0.075000
0 0.907188 0.237500 0.055625 0.113333
0 0.776250 0.222917 0.050000 0.142500
0 0.567813 0.194583 0.081875 0.089167
0 0.211562 0.198750 0.056875 0.100833
0 0.687500 0.205417 0.047500 0.125833
0 0.628750 0.157917 0.070000 0.085833
0 0.822500 0.162083 0.057500 0.114167
0 0.878437 0.139583 0.058125 0.082500
0 0.405625 0.119583 0.055000 0.090833
0 0.265937 0.106667 0.085625 0.093333
0 0.037187 0.124167 0.074375 0.148333
0 0.351250 0.090833 0.068750 0.096667
0 0.599063 0.080417 0.079375 0.077500
0 0.225000 0.095833 0.067500 0.108333
0 0.119688 0.082083 0.068125 0.089167
0 0.653125 0.025417 0.061250 0.050833
0 0.597812 0.024167 0.059375 0.048333
0 0.230313 0.028750 0.078125 0.057500
0 0.165937 0.029167 0.058125 0.058333
0 0.084375 0.021667 0.063750 0.043333