0 0.471562 0.974167 0.064375 0.051667
0 0.441563 0.896667 0.069375 0.075000
0 0.378437 0.790417 0.051875 0.079167
0 0.915000 0.774167 0.070000 0.086667
0 0.126562 0.764583 0.070625 0.079167
0 0.846562 0.754583 0.074375 0.099167
0 0.636250 0.706667 0.061250 0.086667
0 0.889375 0.641667 0.058750 0.081667
0 0.139687 0.631250 0.068125 0.095833
0 0.638750 0.614583 0.087500 0.092500
0 0.731563 0.545417 0.069375 0.095833
0 0.216562 0.529583 0.069375 0.107500
0 0.738437 0.412083 0.085625 0.075833
0 0.175937 0.422917 0.075625 0.104167
0 0.591875 0.383333 0.072500 0.090000
0 0.230625 0.369583 0.061250 0.079167
0 0.301563 0.321250 0.061875 0.085833
0 0.962187 0.271250 0.075625 0.109167
0 0.756875 0.234583 0.096250 0.094167
0 0.934375 0.191667 0.061250 0.063333
0 0.156562 0.154167 0.071875 0.088333
0 0.801250 0.109167 0.063750 0.083333
0 0.688125 0.075000 0.071250 0.081667
0 0.180312 0.067917 0.070625 0.087500
0 0.123750 0.066250 0.058750 0.120833
0 0.952812 0.024583 0.061875 0.049167
0 0.709688 0.022917 0.071875 0.045833
0 0.244375 0.033333 0.070000 0.066667