0 0.530000 0.980000 0.066250 0.040000
0 0.835000 0.978333 0.068750 0.043333
0 0.925625 0.967083 0.061250 0.065833
0 0.465625 0.962917 0.067500 0.074167
0 0.200625 0.958333 0.066250 0.083333
0 0.265000 0.939583 0.067500 0.092500
0 0.015625 0.901667 0.031250 0.086667
0 0.805625 0.898333 0.071250 0.095000
0 0.095000 0.893333 0.066250 0.090000
0 0.430000 0.889167 0.062500 0.093333
0 0.168437 0.875833 0.073125 0.090000
0 0.511875 0.867500 0.071250 0.095000
0 0.328437 0.857917 0.066875 0.097500
0 0.227813 0.841667 0.071875 0.091667
0 0.937187 0.793750 0.081875 0.079167
0 0.598125 0.783333 0.066250 0.086667
0 0.670625 0.783333 0.068750 0.088333
0 0.521563 0.773333 0.070625 0.090000
0 0.096875 0.765000 0.072500 0.091667
0 0.879687 0.762500 0.069375 0.090000
0 0.803125 0.754583 0.060000 0.079167
0 0.427812 0.722917 0.075625 0.100833
0 0.920937 0.697917 0.080625 0.087500
0 0.978437 0.671667 0.043125 0.068333
0 0.093125 0.678750 0.076250 0.085833
0 0.470313 0.678750 0.060625 0.090833
0 0.646563 0.683333 0.074375 0.101667
0 0.524062 0.679583 0.056875 0.094167
0 0.025625 0.663750 0.051250 0.095833
0 0.582187 0.634167 0.068125 0.096667
0 0.955313 0.615417 0.070625 0.087500
0 0.071250 0.598333 0.067500 0.083333
0 0.403438 0.598333 0.069375 0.085000
0 0.725313 0.615833 0.096875 0.121667
0 0.845938 0.583750 0.058125 0.074167
0 0.445312 0.504167 0.068125 0.075000
0 0.258750 0.527917 0.087500 0.125833
0 0.521875 0.504583 0.063750 0.092500
0 0.624687 0.480833 0.056875 0.091667
0 0.175937 0.473333 0.066875 0.085000
0 0.799687 0.472500 0.063125 0.093333
0 0.668125 0.470417 0.076250 0.092500
0 0.065625 0.469167 0.070000 0.090000
0 0.382500 0.446250 0.072500 0.092500
0 0.963437 0.435417 0.068125 0.087500
0 0.493437 0.422500 0.065625 0.088333
0 0.225312 0.419167 0.068125 0.095000
0 0.862812 0.400833 0.063125 0.093333
0 0.287813 0.380000 0.068125 0.095000
0 0.051562 0.352083 0.065625 0.089167
0 0.380312 0.348750 0.068125 0.085833
0 0.610938 0.360417 0.070625 0.110833
0 0.971250 0.350417 0.057500 0.150833
0 0.816562 0.297083 0.059375 0.087500
0 0.148438 0.296667 0.070625 0.096667
0 0.024688 0.257917 0.049375 0.082500
0 0.796875 0.254167 0.076250 0.086667
0 0.407187 0.258750 0.068125 0.095833
0 0.220312 0.250417 0.074375 0.092500
0 0.588125 0.233750 0.068750 0.077500
0 0.323750 0.218333 0.067500 0.090000
0 0.845938 0.207500 0.070625 0.098333
0 0.126875 0.197083 0.066250 0.085833
0 0.048125 0.194167 0.066250 0.090000
0 0.745000 0.195000 0.077500 0.096667
0 0.476562 0.176250 0.079375 0.084167
0 0.573750 0.163333 0.071250 0.095000
0 0.210938 0.160000 0.065625 0.100000
0 0.322500 0.135000 0.075000 0.096667
0 0.029063 0.130417 0.058125 0.094167
0 0.687813 0.127917 0.071875 0.092500
0 0.831562 0.115000 0.073125 0.085000
0 0.094687 0.110000 0.075625 0.100000
0 0.903438 0.073750 0.068125 0.094167
0 0.187812 0.070000 0.073125 0.093333
0 0.607187 0.069583 0.070625 0.099167
0 0.736563 0.051250 0.059375 0.095833
0 0.921875 0.018750 0.063750 0.037500
0 0.663750 0.034167 0.067500 0.068333
0 0.305000 0.030833 0.062500 0.061667
0 0.057500 0.036250 0.065000 0.072500