0 0.615938 0.984583 0.050625 0.030833
0 0.281562 0.981250 0.056875 0.037500
0 0.739688 0.973750 0.080625 0.052500
0 0.802813 0.968750 0.053125 0.062500
0 0.555000 0.966667 0.053750 0.066667
0 0.921562 0.964167 0.059375 0.071667
0 0.193750 0.955833 0.093750 0.088333
0 0.058750 0.923333 0.055000 0.066667
0 0.661250 0.925000 0.071250 0.088333
0 0.979062 0.927500 0.041875 0.110000
0 0.846562 0.902083 0.056875 0.075833
0 0.512500 0.901667 0.057500 0.075000
0 0.373125 0.898750 0.056250 0.074167
0 0.298125 0.888333 0.057500 0.083333
0 0.140625 0.895833 0.065000 0.105000
0 0.597187 0.866667 0.056875 0.080000
0 0.231563 0.860417 0.058125 0.070833
0 0.777188 0.877917 0.074375 0.109167
0 0.084375 0.858750 0.068750 0.079167
0 0.904062 0.852500 0.055625 0.081667
0 0.448750 0.860000 0.075000 0.110000
0 0.959063 0.849583 0.044375 0.092500
0 0.678125 0.841250 0.063750 0.080833
0 0.202500 0.837917 0.058750 0.084167
0 0.841562 0.812917 0.054375 0.079167
0 0.532813 0.800833 0.061875 0.083333
0 0.047188 0.800833 0.094375 0.093333
0 0.627500 0.789583 0.061250 0.075833
0 0.267500 0.790833 0.063750 0.078333
0 0.416875 0.778333 0.065000 0.086667
0 0.783125 0.772500 0.062500 0.078333
0 0.696250 0.765833 0.066250 0.078333
0 0.464687 0.765000 0.064375 0.080000
0 0.196250 0.746667 0.062500 0.078333
0 0.573750 0.725000 0.056250 0.076667
0 0.873125 0.725833 0.076250 0.090000
0 0.331562 0.715417 0.054375 0.075833
0 0.266875 0.701667 0.055000 0.070000
0 0.940625 0.701250 0.060000 0.074167
0 0.096875 0.707083 0.057500 0.109167
0 0.770625 0.686250 0.056250 0.070833
0 0.500000 0.699167 0.067500 0.106667
0 0.687500 0.675000 0.052500 0.076667
0 0.634062 0.670000 0.056875 0.073333
0 0.393125 0.673750 0.060000 0.084167
0 0.906563 0.662917 0.059375 0.085833
0 0.168125 0.645000 0.095000 0.078333
0 0.283125 0.620417 0.053750 0.070833
0 0.441250 0.635000 0.081250 0.105000
0 0.124063 0.609167 0.055625 0.085000
0 0.052500 0.622083 0.060000 0.129167
0 0.828750 0.612917 0.082500 0.125833
0 0.681875 0.581250 0.057500 0.079167
0 0.752188 0.571250 0.056875 0.085833
0 0.178125 0.558333 0.066250 0.061667
0 0.518437 0.594583 0.099375 0.160833
0 0.792188 0.534167 0.058125 0.070000
0 0.429688 0.540833 0.056875 0.085000
0 0.314688 0.532083 0.055625 0.067500
0 0.266250 0.531667 0.053750 0.080000
0 0.873750 0.533750 0.067500 0.085833
0 0.632812 0.520000 0.058125 0.085000
0 0.558125 0.505417 0.053750 0.077500
0 0.491563 0.499167 0.054375 0.078333
0 0.980625 0.482917 0.038750 0.072500
0 0.730313 0.485000 0.084375 0.090000
0 0.189688 0.475000 0.050625 0.076667
0 0.438125 0.455000 0.057500 0.078333
0 0.377812 0.474583 0.063125 0.120833
0 0.028125 0.450833 0.056250 0.078333
0 0.130938 0.449167 0.061875 0.088333
0 0.661875 0.439583 0.056250 0.074167
0 0.305312 0.439583 0.054375 0.077500
0 0.568125 0.431667 0.058750 0.078333
0 0.244688 0.432083 0.056875 0.080833
0 0.830000 0.442083 0.068750 0.112500
0 0.493125 0.422500 0.058750 0.078333
0 0.077813 0.411667 0.061875 0.083333
0 0.918438 0.408750 0.053125 0.089167
0 0.203125 0.392500 0.058750 0.085000
0 0.979688 0.390417 0.040625 0.087500
0 0.439688 0.377917 0.058125 0.069167
0 0.344062 0.371250 0.050625 0.074167
0 0.920000 0.354167 0.060000 0.058333
0 0.408750 0.350833 0.057500 0.060000
0 0.639687 0.346667 0.070625 0.068333
0 0.678438 0.349583 0.041875 0.079167
0 0.552813 0.333750 0.053125 0.067500
0 0.831875 0.332500 0.087500 0.081667
0 0.149062 0.326250 0.056875 0.084167
0 0.269375 0.318333 0.076250 0.081667
0 0.078437 0.302500 0.055625 0.071667
0 0.984688 0.292917 0.030625 0.075833
0 0.390000 0.287500 0.058750 0.068333
0 0.476562 0.295417 0.076875 0.099167
0 0.701250 0.278333 0.056250 0.073333
0 0.767813 0.272917 0.060625 0.087500
0 0.910937 0.269167 0.061875 0.083333
0 0.227813 0.265833 0.055625 0.080000
0 0.599688 0.262917 0.080625 0.085833
0 0.280313 0.253333 0.078125 0.081667
0 0.034063 0.252500 0.061875 0.085000
0 0.808750 0.239167 0.062500 0.101667
0 0.146563 0.217500 0.061875 0.080000
0 0.665937 0.212083 0.068125 0.080833
0 0.987812 0.204583 0.024375 0.074167
0 0.483438 0.193333 0.061875 0.075000
0 0.871563 0.196667 0.056875 0.090000
0 0.547500 0.182917 0.063750 0.077500
0 0.619375 0.171667 0.058750 0.075000
0 0.313125 0.169583 0.051250 0.079167
0 0.069375 0.161667 0.085000 0.083333
0 0.191562 0.174583 0.076875 0.110833
0 0.259688 0.147917 0.059375 0.075833
0 0.713750 0.141250 0.056250 0.069167
0 0.919375 0.110417 0.056250 0.070833
0 0.517813 0.110000 0.083125 0.078333
0 0.440937 0.092500 0.059375 0.086667
0 0.641250 0.082500 0.085000 0.075000
0 0.753125 0.079167 0.066250 0.073333
0 0.168125 0.085000 0.077500 0.100000
0 0.327188 0.067500 0.064375 0.083333
0 0.255625 0.056250 0.056250 0.075833
0 0.798125 0.047500 0.053750 0.085000
0 0.945000 0.048750 0.082500 0.090833
0 0.891250 0.028750 0.068750 0.057500
0 0.764062 0.034167 0.048125 0.068333
0 0.687500 0.035417 0.058750 0.070833
0 0.597500 0.022917 0.060000 0.045833
0 0.498750 0.030000 0.065000 0.060000
0 0.442188 0.017917 0.058125 0.035833