0 0.946562 0.965000 0.056875 0.070000
0 0.089375 0.957083 0.063750 0.084167
0 0.269688 0.950417 0.065625 0.084167
0 0.885625 0.932917 0.065000 0.074167
0 0.518125 0.947083 0.098750 0.105833
0 0.820937 0.932083 0.063125 0.092500
0 0.677500 0.942083 0.087500 0.115833
0 0.086875 0.880000 0.061250 0.080000
0 0.574375 0.880833 0.058750 0.090000
0 0.204687 0.861250 0.075625 0.087500
0 0.642188 0.857917 0.069375 0.089167
0 0.850625 0.849167 0.058750 0.083333
0 0.062500 0.849167 0.075000 0.146667
0 0.594688 0.785000 0.064375 0.076667
0 0.878125 0.775417 0.060000 0.077500
0 0.307188 0.767500 0.095625 0.103333
0 0.532813 0.751250 0.064375 0.085833
0 0.472500 0.744583 0.057500 0.080833
0 0.634375 0.723750 0.061250 0.070833
0 0.218750 0.709167 0.063750 0.083333
0 0.276250 0.695417 0.051250 0.080833
0 0.356250 0.704583 0.087500 0.117500
0 0.415625 0.665417 0.050000 0.079167
0 0.639687 0.647500 0.075625 0.086667
0 0.158438 0.640000 0.065625 0.081667
0 0.693750 0.607500 0.078750 0.085000
0 0.104063 0.603333 0.069375 0.085000
0 0.272500 0.605417 0.086250 0.107500
0 0.773125 0.604167 0.071250 0.115000
0 0.485312 0.589583 0.061875 0.099167
0 0.040000 0.582500 0.070000 0.100000
0 0.305312 0.570417 0.071875 0.094167
0 0.188750 0.551667 0.060000 0.080000
0 0.450937 0.536667 0.075625 0.090000
0 0.245000 0.511250 0.058750 0.077500
0 0.559063 0.508750 0.061875 0.090833
0 0.062187 0.495833 0.065625 0.083333
0 0.316250 0.490000 0.058750 0.075000
0 0.691562 0.503750 0.073125 0.109167
0 0.147500 0.491667 0.070000 0.086667
0 0.386875 0.476667 0.068750 0.101667
0 0.460000 0.454167 0.066250 0.078333
0 0.139375 0.421250 0.056250 0.069167
0 0.024688 0.428750 0.049375 0.087500
0 0.228437 0.412917 0.060625 0.080833
0 0.322500 0.407083 0.061250 0.077500
0 0.182500 0.360000 0.052500 0.076667
0 0.927188 0.377917 0.110625 0.115833
0 0.837187 0.351667 0.066875 0.086667
0 0.028125 0.333333 0.056250 0.076667
0 0.298125 0.313750 0.073750 0.087500
0 0.812187 0.308333 0.074375 0.083333
0 0.378750 0.320000 0.087500 0.111667
0 0.115000 0.286667 0.063750 0.085000
0 0.410938 0.269167 0.065625 0.071667
0 0.710625 0.262500 0.057500 0.080000
0 0.915312 0.249167 0.076875 0.091667
0 0.169375 0.235833 0.058750 0.076667
0 0.028125 0.213750 0.056250 0.087500
0 0.765938 0.219583 0.068125 0.120833
0 0.880000 0.190417 0.062500 0.090833
0 0.449375 0.189583 0.063750 0.089167
0 0.127188 0.165000 0.060625 0.068333
0 0.205313 0.160417 0.060625 0.074167
0 0.973437 0.166250 0.053125 0.097500
0 0.035937 0.123333 0.065625 0.086667
0 0.736250 0.111250 0.051250 0.070833
0 0.345625 0.113750 0.056250 0.077500
0 0.558750 0.122917 0.078750 0.100833
0 0.647813 0.112500 0.066875 0.083333
0 0.271875 0.122500 0.067500 0.111667
0 0.103438 0.090833 0.068125 0.076667
0 0.784375 0.087083 0.053750 0.070833
0 0.824063 0.087083 0.043125 0.089167
0 0.455313 0.081667 0.071875 0.091667
0 0.520625 0.063333 0.068750 0.081667
0 0.766875 0.025417 0.152500 0.050833
0 0.660625 0.027917 0.058750 0.055833
0 0.393750 0.043333 0.091250 0.086667