0 0.945000 0.980000 0.057500 0.040000
0 0.071250 0.957917 0.071250 0.084167
0 0.445312 0.929583 0.088125 0.069167
0 0.293750 0.900417 0.076250 0.097500
0 0.078750 0.830417 0.071250 0.090833
0 0.783438 0.810417 0.058125 0.075833
0 0.972500 0.815417 0.055000 0.095833
0 0.511563 0.791250 0.059375 0.094167
0 0.398438 0.792500 0.068125 0.098333
0 0.597187 0.752083 0.089375 0.094167
0 0.158438 0.732917 0.089375 0.082500
0 0.019062 0.677083 0.038125 0.087500
0 0.129688 0.646250 0.068125 0.085833
0 0.075938 0.632917 0.054375 0.082500
0 0.625938 0.638750 0.074375 0.109167
0 0.754375 0.626250 0.081250 0.090833
0 0.521250 0.610417 0.060000 0.082500
0 0.431875 0.580000 0.065000 0.093333
0 0.181875 0.558750 0.065000 0.070833
0 0.462813 0.536667 0.065625 0.090000
0 0.583125 0.506667 0.087500 0.096667
0 0.133750 0.497917 0.075000 0.099167
0 0.394062 0.475417 0.063125 0.079167
0 0.860313 0.450833 0.068125 0.088333
0 0.786563 0.436667 0.051875 0.083333
0 0.725000 0.431250 0.060000 0.082500
0 0.070312 0.425000 0.070625 0.086667
0 0.262188 0.406667 0.075625 0.086667
0 0.614375 0.400000 0.071250 0.093333
0 0.527500 0.387500 0.052500 0.068333
0 0.444063 0.387917 0.078125 0.100833
0 0.034063 0.367083 0.068125 0.085833
0 0.787813 0.336667 0.066875 0.090000
0 0.094062 0.318333 0.061875 0.090000
0 0.925312 0.313750 0.073125 0.082500
0 0.422812 0.280833 0.078125 0.085000
0 0.534062 0.269167 0.070625 0.090000
0 0.825313 0.257083 0.050625 0.074167
0 0.736875 0.247917 0.065000 0.090833
0 0.907813 0.240000 0.083125 0.081667
0 0.668438 0.194167 0.064375 0.090000
0 0.542500 0.158333 0.056250 0.076667
0 0.384375 0.142083 0.068750 0.079167
0 0.772188 0.134583 0.070625 0.072500
0 0.221875 0.145000 0.068750 0.096667
0 0.908125 0.109583 0.072500 0.092500
0 0.299063 0.071667 0.060625 0.083333
0 0.140000 0.068333 0.063750 0.080000
0 0.865313 0.025000 0.073125 0.050000
0 0.763750 0.037083 0.087500 0.074167
0 0.392188 0.044583 0.079375 0.089167