0 0.310312 0.979167 0.055625 0.041667
0 0.605625 0.972083 0.065000 0.055833
0 0.202500 0.967083 0.046250 0.065833
0 0.879062 0.966250 0.076875 0.067500
0 0.255625 0.965833 0.056250 0.068333
0 0.366875 0.956250 0.050000 0.087500
0 0.413750 0.952083 0.048750 0.090833
0 0.820625 0.929583 0.061250 0.090833
0 0.482187 0.901250 0.065625 0.075833
0 0.768125 0.900833 0.072500 0.081667
0 0.591875 0.898333 0.087500 0.096667
0 0.904062 0.892500 0.073125 0.090000
0 0.127188 0.915417 0.068125 0.137500
0 0.234687 0.881250 0.068125 0.092500
0 0.050937 0.871250 0.084375 0.109167
0 0.687813 0.845417 0.073125 0.095833
0 0.965625 0.839167 0.058750 0.105000
0 0.225000 0.809167 0.071250 0.076667
0 0.350313 0.843750 0.058125 0.157500
0 0.547188 0.813333 0.066875 0.098333
0 0.888125 0.793333 0.061250 0.093333
0 0.016563 0.786250 0.033125 0.092500
0 0.084687 0.813333 0.104375 0.156667
0 0.255000 0.773750 0.066250 0.089167
0 0.590938 0.790833 0.058125 0.131667
0 0.420000 0.770417 0.067500 0.097500
0 0.840938 0.768333 0.079375 0.131667
0 0.946562 0.745417 0.063125 0.090833
0 0.162500 0.744167 0.066250 0.091667
0 0.092813 0.734167 0.070625 0.083333
0 0.604062 0.720833 0.053125 0.078333
0 0.498437 0.740833 0.079375 0.146667
0 0.734062 0.728333 0.046875 0.133333
0 0.864375 0.680417 0.061250 0.067500
0 0.710000 0.680417 0.055000 0.090833
0 0.468750 0.672500 0.068750 0.075000
0 0.810937 0.691667 0.046875 0.126667
0 0.103750 0.660417 0.045000 0.095833
0 0.673750 0.715833 0.106250 0.210000
0 0.913438 0.668333 0.039375 0.126667
0 0.558125 0.655417 0.051250 0.100833
0 0.604688 0.638333 0.054375 0.103333
0 0.297500 0.620000 0.083750 0.103333
0 0.064687 0.617500 0.056875 0.100000
0 0.879375 0.609167 0.071250 0.086667
0 0.981875 0.587917 0.036250 0.077500
0 0.514375 0.592917 0.066250 0.094167
0 0.108750 0.570833 0.070000 0.083333
0 0.774375 0.573333 0.067500 0.090000
0 0.447813 0.587500 0.059375 0.118333
0 0.818125 0.550833 0.061250 0.088333
0 0.340000 0.553750 0.086250 0.099167
0 0.026250 0.577083 0.040000 0.147500
0 0.619062 0.545833 0.078125 0.098333
0 0.540312 0.540000 0.070625 0.088333
0 0.178437 0.530833 0.085625 0.095000
0 0.990313 0.517500 0.019375 0.075000
0 0.957187 0.513750 0.085625 0.115833
0 0.449062 0.494583 0.074375 0.085833
0 0.338125 0.479167 0.075000 0.091667
0 0.583750 0.474167 0.070000 0.088333
0 0.268437 0.493333 0.071875 0.128333
0 0.224062 0.467083 0.064375 0.105833
0 0.968125 0.434583 0.063750 0.062500
0 0.851250 0.454583 0.057500 0.112500
0 0.914375 0.435833 0.065000 0.093333
0 0.696875 0.425417 0.073750 0.072500
0 0.155000 0.460000 0.060000 0.141667
0 0.198437 0.387917 0.063125 0.074167
0 0.609375 0.395417 0.070000 0.097500
0 0.972500 0.378333 0.055000 0.075000
0 0.568750 0.373333 0.063750 0.090000
0 0.265313 0.375833 0.080625 0.108333
0 0.649687 0.360417 0.064375 0.090833
0 0.705625 0.355417 0.083750 0.090833
0 0.759062 0.365000 0.049375 0.121667
0 0.870000 0.336667 0.071250 0.083333
0 0.037187 0.329583 0.074375 0.115833
0 0.531563 0.309583 0.064375 0.079167
0 0.320937 0.330833 0.040625 0.121667
0 0.282500 0.313333 0.057500 0.111667
0 0.709375 0.271667 0.070000 0.076667
0 0.181875 0.286250 0.052500 0.107500
0 0.533750 0.247083 0.060000 0.082500
0 0.061250 0.267083 0.082500 0.122500
0 0.123750 0.252917 0.080000 0.112500
0 0.282813 0.216667 0.069375 0.093333
0 0.220938 0.196250 0.058125 0.094167
0 0.968437 0.191250 0.063125 0.090833
0 0.323125 0.184583 0.060000 0.089167
0 0.764062 0.183750 0.070625 0.107500
0 0.497188 0.149583 0.085625 0.085833
0 0.066875 0.167083 0.042500 0.130833
0 0.917500 0.146667 0.066250 0.095000
0 0.423125 0.160833 0.083750 0.130000
0 0.289687 0.124583 0.059375 0.080833
0 0.858125 0.114167 0.062500 0.090000
0 0.124688 0.135417 0.075625 0.132500
0 0.358438 0.098750 0.068125 0.099167
0 0.059062 0.076667 0.061875 0.088333
0 0.820625 0.072500 0.063750 0.086667
0 0.896875 0.042917 0.067500 0.085833
0 0.701875 0.024167 0.062500 0.048333
0 0.275313 0.053333 0.049375 0.106667
0 0.032500 0.040417 0.065000 0.080833