0 0.785000 0.931250 0.067500 0.099167
0 0.238437 0.925000 0.066875 0.090000
0 0.976562 0.903750 0.046875 0.092500
0 0.936562 0.902917 0.056875 0.109167
0 0.306875 0.864583 0.068750 0.087500
0 0.458437 0.868333 0.075625 0.100000
0 0.570625 0.861667 0.072500 0.096667
0 0.532188 0.810000 0.069375 0.096667
0 0.956562 0.800000 0.061875 0.085000
0 0.762188 0.790417 0.063125 0.080833
0 0.710625 0.780417 0.057500 0.100833
0 0.623437 0.779583 0.068125 0.099167
0 0.335313 0.753750 0.071875 0.094167
0 0.914687 0.733750 0.056875 0.087500
0 0.016875 0.726250 0.033750 0.092500
0 0.827500 0.702917 0.075000 0.094167
0 0.670625 0.690833 0.075000 0.100000
0 0.525625 0.687917 0.070000 0.105833
0 0.756250 0.657083 0.073750 0.107500
0 0.156562 0.625833 0.068125 0.093333
0 0.848125 0.587500 0.072500 0.078333
0 0.974688 0.587917 0.050625 0.100833
0 0.383437 0.502917 0.068125 0.097500
0 0.644062 0.493750 0.070625 0.094167
0 0.119375 0.477083 0.076250 0.085833
0 0.845000 0.476250 0.108750 0.115833
0 0.175625 0.418333 0.070000 0.080000
0 0.790312 0.426667 0.061875 0.105000
0 0.735625 0.407917 0.063750 0.095833
0 0.358750 0.401250 0.068750 0.099167
0 0.478750 0.393333 0.063750 0.100000
0 0.890938 0.385417 0.069375 0.090833
0 0.045625 0.380833 0.070000 0.091667
0 0.265000 0.355833 0.068750 0.096667
0 0.797813 0.324583 0.069375 0.092500
0 0.332500 0.320000 0.078750 0.098333
0 0.554688 0.312500 0.066875 0.093333
0 0.109375 0.310833 0.081250 0.090000
0 0.201250 0.317917 0.063750 0.109167
0 0.938750 0.306250 0.067500 0.090833
0 0.481250 0.264167 0.072500 0.093333
0 0.404687 0.230833 0.071875 0.086667
0 0.936875 0.201250 0.075000 0.092500
0 0.729062 0.195833 0.073125 0.093333
0 0.565312 0.175000 0.101875 0.073333
0 0.075313 0.185833 0.074375 0.103333
0 0.665937 0.149583 0.069375 0.082500
0 0.367500 0.136667 0.062500 0.096667
0 0.575000 0.123750 0.061250 0.074167
0 0.951250 0.090833 0.070000 0.096667
0 0.030937 0.086667 0.061875 0.093333
0 0.471562 0.076250 0.061875 0.085833
0 0.155312 0.068750 0.074375 0.075833
0 0.413750 0.019167 0.067500 0.038333