0 0.621563 0.967917 0.075625 0.064167
0 0.348438 0.963333 0.066875 0.073333
0 0.212500 0.955833 0.077500 0.061667
0 0.947812 0.960833 0.070625 0.078333
0 0.866875 0.956250 0.062500 0.087500
0 0.798438 0.938333 0.059375 0.085000
0 0.703438 0.890417 0.060625 0.067500
0 0.360938 0.856250 0.068125 0.097500
0 0.496250 0.842500 0.061250 0.085000
0 0.895938 0.820417 0.055625 0.069167
0 0.290312 0.819167 0.059375 0.088333
0 0.979688 0.800833 0.040625 0.091667
0 0.695937 0.789167 0.083125 0.103333
0 0.210313 0.771667 0.059375 0.080000
0 0.443125 0.773333 0.078750 0.091667
0 0.310312 0.773333 0.083125 0.098333
0 0.138437 0.777083 0.064375 0.107500
0 0.068750 0.772917 0.068750 0.100833
0 0.020313 0.722500 0.040625 0.073333
0 0.556875 0.727500 0.073750 0.093333
0 0.913125 0.723750 0.068750 0.090833
0 0.377500 0.713333 0.063750 0.085000
0 0.045937 0.680833 0.055625 0.075000
0 0.217500 0.673750 0.060000 0.084167
0 0.294375 0.664167 0.070000 0.095000
0 0.788125 0.653333 0.057500 0.075000
0 0.714375 0.670417 0.092500 0.122500
0 0.408125 0.638750 0.056250 0.064167
0 0.976562 0.639167 0.046875 0.091667
0 0.631250 0.614167 0.076250 0.090000
0 0.075000 0.608333 0.063750 0.101667
0 0.929063 0.591250 0.066875 0.097500
0 0.148750 0.587500 0.085000 0.106667
0 0.025313 0.575000 0.050625 0.098333
0 0.516875 0.559583 0.072500 0.094167
0 0.253437 0.554583 0.050625 0.095833
0 0.295312 0.548750 0.070625 0.085833
0 0.079375 0.515833 0.072500 0.078333
0 0.451250 0.505000 0.070000 0.096667
0 0.648125 0.486250 0.060000 0.084167
0 0.803438 0.472917 0.073125 0.095833
0 0.330937 0.462917 0.066875 0.082500
0 0.031250 0.470000 0.062500 0.100000
0 0.461250 0.404167 0.065000 0.080000
0 0.145000 0.390833 0.072500 0.101667
0 0.523438 0.374583 0.051875 0.070833
0 0.308750 0.366667 0.066250 0.085000
0 0.238750 0.377083 0.060000 0.109167
0 0.803438 0.360833 0.078125 0.091667
0 0.056875 0.338333 0.066250 0.070000
0 0.543438 0.328333 0.061875 0.080000
0 0.188750 0.323750 0.075000 0.089167
0 0.723125 0.326667 0.087500 0.100000
0 0.932813 0.291250 0.076875 0.105833
0 0.358125 0.287500 0.071250 0.098333
0 0.119063 0.266667 0.059375 0.070000
0 0.765312 0.267500 0.081875 0.103333
0 0.300625 0.244167 0.058750 0.078333
0 0.621563 0.245000 0.065625 0.098333
0 0.409687 0.230833 0.066875 0.090000
0 0.248125 0.225833 0.071250 0.081667
0 0.047813 0.224167 0.075625 0.088333
0 0.547813 0.214583 0.059375 0.100833
0 0.163438 0.162083 0.069375 0.052500
0 0.715938 0.172917 0.064375 0.084167
0 0.898125 0.152500 0.081250 0.098333
0 0.324688 0.146667 0.069375 0.091667
0 0.500313 0.131667 0.069375 0.095000
0 0.818438 0.115417 0.073125 0.090833
0 0.663438 0.102917 0.054375 0.075833
0 0.064375 0.077083 0.071250 0.102500
0 0.769375 0.025000 0.070000 0.050000
0 0.563125 0.033750 0.062500 0.067500
0 0.485625 0.025833 0.060000 0.051667