0 0.858750 0.977083 0.072500 0.045833
0 0.533125 0.970417 0.055000 0.059167
0 0.929375 0.962083 0.060000 0.075833
0 0.559688 0.953333 0.074375 0.093333
0 0.975000 0.916250 0.050000 0.087500
0 0.761250 0.903333 0.078750 0.088333
0 0.039688 0.887500 0.068125 0.085000
0 0.273438 0.888333 0.069375 0.091667
0 0.492812 0.880833 0.115625 0.116667
0 0.825000 0.865000 0.071250 0.103333
0 0.914062 0.846667 0.055625 0.090000
0 0.639687 0.838333 0.065625 0.080000
0 0.700937 0.847500 0.053125 0.100000
0 0.531250 0.845000 0.071250 0.108333
0 0.853750 0.825833 0.066250 0.085000
0 0.032813 0.824167 0.065625 0.088333
0 0.963437 0.818333 0.070625 0.101667
0 0.231250 0.812083 0.068750 0.090833
0 0.572812 0.831667 0.100625 0.156667
0 0.740625 0.807500 0.068750 0.113333
0 0.329375 0.781667 0.075000 0.086667
0 0.789375 0.788333 0.060000 0.115000
0 0.432188 0.774167 0.055625 0.090000
0 0.598437 0.778750 0.066875 0.100833
0 0.932813 0.772917 0.071875 0.092500
0 0.069062 0.779167 0.099375 0.113333
0 0.852812 0.757917 0.069375 0.080833
0 0.142813 0.757917 0.070625 0.107500
0 0.380625 0.748333 0.068750 0.096667
0 0.482187 0.737500 0.065625 0.095000
0 0.883750 0.706250 0.060000 0.084167
0 0.033438 0.705417 0.066875 0.082500
0 0.784062 0.690000 0.084375 0.076667
0 0.940937 0.683750 0.076875 0.080833
0 0.371250 0.671667 0.091250 0.073333
0 0.658125 0.661667 0.068750 0.070000
0 0.174687 0.669583 0.069375 0.089167
0 0.543438 0.649583 0.069375 0.094167
0 0.737812 0.639583 0.093125 0.082500
0 0.900000 0.626667 0.065000 0.068333
0 0.419063 0.624583 0.075625 0.084167
0 0.333437 0.608333 0.068125 0.071667
0 0.929688 0.589583 0.069375 0.087500
0 0.632188 0.583333 0.068125 0.086667
0 0.158125 0.576250 0.065000 0.072500
0 0.484375 0.565833 0.056250 0.090000
0 0.212188 0.565833 0.069375 0.091667
0 0.424687 0.552083 0.066875 0.087500
0 0.072813 0.555417 0.053125 0.094167
0 0.758125 0.524167 0.077500 0.080000
0 0.599375 0.510417 0.072500 0.079167
0 0.165000 0.512500 0.065000 0.085000
0 0.026250 0.507917 0.052500 0.094167
0 0.900937 0.489167 0.070625 0.080000
0 0.426875 0.472500 0.077500 0.075000
0 0.240313 0.471667 0.061875 0.076667
0 0.661250 0.465833 0.075000 0.090000
0 0.533750 0.451250 0.095000 0.070833
0 0.117813 0.462917 0.060625 0.094167
0 0.053437 0.449167 0.068125 0.083333
0 0.737500 0.446250 0.072500 0.090833
0 0.952812 0.437917 0.053125 0.075833
0 0.549687 0.399167 0.081875 0.080000
0 0.293438 0.396667 0.073125 0.086667
0 0.703750 0.392917 0.078750 0.090833
0 0.020938 0.374583 0.041875 0.084167
0 0.865938 0.361667 0.094375 0.070000
0 0.435937 0.365833 0.055625 0.095000
0 0.484687 0.362500 0.061875 0.098333
0 0.627500 0.354583 0.067500 0.095833
0 0.966875 0.341250 0.066250 0.075833
0 0.203750 0.329167 0.081250 0.080000
0 0.313750 0.307083 0.080000 0.075833
0 0.057500 0.307500 0.072500 0.081667
0 0.839688 0.305417 0.113125 0.114167
0 0.394062 0.272917 0.086875 0.079167
0 0.032813 0.256667 0.065625 0.073333
0 0.937500 0.233750 0.067500 0.064167
0 0.796875 0.225000 0.066250 0.091667
0 0.472187 0.204583 0.074375 0.100833
0 0.054375 0.186250 0.070000 0.085833
0 0.865313 0.180417 0.078125 0.077500
0 0.956562 0.180833 0.070625 0.081667
0 0.451250 0.178750 0.065000 0.077500
0 0.335000 0.163750 0.088750 0.074167
0 0.746875 0.154583 0.071250 0.102500
0 0.254063 0.133750 0.089375 0.060833
0 0.677500 0.145000 0.067500 0.090000
0 0.870313 0.125417 0.105625 0.077500
0 0.470000 0.112917 0.072500 0.072500
0 0.397813 0.129167 0.095625 0.115000
0 0.091563 0.087083 0.085625 0.082500
0 0.543750 0.097083 0.057500 0.104167
0 0.039062 0.086667 0.064375 0.095000
0 0.241875 0.072500 0.078750 0.076667
0 0.620313 0.087917 0.053125 0.109167
0 0.708438 0.080000 0.069375 0.095000
0 0.873437 0.050000 0.085625 0.100000
0 0.770312 0.034167 0.070625 0.068333
0 0.658438 0.038333 0.069375 0.076667
0 0.603750 0.029167 0.050000 0.058333
0 0.432812 0.038333 0.115625 0.076667