0 0.258437 0.966250 0.060625 0.067500
0 0.186562 0.965417 0.063125 0.069167
0 0.963437 0.940833 0.065625 0.076667
0 0.094687 0.946667 0.054375 0.106667
0 0.775937 0.935833 0.083125 0.088333
0 0.716562 0.939583 0.071875 0.099167
0 0.898750 0.921667 0.080000 0.108333
0 0.199063 0.895417 0.039375 0.060833
0 0.532500 0.912917 0.080000 0.109167
0 0.281562 0.902083 0.068125 0.117500
0 0.120000 0.886667 0.087500 0.091667
0 0.385625 0.899583 0.091250 0.124167
0 0.024688 0.885000 0.049375 0.101667
0 0.809063 0.857083 0.065625 0.099167
0 0.751563 0.841667 0.058125 0.108333
0 0.694063 0.833750 0.065625 0.092500
0 0.962500 0.838333 0.075000 0.111667
0 0.183438 0.830833 0.085625 0.100000
0 0.593437 0.816667 0.059375 0.091667
0 0.300625 0.800417 0.068750 0.074167
0 0.524062 0.814583 0.056875 0.110833
0 0.122813 0.790833 0.050625 0.071667
0 0.468125 0.802917 0.066250 0.122500
0 0.835938 0.763750 0.054375 0.067500
0 0.071563 0.774583 0.071875 0.089167
0 0.228750 0.768333 0.061250 0.078333
0 0.166875 0.753750 0.047500 0.059167
0 0.632812 0.758333 0.089375 0.095000
0 0.025313 0.763333 0.050625 0.108333
0 0.379063 0.779167 0.101875 0.141667
0 0.185625 0.713333 0.063750 0.088333
0 0.054688 0.703333 0.059375 0.071667
0 0.424375 0.713750 0.060000 0.105833
0 0.879687 0.698750 0.063125 0.077500
0 0.718750 0.705000 0.063750 0.096667
0 0.498125 0.722500 0.075000 0.133333
0 0.130625 0.691250 0.063750 0.085833
0 0.260625 0.700833 0.073750 0.120000
0 0.780937 0.686250 0.064375 0.125833
0 0.596562 0.670833 0.061875 0.108333
0 0.415000 0.636667 0.058750 0.068333
0 0.352187 0.665833 0.075625 0.128333
0 0.018437 0.652083 0.036875 0.102500
0 0.710313 0.628333 0.058125 0.080000
0 0.201250 0.627083 0.061250 0.092500
0 0.109375 0.621667 0.076250 0.086667
0 0.475625 0.602083 0.063750 0.089167
0 0.960938 0.612500 0.078125 0.116667
0 0.555000 0.599583 0.072500 0.094167
0 0.772500 0.588750 0.050000 0.084167
0 0.865938 0.598750 0.118125 0.132500
0 0.660937 0.570833 0.070625 0.076667
0 0.142500 0.545417 0.060000 0.074167
0 0.310000 0.544167 0.055000 0.096667
0 0.071875 0.543750 0.063750 0.099167
0 0.250312 0.522917 0.049375 0.065833
0 0.016563 0.527500 0.033125 0.085000
0 0.740313 0.525000 0.083125 0.100000
0 0.974375 0.513750 0.051250 0.082500
0 0.530625 0.508333 0.056250 0.076667
0 0.678750 0.493750 0.062500 0.067500
0 0.614688 0.524583 0.076875 0.142500
0 0.338750 0.473750 0.072500 0.067500
0 0.410938 0.511250 0.065625 0.157500
0 0.900625 0.469167 0.067500 0.101667
0 0.470625 0.477083 0.061250 0.127500
0 0.210313 0.443333 0.078125 0.061667
0 0.536875 0.427917 0.056250 0.067500
0 0.827187 0.454167 0.061875 0.121667
0 0.025625 0.423750 0.051250 0.070833
0 0.948438 0.430417 0.049375 0.085833
0 0.116250 0.450833 0.082500 0.136667
0 0.663750 0.415833 0.055000 0.085000
0 0.595313 0.406667 0.089375 0.078333
0 0.712500 0.410833 0.043750 0.103333
0 0.378437 0.387500 0.083125 0.078333
0 0.043437 0.359583 0.059375 0.064167
0 0.279375 0.373333 0.083750 0.095000
0 0.205000 0.370417 0.071250 0.092500
0 0.828750 0.355833 0.065000 0.095000
0 0.927813 0.337917 0.066875 0.084167
0 0.132188 0.342917 0.068125 0.097500
0 0.080000 0.322500 0.055000 0.075000
0 0.985000 0.326667 0.030000 0.085000
0 0.756250 0.344583 0.061250 0.120833
0 0.028125 0.325417 0.056250 0.089167
0 0.432812 0.326667 0.068125 0.098333
0 0.665625 0.318333 0.057500 0.085000
0 0.303125 0.301250 0.055000 0.065833
0 0.876875 0.275000 0.066250 0.098333
0 0.127188 0.256667 0.058125 0.078333
0 0.611563 0.256250 0.065625 0.080833
0 0.484063 0.268750 0.105625 0.112500
0 0.224375 0.265000 0.067500 0.130000
0 0.018750 0.233750 0.037500 0.070833
0 0.538438 0.235417 0.061875 0.075833
0 0.360625 0.252917 0.080000 0.125833
0 0.074063 0.208750 0.095625 0.094167
0 0.958750 0.218750 0.082500 0.115833
0 0.288438 0.217917 0.076875 0.114167
0 0.744687 0.215000 0.075625 0.131667
0 0.660937 0.179167 0.059375 0.085000
0 0.410000 0.163333 0.058750 0.086667
0 0.499063 0.164167 0.066875 0.090000
0 0.875000 0.152083 0.066250 0.084167
0 0.774062 0.132083 0.059375 0.085833
0 0.557813 0.120417 0.053125 0.079167
0 0.061562 0.119583 0.081875 0.085833
0 0.834375 0.112917 0.073750 0.095833
0 0.334062 0.124583 0.068125 0.119167
0 0.142500 0.132917 0.072500 0.137500
0 0.614375 0.104167 0.055000 0.085000
0 0.729375 0.101250 0.068750 0.085833
0 0.206250 0.076667 0.080000 0.081667
0 0.977500 0.079583 0.045000 0.115833
0 0.563438 0.054167 0.064375 0.071667
0 0.895625 0.053750 0.098750 0.107500
0 0.747812 0.038333 0.059375 0.076667
0 0.645625 0.047500 0.073750 0.095000
0 0.500625 0.057083 0.098750 0.114167
0 0.276562 0.060417 0.041875 0.120833
0 0.158125 0.029167 0.062500 0.058333