0 0.582500 0.970417 0.062500 0.059167
0 0.017812 0.965000 0.035625 0.070000
0 0.159062 0.960833 0.063125 0.078333
0 0.080625 0.952500 0.068750 0.071667
0 0.382188 0.951250 0.084375 0.097500
0 0.499375 0.946250 0.061250 0.092500
0 0.436563 0.926250 0.060625 0.090833
0 0.190312 0.875000 0.053125 0.076667
0 0.586875 0.882917 0.060000 0.095833
0 0.860938 0.874167 0.060625 0.088333
0 0.955937 0.875000 0.065625 0.108333
0 0.367500 0.855417 0.060000 0.079167
0 0.449375 0.837083 0.056250 0.102500
0 0.661875 0.839583 0.056250 0.137500
0 0.093125 0.815417 0.066250 0.102500
0 0.957187 0.790833 0.051875 0.071667
0 0.395937 0.777500 0.061875 0.088333
0 0.320000 0.765833 0.076250 0.093333
0 0.854688 0.723750 0.059375 0.084167
0 0.608750 0.731250 0.060000 0.099167
0 0.537188 0.711250 0.069375 0.099167
0 0.018437 0.684167 0.036875 0.091667
0 0.846875 0.655000 0.057500 0.080000
0 0.556250 0.647083 0.065000 0.072500
0 0.046875 0.638750 0.075000 0.137500
0 0.329688 0.599167 0.066875 0.096667
0 0.739375 0.581250 0.078750 0.087500
0 0.055938 0.573750 0.063125 0.074167
0 0.416250 0.572083 0.060000 0.080833
0 0.926250 0.572917 0.058750 0.084167
0 0.796562 0.532917 0.066875 0.072500
0 0.980000 0.535417 0.040000 0.079167
0 0.260625 0.542500 0.081250 0.096667
0 0.863437 0.530833 0.056875 0.091667
0 0.506250 0.498750 0.060000 0.070833
0 0.417187 0.495000 0.065625 0.078333
0 0.069375 0.474167 0.058750 0.076667
0 0.742500 0.467917 0.072500 0.089167
0 0.339062 0.437083 0.068125 0.067500
0 0.512188 0.435417 0.064375 0.072500
0 0.610625 0.444583 0.076250 0.122500
0 0.250625 0.407500 0.051250 0.063333
0 0.340313 0.377917 0.058125 0.062500
0 0.822187 0.378750 0.088125 0.094167
0 0.464687 0.364167 0.061875 0.086667
0 0.700937 0.366667 0.055625 0.093333
0 0.167500 0.369583 0.068750 0.100833
0 0.775625 0.349167 0.071250 0.081667
0 0.530625 0.345417 0.062500 0.079167
0 0.970000 0.360000 0.060000 0.120000
0 0.413438 0.319167 0.068125 0.066667
0 0.901875 0.300000 0.063750 0.078333
0 0.360312 0.279167 0.051875 0.081667
0 0.881563 0.247917 0.060625 0.080833
0 0.227813 0.242083 0.059375 0.080833
0 0.537813 0.247500 0.069375 0.095000
0 0.329688 0.200417 0.058125 0.092500
0 0.264688 0.175417 0.060625 0.082500
0 0.651563 0.162500 0.070625 0.068333
0 0.592812 0.165000 0.063125 0.090000
0 0.515938 0.146667 0.055625 0.083333
0 0.760625 0.152083 0.068750 0.105833
0 0.841875 0.151250 0.066250 0.110833
0 0.032500 0.142917 0.065000 0.135833
0 0.492812 0.110833 0.055625 0.088333
0 0.682500 0.107500 0.067500 0.086667
0 0.956875 0.111250 0.086250 0.107500
0 0.154688 0.085833 0.055625 0.063333
0 0.582500 0.065000 0.046250 0.058333
0 0.702187 0.019167 0.056875 0.038333
0 0.624375 0.021667 0.055000 0.043333
0 0.435937 0.061667 0.078125 0.123333
0 0.015625 0.040833 0.031250 0.081667