0 0.960000 0.942500 0.068750 0.096667
0 0.393125 0.849583 0.071250 0.105833
0 0.540937 0.821250 0.066875 0.089167
0 0.725313 0.800000 0.068125 0.095000
0 0.452500 0.802083 0.068750 0.099167
0 0.177813 0.780417 0.076875 0.090833
0 0.320000 0.747500 0.065000 0.090000
0 0.508125 0.741250 0.085000 0.089167
0 0.156875 0.713333 0.067500 0.095000
0 0.231563 0.706667 0.065625 0.086667
0 0.615000 0.693750 0.073750 0.109167
0 0.427812 0.679167 0.070625 0.095000
0 0.117188 0.681250 0.068125 0.105833
0 0.528750 0.641667 0.090000 0.093333
0 0.291563 0.612500 0.109375 0.090000
0 0.636875 0.615833 0.076250 0.098333
0 0.091875 0.607917 0.070000 0.095833
0 0.172500 0.603333 0.063750 0.093333
0 0.488750 0.534583 0.071250 0.087500
0 0.558750 0.531250 0.063750 0.085833
0 0.909062 0.508750 0.070625 0.092500
0 0.150000 0.518750 0.065000 0.119167
0 0.085938 0.492917 0.061875 0.105833
0 0.268437 0.509583 0.164375 0.149167
0 0.545000 0.450417 0.058750 0.092500
0 0.484687 0.444167 0.061875 0.086667
0 0.873125 0.445417 0.092500 0.095833
0 0.385625 0.414167 0.065000 0.090000
0 0.491563 0.380417 0.100625 0.064167
0 0.875938 0.360000 0.074375 0.076667
0 0.451875 0.311667 0.086250 0.073333
0 0.211562 0.314167 0.071875 0.095000
0 0.637188 0.269583 0.059375 0.089167
0 0.144063 0.262083 0.069375 0.105833
0 0.274062 0.218750 0.063125 0.104167
0 0.205625 0.035417 0.067500 0.070833