0 0.221562 0.976250 0.081875 0.047500
0 0.678125 0.949167 0.097500 0.101667
0 0.836250 0.944583 0.093750 0.110833
0 0.172500 0.938333 0.080000 0.100000
0 0.582812 0.931250 0.060625 0.087500
0 0.034063 0.892917 0.068125 0.090833
0 0.639687 0.886250 0.068125 0.085833
0 0.242812 0.870000 0.074375 0.095000
0 0.705625 0.858333 0.068750 0.090000
0 0.128125 0.854583 0.073750 0.089167
0 0.821562 0.847917 0.085625 0.104167
0 0.755313 0.795833 0.073125 0.090000
0 0.666562 0.795000 0.066875 0.090000
0 0.033438 0.782083 0.066875 0.072500
0 0.600938 0.800417 0.079375 0.137500
0 0.208437 0.782083 0.073125 0.104167
0 0.107188 0.765000 0.099375 0.133333
0 0.260313 0.730833 0.071875 0.100000
0 0.753125 0.717500 0.076250 0.085000
0 0.047188 0.696250 0.070625 0.092500
0 0.313437 0.685833 0.079375 0.086667
0 0.454062 0.677083 0.074375 0.100833
0 0.565625 0.648333 0.081250 0.115000
0 0.859375 0.632500 0.072500 0.105000
0 0.075000 0.623750 0.065000 0.090833
0 0.377812 0.621250 0.073125 0.100833
0 0.927188 0.615417 0.079375 0.100833
0 0.303750 0.602500 0.076250 0.088333
0 0.515625 0.605417 0.112500 0.129167
0 0.803438 0.579167 0.068125 0.086667
0 0.733750 0.568333 0.097500 0.091667
0 0.957812 0.582500 0.084375 0.121667
0 0.043437 0.560833 0.086875 0.121667
0 0.643750 0.524167 0.066250 0.091667
0 0.749687 0.499583 0.070625 0.087500
0 0.585313 0.507917 0.064375 0.132500
0 0.685000 0.478333 0.063750 0.086667
0 0.960000 0.475417 0.080000 0.102500
0 0.514062 0.457917 0.085625 0.094167
0 0.068437 0.459167 0.110625 0.113333
0 0.857812 0.442083 0.071875 0.084167
0 0.919063 0.411667 0.061875 0.091667
0 0.717187 0.408333 0.080625 0.098333
0 0.203750 0.399583 0.080000 0.085833
0 0.167187 0.360000 0.075625 0.083333
0 0.846562 0.355417 0.095625 0.089167
0 0.282187 0.345417 0.066875 0.077500
0 0.506875 0.350000 0.120000 0.090000
0 0.906563 0.330833 0.060625 0.078333
0 0.577187 0.331667 0.060625 0.090000
0 0.760312 0.345000 0.074375 0.123333
0 0.102813 0.327917 0.063125 0.089167
0 0.232500 0.314583 0.066250 0.099167
0 0.983437 0.304167 0.033125 0.086667
0 0.630938 0.324583 0.078125 0.149167
0 0.952812 0.281667 0.055625 0.076667
0 0.854375 0.273333 0.057500 0.075000
0 0.301563 0.265000 0.118125 0.090000
0 0.060937 0.268333 0.089375 0.113333
0 0.744687 0.240417 0.058125 0.077500
0 0.580937 0.242083 0.089375 0.105833
0 0.695312 0.247500 0.093125 0.135000
0 0.446562 0.214167 0.063125 0.095000
0 0.261562 0.209583 0.085625 0.102500
0 0.810312 0.201250 0.068125 0.092500
0 0.907813 0.194583 0.070625 0.089167
0 0.579375 0.155833 0.062500 0.095000
0 0.750625 0.155833 0.068750 0.098333
0 0.641250 0.120833 0.065000 0.081667
0 0.860625 0.118333 0.070000 0.088333
0 0.380000 0.145417 0.085000 0.142500
0 0.027813 0.141667 0.055625 0.138333
0 0.210938 0.123333 0.085625 0.103333
0 0.535312 0.124167 0.073125 0.113333
0 0.452500 0.108750 0.077500 0.100833
0 0.712500 0.079583 0.072500 0.082500
0 0.607500 0.063333 0.063750 0.078333
0 0.968125 0.028333 0.063750 0.056667
0 0.898438 0.027917 0.075625 0.055833
0 0.656563 0.039167 0.106875 0.078333
0 0.575625 0.034167 0.073750 0.068333
0 0.506563 0.048750 0.065625 0.097500
0 0.456875 0.032083 0.072500 0.064167
0 0.375312 0.031250 0.071875 0.062500
0 0.181875 0.036667 0.072500 0.073333