0 0.731563 0.976667 0.053125 0.046667
0 0.632188 0.961667 0.070625 0.076667
0 0.800937 0.955000 0.055625 0.065000
0 0.465313 0.927083 0.080625 0.057500
0 0.964063 0.904583 0.071875 0.115833
0 0.554375 0.907917 0.066250 0.124167
0 0.809063 0.857917 0.054375 0.062500
0 0.020000 0.861667 0.040000 0.071667
0 0.429375 0.848333 0.062500 0.083333
0 0.693438 0.861667 0.046875 0.115000
0 0.742500 0.827917 0.067500 0.074167
0 0.335000 0.821667 0.061250 0.075000
0 0.263750 0.822917 0.057500 0.090833
0 0.510312 0.810833 0.051875 0.073333
0 0.573438 0.802500 0.053125 0.080000
0 0.064375 0.802917 0.073750 0.085833
0 0.016250 0.760000 0.032500 0.073333
0 0.688438 0.753750 0.044375 0.120833
0 0.053750 0.710000 0.080000 0.075000
0 0.629062 0.728750 0.101875 0.137500
0 0.738750 0.688750 0.056250 0.065833
0 0.267813 0.675833 0.060625 0.071667
0 0.214375 0.682083 0.043750 0.092500
0 0.365938 0.631250 0.063125 0.079167
0 0.433750 0.599167 0.058750 0.076667
0 0.825000 0.587500 0.057500 0.085000
0 0.714063 0.579583 0.055625 0.079167
0 0.622500 0.564167 0.052500 0.076667
0 0.343750 0.556250 0.063750 0.067500
0 0.471562 0.538750 0.074375 0.097500
0 0.768750 0.527500 0.067500 0.081667
0 0.535312 0.504583 0.054375 0.069167
0 0.015938 0.482083 0.031875 0.072500
0 0.727812 0.468750 0.061875 0.069167
0 0.844688 0.470833 0.056875 0.078333
0 0.301563 0.473750 0.098125 0.129167
0 0.782500 0.425833 0.053750 0.078333
0 0.671562 0.398750 0.068125 0.080833
0 0.286250 0.386667 0.065000 0.061667
0 0.023125 0.391667 0.046250 0.075000
0 0.748750 0.345417 0.058750 0.070833
0 0.140313 0.352917 0.079375 0.087500
0 0.632812 0.322500 0.048125 0.065000
0 0.876250 0.324583 0.058750 0.087500
0 0.360938 0.308750 0.058125 0.079167
0 0.560312 0.300000 0.069375 0.065000
0 0.205625 0.293333 0.066250 0.073333
0 0.023125 0.283750 0.046250 0.084167
0 0.744062 0.265417 0.065625 0.070833
0 0.189375 0.227083 0.065000 0.070833
0 0.591562 0.222500 0.054375 0.073333
0 0.089063 0.225833 0.063125 0.083333
0 0.548438 0.225000 0.038125 0.083333
0 0.503125 0.202917 0.053750 0.074167
0 0.686875 0.197500 0.055000 0.093333
0 0.050000 0.189583 0.047500 0.080833
0 0.333125 0.147917 0.063750 0.087500
0 0.729688 0.135417 0.061875 0.067500
0 0.073438 0.121250 0.034375 0.040833
0 0.865625 0.116667 0.067500 0.080000
0 0.464375 0.097917 0.065000 0.092500
0 0.640625 0.077917 0.070000 0.079167
0 0.790625 0.042083 0.062500 0.070833
0 0.396875 0.044583 0.063750 0.079167
0 0.749375 0.020417 0.052500 0.040833
0 0.622500 0.015000 0.055000 0.030000
0 0.559375 0.042083 0.066250 0.084167
0 0.486250 0.030833 0.060000 0.061667
0 0.121875 0.040000 0.090000 0.080000