0 0.110937 0.982083 0.059375 0.035833
0 0.193125 0.978750 0.091250 0.042500
0 0.607500 0.975833 0.062500 0.048333
0 0.329688 0.972083 0.081875 0.055833
0 0.890312 0.971667 0.071875 0.056667
0 0.747812 0.965833 0.061875 0.068333
0 0.935312 0.962083 0.056875 0.075833
0 0.482812 0.955833 0.084375 0.088333
0 0.070312 0.942083 0.049375 0.069167
0 0.398438 0.942917 0.061875 0.077500
0 0.265937 0.944583 0.060625 0.100833
0 0.982812 0.946250 0.034375 0.107500
0 0.824688 0.927500 0.070625 0.078333
0 0.017500 0.919583 0.035000 0.074167
0 0.130312 0.924167 0.080625 0.093333
0 0.767500 0.905000 0.057500 0.091667
0 0.520625 0.896667 0.053750 0.075000
0 0.457500 0.897083 0.061250 0.082500
0 0.920000 0.894583 0.071250 0.080833
0 0.340938 0.899583 0.056875 0.090833
0 0.675937 0.882917 0.066875 0.065833
0 0.602812 0.892500 0.050625 0.095000
0 0.051562 0.866250 0.059375 0.085833
0 0.260625 0.859167 0.093750 0.098333
0 0.395313 0.836667 0.070625 0.088333
0 0.172187 0.842500 0.064375 0.116667
0 0.851562 0.836250 0.066875 0.105833
0 0.982187 0.820417 0.035625 0.114167
0 0.926875 0.802083 0.058750 0.089167
0 0.229687 0.797083 0.078125 0.079167
0 0.538438 0.808750 0.060625 0.119167
0 0.471250 0.805417 0.066250 0.112500
0 0.325937 0.798750 0.086875 0.099167
0 0.717187 0.773333 0.068125 0.081667
0 0.788438 0.763750 0.083125 0.089167
0 0.125938 0.754167 0.041875 0.071667
0 0.261250 0.750417 0.060000 0.072500
0 0.052812 0.768750 0.105625 0.115833
0 0.620313 0.759167 0.095625 0.118333
0 0.969375 0.713333 0.061250 0.073333
0 0.867812 0.720417 0.079375 0.097500
0 0.561250 0.703750 0.062500 0.075833
0 0.721875 0.699583 0.052500 0.074167
0 0.495000 0.701667 0.066250 0.083333
0 0.404062 0.697083 0.071875 0.120833
0 0.127500 0.682083 0.050000 0.090833
0 0.919063 0.666250 0.059375 0.084167
0 0.828750 0.662083 0.052500 0.085833
0 0.645312 0.682083 0.090625 0.125833
0 0.333750 0.678750 0.067500 0.124167
0 0.193438 0.693333 0.081875 0.163333
0 0.469375 0.653750 0.066250 0.090833
0 0.751875 0.648750 0.083750 0.089167
0 0.969375 0.646667 0.061250 0.095000
0 0.269062 0.649167 0.084375 0.103333
0 0.046562 0.627917 0.064375 0.095833
0 0.681562 0.603750 0.056875 0.065833
0 0.574063 0.610833 0.058125 0.085000
0 0.115000 0.586250 0.060000 0.079167
0 0.400313 0.586667 0.054375 0.081667
0 0.206563 0.577083 0.070625 0.084167
0 0.640000 0.567917 0.063750 0.070833
0 0.470000 0.562500 0.071250 0.081667
0 0.536875 0.558333 0.058750 0.081667
0 0.810000 0.561667 0.077500 0.106667
0 0.968125 0.545417 0.063750 0.085833
0 0.252500 0.532500 0.070000 0.071667
0 0.735938 0.532917 0.070625 0.087500
0 0.890000 0.567500 0.080000 0.160000
0 0.685937 0.519583 0.059375 0.075833
0 0.046562 0.524167 0.084375 0.120000
0 0.433750 0.490000 0.062500 0.073333
0 0.132500 0.507083 0.092500 0.124167
0 0.612187 0.493333 0.095625 0.101667
0 0.530937 0.486667 0.095625 0.090000
0 0.234375 0.479583 0.061250 0.082500
0 0.351250 0.491667 0.093750 0.123333
0 0.977500 0.453750 0.045000 0.067500
0 0.910625 0.450000 0.063750 0.078333
0 0.177187 0.450833 0.078125 0.083333
0 0.785937 0.424583 0.063125 0.075833
0 0.280000 0.416250 0.063750 0.080833
0 0.103438 0.416667 0.109375 0.090000
0 0.468750 0.415000 0.063750 0.095000
0 0.219062 0.395417 0.046875 0.065833
0 0.880938 0.399583 0.089375 0.080833
0 0.407813 0.397500 0.064375 0.088333
0 0.968125 0.383750 0.063750 0.079167
0 0.714688 0.403333 0.063125 0.140000
0 0.322500 0.370833 0.087500 0.085000
0 0.030000 0.357500 0.060000 0.090000
0 0.513750 0.354167 0.063750 0.090000
0 0.650312 0.372500 0.086875 0.128333
0 0.455313 0.335000 0.056875 0.063333
0 0.739375 0.341250 0.057500 0.077500
0 0.241563 0.352083 0.069375 0.102500
0 0.583438 0.358750 0.055625 0.135833
0 0.784062 0.315833 0.076875 0.123333
0 0.307500 0.290417 0.092500 0.085833
0 0.965000 0.300833 0.070000 0.120000
0 0.033750 0.280000 0.067500 0.088333
0 0.707187 0.270000 0.054375 0.076667
0 0.888437 0.260417 0.053125 0.067500
0 0.465313 0.265417 0.069375 0.087500
0 0.537500 0.265000 0.052500 0.091667
0 0.165000 0.295417 0.087500 0.172500
0 0.385000 0.286250 0.085000 0.162500
0 0.650625 0.265000 0.075000 0.123333
0 0.268125 0.237083 0.065000 0.077500
0 0.826562 0.244583 0.083125 0.100833
0 0.051562 0.226667 0.058125 0.080000
0 0.924687 0.225833 0.059375 0.091667
0 0.486875 0.214167 0.071250 0.078333
0 0.744062 0.201250 0.076875 0.092500
0 0.321250 0.189583 0.065000 0.085833
0 0.088438 0.186667 0.056875 0.090000
0 0.166563 0.164583 0.066875 0.065833
0 0.025625 0.171250 0.051250 0.112500
0 0.853125 0.149583 0.075000 0.107500
0 0.546875 0.134583 0.062500 0.080833
0 0.944063 0.142083 0.089375 0.107500
0 0.633750 0.137083 0.070000 0.100833
0 0.437812 0.126250 0.078125 0.099167
0 0.055938 0.106250 0.064375 0.077500
0 0.364375 0.128750 0.081250 0.129167
0 0.141250 0.102917 0.087500 0.085833
0 0.787188 0.100417 0.051875 0.092500
0 0.490312 0.085417 0.068125 0.084167
0 0.554063 0.066667 0.058125 0.063333
0 0.613437 0.065000 0.061875 0.081667
0 0.710625 0.086250 0.086250 0.140833
0 0.296563 0.047500 0.060625 0.075000
0 0.970000 0.034167 0.060000 0.068333
0 0.906250 0.021667 0.071250 0.043333
0 0.854688 0.023333 0.045625 0.046667
0 0.813438 0.034167 0.066875 0.068333
0 0.751563 0.040833 0.074375 0.081667
0 0.509375 0.025417 0.137500 0.050833
0 0.397500 0.035417 0.097500 0.070833
0 0.182188 0.030417 0.070625 0.060833
0 0.038125 0.033333 0.076250 0.066667