0 0.455000 0.967083 0.071250 0.065833
0 0.897813 0.962500 0.078125 0.075000
0 0.165000 0.822917 0.082500 0.090833
0 0.637500 0.761250 0.073750 0.099167
0 0.062500 0.709167 0.071250 0.096667
0 0.906563 0.681667 0.100625 0.096667
0 0.017812 0.628750 0.035625 0.122500
0 0.857187 0.606667 0.084375 0.098333
0 0.292812 0.612083 0.098125 0.119167
0 0.361563 0.568333 0.070625 0.100000
0 0.056875 0.497917 0.075000 0.102500
0 0.457188 0.475417 0.069375 0.092500
0 0.123750 0.457500 0.071250 0.096667
0 0.599063 0.457083 0.078125 0.100833
0 0.287187 0.387917 0.075625 0.089167
0 0.489375 0.386667 0.081250 0.106667
0 0.371563 0.383750 0.064375 0.100833
0 0.655625 0.380833 0.078750 0.098333
0 0.798750 0.354167 0.071250 0.095000
0 0.170937 0.324167 0.083125 0.108333
0 0.662500 0.177917 0.073750 0.092500
0 0.756875 0.167500 0.066250 0.093333
0 0.056563 0.182500 0.090625 0.125000
0 0.134375 0.151667 0.068750 0.091667
0 0.636250 0.098333 0.075000 0.101667
0 0.790625 0.021250 0.071250 0.042500
0 0.069687 0.029583 0.071875 0.059167