0 0.508437 0.972500 0.078125 0.055000
0 0.741250 0.970833 0.071250 0.058333
0 0.206563 0.966250 0.128125 0.067500
0 0.933750 0.939167 0.067500 0.090000
0 0.301875 0.947083 0.073750 0.105833
0 0.492500 0.917917 0.103750 0.089167
0 0.460000 0.860417 0.062500 0.084167
0 0.394375 0.840000 0.061250 0.086667
0 0.979375 0.845417 0.041250 0.124167
0 0.509687 0.830000 0.068125 0.095000
0 0.695625 0.810417 0.063750 0.090833
0 0.906875 0.811667 0.113750 0.123333
0 0.142187 0.796250 0.071875 0.092500
0 0.828125 0.790833 0.092500 0.098333
0 0.324062 0.808333 0.120625 0.138333
0 0.047500 0.752083 0.068750 0.094167
0 0.469375 0.733333 0.056250 0.081667
0 0.557187 0.730417 0.060625 0.087500
0 0.754062 0.730833 0.066875 0.095000
0 0.229375 0.733750 0.081250 0.102500
0 0.391250 0.732083 0.117500 0.100833
0 0.630313 0.700000 0.069375 0.088333
0 0.493750 0.686250 0.055000 0.087500
0 0.960625 0.678333 0.068750 0.091667
0 0.105625 0.682500 0.073750 0.103333
0 0.428125 0.647500 0.076250 0.111667
0 0.669063 0.625417 0.060625 0.082500
0 0.746875 0.635000 0.093750 0.118333
0 0.464062 0.595417 0.059375 0.080833
0 0.572812 0.611250 0.088125 0.140833
0 0.359063 0.570417 0.059375 0.074167
0 0.198750 0.570833 0.066250 0.088333
0 0.516250 0.564583 0.063750 0.089167
0 0.091875 0.557500 0.058750 0.091667
0 0.043750 0.542500 0.072500 0.098333
0 0.329062 0.498750 0.068125 0.079167
0 0.540312 0.510000 0.080625 0.108333
0 0.136563 0.509167 0.065625 0.108333
0 0.204687 0.480417 0.066875 0.094167
0 0.459688 0.455833 0.054375 0.083333
0 0.388437 0.432083 0.059375 0.074167
0 0.029063 0.438750 0.058125 0.090833
0 0.093750 0.413750 0.070000 0.084167
0 0.332813 0.415417 0.063125 0.094167
0 0.164375 0.398750 0.062500 0.084167
0 0.980625 0.397500 0.038750 0.088333
0 0.424375 0.387917 0.060000 0.082500
0 0.277500 0.362083 0.051250 0.087500
0 0.124688 0.318750 0.066875 0.084167
0 0.964375 0.312500 0.071250 0.091667
0 0.041875 0.326667 0.083750 0.123333
0 0.668750 0.340417 0.097500 0.164167
0 0.734688 0.299167 0.064375 0.091667
0 0.335625 0.287917 0.071250 0.110833
0 0.394688 0.252083 0.064375 0.084167
0 0.905937 0.247917 0.074375 0.090833
0 0.532188 0.215000 0.065625 0.081667
0 0.836875 0.209583 0.072500 0.082500
0 0.047500 0.222083 0.095000 0.110833
0 0.096562 0.184583 0.075625 0.115833
0 0.723437 0.188750 0.106875 0.129167
0 0.356250 0.180833 0.097500 0.116667
0 0.552813 0.146667 0.068125 0.093333
0 0.944063 0.144583 0.070625 0.095833
0 0.878125 0.134583 0.061250 0.077500
0 0.319688 0.110833 0.063125 0.083333
0 0.143437 0.107083 0.064375 0.080833
0 0.449688 0.125417 0.105625 0.125833
0 0.385000 0.073750 0.065000 0.075833
0 0.196250 0.072083 0.073750 0.079167
0 0.813750 0.063750 0.063750 0.080833
0 0.550625 0.067500 0.061250 0.088333
0 0.268750 0.055833 0.073750 0.065000
0 0.479063 0.055417 0.078125 0.082500
0 0.747812 0.043750 0.079375 0.087500
0 0.683750 0.042083 0.058750 0.084167
0 0.630313 0.041667 0.060625 0.083333