0 0.814688 0.962917 0.071875 0.074167
0 0.895000 0.938750 0.071250 0.089167
0 0.360625 0.938333 0.077500 0.088333
0 0.612812 0.905000 0.046875 0.075000
0 0.570312 0.894167 0.058125 0.088333
0 0.261875 0.889583 0.066250 0.085833
0 0.467813 0.888750 0.069375 0.089167
0 0.824375 0.880000 0.062500 0.081667
0 0.920625 0.872500 0.067500 0.118333
0 0.309375 0.801667 0.053750 0.081667
0 0.434063 0.794583 0.076875 0.104167
0 0.481875 0.782917 0.076250 0.089167
0 0.215625 0.767083 0.053750 0.084167
0 0.905937 0.748750 0.041875 0.085833
0 0.156875 0.750833 0.060000 0.093333
0 0.960000 0.764583 0.068750 0.125833
0 0.846875 0.728750 0.061250 0.087500
0 0.574375 0.726667 0.060000 0.096667
0 0.487187 0.708333 0.073125 0.095000
0 0.963437 0.703333 0.073125 0.098333
0 0.625938 0.686250 0.065625 0.089167
0 0.424063 0.685833 0.055625 0.088333
0 0.799063 0.663333 0.054375 0.088333
0 0.144063 0.637917 0.070625 0.132500
0 0.974375 0.610000 0.051250 0.080000
0 0.084687 0.610000 0.063125 0.101667
0 0.924687 0.590833 0.059375 0.080000
0 0.632500 0.557917 0.067500 0.090833
0 0.772813 0.527083 0.070625 0.087500
0 0.454375 0.502917 0.057500 0.077500
0 0.900000 0.477917 0.081250 0.074167
0 0.691562 0.434583 0.063125 0.049167
0 0.801562 0.452083 0.063125 0.087500
0 0.592500 0.415833 0.068750 0.090000
0 0.777500 0.415833 0.058750 0.091667
0 0.483750 0.397500 0.057500 0.080000
0 0.292500 0.390833 0.058750 0.090000
0 0.718750 0.391667 0.070000 0.096667
0 0.658750 0.362500 0.056250 0.090000
0 0.829375 0.351250 0.081250 0.069167
0 0.333125 0.327917 0.060000 0.089167
0 0.817813 0.281667 0.064375 0.066667
0 0.020938 0.327500 0.041875 0.160000
0 0.125938 0.283750 0.069375 0.094167
0 0.482187 0.252500 0.061875 0.086667
0 0.707500 0.232083 0.058750 0.072500
0 0.641875 0.180417 0.065000 0.074167
0 0.304375 0.180833 0.058750 0.088333
0 0.941875 0.177917 0.061250 0.084167
0 0.243125 0.084583 0.088750 0.085833
0 0.722500 0.079583 0.066250 0.094167
0 0.952187 0.025833 0.053125 0.051667
0 0.264062 0.025000 0.070625 0.050000