0 0.127812 0.980417 0.060625 0.039167
0 0.462500 0.970417 0.052500 0.059167
0 0.720000 0.961667 0.078750 0.076667
0 0.340000 0.961667 0.062500 0.076667
0 0.532813 0.960417 0.078125 0.079167
0 0.796875 0.958333 0.056250 0.083333
0 0.861875 0.946667 0.061250 0.081667
0 0.929063 0.917500 0.070625 0.085000
0 0.650937 0.915833 0.059375 0.086667
0 0.288125 0.907500 0.058750 0.078333
0 0.123438 0.894167 0.058125 0.080000
0 0.485000 0.891667 0.062500 0.081667
0 0.696875 0.888750 0.062500 0.079167
0 0.221562 0.879583 0.074375 0.077500
0 0.836250 0.869583 0.062500 0.074167
0 0.946875 0.853750 0.060000 0.075833
0 0.660625 0.828333 0.066250 0.073333
0 0.176250 0.834583 0.068750 0.085833
0 0.361563 0.817083 0.066875 0.084167
0 0.521250 0.800000 0.051250 0.088333
0 0.980000 0.780000 0.040000 0.076667
0 0.562500 0.782083 0.058750 0.087500
0 0.764375 0.772083 0.070000 0.089167
0 0.193750 0.761667 0.062500 0.070000
0 0.088125 0.760000 0.050000 0.080000
0 0.028125 0.757500 0.056250 0.080000
0 0.433750 0.756250 0.065000 0.094167
0 0.488750 0.713333 0.060000 0.091667
0 0.374375 0.710000 0.062500 0.093333
0 0.235937 0.687500 0.061875 0.085000
0 0.725625 0.686667 0.065000 0.088333
0 0.020313 0.677500 0.040625 0.076667
0 0.335313 0.681250 0.056875 0.085833
0 0.177187 0.653750 0.056875 0.075833
0 0.574063 0.651667 0.061875 0.098333
0 0.632188 0.637917 0.064375 0.080833
0 0.072500 0.609583 0.071250 0.092500
0 0.222500 0.595417 0.052500 0.069167
0 0.715313 0.583333 0.063125 0.075000
0 0.780625 0.575417 0.068750 0.070833
0 0.933750 0.580417 0.063750 0.085833
0 0.501250 0.561250 0.050000 0.067500
0 0.782188 0.505833 0.064375 0.068333
0 0.427812 0.512500 0.061875 0.081667
0 0.075313 0.507083 0.065625 0.084167
0 0.517500 0.493333 0.072500 0.091667
0 0.844375 0.484167 0.067500 0.088333
0 0.650625 0.470833 0.061250 0.091667
0 0.229063 0.462500 0.059375 0.080000
0 0.018437 0.464583 0.036875 0.084167
0 0.573438 0.455000 0.058125 0.073333
0 0.710313 0.450417 0.065625 0.104167
0 0.756250 0.424583 0.070000 0.085833
0 0.286875 0.420000 0.061250 0.076667
0 0.398125 0.415000 0.061250 0.073333
0 0.125625 0.421667 0.061250 0.091667
0 0.829375 0.407083 0.053750 0.082500
0 0.775000 0.374167 0.052500 0.065000
0 0.165313 0.378333 0.064375 0.088333
0 0.585000 0.370000 0.067500 0.081667
0 0.037500 0.334583 0.061250 0.074167
0 0.683750 0.327500 0.063750 0.088333
0 0.425000 0.313750 0.062500 0.084167
0 0.792813 0.303333 0.068125 0.091667
0 0.861563 0.292500 0.074375 0.088333
0 0.218438 0.267500 0.059375 0.085000
0 0.344375 0.265000 0.056250 0.083333
0 0.031563 0.260000 0.063125 0.073333
0 0.598750 0.260417 0.066250 0.080833
0 0.764062 0.213333 0.059375 0.083333
0 0.835625 0.204583 0.055000 0.079167
0 0.294687 0.205000 0.056875 0.081667
0 0.896563 0.200417 0.053125 0.074167
0 0.475000 0.194167 0.066250 0.086667
0 0.148750 0.190000 0.062500 0.080000
0 0.024688 0.147917 0.049375 0.079167
0 0.202500 0.146250 0.055000 0.082500
0 0.584063 0.140000 0.071875 0.083333
0 0.140313 0.117917 0.053125 0.069167
0 0.249688 0.119583 0.061875 0.082500
0 0.644062 0.100417 0.054375 0.085833
0 0.781875 0.096667 0.063750 0.080000
0 0.710313 0.097500 0.060625 0.085000
0 0.527188 0.092500 0.066875 0.080000
0 0.856875 0.080000 0.062500 0.083333
0 0.045937 0.076250 0.058125 0.080833
0 0.484375 0.073750 0.065000 0.089167
0 0.432812 0.074583 0.053125 0.100833
0 0.176563 0.059167 0.056875 0.080000
0 0.369063 0.058750 0.063125 0.090833
0 0.104688 0.053750 0.055625 0.089167
0 0.953750 0.029583 0.063750 0.059167
0 0.778125 0.022500 0.065000 0.045000
0 0.705625 0.020833 0.063750 0.041667
0 0.311875 0.049167 0.052500 0.098333
0 0.265937 0.034583 0.059375 0.069167