0 0.732500 0.977083 0.067500 0.045833
0 0.439688 0.971250 0.061875 0.057500
0 0.246875 0.964583 0.070000 0.070833
0 0.356250 0.963750 0.060000 0.072500
0 0.818750 0.961667 0.058750 0.076667
0 0.936250 0.954583 0.072500 0.090833
0 0.495625 0.950417 0.063750 0.089167
0 0.560625 0.944167 0.065000 0.088333
0 0.171250 0.945833 0.077500 0.108333
0 0.876875 0.940833 0.066250 0.118333
0 0.074063 0.919583 0.065625 0.079167
0 0.297187 0.915417 0.068125 0.090833
0 0.615938 0.903750 0.066875 0.079167
0 0.404062 0.905417 0.086875 0.099167
0 0.828125 0.890833 0.063750 0.075000
0 0.949063 0.860833 0.101875 0.108333
0 0.519062 0.867500 0.115625 0.126667
0 0.177500 0.854583 0.076250 0.104167
0 0.320312 0.845417 0.060625 0.092500
0 0.674687 0.843333 0.075625 0.090000
0 0.393437 0.828333 0.063125 0.070000
0 0.226875 0.785000 0.061250 0.091667
0 0.292500 0.767500 0.080000 0.096667
0 0.141875 0.768333 0.073750 0.098333
0 0.962187 0.759167 0.075625 0.095000
0 0.710938 0.740000 0.060625 0.088333
0 0.752188 0.727500 0.066875 0.088333
0 0.810000 0.736250 0.092500 0.139167
0 0.194375 0.698333 0.082500 0.120000
0 0.098437 0.685833 0.063125 0.095000
0 0.656563 0.673333 0.065625 0.091667
0 0.791250 0.655833 0.060000 0.088333
0 0.016875 0.647917 0.033750 0.090833
0 0.904687 0.654167 0.069375 0.108333
0 0.984688 0.639583 0.030625 0.087500
0 0.220000 0.626250 0.058750 0.080833
0 0.285000 0.613333 0.075000 0.075000
0 0.955625 0.614583 0.056250 0.079167
0 0.067500 0.604583 0.071250 0.087500
0 0.680625 0.569167 0.060000 0.098333
0 0.773438 0.574167 0.081875 0.116667
0 0.372812 0.544167 0.078125 0.093333
0 0.089375 0.500833 0.071250 0.088333
0 0.964375 0.472917 0.068750 0.074167
0 0.804375 0.476250 0.061250 0.082500
0 0.405313 0.455000 0.086875 0.081667
0 0.475625 0.439583 0.066250 0.084167
0 0.638750 0.421250 0.067500 0.085833
0 0.104375 0.414167 0.065000 0.101667
0 0.963750 0.406250 0.072500 0.092500
0 0.726562 0.391250 0.063125 0.089167
0 0.686250 0.369583 0.062500 0.079167
0 0.462187 0.360417 0.051875 0.092500
0 0.513125 0.317083 0.063750 0.074167
0 0.851875 0.334583 0.087500 0.137500
0 0.671250 0.295000 0.066250 0.090000
0 0.088750 0.295833 0.082500 0.096667
0 0.600313 0.261667 0.073125 0.071667
0 0.781250 0.268750 0.075000 0.089167
0 0.376875 0.245000 0.095000 0.096667
0 0.298438 0.236250 0.065625 0.099167
0 0.454688 0.216250 0.073125 0.087500
0 0.073125 0.213750 0.083750 0.087500
0 0.376250 0.186667 0.088750 0.085000
0 0.591875 0.186667 0.077500 0.096667
0 0.905312 0.181667 0.064375 0.095000
0 0.542500 0.150417 0.067500 0.084167
0 0.220625 0.172083 0.081250 0.132500
0 0.037187 0.136667 0.066875 0.096667
0 0.908125 0.092500 0.077500 0.081667
0 0.770625 0.135417 0.092500 0.177500
0 0.126562 0.115000 0.093125 0.146667
0 0.972500 0.040833 0.055000 0.081667
0 0.919063 0.025417 0.059375 0.050833
0 0.843750 0.040000 0.075000 0.080000
0 0.717500 0.030417 0.075000 0.060833
0 0.161562 0.037917 0.070625 0.075833
0 0.024375 0.051667 0.048750 0.103333