0 0.371250 0.978333 0.055000 0.043333
0 0.121563 0.975833 0.106875 0.048333
0 0.807500 0.974583 0.076250 0.050833
0 0.484063 0.973333 0.056875 0.053333
0 0.307500 0.971667 0.058750 0.056667
0 0.902188 0.969583 0.083125 0.060833
0 0.199687 0.958333 0.066875 0.083333
0 0.724375 0.949167 0.058750 0.073333
0 0.635312 0.943333 0.059375 0.078333
0 0.561250 0.942083 0.076250 0.079167
0 0.274062 0.931250 0.063125 0.074167
0 0.062500 0.922917 0.085000 0.114167
0 0.187812 0.902083 0.078125 0.077500
0 0.929375 0.896250 0.082500 0.077500
0 0.314063 0.890833 0.058125 0.076667
0 0.433437 0.911667 0.083125 0.123333
0 0.497500 0.896250 0.063750 0.100833
0 0.033125 0.874583 0.066250 0.089167
0 0.583438 0.870000 0.061875 0.081667
0 0.755000 0.852500 0.056250 0.085000
0 0.378750 0.845833 0.060000 0.081667
0 0.842187 0.842083 0.085625 0.090833
0 0.681875 0.875833 0.067500 0.166667
0 0.147187 0.832500 0.061875 0.080000
0 0.081562 0.817083 0.053125 0.067500
0 0.557813 0.820833 0.054375 0.081667
0 0.511563 0.805000 0.064375 0.071667
0 0.259688 0.832500 0.093125 0.126667
0 0.612500 0.806667 0.063750 0.086667
0 0.950625 0.802500 0.073750 0.093333
0 0.459688 0.796667 0.070625 0.101667
0 0.203750 0.792500 0.103750 0.121667
0 0.117188 0.766250 0.061875 0.082500
0 0.018750 0.773333 0.037500 0.101667
0 0.394062 0.745833 0.061875 0.086667
0 0.573438 0.735833 0.060625 0.073333
0 0.483750 0.736250 0.061250 0.075833
0 0.811562 0.723750 0.059375 0.070833
0 0.066250 0.725000 0.080000 0.081667
0 0.881875 0.724583 0.066250 0.094167
0 0.746875 0.730417 0.060000 0.114167
0 0.192188 0.706250 0.056875 0.072500
0 0.332813 0.724583 0.073125 0.110833
0 0.978437 0.712917 0.043125 0.109167
0 0.434375 0.698333 0.063750 0.081667
0 0.125938 0.688333 0.058125 0.083333
0 0.563125 0.675833 0.057500 0.073333
0 0.639062 0.680833 0.090625 0.113333
0 0.499688 0.661667 0.059375 0.081667
0 0.949688 0.653750 0.084375 0.102500
0 0.828125 0.634583 0.061250 0.077500
0 0.019688 0.645833 0.039375 0.100000
0 0.702500 0.634583 0.065000 0.084167
0 0.777813 0.635833 0.070625 0.118333
0 0.380937 0.633750 0.063125 0.115833
0 0.072188 0.629167 0.070625 0.113333
0 0.288750 0.622083 0.071250 0.105833
0 0.648125 0.587500 0.052500 0.080000
0 0.518750 0.586667 0.058750 0.078333
0 0.890312 0.591250 0.055625 0.094167
0 0.179063 0.595417 0.064375 0.102500
0 0.580937 0.584583 0.078125 0.097500
0 0.350313 0.564167 0.060625 0.080000
0 0.122188 0.573750 0.086875 0.105833
0 0.247188 0.544167 0.060625 0.076667
0 0.463125 0.561667 0.080000 0.118333
0 0.837500 0.544583 0.070000 0.097500
0 0.934063 0.520833 0.060625 0.080000
0 0.053750 0.513333 0.062500 0.085000
0 0.314063 0.506667 0.079375 0.111667
0 0.416563 0.505000 0.075625 0.111667
0 0.651875 0.498333 0.077500 0.110000
0 0.142813 0.481250 0.061875 0.080833
0 0.562500 0.486667 0.078750 0.093333
0 0.213750 0.467917 0.058750 0.075833
0 0.780625 0.467083 0.060000 0.079167
0 0.274062 0.461667 0.060625 0.078333
0 0.883750 0.460000 0.061250 0.088333
0 0.975000 0.434583 0.050000 0.084167
0 0.502188 0.440000 0.083125 0.095000
0 0.700625 0.425833 0.060000 0.068333
0 0.067812 0.420417 0.079375 0.099167
0 0.428125 0.398333 0.062500 0.075000
0 0.170313 0.402083 0.056875 0.090833
0 0.122813 0.389167 0.054375 0.080000
0 0.252500 0.376667 0.095000 0.086667
0 0.372188 0.386667 0.071875 0.115000
0 0.916250 0.370000 0.082500 0.083333
0 0.496875 0.353333 0.065000 0.071667
0 0.819375 0.366667 0.085000 0.110000
0 0.028750 0.348750 0.057500 0.077500
0 0.679688 0.331250 0.068125 0.074167
0 0.614062 0.330417 0.061875 0.079167
0 0.089063 0.316667 0.054375 0.073333
0 0.757188 0.317500 0.061875 0.078333
0 0.442188 0.320000 0.051875 0.091667
0 0.505313 0.300000 0.056875 0.076667
0 0.315625 0.302500 0.082500 0.091667
0 0.973125 0.309167 0.053750 0.138333
0 0.896875 0.283750 0.073750 0.107500
0 0.235000 0.266250 0.093750 0.114167
0 0.702812 0.250000 0.059375 0.083333
0 0.818125 0.238750 0.091250 0.084167
0 0.042813 0.249167 0.085625 0.105000
0 0.456562 0.233333 0.056875 0.075000
0 0.947812 0.222917 0.051875 0.070833
0 0.138437 0.231667 0.084375 0.108333
0 0.644375 0.225417 0.071250 0.125833
0 0.530625 0.214583 0.078750 0.104167
0 0.366563 0.225000 0.093125 0.136667
0 0.416563 0.181250 0.044375 0.060833
0 0.284375 0.183750 0.093750 0.082500
0 0.876875 0.191250 0.127500 0.105833
0 0.979062 0.158750 0.041875 0.067500
0 0.018125 0.169167 0.036250 0.088333
0 0.197813 0.172500 0.058125 0.115000
0 0.690625 0.151667 0.058750 0.088333
0 0.788750 0.132500 0.067500 0.103333
0 0.606875 0.124167 0.060000 0.088333
0 0.100312 0.133750 0.059375 0.119167
0 0.917813 0.119167 0.068125 0.098333
0 0.178125 0.100417 0.071250 0.067500
0 0.380625 0.103333 0.061250 0.083333
0 0.854688 0.102917 0.055625 0.094167
0 0.540625 0.099583 0.058750 0.087500
0 0.487812 0.089583 0.056875 0.084167
0 0.719688 0.069583 0.063125 0.087500
0 0.950937 0.052500 0.066875 0.060000
0 0.071250 0.072917 0.076250 0.107500
0 0.441563 0.080417 0.055625 0.140833
0 0.773125 0.038333 0.067500 0.068333
0 0.975938 0.015833 0.048125 0.031667
0 0.866563 0.036667 0.093125 0.073333
0 0.663125 0.050000 0.068750 0.100000
0 0.585000 0.030833 0.057500 0.061667
0 0.497188 0.026250 0.063125 0.052500
0 0.376250 0.030833 0.055000 0.061667
0 0.242188 0.041250 0.088125 0.082500
0 0.181875 0.035000 0.092500 0.070000
0 0.019062 0.036667 0.038125 0.073333