0 0.665625 0.975833 0.090000 0.048333
0 0.199687 0.955000 0.069375 0.090000
0 0.974375 0.949583 0.051250 0.090833
0 0.438437 0.943333 0.069375 0.095000
0 0.368437 0.940000 0.074375 0.096667
0 0.061875 0.927917 0.065000 0.087500
0 0.694688 0.924583 0.066875 0.082500
0 0.016250 0.862917 0.032500 0.079167
0 0.365938 0.849167 0.074375 0.086667
0 0.472187 0.842917 0.068125 0.080833
0 0.867188 0.808750 0.059375 0.074167
0 0.709375 0.810833 0.062500 0.090000
0 0.542813 0.789583 0.071875 0.097500
0 0.081562 0.781250 0.068125 0.087500
0 0.939688 0.765417 0.061875 0.079167
0 0.769062 0.760833 0.070625 0.096667
0 0.986250 0.749583 0.027500 0.080833
0 0.823125 0.743750 0.076250 0.082500
0 0.049375 0.687500 0.060000 0.068333
0 0.892500 0.670000 0.063750 0.085000
0 0.280625 0.659583 0.066250 0.092500
0 0.525625 0.663333 0.097500 0.101667
0 0.360938 0.650417 0.065625 0.082500
0 0.775625 0.618750 0.057500 0.085833
0 0.123125 0.614167 0.063750 0.078333
0 0.705313 0.603750 0.076875 0.084167
0 0.606875 0.609583 0.075000 0.095833
0 0.489375 0.601250 0.068750 0.090833
0 0.377500 0.505000 0.033750 0.040000
0 0.868750 0.504583 0.061250 0.087500
0 0.754687 0.501250 0.064375 0.082500
0 0.645625 0.432083 0.075000 0.085833
0 0.028125 0.441250 0.056250 0.120833
0 0.165625 0.420833 0.062500 0.085000
0 0.855313 0.412917 0.068125 0.082500
0 0.338438 0.416667 0.066875 0.093333
0 0.063125 0.392500 0.068750 0.093333
0 0.396250 0.389167 0.052500 0.090000
0 0.895938 0.380833 0.059375 0.085000
0 0.290625 0.379167 0.067500 0.085000
0 0.220625 0.377083 0.063750 0.094167
0 0.966562 0.368750 0.063125 0.080833
0 0.481250 0.328333 0.028750 0.031667
0 0.640000 0.337917 0.068750 0.074167
0 0.588125 0.340417 0.058750 0.112500
0 0.532500 0.331250 0.068750 0.095833
0 0.851562 0.322500 0.064375 0.086667
0 0.274062 0.307083 0.064375 0.074167
0 0.985000 0.302500 0.030000 0.088333
0 0.022500 0.298333 0.045000 0.095000
0 0.420625 0.292083 0.081250 0.087500
0 0.610000 0.281667 0.067500 0.075000
0 0.536250 0.246250 0.062500 0.075833
0 0.960313 0.233333 0.068125 0.083333
0 0.715938 0.216250 0.064375 0.082500
0 0.293125 0.218750 0.065000 0.090833
0 0.644062 0.191250 0.081875 0.134167
0 0.250312 0.147917 0.064375 0.087500
0 0.314063 0.130833 0.068125 0.091667
0 0.913438 0.127500 0.073125 0.093333
0 0.387500 0.113750 0.067500 0.085833
0 0.029375 0.104167 0.058750 0.081667
0 0.706875 0.092083 0.063750 0.084167
0 0.107500 0.089167 0.060000 0.085000
0 0.531563 0.075833 0.063125 0.078333
0 0.170625 0.077917 0.065000 0.094167
0 0.794063 0.070417 0.088125 0.109167
0 0.318750 0.044167 0.062500 0.076667
0 0.728437 0.025417 0.073125 0.050833
0 0.487812 0.044167 0.108125 0.088333
0 0.046250 0.042083 0.092500 0.084167