0 0.234687 0.965417 0.064375 0.069167
0 0.465625 0.961250 0.091250 0.077500
0 0.587500 0.951250 0.085000 0.072500
0 0.399062 0.937500 0.080625 0.055000
0 0.952187 0.937917 0.095625 0.067500
0 0.289062 0.948750 0.080625 0.102500
0 0.196875 0.936250 0.116250 0.090833
0 0.092813 0.939167 0.066875 0.103333
0 0.654687 0.941667 0.065625 0.113333
0 0.029687 0.907083 0.059375 0.090833
0 0.434063 0.894583 0.081875 0.082500
0 0.730625 0.892500 0.065000 0.085000
0 0.353438 0.875417 0.065625 0.099167
0 0.682500 0.856667 0.086250 0.088333
0 0.181250 0.844167 0.080000 0.090000
0 0.877500 0.845417 0.061250 0.094167
0 0.935312 0.842917 0.054375 0.092500
0 0.426563 0.818750 0.098125 0.085833
0 0.104688 0.821667 0.055625 0.095000
0 0.223125 0.792917 0.108750 0.059167
0 0.048438 0.809583 0.059375 0.109167
0 0.742812 0.797500 0.075625 0.086667
0 0.612812 0.801667 0.089375 0.095000
0 0.478438 0.780833 0.071875 0.090000
0 0.871875 0.770417 0.066250 0.072500
0 0.537813 0.760417 0.074375 0.092500
0 0.409687 0.747917 0.115625 0.092500
0 0.155938 0.731667 0.056875 0.081667
0 0.587187 0.728750 0.088125 0.082500
0 0.327188 0.736667 0.061875 0.100000
0 0.672813 0.724583 0.069375 0.082500
0 0.810937 0.720833 0.059375 0.100000
0 0.880625 0.712917 0.080000 0.085833
0 0.050625 0.701250 0.060000 0.087500
0 0.705313 0.677083 0.079375 0.077500
0 0.537813 0.671667 0.105625 0.093333
0 0.419375 0.647500 0.061250 0.071667
0 0.841562 0.647083 0.075625 0.074167
0 0.966250 0.656667 0.067500 0.125000
0 0.138437 0.631667 0.075625 0.093333
0 0.756563 0.632083 0.064375 0.095833
0 0.324375 0.632500 0.095000 0.113333
0 0.577500 0.613750 0.066250 0.090833
0 0.640000 0.611250 0.061250 0.095833
0 0.501875 0.569167 0.068750 0.090000
0 0.197813 0.565417 0.078125 0.095833
0 0.721875 0.572500 0.103750 0.118333
0 0.916562 0.567500 0.108125 0.140000
0 0.339375 0.543750 0.078750 0.107500
0 0.646563 0.527500 0.055625 0.081667
0 0.586250 0.530417 0.066250 0.095833
0 0.032500 0.525833 0.065000 0.111667
0 0.147813 0.495417 0.071875 0.085833
0 0.075313 0.479583 0.070625 0.087500
0 0.603125 0.463750 0.065000 0.084167
0 0.033438 0.440417 0.066875 0.064167
0 0.551250 0.435417 0.065000 0.084167
0 0.794063 0.424583 0.071875 0.094167
0 0.340000 0.409167 0.075000 0.093333
0 0.978750 0.402500 0.042500 0.093333
0 0.860938 0.417500 0.074375 0.128333
0 0.015312 0.377917 0.030625 0.065833
0 0.894062 0.365417 0.066875 0.082500
0 0.116562 0.348750 0.096875 0.057500
0 0.423438 0.338750 0.061875 0.099167
0 0.627500 0.350833 0.097500 0.140000
0 0.730313 0.321250 0.073125 0.087500
0 0.111562 0.292083 0.090625 0.065833
0 0.185312 0.302500 0.060625 0.101667
0 0.585000 0.293750 0.076250 0.085833
0 0.372500 0.284583 0.061250 0.080833
0 0.297812 0.277083 0.078125 0.085833
0 0.497500 0.279167 0.096250 0.123333
0 0.722187 0.245000 0.130625 0.065000
0 0.951250 0.253750 0.085000 0.094167
0 0.877500 0.262083 0.097500 0.124167
0 0.129688 0.215833 0.073125 0.085000
0 0.435312 0.223750 0.095625 0.122500
0 0.051562 0.208333 0.078125 0.093333
0 0.351875 0.201667 0.087500 0.098333
0 0.817500 0.186667 0.058750 0.073333
0 0.183125 0.188750 0.066250 0.085833
0 0.547500 0.191250 0.066250 0.097500
0 0.906250 0.171250 0.085000 0.095833
0 0.712812 0.168750 0.069375 0.092500
0 0.767188 0.160000 0.055625 0.103333
0 0.524062 0.138750 0.071875 0.097500
0 0.876250 0.133333 0.078750 0.115000
0 0.442500 0.123333 0.077500 0.095000
0 0.386250 0.117083 0.062500 0.100833
0 0.271562 0.113750 0.070625 0.094167
0 0.945312 0.091667 0.068125 0.085000
0 0.807187 0.104583 0.086875 0.110833
0 0.347813 0.097500 0.069375 0.100000
0 0.126875 0.087500 0.071250 0.088333
0 0.655312 0.082083 0.068125 0.094167
0 0.719688 0.071667 0.084375 0.106667
0 0.885000 0.050417 0.095000 0.067500
0 0.519375 0.047917 0.070000 0.080833
0 0.950000 0.027917 0.067500 0.055833
0 0.796562 0.031250 0.106875 0.062500
0 0.602500 0.035000 0.123750 0.070000
0 0.340000 0.042917 0.110000 0.085833
0 0.155000 0.019167 0.071250 0.038333
0 0.079687 0.039583 0.074375 0.079167