0 0.564063 0.975833 0.069375 0.048333
0 0.200937 0.962917 0.069375 0.074167
0 0.068437 0.958333 0.059375 0.083333
0 0.688438 0.951250 0.060625 0.077500
0 0.877188 0.950833 0.065625 0.080000
0 0.412500 0.952500 0.062500 0.093333
0 0.636563 0.934167 0.071875 0.088333
0 0.170313 0.913333 0.054375 0.073333
0 0.795000 0.911667 0.063750 0.080000
0 0.985000 0.889583 0.030000 0.075833
0 0.607187 0.878750 0.066875 0.087500
0 0.373750 0.858750 0.062500 0.080833
0 0.196875 0.847500 0.055000 0.068333
0 0.521563 0.852500 0.055625 0.088333
0 0.685000 0.848333 0.056250 0.086667
0 0.138437 0.845000 0.063125 0.083333
0 0.590313 0.795833 0.061875 0.085000
0 0.891875 0.806667 0.076250 0.113333
0 0.482500 0.779583 0.058750 0.079167
0 0.371563 0.774167 0.064375 0.068333
0 0.828125 0.775000 0.058750 0.081667
0 0.431875 0.772083 0.051250 0.084167
0 0.281250 0.764583 0.053750 0.070833
0 0.157500 0.759583 0.061250 0.072500
0 0.324688 0.749583 0.051875 0.080833
0 0.100312 0.744167 0.061875 0.085000
0 0.661875 0.717500 0.066250 0.088333
0 0.432188 0.689583 0.056875 0.070833
0 0.297187 0.687500 0.053125 0.076667
0 0.020000 0.693333 0.040000 0.093333
0 0.350625 0.685417 0.043750 0.080833
0 0.229375 0.662500 0.058750 0.078333
0 0.499688 0.649167 0.059375 0.078333
0 0.919687 0.644167 0.059375 0.083333
0 0.029063 0.620833 0.058125 0.078333
0 0.876875 0.590000 0.052500 0.081667
0 0.267500 0.589167 0.073750 0.088333
0 0.473750 0.577500 0.057500 0.076667
0 0.801875 0.586250 0.088750 0.104167
0 0.339062 0.575833 0.055625 0.091667
0 0.550625 0.560417 0.052500 0.082500
0 0.172187 0.552083 0.050625 0.080833
0 0.225000 0.540000 0.048750 0.068333
0 0.622188 0.540417 0.089375 0.107500
0 0.934688 0.527500 0.055625 0.083333
0 0.425312 0.511667 0.070625 0.056667
0 0.130312 0.518333 0.048125 0.075000
0 0.084062 0.518750 0.048125 0.085833
0 0.712187 0.503333 0.066875 0.103333
0 0.378125 0.478333 0.051250 0.063333
0 0.165937 0.471667 0.055625 0.070000
0 0.240313 0.472083 0.054375 0.079167
0 0.846562 0.475417 0.075625 0.087500
0 0.295000 0.465833 0.061250 0.078333
0 0.435937 0.458333 0.058125 0.070000
0 0.636875 0.451667 0.060000 0.070000
0 0.210938 0.423333 0.050625 0.066667
0 0.888750 0.405833 0.051250 0.071667
0 0.430000 0.404167 0.067500 0.070000
0 0.688438 0.400833 0.048125 0.071667
0 0.779687 0.403333 0.064375 0.083333
0 0.293125 0.385833 0.058750 0.073333
0 0.244688 0.383333 0.051875 0.090000
0 0.126562 0.355833 0.063125 0.076667
0 0.846250 0.342917 0.060000 0.079167
0 0.328437 0.314167 0.070625 0.093333
0 0.670312 0.304167 0.049375 0.081667
0 0.721562 0.277917 0.053125 0.075833
0 0.462813 0.275833 0.058125 0.080000
0 0.788125 0.274167 0.070000 0.085000
0 0.309375 0.253333 0.051250 0.068333
0 0.906875 0.247083 0.065000 0.112500
0 0.773750 0.204583 0.050000 0.070833
0 0.960938 0.205417 0.070625 0.082500
0 0.714063 0.198750 0.058125 0.070833
0 0.142813 0.199583 0.061875 0.089167
0 0.535000 0.197917 0.062500 0.089167
0 0.079062 0.175000 0.054375 0.070000
0 0.645000 0.169167 0.065000 0.088333
0 0.852500 0.128750 0.057500 0.069167
0 0.339062 0.130833 0.060625 0.075000
0 0.725313 0.124167 0.066875 0.105000
0 0.402187 0.119167 0.059375 0.103333
0 0.103438 0.106667 0.066875 0.083333
0 0.465000 0.106250 0.062500 0.087500
0 0.181562 0.093750 0.065625 0.080833
0 0.780625 0.093750 0.050000 0.084167
0 0.827500 0.082917 0.057500 0.080833
0 0.080625 0.066667 0.061250 0.078333
0 0.559063 0.054583 0.051875 0.084167
0 0.640000 0.061667 0.081250 0.100000
0 0.933750 0.026250 0.055000 0.052500
0 0.446562 0.028333 0.061875 0.056667
0 0.235000 0.029167 0.062500 0.058333