0 0.089688 0.962917 0.119375 0.074167
0 0.709688 0.960000 0.078125 0.080000
0 0.922813 0.950000 0.096875 0.100000
0 0.473438 0.950000 0.085625 0.100000
0 0.850313 0.924167 0.110625 0.101667
0 0.080312 0.910000 0.075625 0.075000
0 0.780312 0.890833 0.071875 0.083333
0 0.025625 0.899583 0.051250 0.105833
0 0.976250 0.875000 0.047500 0.075000
0 0.334375 0.878333 0.080000 0.091667
0 0.184688 0.879167 0.096875 0.103333
0 0.416563 0.886667 0.106875 0.146667
0 0.252812 0.848750 0.095625 0.087500
0 0.755938 0.834583 0.069375 0.079167
0 0.101250 0.834583 0.067500 0.087500
0 0.664375 0.798333 0.096250 0.106667
0 0.408750 0.778750 0.070000 0.085833
0 0.253750 0.777083 0.068750 0.082500
0 0.166563 0.746667 0.081875 0.086667
0 0.276250 0.735417 0.055000 0.092500
0 0.322188 0.723750 0.053125 0.079167
0 0.922813 0.789167 0.070625 0.211667
0 0.720000 0.742500 0.118750 0.128333
0 0.105938 0.718333 0.076875 0.080000
0 0.210625 0.696667 0.075000 0.090000
0 0.608125 0.691667 0.081250 0.098333
0 0.371250 0.688750 0.063750 0.092500
0 0.435625 0.677917 0.073750 0.095833
0 0.024063 0.671667 0.048125 0.088333
0 0.135000 0.649583 0.055000 0.070833
0 0.264688 0.622083 0.061875 0.072500
0 0.565625 0.625833 0.080000 0.096667
0 0.470625 0.602083 0.076250 0.094167
0 0.410625 0.583750 0.071250 0.072500
0 0.337187 0.597500 0.070625 0.100000
0 0.978125 0.581667 0.043750 0.090000
0 0.615313 0.574583 0.079375 0.087500
0 0.135313 0.568333 0.103125 0.101667
0 0.225938 0.550833 0.071875 0.086667
0 0.529687 0.552917 0.103125 0.120833
0 0.042813 0.540000 0.085625 0.101667
0 0.967187 0.502917 0.065625 0.087500
0 0.633125 0.490833 0.086250 0.096667
0 0.557813 0.474583 0.064375 0.089167
0 0.160000 0.475833 0.086250 0.105000
0 0.809063 0.468750 0.081875 0.110833
0 0.415938 0.460417 0.084375 0.102500
0 0.981563 0.449583 0.036875 0.085833
0 0.492500 0.451667 0.073750 0.093333
0 0.011562 0.447500 0.023125 0.085000
0 0.204687 0.436667 0.058125 0.083333
0 0.315000 0.430000 0.050000 0.081667
0 0.705313 0.448750 0.088125 0.125833
0 0.078437 0.441667 0.070625 0.140000
0 0.412187 0.409583 0.050625 0.079167
0 0.366250 0.407917 0.061250 0.077500
0 0.273438 0.389583 0.095625 0.099167
0 0.580313 0.398750 0.106875 0.134167
0 0.210938 0.356250 0.063125 0.080833
0 0.031875 0.365417 0.063750 0.100833
0 0.493125 0.359167 0.071250 0.090000
0 0.732500 0.335000 0.063750 0.091667
0 0.196875 0.295417 0.060000 0.067500
0 0.800000 0.307500 0.067500 0.093333
0 0.615938 0.297500 0.084375 0.116667
0 0.462500 0.279167 0.065000 0.086667
0 0.118750 0.288333 0.082500 0.110000
0 0.754687 0.259583 0.068125 0.079167
0 0.023750 0.266667 0.047500 0.098333
0 0.537188 0.237917 0.129375 0.100833
0 0.079062 0.220833 0.078125 0.093333
0 0.321562 0.189167 0.073125 0.098333
0 0.765938 0.183750 0.063125 0.094167
0 0.815625 0.175833 0.047500 0.086667
0 0.598125 0.179167 0.066250 0.106667
0 0.484687 0.159583 0.060625 0.085833
0 0.225938 0.172083 0.113125 0.115833
0 0.378437 0.143750 0.079375 0.102500
0 0.731250 0.148750 0.087500 0.132500
0 0.044375 0.138333 0.088750 0.145000
0 0.566875 0.092500 0.063750 0.088333
0 0.092188 0.089583 0.073125 0.089167
0 0.165313 0.087083 0.076875 0.089167
0 0.445000 0.082083 0.066250 0.094167
0 0.233437 0.075833 0.063125 0.091667
0 0.783438 0.074167 0.093125 0.118333
0 0.301250 0.056667 0.061250 0.086667
0 0.060625 0.053333 0.075000 0.088333
0 0.950937 0.044583 0.070625 0.089167
0 0.884375 0.061250 0.088750 0.122500
0 0.702500 0.065833 0.075000 0.131667
0 0.356250 0.044583 0.066250 0.089167