0 0.630625 0.972917 0.072500 0.054167
0 0.413750 0.961667 0.077500 0.076667
0 0.064062 0.960833 0.058125 0.078333
0 0.588750 0.947917 0.068750 0.092500
0 0.242812 0.920833 0.074375 0.105000
0 0.097812 0.907917 0.064375 0.102500
0 0.370625 0.900000 0.063750 0.093333
0 0.325625 0.919167 0.065000 0.136667
0 0.796562 0.800417 0.078125 0.102500
0 0.128125 0.802500 0.063750 0.128333
0 0.652500 0.777083 0.072500 0.092500
0 0.464375 0.767500 0.071250 0.095000
0 0.375000 0.755417 0.065000 0.079167
0 0.540312 0.765833 0.074375 0.103333
0 0.956562 0.724167 0.069375 0.118333
0 0.847500 0.692083 0.071250 0.090833
0 0.682813 0.687917 0.064375 0.090833
0 0.367188 0.673750 0.059375 0.090833
0 0.057813 0.662917 0.059375 0.092500
0 0.557500 0.657500 0.067500 0.093333
0 0.017500 0.653750 0.035000 0.114167
0 0.425000 0.617500 0.072500 0.091667
0 0.665312 0.600000 0.064375 0.085000
0 0.751250 0.580833 0.076250 0.103333
0 0.977187 0.463750 0.045625 0.084167
0 0.145625 0.469167 0.083750 0.108333
0 0.030000 0.457500 0.060000 0.096667
0 0.901563 0.425417 0.073125 0.107500
0 0.215000 0.386667 0.075000 0.093333
0 0.137500 0.375000 0.071250 0.086667
0 0.317812 0.379583 0.078125 0.104167
0 0.171563 0.322083 0.074375 0.110833
0 0.031563 0.306250 0.063125 0.112500
0 0.638125 0.219583 0.071250 0.095833
0 0.524375 0.201250 0.077500 0.097500
0 0.082187 0.186250 0.053125 0.080833
0 0.131562 0.187083 0.054375 0.120833
0 0.732500 0.187917 0.096250 0.125833
0 0.305625 0.143333 0.071250 0.096667
0 0.044375 0.119583 0.068750 0.099167
0 0.491875 0.109583 0.075000 0.100833
0 0.734688 0.092917 0.065625 0.095833
0 0.231875 0.065417 0.063750 0.089167
0 0.889375 0.055000 0.067500 0.095000
0 0.779062 0.078750 0.055625 0.152500
0 0.954688 0.047500 0.065625 0.095000
0 0.046250 0.036667 0.066250 0.073333