0 0.252500 0.976250 0.057500 0.047500
0 0.836250 0.968750 0.093750 0.062500
0 0.062500 0.958333 0.057500 0.080000
0 0.468438 0.950833 0.061875 0.078333
0 0.249688 0.924167 0.085625 0.068333
0 0.582187 0.913750 0.070625 0.079167
0 0.934063 0.913333 0.069375 0.083333
0 0.658125 0.885000 0.052500 0.081667
0 0.446562 0.877917 0.053125 0.067500
0 0.240313 0.874167 0.064375 0.065000
0 0.891875 0.876667 0.082500 0.076667
0 0.035937 0.867500 0.059375 0.080000
0 0.817500 0.846250 0.067500 0.080833
0 0.552188 0.841667 0.070625 0.086667
0 0.363438 0.833750 0.064375 0.082500
0 0.906563 0.810417 0.095625 0.052500
0 0.466562 0.820000 0.065625 0.085000
0 0.218438 0.783333 0.109375 0.058333
0 0.735313 0.782917 0.079375 0.074167
0 0.079062 0.777500 0.068125 0.078333
0 0.541250 0.756667 0.061250 0.073333
0 0.423438 0.751667 0.063125 0.083333
0 0.716250 0.736250 0.077500 0.080833
0 0.247500 0.723750 0.063750 0.062500
0 0.027500 0.717500 0.055000 0.073333
0 0.309063 0.705417 0.064375 0.082500
0 0.558438 0.697083 0.069375 0.070833
0 0.842187 0.677500 0.071875 0.086667
0 0.715938 0.646667 0.069375 0.081667
0 0.358438 0.636250 0.076875 0.065833
0 0.533750 0.629167 0.057500 0.071667
0 0.114375 0.609167 0.053750 0.073333
0 0.811250 0.601667 0.070000 0.081667
0 0.311563 0.575417 0.063125 0.079167
0 0.626250 0.565000 0.065000 0.081667
0 0.105625 0.540417 0.058750 0.072500
0 0.172813 0.534583 0.063125 0.067500
0 0.824375 0.527500 0.062500 0.071667
0 0.766250 0.533333 0.055000 0.091667
0 0.710938 0.525417 0.063125 0.077500
0 0.380937 0.507083 0.058125 0.077500
0 0.434375 0.507083 0.057500 0.082500
0 0.296563 0.480833 0.099375 0.100000
0 0.940312 0.467917 0.073125 0.077500
0 0.181562 0.457500 0.060625 0.075000
0 0.880000 0.455000 0.061250 0.081667
0 0.722187 0.442917 0.063125 0.087500
0 0.104688 0.430833 0.081875 0.071667
0 0.821875 0.410000 0.067500 0.085000
0 0.530312 0.397917 0.069375 0.074167
0 0.464062 0.382500 0.060625 0.071667
0 0.820000 0.317500 0.087500 0.098333
0 0.513437 0.305417 0.065625 0.077500
0 0.638750 0.309167 0.067500 0.086667
0 0.035625 0.272500 0.071250 0.078333
0 0.944375 0.268333 0.065000 0.076667
0 0.480938 0.265833 0.066875 0.080000
0 0.800000 0.236667 0.068750 0.083333
0 0.452500 0.230833 0.077500 0.088333
0 0.173437 0.234167 0.080625 0.108333
0 0.396562 0.217500 0.060625 0.081667
0 0.918125 0.197083 0.075000 0.100833
0 0.855938 0.166250 0.081875 0.134167
0 0.455000 0.137083 0.082500 0.089167
0 0.371875 0.135417 0.086250 0.099167
0 0.553125 0.107083 0.060000 0.079167
0 0.687500 0.103750 0.067500 0.085833
0 0.585625 0.060833 0.077500 0.075000
0 0.105938 0.062083 0.055625 0.077500
0 0.721250 0.040833 0.078750 0.068333
0 0.044062 0.032500 0.055625 0.065000