0 0.300938 0.978333 0.059375 0.043333
0 0.650312 0.969167 0.063125 0.061667
0 0.239063 0.966667 0.061875 0.066667
0 0.459062 0.964583 0.068125 0.070833
0 0.110625 0.889167 0.072500 0.098333
0 0.332188 0.882917 0.076875 0.107500
0 0.024688 0.874583 0.049375 0.104167
0 0.969688 0.839583 0.060625 0.087500
0 0.758750 0.872917 0.083750 0.180833
0 0.822500 0.810000 0.067500 0.088333
0 0.022812 0.764583 0.045625 0.090833
0 0.251875 0.717917 0.070000 0.097500
0 0.891250 0.711250 0.068750 0.102500
0 0.072813 0.694167 0.073125 0.106667
0 0.374688 0.659167 0.069375 0.098333
0 0.179688 0.650000 0.069375 0.090000
0 0.529375 0.622500 0.075000 0.098333
0 0.025000 0.550833 0.050000 0.060000
0 0.786250 0.517500 0.076250 0.095000
0 0.349062 0.501250 0.080625 0.129167
0 0.030000 0.476250 0.060000 0.092500
0 0.417812 0.459167 0.048125 0.098333
0 0.982187 0.416250 0.035625 0.080833
0 0.085312 0.430833 0.078125 0.111667
0 0.372812 0.392917 0.071875 0.095833
0 0.628750 0.392917 0.076250 0.099167
0 0.893750 0.402500 0.076250 0.121667
0 0.946875 0.374167 0.073750 0.101667
0 0.556250 0.367500 0.070000 0.088333
0 0.017812 0.337917 0.035625 0.097500
0 0.251563 0.326667 0.069375 0.095000
0 0.845625 0.316667 0.072500 0.091667
0 0.477187 0.304167 0.070625 0.090000
0 0.055625 0.242083 0.075000 0.102500
0 0.702812 0.230000 0.079375 0.100000
0 0.215000 0.226667 0.065000 0.106667
0 0.821250 0.200000 0.068750 0.106667
0 0.601562 0.200833 0.076875 0.123333
0 0.707500 0.145417 0.070000 0.084167
0 0.822187 0.110833 0.071875 0.083333
0 0.427187 0.116250 0.073125 0.100833
0 0.240625 0.087500 0.081250 0.091667
0 0.889375 0.053750 0.076250 0.099167
0 0.973125 0.038333 0.053750 0.076667
0 0.780937 0.048750 0.069375 0.097500
0 0.720625 0.028333 0.073750 0.056667
0 0.471250 0.039167 0.070000 0.078333
0 0.361563 0.044167 0.073125 0.088333
0 0.264375 0.025833 0.073750 0.051667