0 0.199375 0.970833 0.070000 0.058333
0 0.850313 0.970000 0.076875 0.060000
0 0.978125 0.956667 0.043750 0.086667
0 0.274375 0.955833 0.083750 0.088333
0 0.231250 0.930833 0.061250 0.073333
0 0.085000 0.935000 0.076250 0.103333
0 0.799375 0.922083 0.078750 0.099167
0 0.322188 0.900833 0.075625 0.080000
0 0.171250 0.904167 0.096250 0.110000
0 0.880313 0.905000 0.088125 0.113333
0 0.735938 0.870000 0.086875 0.101667
0 0.277813 0.861667 0.111875 0.115000
0 0.950937 0.852083 0.076875 0.099167
0 0.371563 0.845833 0.094375 0.096667
0 0.129375 0.847917 0.102500 0.100833
0 0.810312 0.840833 0.086875 0.101667
0 0.219062 0.830000 0.079375 0.113333
0 0.882812 0.809583 0.079375 0.085833
0 0.717812 0.779167 0.073125 0.111667
0 0.050000 0.757500 0.081250 0.100000
0 0.631875 0.725417 0.080000 0.100833
0 0.951875 0.703750 0.081250 0.085833
0 0.356563 0.677500 0.121875 0.143333
0 0.135313 0.673333 0.100625 0.135000
0 0.190938 0.621667 0.083125 0.116667
0 0.603750 0.633333 0.096250 0.146667
0 0.929688 0.607083 0.065625 0.097500
0 0.980938 0.599167 0.038125 0.095000
0 0.374375 0.597917 0.087500 0.097500
0 0.532813 0.591667 0.088125 0.156667
0 0.435625 0.555000 0.053750 0.103333
0 0.798438 0.608333 0.141875 0.243333
0 0.940625 0.507500 0.087500 0.128333
0 0.868437 0.490000 0.079375 0.105000
0 0.388750 0.463750 0.076250 0.085833
0 0.531563 0.465000 0.074375 0.093333
0 0.462500 0.462500 0.067500 0.090000
0 0.919375 0.435417 0.083750 0.102500
0 0.450937 0.377917 0.068125 0.075833
0 0.258750 0.395833 0.106250 0.120000
0 0.389688 0.382917 0.079375 0.105833
0 0.963437 0.364167 0.073125 0.108333
0 0.158438 0.360833 0.131875 0.165000
0 0.458750 0.307500 0.050000 0.085000
0 0.358125 0.311250 0.091250 0.105833
0 0.284687 0.332083 0.088125 0.165833
0 0.528438 0.296667 0.089375 0.106667
0 0.952500 0.259583 0.095000 0.120833
0 0.604688 0.242500 0.079375 0.100000
0 0.332813 0.221250 0.070625 0.115833
0 0.251250 0.213750 0.080000 0.104167
0 0.919375 0.171667 0.092500 0.090000
0 0.051250 0.178750 0.086250 0.112500
0 0.110312 0.162083 0.068125 0.087500
0 0.543125 0.155000 0.076250 0.106667
0 0.310000 0.150000 0.077500 0.100000
0 0.629375 0.142083 0.078750 0.109167
0 0.872812 0.090000 0.064375 0.091667
0 0.126250 0.092083 0.068750 0.095833
0 0.032500 0.082917 0.065000 0.092500
0 0.973437 0.069167 0.053125 0.083333
0 0.658438 0.070000 0.086875 0.110000
0 0.327813 0.055417 0.061875 0.104167
0 0.406250 0.062917 0.123750 0.120833
0 0.924063 0.048333 0.055625 0.096667
0 0.840000 0.039167 0.102500 0.078333
0 0.193125 0.029167 0.072500 0.058333