0 0.441875 0.974167 0.067500 0.051667
0 0.843750 0.973333 0.063750 0.053333
0 0.968437 0.967500 0.059375 0.065000
0 0.043750 0.958750 0.062500 0.079167
0 0.501250 0.945000 0.060000 0.080000
0 0.267813 0.947500 0.061875 0.088333
0 0.835938 0.931250 0.066875 0.072500
0 0.636875 0.924583 0.051250 0.059167
0 0.585313 0.928750 0.053125 0.090833
0 0.910000 0.907083 0.053750 0.089167
0 0.691250 0.906667 0.045000 0.098333
0 0.708750 0.874167 0.062500 0.085000
0 0.338125 0.860000 0.067500 0.070000
0 0.633437 0.863750 0.061875 0.089167
0 0.426875 0.855000 0.063750 0.085000
0 0.935625 0.850417 0.057500 0.077500
0 0.220938 0.856250 0.061875 0.095833
0 0.864375 0.848333 0.065000 0.081667
0 0.020313 0.863333 0.040625 0.111667
0 0.592812 0.824167 0.064375 0.076667
0 0.766875 0.834167 0.077500 0.120000
0 0.982500 0.817500 0.035000 0.088333
0 0.510625 0.823333 0.075000 0.123333
0 0.835938 0.795417 0.051875 0.092500
0 0.067187 0.779167 0.050625 0.088333
0 0.580313 0.752917 0.064375 0.077500
0 0.110312 0.758750 0.059375 0.097500
0 0.372188 0.744167 0.068125 0.086667
0 0.175313 0.738750 0.060625 0.077500
0 0.655625 0.732083 0.057500 0.079167
0 0.886875 0.730417 0.056250 0.092500
0 0.974063 0.722917 0.051875 0.080833
0 0.544375 0.700000 0.066250 0.080000
0 0.465000 0.683333 0.060000 0.078333
0 0.742500 0.672917 0.063750 0.069167
0 0.685000 0.641667 0.062500 0.076667
0 0.084687 0.646667 0.063125 0.088333
0 0.957812 0.637500 0.058125 0.078333
0 0.284375 0.638750 0.063750 0.080833
0 0.021875 0.632083 0.043750 0.074167
0 0.805000 0.629167 0.057500 0.081667
0 0.209687 0.627500 0.051875 0.100000
0 0.511875 0.616667 0.063750 0.086667
0 0.877188 0.620833 0.058125 0.098333
0 0.735000 0.602917 0.060000 0.075833
0 0.634062 0.607500 0.061875 0.086667
0 0.147187 0.579167 0.051875 0.076667
0 0.575625 0.564167 0.058750 0.090000
0 0.985313 0.562917 0.029375 0.090833
0 0.290000 0.540833 0.060000 0.068333
0 0.821875 0.546250 0.073750 0.082500
0 0.028750 0.542500 0.057500 0.075000
0 0.475938 0.526250 0.054375 0.072500
0 0.547500 0.522917 0.065000 0.079167
0 0.414062 0.516667 0.051875 0.093333
0 0.746563 0.505000 0.059375 0.071667
0 0.671562 0.508750 0.056875 0.087500
0 0.921562 0.504167 0.055625 0.081667
0 0.350313 0.492500 0.059375 0.090000
0 0.873437 0.490417 0.050625 0.089167
0 0.140937 0.481667 0.063125 0.081667
0 0.804375 0.452083 0.062500 0.080833
0 0.077500 0.445833 0.058750 0.088333
0 0.212812 0.431250 0.060625 0.080833
0 0.942500 0.421250 0.061250 0.077500
0 0.423125 0.412083 0.066250 0.072500
0 0.702812 0.393333 0.060625 0.076667
0 0.528438 0.401667 0.059375 0.093333
0 0.129375 0.383333 0.051250 0.070000
0 0.379688 0.386250 0.055625 0.084167
0 0.981250 0.358750 0.037500 0.087500
0 0.466250 0.344583 0.062500 0.080833
0 0.192812 0.339583 0.065625 0.075833
0 0.110625 0.331250 0.063750 0.084167
0 0.314375 0.312917 0.058750 0.074167
0 0.252500 0.290000 0.050000 0.070000
0 0.693125 0.272917 0.070000 0.080833
0 0.894062 0.272083 0.061875 0.092500
0 0.807187 0.261667 0.071875 0.076667
0 0.143125 0.238333 0.070000 0.075000
0 0.477500 0.232500 0.066250 0.086667
0 0.325000 0.224583 0.066250 0.070833
0 0.501250 0.198333 0.056250 0.070000
0 0.770938 0.186250 0.065625 0.080833
0 0.617188 0.179167 0.065625 0.078333
0 0.214375 0.180833 0.061250 0.086667
0 0.656563 0.175833 0.058125 0.083333
0 0.972500 0.168750 0.055000 0.092500
0 0.446250 0.141667 0.053750 0.080000
0 0.020938 0.130833 0.041875 0.088333
0 0.369063 0.119167 0.061875 0.081667
0 0.750313 0.109583 0.060625 0.069167
0 0.927813 0.110000 0.066875 0.075000
0 0.689688 0.085000 0.053125 0.073333
0 0.655312 0.091667 0.059375 0.086667
0 0.095000 0.087500 0.060000 0.081667
0 0.498125 0.077083 0.058750 0.082500
0 0.831562 0.076250 0.060625 0.085833
0 0.972500 0.035833 0.055000 0.071667
0 0.903750 0.035000 0.065000 0.070000
0 0.792813 0.031667 0.058125 0.063333
0 0.705937 0.025417 0.065625 0.050833
0 0.621563 0.035000 0.064375 0.070000
0 0.530312 0.033333 0.083125 0.066667
0 0.457813 0.039583 0.051875 0.079167
0 0.300625 0.025833 0.055000 0.051667
0 0.113750 0.023750 0.058750 0.047500
0 0.069687 0.025417 0.044375 0.050833