0 0.956250 0.964167 0.063750 0.071667
0 0.646875 0.958750 0.077500 0.082500
0 0.446562 0.911250 0.050625 0.047500
0 0.679063 0.899167 0.064375 0.080000
0 0.844375 0.875000 0.070000 0.098333
0 0.256875 0.838333 0.062500 0.108333
0 0.320000 0.821667 0.061250 0.103333
0 0.155312 0.820417 0.069375 0.102500
0 0.956562 0.766667 0.064375 0.091667
0 0.285313 0.765417 0.078125 0.105833
0 0.615938 0.735000 0.073125 0.080000
0 0.794063 0.730000 0.066875 0.073333
0 0.151875 0.707083 0.066250 0.122500
0 0.247500 0.685417 0.071250 0.090833
0 0.547500 0.683333 0.073750 0.090000
0 0.670000 0.668333 0.052500 0.098333
0 0.625313 0.658333 0.068125 0.081667
0 0.816562 0.648750 0.065625 0.119167
0 0.605000 0.602917 0.065000 0.109167
0 0.902188 0.607500 0.060625 0.126667
0 0.976875 0.583750 0.046250 0.105833
0 0.788438 0.577500 0.054375 0.098333
0 0.117500 0.559583 0.067500 0.100833
0 0.848437 0.561667 0.060625 0.111667
0 0.968750 0.502917 0.062500 0.097500
0 0.291563 0.504167 0.063125 0.101667
0 0.754375 0.498750 0.060000 0.094167
0 0.350000 0.493750 0.061250 0.114167
0 0.701250 0.484583 0.057500 0.105833
0 0.834688 0.448750 0.076875 0.090833
0 0.040625 0.451250 0.071250 0.097500
0 0.107500 0.395000 0.067500 0.110000
0 0.314375 0.384167 0.057500 0.118333
0 0.966875 0.380833 0.066250 0.121667
0 0.487812 0.384167 0.075625 0.133333
0 0.567187 0.402917 0.083125 0.199167
0 0.407187 0.352083 0.064375 0.097500
0 0.471875 0.323750 0.062500 0.077500
0 0.808438 0.342500 0.081875 0.120000
0 0.433125 0.260000 0.067500 0.091667
0 0.037500 0.278333 0.075000 0.128333
0 0.821562 0.233750 0.070625 0.089167
0 0.289687 0.203333 0.075625 0.095000
0 0.600938 0.197083 0.060625 0.105833
0 0.545625 0.180417 0.053750 0.089167
0 0.413750 0.163750 0.075000 0.105833
0 0.227500 0.139583 0.077500 0.092500
0 0.308750 0.126667 0.077500 0.100000
0 0.129688 0.122917 0.074375 0.117500
0 0.473438 0.097917 0.081875 0.099167
0 0.591875 0.087083 0.076250 0.087500