0 0.481875 0.980000 0.065000 0.040000
0 0.330313 0.972083 0.070625 0.055833
0 0.038750 0.942500 0.061250 0.086667
0 0.971875 0.930417 0.056250 0.087500
0 0.908125 0.911667 0.092500 0.091667
0 0.535000 0.901250 0.073750 0.070833
0 0.835313 0.893750 0.068125 0.085833
0 0.073750 0.874167 0.061250 0.071667
0 0.919375 0.835833 0.078750 0.065000
0 0.540937 0.827083 0.070625 0.077500
0 0.861563 0.817500 0.056875 0.083333
0 0.131562 0.813750 0.066875 0.085833
0 0.209063 0.790000 0.081875 0.105000
0 0.567500 0.767917 0.072500 0.085833
0 0.455937 0.727917 0.059375 0.082500
0 0.229063 0.700000 0.065625 0.091667
0 0.634062 0.662500 0.055625 0.125000
0 0.185000 0.642500 0.086250 0.096667
0 0.702500 0.634167 0.072500 0.110000
0 0.662188 0.618333 0.059375 0.091667
0 0.980000 0.585000 0.040000 0.095000
0 0.131250 0.578750 0.061250 0.089167
0 0.585938 0.561250 0.068125 0.080833
0 0.952812 0.501250 0.063125 0.077500
0 0.384688 0.455833 0.060625 0.088333
0 0.865938 0.445000 0.065625 0.088333
0 0.850313 0.375000 0.054375 0.060000
0 0.749687 0.368750 0.061875 0.094167
0 0.598125 0.336250 0.068750 0.087500
0 0.119375 0.307500 0.056250 0.080000
0 0.412813 0.307083 0.068125 0.089167
0 0.201875 0.307917 0.110000 0.097500
0 0.485625 0.190833 0.067500 0.091667
0 0.315937 0.175833 0.069375 0.081667
0 0.417187 0.174167 0.065625 0.088333
0 0.870625 0.168750 0.071250 0.082500
0 0.104375 0.162917 0.071250 0.085833
0 0.636875 0.130000 0.071250 0.086667
0 0.508125 0.099167 0.073750 0.090000
0 0.793125 0.095417 0.076250 0.085833
0 0.276250 0.084583 0.071250 0.067500
0 0.029063 0.067083 0.058125 0.082500
0 0.205937 0.061667 0.073125 0.091667
0 0.247500 0.030000 0.057500 0.060000