0 0.218125 0.976667 0.068750 0.046667
0 0.501563 0.965000 0.060625 0.070000
0 0.550937 0.959583 0.065625 0.080833
0 0.311250 0.908750 0.058750 0.132500
0 0.974375 0.875000 0.051250 0.088333
0 0.914375 0.833333 0.063750 0.138333
0 0.739062 0.804167 0.064375 0.081667
0 0.965938 0.748750 0.065625 0.077500
0 0.852812 0.757083 0.055625 0.114167
0 0.709375 0.730000 0.060000 0.100000
0 0.088125 0.727500 0.083750 0.123333
0 0.966875 0.681250 0.066250 0.084167
0 0.696875 0.596667 0.066250 0.095000
0 0.880625 0.574167 0.057500 0.098333
0 0.752812 0.568750 0.055625 0.087500
0 0.183750 0.544583 0.071250 0.107500
0 0.779687 0.500833 0.059375 0.086667
0 0.100312 0.497500 0.066875 0.101667
0 0.570312 0.466250 0.058125 0.080833
0 0.894687 0.451667 0.066875 0.095000
0 0.145937 0.446250 0.058125 0.084167
0 0.703438 0.430417 0.059375 0.084167
0 0.112812 0.386250 0.064375 0.074167
0 0.730313 0.382083 0.055625 0.090833
0 0.910937 0.376250 0.074375 0.082500
0 0.837187 0.378750 0.060625 0.090833
0 0.781875 0.387083 0.053750 0.117500
0 0.080000 0.345000 0.062500 0.075000
0 0.084375 0.276250 0.076250 0.070833
0 0.017500 0.277083 0.035000 0.075833
0 0.468125 0.263333 0.053750 0.096667
0 0.442500 0.295000 0.077500 0.165000
0 0.832187 0.245000 0.056875 0.085000
0 0.974063 0.241250 0.051875 0.095833
0 0.754062 0.230417 0.051875 0.079167
0 0.207187 0.219583 0.050625 0.082500
0 0.628125 0.186667 0.056250 0.081667
0 0.777813 0.201250 0.053125 0.130833
0 0.075625 0.188750 0.082500 0.115833
0 0.493750 0.160417 0.047500 0.079167
0 0.819063 0.155417 0.050625 0.099167
0 0.869687 0.137500 0.054375 0.081667
0 0.020625 0.141250 0.041250 0.094167
0 0.968125 0.157500 0.063750 0.131667
0 0.330000 0.126667 0.063750 0.103333
0 0.600000 0.109167 0.051250 0.088333
0 0.705937 0.094583 0.059375 0.085833
0 0.480938 0.092917 0.060625 0.089167
0 0.637500 0.074583 0.040000 0.102500
0 0.017188 0.034167 0.034375 0.068333