0 0.742812 0.965000 0.108125 0.070000
0 0.827500 0.960833 0.075000 0.078333
0 0.558438 0.960833 0.110625 0.078333
0 0.080625 0.960417 0.071250 0.079167
0 0.345625 0.935000 0.071250 0.075000
0 0.464062 0.934583 0.070625 0.080833
0 0.408750 0.935417 0.052500 0.082500
0 0.880000 0.940833 0.075000 0.095000
0 0.152812 0.945417 0.081875 0.109167
0 0.955937 0.927500 0.080625 0.085000
0 0.024688 0.942500 0.049375 0.115000
0 0.634375 0.922917 0.055000 0.090833
0 0.691875 0.920417 0.063750 0.095833
0 0.522188 0.899583 0.065625 0.090833
0 0.751250 0.886250 0.057500 0.084167
0 0.463125 0.872083 0.057500 0.060833
0 0.801250 0.882083 0.061250 0.082500
0 0.372812 0.858750 0.068125 0.082500
0 0.542188 0.855417 0.059375 0.077500
0 0.937500 0.842500 0.057500 0.093333
0 0.286875 0.835000 0.068750 0.083333
0 0.030937 0.834167 0.061875 0.095000
0 0.601250 0.828333 0.062500 0.090000
0 0.874687 0.810417 0.066875 0.082500
0 0.465000 0.798750 0.051250 0.072500
0 0.518750 0.794167 0.056250 0.081667
0 0.980625 0.789167 0.038750 0.105000
0 0.586875 0.762500 0.056250 0.051667
0 0.745313 0.774167 0.054375 0.081667
0 0.645938 0.768333 0.060625 0.075000
0 0.794375 0.777500 0.058750 0.116667
0 0.131875 0.758750 0.073750 0.104167
0 0.218125 0.730000 0.078750 0.070000
0 0.488750 0.729167 0.055000 0.070000
0 0.062187 0.741250 0.070625 0.094167
0 0.850000 0.730417 0.058750 0.085833
0 0.537188 0.717083 0.061875 0.082500
0 0.422500 0.723333 0.077500 0.098333
0 0.922188 0.719583 0.085625 0.095833
0 0.339062 0.702083 0.076875 0.095833
0 0.767500 0.687083 0.068750 0.095833
0 0.599063 0.692917 0.068125 0.112500
0 0.114375 0.675833 0.071250 0.085000
0 0.680625 0.692917 0.087500 0.169167
0 0.419375 0.634583 0.085000 0.122500
0 0.760312 0.602500 0.089375 0.096667
0 0.118438 0.595833 0.091875 0.098333
0 0.830937 0.590000 0.058125 0.090000
0 0.562187 0.573333 0.070625 0.080000
0 0.029375 0.578333 0.058750 0.108333
0 0.387188 0.558333 0.055625 0.096667
0 0.978437 0.554583 0.043125 0.094167
0 0.461875 0.545000 0.097500 0.088333
0 0.929063 0.538750 0.064375 0.094167
0 0.324375 0.543333 0.075000 0.103333
0 0.546250 0.510000 0.062500 0.061667
0 0.069375 0.529583 0.085000 0.109167
0 0.819375 0.497500 0.068750 0.095000
0 0.611563 0.495833 0.061875 0.101667
0 0.148438 0.493333 0.075625 0.105000
0 0.727187 0.478333 0.068125 0.093333
0 0.969375 0.472917 0.061250 0.095833
0 0.925000 0.446667 0.065000 0.085000
0 0.297812 0.445833 0.103125 0.111667
0 0.068750 0.420000 0.056250 0.081667
0 0.218125 0.417917 0.086250 0.100833
0 0.550625 0.422500 0.071250 0.126667
0 0.844375 0.397083 0.068750 0.087500
0 0.743437 0.390833 0.053125 0.078333
0 0.029687 0.394583 0.059375 0.109167
0 0.911250 0.375417 0.060000 0.077500
0 0.684375 0.400417 0.081250 0.160833
0 0.963750 0.345417 0.072500 0.094167
0 0.875938 0.332500 0.061875 0.080000
0 0.529375 0.315000 0.086250 0.098333
0 0.124063 0.320000 0.078125 0.110000
0 0.043750 0.297500 0.060000 0.071667
0 0.816875 0.301250 0.057500 0.080833
0 0.750313 0.300417 0.068125 0.092500
0 0.943438 0.289583 0.070625 0.080833
0 0.184375 0.279583 0.072500 0.067500
0 0.598750 0.306250 0.088750 0.137500
0 0.873125 0.266667 0.072500 0.083333
0 0.676562 0.264167 0.076875 0.136667
0 0.350000 0.246667 0.078750 0.105000
0 0.926875 0.218750 0.062500 0.065833
0 0.847500 0.207917 0.061250 0.080833
0 0.177813 0.209167 0.075625 0.083333
0 0.250937 0.210000 0.064375 0.096667
0 0.028438 0.208750 0.056875 0.095833
0 0.315625 0.200833 0.078750 0.088333
0 0.619062 0.201250 0.089375 0.100833
0 0.719688 0.182500 0.079375 0.106667
0 0.820000 0.142083 0.065000 0.092500
0 0.325313 0.130417 0.061875 0.075833
0 0.920937 0.145417 0.103125 0.110833
0 0.265937 0.127083 0.074375 0.075833
0 0.458750 0.165417 0.086250 0.169167
0 0.034063 0.122083 0.068125 0.100833
0 0.103125 0.115833 0.076250 0.100000
0 0.862500 0.099583 0.067500 0.102500
0 0.967500 0.109167 0.065000 0.126667
0 0.616250 0.094583 0.097500 0.112500
0 0.685312 0.068750 0.060625 0.070833
0 0.799375 0.070833 0.066250 0.090000
0 0.744687 0.058333 0.060625 0.091667
0 0.929063 0.047917 0.106875 0.095833
0 0.851875 0.040000 0.068750 0.080000
0 0.583750 0.035833 0.065000 0.071667
0 0.465000 0.034167 0.072500 0.068333
0 0.330937 0.050417 0.111875 0.100833
0 0.052812 0.040833 0.105625 0.081667