0 0.581562 0.983750 0.064375 0.032500
0 0.316250 0.976250 0.055000 0.047500
0 0.241875 0.973333 0.058750 0.053333
0 0.913438 0.972917 0.058125 0.054167
0 0.969375 0.971250 0.055000 0.057500
0 0.799063 0.945833 0.058125 0.068333
0 0.199063 0.940833 0.061875 0.073333
0 0.515938 0.936250 0.061875 0.074167
0 0.462500 0.916667 0.055000 0.065000
0 0.076250 0.910417 0.053750 0.074167
0 0.032500 0.899583 0.050000 0.070833
0 0.300312 0.905000 0.068125 0.088333
0 0.666562 0.884167 0.063125 0.078333
0 0.813125 0.882500 0.088750 0.095000
0 0.957500 0.855000 0.085000 0.086667
0 0.138750 0.865833 0.100000 0.118333
0 0.716562 0.849167 0.065625 0.098333
0 0.832500 0.816250 0.047500 0.079167
0 0.407813 0.806250 0.088125 0.084167
0 0.919063 0.775417 0.058125 0.082500
0 0.861875 0.782500 0.066250 0.098333
0 0.069687 0.775000 0.061875 0.083333
0 0.973125 0.754583 0.053750 0.075833
0 0.396562 0.731250 0.068125 0.070833
0 0.199375 0.715000 0.053750 0.070000
0 0.256250 0.715000 0.060000 0.080000
0 0.139687 0.687917 0.064375 0.087500
0 0.696250 0.669583 0.066250 0.087500
0 0.178125 0.616667 0.065000 0.096667
0 0.436563 0.580833 0.058125 0.068333
0 0.318125 0.584583 0.058750 0.077500
0 0.241250 0.575417 0.058750 0.077500
0 0.514062 0.568750 0.060625 0.080833
0 0.461875 0.537500 0.057500 0.071667
0 0.609062 0.534583 0.064375 0.067500
0 0.186250 0.525833 0.063750 0.076667
0 0.952500 0.511250 0.091250 0.067500
0 0.262813 0.504167 0.066875 0.073333
0 0.777188 0.485000 0.089375 0.106667
0 0.616563 0.467500 0.070625 0.071667
0 0.135937 0.450417 0.058125 0.079167
0 0.285938 0.430417 0.066875 0.072500
0 0.072500 0.437500 0.065000 0.086667
0 0.798438 0.424167 0.066875 0.061667
0 0.940625 0.412500 0.083750 0.108333
0 0.697812 0.372083 0.061875 0.080833
0 0.813438 0.356250 0.063125 0.075833
0 0.485938 0.350417 0.051875 0.067500
0 0.644062 0.335417 0.058125 0.077500
0 0.371875 0.325000 0.065000 0.080000
0 0.027187 0.299583 0.054375 0.082500
0 0.234063 0.288333 0.065625 0.083333
0 0.742812 0.279167 0.061875 0.080000
0 0.500938 0.263333 0.054375 0.055000
0 0.660312 0.257500 0.056875 0.078333
0 0.618437 0.226250 0.064375 0.080833
0 0.541562 0.225833 0.055625 0.083333
0 0.097500 0.218333 0.061250 0.080000
0 0.851250 0.221250 0.080000 0.089167
0 0.936250 0.174583 0.062500 0.084167
0 0.868750 0.160000 0.062500 0.075000
0 0.392188 0.156667 0.096875 0.075000
0 0.601250 0.157917 0.070000 0.082500
0 0.309688 0.140417 0.063125 0.077500
0 0.243438 0.114167 0.061875 0.076667
0 0.347187 0.089167 0.055625 0.090000
0 0.586875 0.070000 0.062500 0.078333
0 0.703125 0.068333 0.060000 0.078333
0 0.975938 0.050833 0.048125 0.070000
0 0.212812 0.047500 0.055625 0.070000
0 0.879687 0.056667 0.068125 0.091667
0 0.465938 0.030000 0.063125 0.060000
0 0.386250 0.027083 0.070000 0.054167