0 0.186562 0.984583 0.061875 0.030833
0 0.453750 0.962500 0.071250 0.075000
0 0.923438 0.959583 0.070625 0.075833
0 0.793125 0.959583 0.065000 0.080833
0 0.070000 0.957083 0.083750 0.085833
0 0.720000 0.950417 0.068750 0.099167
0 0.429375 0.921667 0.061250 0.063333
0 0.512188 0.929583 0.068125 0.090833
0 0.180000 0.917083 0.082500 0.084167
0 0.573438 0.912500 0.068125 0.090000
0 0.889687 0.897083 0.073125 0.084167
0 0.293125 0.879167 0.062500 0.093333
0 0.463125 0.872500 0.067500 0.088333
0 0.212812 0.864583 0.068125 0.087500
0 0.681250 0.850833 0.071250 0.096667
0 0.945625 0.844167 0.082500 0.090000
0 0.602187 0.840417 0.066875 0.094167
0 0.334375 0.815833 0.066250 0.085000
0 0.531563 0.828333 0.096875 0.120000
0 0.222188 0.809167 0.071875 0.081667
0 0.677188 0.774583 0.079375 0.070833
0 0.404375 0.789583 0.073750 0.100833
0 0.124688 0.783333 0.066875 0.113333
0 0.967812 0.750833 0.064375 0.081667
0 0.756250 0.747500 0.096250 0.076667
0 0.377188 0.721250 0.070625 0.084167
0 0.636875 0.713333 0.072500 0.078333
0 0.459688 0.720000 0.063125 0.108333
0 0.298750 0.711667 0.066250 0.091667
0 0.228750 0.696667 0.068750 0.091667
0 0.938750 0.695000 0.066250 0.091667
0 0.127812 0.687917 0.069375 0.100833
0 0.793750 0.672500 0.066250 0.086667
0 0.048750 0.665417 0.087500 0.127500
0 0.483438 0.634583 0.066875 0.077500
0 0.723750 0.625000 0.073750 0.085000
0 0.625313 0.626250 0.070625 0.090833
0 0.102500 0.614583 0.072500 0.089167
0 0.903750 0.618333 0.071250 0.098333
0 0.209687 0.600417 0.068125 0.087500
0 0.664375 0.597917 0.076250 0.090833
0 0.448750 0.617083 0.102500 0.137500
0 0.827500 0.573333 0.068750 0.085000
0 0.745000 0.554583 0.078750 0.070833
0 0.295000 0.560417 0.072500 0.084167
0 0.559375 0.570833 0.060000 0.106667
0 0.176250 0.528333 0.083750 0.078333
0 0.083437 0.528333 0.073125 0.086667
0 0.650312 0.522500 0.070625 0.081667
0 0.930312 0.532500 0.089375 0.126667
0 0.437500 0.510417 0.071250 0.097500
0 0.849688 0.494583 0.063125 0.080833
0 0.369063 0.511250 0.056875 0.119167
0 0.424687 0.491667 0.056875 0.091667
0 0.096562 0.477083 0.091875 0.077500
0 0.297187 0.477500 0.074375 0.101667
0 0.185625 0.457917 0.076250 0.077500
0 0.026562 0.460000 0.053125 0.091667
0 0.879687 0.455833 0.070625 0.085000
0 0.221562 0.427500 0.069375 0.076667
0 0.799375 0.430417 0.065000 0.099167
0 0.476875 0.421667 0.072500 0.088333
0 0.981563 0.417500 0.036875 0.086667
0 0.109063 0.413750 0.068125 0.082500
0 0.278125 0.410417 0.070000 0.084167
0 0.822187 0.390417 0.071875 0.080833
0 0.541250 0.378333 0.066250 0.085000
0 0.254688 0.357917 0.089375 0.064167
0 0.663125 0.370833 0.062500 0.095000
0 0.386250 0.366667 0.061250 0.098333
0 0.605000 0.355417 0.070000 0.087500
0 0.906250 0.338750 0.063750 0.095833
0 0.828750 0.322083 0.075000 0.079167
0 0.262813 0.308333 0.096875 0.068333
0 0.533125 0.298333 0.091250 0.076667
0 0.960625 0.310417 0.060000 0.102500
0 0.418750 0.300417 0.076250 0.095833
0 0.193438 0.285000 0.091875 0.091667
0 0.341875 0.274167 0.058750 0.090000
0 0.676875 0.272917 0.061250 0.100833
0 0.617812 0.250833 0.069375 0.096667
0 0.723750 0.257917 0.068750 0.114167
0 0.576250 0.225833 0.071250 0.105000
0 0.181875 0.226667 0.055000 0.118333
0 0.437812 0.214167 0.073125 0.096667
0 0.370000 0.207917 0.063750 0.092500
0 0.920000 0.156667 0.066250 0.098333
0 0.201250 0.132500 0.068750 0.086667
0 0.455000 0.128750 0.053750 0.094167
0 0.389688 0.122917 0.068125 0.100833
0 0.252188 0.095000 0.065625 0.106667
0 0.968750 0.110417 0.062500 0.139167
0 0.318750 0.066667 0.076250 0.065000
0 0.925937 0.017917 0.061875 0.035833
0 0.751250 0.022917 0.068750 0.045833
0 0.675625 0.027917 0.065000 0.055833
0 0.594375 0.037917 0.052500 0.075833
0 0.201250 0.022917 0.057500 0.045833
0 0.147500 0.032500 0.071250 0.065000
0 0.035625 0.023333 0.062500 0.046667