0 0.292812 0.973333 0.074375 0.053333
0 0.968437 0.938750 0.063125 0.122500
0 0.800625 0.905833 0.058750 0.081667
0 0.076563 0.932500 0.040625 0.135000
0 0.413125 0.925833 0.048750 0.148333
0 0.035000 0.890417 0.058750 0.137500
0 0.146563 0.865000 0.068125 0.088333
0 0.845938 0.845833 0.066875 0.093333
0 0.283750 0.869583 0.042500 0.157500
0 0.346562 0.790833 0.069375 0.108333
0 0.110000 0.742917 0.057500 0.097500
0 0.875000 0.738333 0.067500 0.100000
0 0.626563 0.727500 0.070625 0.081667
0 0.982500 0.697500 0.035000 0.088333
0 0.765938 0.705417 0.068125 0.107500
0 0.411250 0.676667 0.062500 0.096667
0 0.811875 0.669167 0.071250 0.101667
0 0.708750 0.668333 0.060000 0.113333
0 0.616875 0.642083 0.076250 0.070833
0 0.233750 0.625000 0.062500 0.100000
0 0.337813 0.590417 0.063125 0.069167
0 0.548750 0.553333 0.060000 0.080000
0 0.257188 0.530417 0.078125 0.089167
0 0.343750 0.517500 0.075000 0.076667
0 0.841875 0.545000 0.078750 0.133333
0 0.776563 0.545417 0.059375 0.145833
0 0.666875 0.529583 0.081250 0.120833
0 0.414375 0.515417 0.066250 0.110833
0 0.458125 0.483333 0.075000 0.108333
0 0.904062 0.463750 0.070625 0.084167
0 0.053125 0.455417 0.053750 0.072500
0 0.318437 0.451667 0.053125 0.111667
0 0.249688 0.430833 0.091875 0.093333
0 0.147500 0.428333 0.062500 0.113333
0 0.685000 0.413333 0.067500 0.103333
0 0.960313 0.406667 0.040625 0.106667
0 0.419375 0.354583 0.075000 0.079167
0 0.238437 0.343333 0.068125 0.080000
0 0.865313 0.315000 0.068125 0.101667
0 0.741563 0.315833 0.064375 0.108333
0 0.235937 0.282083 0.064375 0.064167
0 0.916250 0.310833 0.060000 0.151667
0 0.555625 0.272083 0.053750 0.129167
0 0.495937 0.270417 0.081875 0.159167
0 0.439688 0.250417 0.051875 0.144167
0 0.936562 0.225417 0.056875 0.115833
0 0.614688 0.227917 0.064375 0.120833
0 0.149375 0.242083 0.057500 0.149167
0 0.389062 0.230417 0.045625 0.137500
0 0.900625 0.184167 0.061250 0.091667
0 0.625313 0.173750 0.064375 0.110833
0 0.266250 0.160833 0.060000 0.095000
0 0.086563 0.145417 0.068125 0.099167
0 0.418125 0.135000 0.068750 0.106667
0 0.194062 0.137917 0.064375 0.115833
0 0.035312 0.145000 0.070625 0.136667
0 0.541875 0.122500 0.098750 0.123333
0 0.156250 0.095833 0.055000 0.108333
0 0.113437 0.094583 0.055625 0.139167
0 0.980625 0.063333 0.038750 0.096667
0 0.902188 0.049167 0.060625 0.098333
0 0.842812 0.045417 0.069375 0.090833
0 0.695312 0.042500 0.095625 0.085000
0 0.603125 0.028333 0.071250 0.056667
0 0.500625 0.045000 0.046250 0.090000
0 0.435625 0.036250 0.096250 0.072500