0 0.139375 0.975000 0.096250 0.050000
0 0.459062 0.970000 0.064375 0.060000
0 0.793438 0.960000 0.065625 0.080000
0 0.601562 0.917083 0.083125 0.067500
0 0.140000 0.920000 0.053750 0.081667
0 0.528438 0.909167 0.059375 0.066667
0 0.431563 0.912083 0.055625 0.074167
0 0.086875 0.916250 0.063750 0.087500
0 0.861875 0.908750 0.068750 0.085833
0 0.205313 0.898333 0.063125 0.078333
0 0.246562 0.856250 0.068125 0.089167
0 0.760625 0.821667 0.062500 0.085000
0 0.153125 0.805833 0.061250 0.078333
0 0.328437 0.805833 0.074375 0.083333
0 0.291875 0.803333 0.046250 0.086667
0 0.503437 0.794583 0.065625 0.077500
0 0.052500 0.793333 0.066250 0.086667
0 0.176250 0.773333 0.063750 0.085000
0 0.669063 0.750833 0.064375 0.090000
0 0.373125 0.736250 0.061250 0.075833
0 0.483125 0.728750 0.060000 0.070833
0 0.409062 0.695833 0.050625 0.073333
0 0.965938 0.695417 0.064375 0.077500
0 0.032188 0.693750 0.060625 0.075833
0 0.225938 0.694167 0.061875 0.081667
0 0.762188 0.682500 0.045625 0.078333
0 0.460313 0.670000 0.075625 0.073333
0 0.535000 0.673333 0.065000 0.085000
0 0.716562 0.630833 0.051875 0.068333
0 0.968437 0.618750 0.061875 0.072500
0 0.466875 0.604167 0.063750 0.070000
0 0.112500 0.584583 0.060000 0.085833
0 0.866875 0.554167 0.063750 0.076667
0 0.770312 0.542500 0.071875 0.093333
0 0.235937 0.520833 0.064375 0.076667
0 0.449688 0.512917 0.055625 0.072500
0 0.506250 0.514583 0.063750 0.082500
0 0.024375 0.504167 0.048750 0.083333
0 0.908438 0.497917 0.069375 0.095833
0 0.961875 0.452083 0.071250 0.084167
0 0.708438 0.445417 0.075625 0.089167
0 0.148125 0.432917 0.065000 0.080833
0 0.019375 0.421667 0.038750 0.078333
0 0.514687 0.420833 0.073125 0.088333
0 0.932813 0.405833 0.069375 0.070000
0 0.202187 0.367917 0.055625 0.087500
0 0.153125 0.355000 0.051250 0.070000
0 0.442812 0.353750 0.058125 0.074167
0 0.543438 0.345000 0.061875 0.078333
0 0.244062 0.344583 0.054375 0.085833
0 0.916875 0.340417 0.063750 0.082500
0 0.596875 0.327083 0.051250 0.074167
0 0.498437 0.311667 0.061875 0.061667
0 0.177187 0.285000 0.106875 0.071667
0 0.891875 0.275417 0.057500 0.074167
0 0.802813 0.266250 0.059375 0.075833
0 0.350938 0.243750 0.079375 0.075833
0 0.334062 0.194583 0.065625 0.065833
0 0.767500 0.189583 0.071250 0.084167
0 0.423750 0.176250 0.063750 0.077500
0 0.056563 0.168333 0.073125 0.068333
0 0.215000 0.163750 0.055000 0.069167
0 0.845000 0.115833 0.046250 0.078333
0 0.792813 0.101667 0.055625 0.091667
0 0.542500 0.096250 0.057500 0.080833
0 0.761875 0.085417 0.056250 0.069167
0 0.673750 0.087083 0.068750 0.077500
0 0.956875 0.048333 0.062500 0.076667
0 0.835625 0.040417 0.065000 0.067500
0 0.187812 0.033750 0.073125 0.067500
0 0.081250 0.034583 0.055000 0.069167