0 0.756875 0.972917 0.063750 0.054167
0 0.570312 0.966667 0.074375 0.066667
0 0.359375 0.965000 0.072500 0.070000
0 0.930312 0.952500 0.065625 0.083333
0 0.977500 0.947083 0.045000 0.089167
0 0.468438 0.938750 0.071875 0.090833
0 0.121250 0.905417 0.068750 0.074167
0 0.940000 0.852083 0.063750 0.080833
0 0.523438 0.825000 0.068125 0.088333
0 0.056875 0.780000 0.075000 0.090000
0 0.951250 0.771667 0.070000 0.090000
0 0.577187 0.763750 0.074375 0.084167
0 0.440312 0.758333 0.076875 0.093333
0 0.761250 0.746667 0.063750 0.071667
0 0.681875 0.749583 0.057500 0.079167
0 0.083125 0.742500 0.067500 0.073333
0 0.901875 0.727500 0.072500 0.073333
0 0.983437 0.713750 0.033125 0.077500
0 0.084062 0.660417 0.074375 0.080833
0 0.737812 0.605833 0.074375 0.086667
0 0.084687 0.587083 0.056875 0.070833
0 0.142500 0.600000 0.057500 0.098333
0 0.424375 0.601667 0.065000 0.108333
0 0.374063 0.588750 0.065625 0.085833
0 0.610938 0.579583 0.068125 0.084167
0 0.960625 0.571667 0.072500 0.073333
0 0.474062 0.566667 0.059375 0.088333
0 0.284062 0.564167 0.066875 0.093333
0 0.712812 0.555833 0.075625 0.081667
0 0.175313 0.546667 0.071875 0.088333
0 0.967812 0.510417 0.064375 0.079167
0 0.591875 0.498333 0.065000 0.100000
0 0.865313 0.495000 0.073125 0.095000
0 0.707500 0.488333 0.068750 0.083333
0 0.210313 0.487083 0.058125 0.087500
0 0.077813 0.475000 0.074375 0.088333
0 0.483438 0.467083 0.061875 0.082500
0 0.156562 0.458750 0.055625 0.074167
0 0.809688 0.459583 0.059375 0.084167
0 0.291875 0.469167 0.062500 0.111667
0 0.713125 0.421250 0.072500 0.082500
0 0.959688 0.423750 0.070625 0.089167
0 0.339687 0.417083 0.086875 0.079167
0 0.778750 0.389583 0.065000 0.089167
0 0.685000 0.362917 0.071250 0.087500
0 0.050313 0.348333 0.066875 0.078333
0 0.337500 0.337500 0.048750 0.073333
0 0.573750 0.332917 0.066250 0.094167
0 0.830000 0.309167 0.061250 0.076667
0 0.234063 0.309583 0.065625 0.084167
0 0.696875 0.266250 0.068750 0.084167
0 0.074063 0.220833 0.056875 0.073333
0 0.791250 0.196667 0.066250 0.098333
0 0.680000 0.169167 0.062500 0.100000
0 0.196563 0.143333 0.065625 0.086667
0 0.271875 0.097917 0.067500 0.080833
0 0.595938 0.097500 0.079375 0.086667
0 0.478438 0.076250 0.060625 0.089167
0 0.679688 0.065833 0.078125 0.096667
0 0.790312 0.055833 0.061875 0.080000
0 0.086563 0.048333 0.068125 0.088333
0 0.903750 0.034583 0.065000 0.069167
0 0.735313 0.036667 0.089375 0.073333
0 0.208750 0.040000 0.073750 0.080000
0 0.022187 0.033750 0.044375 0.067500