0 0.215625 0.970000 0.061250 0.060000
0 0.822812 0.946667 0.080625 0.095000
0 0.863750 0.897917 0.057500 0.067500
0 0.946875 0.870000 0.048750 0.075000
0 0.234063 0.860000 0.060625 0.091667
0 0.983750 0.824167 0.032500 0.083333
0 0.910937 0.839583 0.069375 0.127500
0 0.081875 0.804583 0.055000 0.072500
0 0.670312 0.784583 0.053125 0.114167
0 0.453750 0.762500 0.050000 0.071667
0 0.211875 0.750417 0.071250 0.099167
0 0.824375 0.728333 0.062500 0.085000
0 0.242812 0.716667 0.051875 0.066667
0 0.520938 0.707917 0.060625 0.079167
0 0.942500 0.677083 0.057500 0.069167
0 0.567187 0.664583 0.055625 0.075833
0 0.985938 0.660000 0.028125 0.081667
0 0.180312 0.666250 0.059375 0.094167
0 0.759375 0.647917 0.072500 0.065833
0 0.342813 0.654167 0.056875 0.078333
0 0.064687 0.637083 0.054375 0.052500
0 0.677813 0.646667 0.058125 0.073333
0 0.951875 0.611667 0.046250 0.056667
0 0.572812 0.589167 0.058125 0.060000
0 0.477812 0.587917 0.049375 0.069167
0 0.301875 0.594167 0.057500 0.081667
0 0.171875 0.581250 0.051250 0.077500
0 0.679375 0.577083 0.065000 0.070833
0 0.109687 0.572083 0.061875 0.080833
0 0.227187 0.550417 0.056875 0.060833
0 0.737500 0.543333 0.052500 0.075000
0 0.521250 0.535833 0.053750 0.073333
0 0.907813 0.532917 0.053125 0.084167
0 0.577812 0.526667 0.053125 0.076667
0 0.015938 0.528333 0.031875 0.085000
0 0.401250 0.510833 0.061250 0.076667
0 0.240625 0.499583 0.050000 0.054167
0 0.618437 0.505000 0.050625 0.066667
0 0.870000 0.507500 0.043750 0.076667
0 0.460938 0.502917 0.059375 0.080833
0 0.685937 0.502500 0.056875 0.083333
0 0.364375 0.478750 0.061250 0.092500
0 0.824375 0.467083 0.047500 0.070833
0 0.151875 0.467500 0.053750 0.100000
0 0.642500 0.462917 0.068750 0.110833
0 0.092813 0.448333 0.060625 0.083333
0 0.766250 0.441250 0.053750 0.075833
0 0.607812 0.424167 0.051875 0.068333
0 0.204687 0.420000 0.051875 0.073333
0 0.539687 0.420000 0.055625 0.081667
0 0.051562 0.415000 0.054375 0.080000
0 0.425938 0.420833 0.074375 0.115000
0 0.317812 0.375000 0.054375 0.073333
0 0.809375 0.366667 0.048750 0.058333
0 0.594063 0.370833 0.055625 0.071667
0 0.378437 0.358333 0.051875 0.065000
0 0.940937 0.358750 0.065625 0.089167
0 0.229063 0.352917 0.059375 0.079167
0 0.175000 0.345000 0.050000 0.078333
0 0.541562 0.328750 0.064375 0.075833
0 0.789062 0.311250 0.059375 0.065833
0 0.120938 0.316667 0.049375 0.081667
0 0.068125 0.329167 0.070000 0.108333
0 0.300000 0.313750 0.050000 0.087500
0 0.378750 0.282917 0.056250 0.059167
0 0.552500 0.275417 0.058750 0.070833
0 0.377812 0.227083 0.054375 0.070833
0 0.790937 0.228333 0.063125 0.090000
0 0.980938 0.207500 0.038125 0.066667
0 0.146250 0.225833 0.071250 0.103333
0 0.601562 0.211667 0.059375 0.086667
0 0.843437 0.150417 0.048125 0.072500
0 0.255937 0.135000 0.055625 0.070000
0 0.747500 0.135417 0.057500 0.079167
0 0.446250 0.128750 0.083750 0.099167
0 0.106250 0.115000 0.062500 0.071667
0 0.986250 0.118333 0.027500 0.088333
0 0.521563 0.114167 0.058125 0.080000
0 0.684688 0.110000 0.056875 0.081667
0 0.897813 0.110417 0.058125 0.087500
0 0.405313 0.086250 0.049375 0.055833
0 0.262813 0.061667 0.058125 0.071667
0 0.099687 0.059167 0.079375 0.070000
0 0.592500 0.057917 0.043750 0.072500
0 0.510625 0.036250 0.053750 0.070833
0 0.982500 0.033750 0.035000 0.067500