0 0.574063 0.979583 0.044375 0.040833
0 0.718750 0.975417 0.056250 0.049167
0 0.184688 0.958333 0.116875 0.083333
0 0.071875 0.956250 0.068750 0.087500
0 0.766563 0.927500 0.075625 0.080000
0 0.415938 0.931667 0.063125 0.096667
0 0.661875 0.916667 0.062500 0.091667
0 0.462813 0.890000 0.050625 0.056667
0 0.040625 0.898333 0.071250 0.093333
0 0.520938 0.887500 0.061875 0.078333
0 0.385000 0.860000 0.068750 0.088333
0 0.917500 0.848333 0.068750 0.088333
0 0.659375 0.830833 0.053750 0.086667
0 0.714375 0.822500 0.057500 0.095000
0 0.044687 0.826667 0.089375 0.111667
0 0.499063 0.791250 0.070625 0.075833
0 0.795625 0.784167 0.085000 0.080000
0 0.338125 0.769167 0.060000 0.080000
0 0.931875 0.762500 0.082500 0.078333
0 0.552813 0.743333 0.061875 0.078333
0 0.869375 0.729583 0.067500 0.062500
0 0.987812 0.717083 0.024375 0.064167
0 0.723750 0.727500 0.091250 0.085000
0 0.497500 0.720000 0.070000 0.070000
0 0.281250 0.724167 0.056250 0.093333
0 0.045625 0.729583 0.091250 0.125833
0 0.454062 0.668750 0.040625 0.049167
0 0.701250 0.660833 0.071250 0.070000
0 0.209375 0.653333 0.097500 0.091667
0 0.927500 0.636667 0.068750 0.085000
0 0.988437 0.617917 0.023125 0.059167
0 0.408438 0.609167 0.111875 0.093333
0 0.843750 0.581667 0.076250 0.098333
0 0.444375 0.570417 0.097500 0.084167
0 0.309688 0.565833 0.059375 0.076667
0 0.981875 0.542917 0.036250 0.085833
0 0.598750 0.536667 0.081250 0.091667
0 0.715000 0.538333 0.066250 0.105000
0 0.503125 0.527083 0.073750 0.082500
0 0.305000 0.502083 0.063750 0.074167
0 0.429688 0.494583 0.089375 0.072500
0 0.960313 0.483333 0.064375 0.083333
0 0.611250 0.482917 0.068750 0.090833
0 0.671250 0.456667 0.066250 0.081667
0 0.455000 0.437917 0.072500 0.085833
0 0.018437 0.440000 0.036875 0.108333
0 0.308750 0.417500 0.076250 0.090000
0 0.965938 0.406250 0.068125 0.079167
0 0.774375 0.402500 0.065000 0.090000
0 0.639687 0.390833 0.068125 0.076667
0 0.387500 0.367917 0.080000 0.067500
0 0.597187 0.364583 0.063125 0.094167
0 0.536875 0.340000 0.062500 0.085000
0 0.663750 0.334583 0.077500 0.079167
0 0.181250 0.312917 0.078750 0.092500
0 0.349062 0.307083 0.055625 0.094167
0 0.395000 0.289583 0.060000 0.087500
0 0.715625 0.285000 0.065000 0.085000
0 0.301875 0.273333 0.075000 0.095000
0 0.969375 0.296250 0.061250 0.157500
0 0.920000 0.281250 0.092500 0.142500
0 0.202500 0.242500 0.085000 0.068333
0 0.878750 0.242083 0.085000 0.119167
0 0.513125 0.228333 0.067500 0.095000
0 0.635000 0.198750 0.068750 0.080833
0 0.260625 0.182500 0.072500 0.090000
0 0.153125 0.157083 0.081250 0.082500
0 0.838750 0.175833 0.083750 0.133333
0 0.466562 0.143333 0.070625 0.083333
0 0.756250 0.139167 0.071250 0.096667
0 0.202500 0.123333 0.105000 0.065000
0 0.979062 0.102917 0.041875 0.079167
0 0.078125 0.102500 0.082500 0.090000
0 0.404687 0.102083 0.056875 0.117500
0 0.832187 0.067083 0.071875 0.082500
0 0.553438 0.072917 0.048125 0.095833
0 0.338125 0.059167 0.062500 0.090000
0 0.720625 0.054167 0.065000 0.090000
0 0.512188 0.059583 0.050625 0.107500
0 0.467813 0.053333 0.071875 0.096667
0 0.615000 0.047500 0.061250 0.086667
0 0.806562 0.042083 0.083125 0.077500
0 0.958438 0.052083 0.083125 0.104167
0 0.418438 0.025833 0.068125 0.051667
0 0.025937 0.016250 0.051875 0.032500