0 0.310000 0.983750 0.055000 0.032500
0 0.063750 0.963750 0.057500 0.072500
0 0.481875 0.955833 0.058750 0.076667
0 0.610625 0.950833 0.068750 0.088333
0 0.018437 0.940417 0.036875 0.074167
0 0.238437 0.948750 0.074375 0.102500
0 0.292187 0.921250 0.053125 0.074167
0 0.100000 0.918333 0.061250 0.076667
0 0.878750 0.923750 0.070000 0.095833
0 0.434063 0.886250 0.055625 0.079167
0 0.777813 0.876667 0.065625 0.081667
0 0.677500 0.869167 0.055000 0.070000
0 0.130000 0.855000 0.057500 0.065000
0 0.522813 0.850833 0.055625 0.083333
0 0.571875 0.835417 0.066250 0.084167
0 0.200000 0.828750 0.056250 0.082500
0 0.415000 0.842500 0.072500 0.120000
0 0.013750 0.815417 0.027500 0.079167
0 0.624687 0.810833 0.055625 0.080000
0 0.056250 0.780833 0.060000 0.081667
0 0.212500 0.751667 0.066250 0.063333
0 0.119375 0.750833 0.063750 0.076667
0 0.725313 0.740833 0.063125 0.086667
0 0.635938 0.706667 0.061875 0.080000
0 0.410000 0.712500 0.072500 0.100000
0 0.851250 0.686667 0.065000 0.090000
0 0.535312 0.665833 0.053125 0.078333
0 0.035000 0.655000 0.057500 0.070000
0 0.663438 0.654167 0.059375 0.080000
0 0.439688 0.631250 0.061875 0.065833
0 0.258125 0.622500 0.070000 0.086667
0 0.206250 0.593750 0.086250 0.112500
0 0.912188 0.573333 0.056875 0.075000
0 0.369375 0.568333 0.061250 0.075000
0 0.875938 0.565417 0.054375 0.074167
0 0.289062 0.542500 0.064375 0.076667
0 0.769062 0.509583 0.055625 0.072500
0 0.377500 0.475417 0.052500 0.069167
0 0.926250 0.474167 0.072500 0.078333
0 0.244375 0.470417 0.053750 0.077500
0 0.325000 0.469167 0.071250 0.083333
0 0.644375 0.421250 0.095000 0.065833
0 0.932813 0.410000 0.050625 0.065000
0 0.317812 0.413333 0.058125 0.080000
0 0.746250 0.412917 0.063750 0.087500
0 0.086563 0.401667 0.051875 0.076667
0 0.814063 0.406667 0.063125 0.088333
0 0.041875 0.400417 0.046250 0.077500
0 0.222812 0.361250 0.055625 0.072500
0 0.392813 0.363333 0.053125 0.080000
0 0.654062 0.361250 0.070625 0.084167
0 0.291250 0.348333 0.058750 0.073333
0 0.936250 0.327917 0.055000 0.074167
0 0.732500 0.300000 0.047500 0.070000
0 0.607187 0.303750 0.061875 0.079167
0 0.102500 0.293750 0.052500 0.075833
0 0.264688 0.285833 0.055625 0.075000
0 0.797813 0.280417 0.055625 0.077500
0 0.044062 0.275417 0.060625 0.087500
0 0.763750 0.267917 0.055000 0.089167
0 0.406250 0.262500 0.053750 0.088333
0 0.940000 0.248333 0.048750 0.070000
0 0.678750 0.248333 0.058750 0.078333
0 0.856875 0.239583 0.058750 0.077500
0 0.490312 0.231250 0.056875 0.075833
0 0.013750 0.228333 0.027500 0.075000
0 0.289062 0.214583 0.060625 0.074167
0 0.222812 0.203333 0.063125 0.088333
0 0.152812 0.200417 0.059375 0.082500
0 0.367812 0.188750 0.055625 0.080833
0 0.034063 0.172917 0.056875 0.070833
0 0.893750 0.171250 0.055000 0.069167
0 0.748437 0.175417 0.060625 0.082500
0 0.170313 0.158750 0.054375 0.077500
0 0.420312 0.138750 0.060625 0.080833
0 0.110312 0.114167 0.081875 0.096667
0 0.339375 0.091250 0.063750 0.070833
0 0.488438 0.084583 0.058125 0.060833
0 0.873437 0.084167 0.071875 0.066667
0 0.694375 0.083750 0.056250 0.079167
0 0.259375 0.081250 0.065000 0.085833
0 0.478438 0.039167 0.074375 0.075000
0 0.978437 0.026250 0.043125 0.052500
0 0.920000 0.038750 0.056250 0.077500
0 0.845625 0.022083 0.058750 0.044167
0 0.344687 0.023750 0.055625 0.047500
0 0.222812 0.029583 0.055625 0.059167
0 0.171875 0.034583 0.058750 0.069167
0 0.028750 0.036667 0.057500 0.073333