0 0.580625 0.965833 0.061250 0.068333
0 0.911563 0.962917 0.075625 0.074167
0 0.828438 0.955417 0.076875 0.089167
0 0.058125 0.949167 0.081250 0.101667
0 0.760938 0.937083 0.064375 0.084167
0 0.145625 0.945833 0.070000 0.108333
0 0.967500 0.929583 0.065000 0.085833
0 0.528125 0.924167 0.068750 0.091667
0 0.878750 0.911250 0.077500 0.070833
0 0.048750 0.872917 0.072500 0.079167
0 0.194062 0.870417 0.069375 0.082500
0 0.947500 0.864167 0.067500 0.086667
0 0.113125 0.860000 0.068750 0.100000
0 0.701250 0.846250 0.067500 0.082500
0 0.632812 0.850417 0.095625 0.125833
0 0.972500 0.792917 0.055000 0.095833
0 0.261250 0.790833 0.083750 0.100000
0 0.422812 0.751667 0.069375 0.078333
0 0.551250 0.741667 0.062500 0.075000
0 0.613437 0.725000 0.073125 0.085000
0 0.060625 0.740833 0.096250 0.128333
0 0.486875 0.699583 0.065000 0.084167
0 0.957812 0.694583 0.064375 0.080833
0 0.696875 0.712083 0.075000 0.129167
0 0.279687 0.707500 0.094375 0.130000
0 0.896563 0.647500 0.078125 0.090000
0 0.226875 0.640000 0.063750 0.081667
0 0.321250 0.658333 0.100000 0.136667
0 0.597812 0.607917 0.060625 0.085833
0 0.029687 0.606667 0.059375 0.093333
0 0.972500 0.609167 0.055000 0.101667
0 0.525000 0.600417 0.071250 0.089167
0 0.764375 0.585833 0.070000 0.088333
0 0.231875 0.566667 0.065000 0.086667
0 0.161562 0.559583 0.068125 0.084167
0 0.086563 0.534583 0.065625 0.085833
0 0.649062 0.509167 0.060625 0.086667
0 0.803438 0.515417 0.091875 0.100833
0 0.736875 0.511250 0.062500 0.095833
0 0.035937 0.497917 0.069375 0.089167
0 0.269688 0.483750 0.061875 0.082500
0 0.609062 0.478333 0.075625 0.095000
0 0.548438 0.465833 0.070625 0.075000
0 0.834063 0.463333 0.073125 0.083333
0 0.699688 0.452917 0.061875 0.079167
0 0.236250 0.434167 0.065000 0.083333
0 0.900312 0.427500 0.066875 0.083333
0 0.034688 0.417917 0.056875 0.079167
0 0.776250 0.415833 0.098750 0.100000
0 0.665000 0.407917 0.062500 0.087500
0 0.525000 0.390000 0.060000 0.085000
0 0.962812 0.397500 0.074375 0.111667
0 0.827812 0.370000 0.060625 0.075000
0 0.065937 0.362917 0.058125 0.074167
0 0.244062 0.346250 0.060625 0.077500
0 0.753125 0.336667 0.061250 0.081667
0 0.491875 0.330000 0.061250 0.083333
0 0.436250 0.321667 0.048750 0.080000
0 0.649687 0.310833 0.079375 0.110000
0 0.910937 0.290000 0.066875 0.081667
0 0.967500 0.300000 0.065000 0.103333
0 0.035312 0.286250 0.070625 0.084167
0 0.153125 0.272500 0.078750 0.088333
0 0.564375 0.248750 0.066250 0.070833
0 0.287813 0.269167 0.085625 0.118333
0 0.378750 0.261250 0.096250 0.112500
0 0.486250 0.245000 0.070000 0.091667
0 0.073750 0.242917 0.067500 0.089167
0 0.664687 0.209167 0.064375 0.093333
0 0.223438 0.210833 0.073125 0.098333
0 0.971875 0.213750 0.056250 0.105833
0 0.135313 0.196250 0.070625 0.085833
0 0.543125 0.174583 0.065000 0.092500
0 0.265937 0.159583 0.090625 0.117500
0 0.633437 0.126250 0.054375 0.074167
0 0.082812 0.148750 0.084375 0.119167
0 0.300312 0.115833 0.076875 0.090000
0 0.582500 0.096250 0.071250 0.070833
0 0.698438 0.109167 0.091875 0.098333
0 0.892500 0.049167 0.078750 0.080000
0 0.853437 0.020417 0.083125 0.040833
0 0.742812 0.020417 0.076875 0.040833
0 0.583750 0.037917 0.067500 0.075833