0 0.637813 0.970000 0.060625 0.060000
0 0.536250 0.962083 0.047500 0.064167
0 0.216875 0.964167 0.075000 0.071667
0 0.298438 0.960417 0.056875 0.069167
0 0.109063 0.929167 0.069375 0.091667
0 0.947812 0.921667 0.079375 0.080000
0 0.800625 0.909583 0.050000 0.105833
0 0.666250 0.885000 0.056250 0.066667
0 0.855000 0.892083 0.061250 0.097500
0 0.593125 0.871667 0.055000 0.070000
0 0.275313 0.877917 0.065625 0.085833
0 0.517500 0.872500 0.056250 0.078333
0 0.405000 0.872917 0.061250 0.080833
0 0.939688 0.841667 0.094375 0.096667
0 0.574063 0.790000 0.053125 0.070000
0 0.354375 0.799167 0.072500 0.096667
0 0.720625 0.780417 0.071250 0.084167
0 0.647188 0.779583 0.063125 0.084167
0 0.183750 0.756250 0.070000 0.087500
0 0.167187 0.691250 0.084375 0.090833
0 0.402813 0.632917 0.059375 0.074167
0 0.558438 0.633333 0.066875 0.083333
0 0.915937 0.630000 0.068125 0.093333
0 0.780312 0.610000 0.061875 0.086667
0 0.184375 0.590417 0.067500 0.077500
0 0.387813 0.580000 0.063125 0.080000
0 0.041875 0.519167 0.083750 0.085000
0 0.825625 0.509167 0.071250 0.091667
0 0.129688 0.507500 0.065625 0.096667
0 0.915000 0.502500 0.063750 0.088333
0 0.213125 0.495417 0.063750 0.085833
0 0.155625 0.452500 0.071250 0.070000
0 0.040938 0.454167 0.081875 0.081667
0 0.861563 0.416250 0.051875 0.059167
0 0.648125 0.427083 0.065000 0.082500
0 0.351875 0.432083 0.062500 0.102500
0 0.419687 0.442500 0.071875 0.143333
0 0.796562 0.385833 0.056875 0.083333
0 0.100625 0.362917 0.058750 0.065833
0 0.440312 0.301667 0.066875 0.080000
0 0.227500 0.302917 0.065000 0.094167
0 0.140937 0.295000 0.065625 0.086667
0 0.856250 0.246667 0.057500 0.081667
0 0.738125 0.232917 0.053750 0.084167
0 0.173437 0.206667 0.061875 0.086667
0 0.925625 0.198750 0.066250 0.092500
0 0.236563 0.162500 0.049375 0.070000
0 0.855938 0.134583 0.065625 0.087500
0 0.071563 0.131667 0.060625 0.098333
0 0.601875 0.123750 0.062500 0.087500
0 0.229375 0.095000 0.057500 0.071667
0 0.141250 0.084167 0.065000 0.085000
0 0.899375 0.061667 0.052500 0.071667
0 0.771250 0.067917 0.067500 0.084167
0 0.263437 0.022917 0.064375 0.045833
0 0.174063 0.024583 0.071875 0.049167
0 0.067500 0.032500 0.060000 0.065000