0 0.640938 0.975417 0.065625 0.049167
0 0.968437 0.958750 0.063125 0.082500
0 0.850313 0.956250 0.069375 0.087500
0 0.086250 0.925000 0.081250 0.108333
0 0.020000 0.870000 0.040000 0.098333
0 0.171875 0.858333 0.072500 0.078333
0 0.801250 0.858333 0.061250 0.091667
0 0.656250 0.844583 0.073750 0.084167
0 0.503125 0.837500 0.065000 0.096667
0 0.250000 0.814167 0.058750 0.073333
0 0.088125 0.792500 0.067500 0.093333
0 0.790625 0.735000 0.057500 0.088333
0 0.862500 0.726667 0.056250 0.075000
0 0.034375 0.677500 0.060000 0.090000
0 0.265625 0.645417 0.067500 0.085833
0 0.843125 0.641667 0.052500 0.083333
0 0.784687 0.633750 0.060625 0.085833
0 0.407500 0.610000 0.061250 0.095000
0 0.472500 0.598333 0.056250 0.088333
0 0.188750 0.561667 0.061250 0.081667
0 0.289375 0.559167 0.060000 0.080000
0 0.666250 0.538333 0.061250 0.078333
0 0.810312 0.515417 0.056875 0.080833
0 0.414375 0.505417 0.060000 0.085833
0 0.024688 0.496667 0.049375 0.081667
0 0.937500 0.481250 0.068750 0.097500
0 0.625625 0.432500 0.057500 0.093333
0 0.384375 0.406250 0.070000 0.085833
0 0.172187 0.400000 0.068125 0.081667
0 0.858750 0.349167 0.053750 0.076667
0 0.375625 0.341667 0.050000 0.065000
0 0.696875 0.349167 0.065000 0.083333
0 0.580000 0.337500 0.051250 0.083333
0 0.969063 0.306667 0.061875 0.075000
0 0.079687 0.300833 0.063125 0.083333
0 0.776875 0.260833 0.045000 0.073333
0 0.977500 0.236250 0.045000 0.077500
0 0.188750 0.225000 0.087500 0.070000
0 0.027813 0.221667 0.055625 0.081667
0 0.316875 0.210833 0.060000 0.080000
0 0.800625 0.192917 0.048750 0.087500
0 0.667500 0.179583 0.053750 0.089167
0 0.593750 0.185833 0.066250 0.106667
0 0.138750 0.155833 0.066250 0.080000
0 0.735625 0.151667 0.055000 0.075000
0 0.842812 0.160000 0.064375 0.101667
0 0.042500 0.136667 0.058750 0.078333
0 0.359687 0.130000 0.063125 0.071667
0 0.516875 0.129167 0.057500 0.076667
0 0.886250 0.120000 0.068750 0.083333
0 0.560625 0.094583 0.065000 0.079167
0 0.953125 0.105833 0.072500 0.110000
0 0.929063 0.017917 0.056875 0.035833
0 0.874375 0.040417 0.070000 0.080833
0 0.596875 0.025417 0.060000 0.050833
0 0.195000 0.032083 0.063750 0.064167