0 0.274687 0.984167 0.053125 0.031667
0 0.773125 0.983333 0.063750 0.033333
0 0.942813 0.969583 0.060625 0.060833
0 0.607812 0.964167 0.064375 0.071667
0 0.989375 0.960000 0.021250 0.066667
0 0.039062 0.962083 0.070625 0.075833
0 0.673125 0.952917 0.061250 0.080833
0 0.806562 0.940833 0.056875 0.076667
0 0.140937 0.927917 0.061875 0.082500
0 0.598125 0.903333 0.058750 0.075000
0 0.935312 0.872083 0.061875 0.077500
0 0.511875 0.867083 0.067500 0.080833
0 0.984062 0.862083 0.031875 0.084167
0 0.040938 0.822917 0.071875 0.069167
0 0.895625 0.811667 0.060000 0.070000
0 0.834063 0.806250 0.060625 0.059167
0 0.723437 0.796667 0.068125 0.071667
0 0.445312 0.790833 0.068125 0.093333
0 0.588437 0.767083 0.074375 0.077500
0 0.101250 0.757500 0.090000 0.073333
0 0.981250 0.758333 0.037500 0.076667
0 0.897188 0.749167 0.065625 0.063333
0 0.831875 0.742083 0.058750 0.070833
0 0.494688 0.749583 0.068125 0.090833
0 0.265625 0.712500 0.065000 0.085000
0 0.331875 0.700833 0.057500 0.076667
0 0.985938 0.682500 0.028125 0.071667
0 0.796562 0.683750 0.056875 0.075833
0 0.703125 0.669167 0.053750 0.066667
0 0.865625 0.664167 0.058750 0.078333
0 0.027813 0.653750 0.055625 0.074167
0 0.182500 0.627083 0.052500 0.077500
0 0.672188 0.588333 0.049375 0.056667
0 0.797188 0.592917 0.050625 0.074167
0 0.220000 0.574167 0.072500 0.088333
0 0.612812 0.564167 0.059375 0.070000
0 0.137813 0.572083 0.093125 0.099167
0 0.064687 0.551250 0.070625 0.074167
0 0.979688 0.552083 0.040625 0.084167
0 0.672188 0.525000 0.058125 0.063333
0 0.433437 0.512917 0.061875 0.075833
0 0.608437 0.500417 0.060625 0.065833
0 0.748750 0.507500 0.060000 0.083333
0 0.267813 0.477917 0.078125 0.090833
0 0.924063 0.471250 0.085625 0.094167
0 0.980625 0.461667 0.038750 0.076667
0 0.071875 0.467083 0.062500 0.090833
0 0.718125 0.456250 0.125000 0.074167
0 0.476250 0.433750 0.061250 0.082500
0 0.916875 0.406667 0.058750 0.078333
0 0.738750 0.387500 0.057500 0.063333
0 0.857812 0.390000 0.056875 0.075000
0 0.370312 0.387083 0.063125 0.079167
0 0.685312 0.387083 0.059375 0.080833
0 0.618750 0.347083 0.051250 0.080833
0 0.720000 0.333750 0.060000 0.055833
0 0.046250 0.338333 0.051250 0.071667
0 0.567500 0.338750 0.060000 0.079167
0 0.775937 0.322083 0.061875 0.065833
0 0.255000 0.315000 0.061250 0.065000
0 0.845313 0.314167 0.055625 0.075000
0 0.590313 0.294167 0.060625 0.071667
0 0.017188 0.285417 0.034375 0.070833
0 0.289375 0.263333 0.050000 0.075000
0 0.513750 0.252500 0.063750 0.065000
0 0.745625 0.259583 0.077500 0.080833
0 0.408125 0.250833 0.057500 0.076667
0 0.940000 0.247083 0.062500 0.079167
0 0.867188 0.249583 0.059375 0.085833
0 0.346250 0.244583 0.060000 0.087500
0 0.462813 0.235833 0.051875 0.075000
0 0.040938 0.242083 0.059375 0.087500
0 0.819063 0.235833 0.053125 0.083333
0 0.088750 0.213750 0.058750 0.079167
0 0.740938 0.199583 0.059375 0.062500
0 0.687813 0.192917 0.059375 0.075833
0 0.977187 0.187500 0.045625 0.076667
0 0.144687 0.176250 0.073125 0.092500
0 0.901563 0.168750 0.056875 0.082500
0 0.326250 0.160000 0.057500 0.080000
0 0.071875 0.139167 0.095000 0.066667
0 0.725313 0.135833 0.070625 0.061667
0 0.953125 0.135833 0.066250 0.088333
0 0.848437 0.135417 0.069375 0.087500
0 0.168437 0.113333 0.066875 0.050000
0 0.621875 0.124583 0.046250 0.080833
0 0.669375 0.110833 0.057500 0.086667
0 0.590938 0.088333 0.070625 0.070000
0 0.985938 0.085417 0.028125 0.067500
0 0.306250 0.088333 0.051250 0.083333
0 0.524375 0.088333 0.060000 0.091667
0 0.924375 0.067500 0.058750 0.080000
0 0.731563 0.069167 0.061875 0.083333
0 0.873437 0.062500 0.048125 0.071667
0 0.065000 0.037083 0.052500 0.064167
0 0.187812 0.047083 0.090625 0.087500
0 0.818438 0.045833 0.060625 0.086667
0 0.644375 0.032083 0.048750 0.064167
0 0.591250 0.027917 0.060000 0.055833
0 0.509687 0.012917 0.046875 0.025833
0 0.461875 0.038750 0.060000 0.077500
0 0.263125 0.035000 0.097500 0.070000
0 0.116562 0.043333 0.068125 0.086667