0 0.339687 0.985833 0.059375 0.028333
0 0.566250 0.967917 0.058750 0.064167
0 0.018125 0.966250 0.036250 0.067500
0 0.671875 0.963750 0.073750 0.072500
0 0.434375 0.948333 0.057500 0.071667
0 0.718125 0.925833 0.055000 0.073333
0 0.964375 0.911250 0.057500 0.079167
0 0.069375 0.909583 0.077500 0.097500
0 0.843125 0.899167 0.067500 0.103333
0 0.080937 0.845000 0.058125 0.081667
0 0.943750 0.830000 0.061250 0.085000
0 0.133750 0.819167 0.066250 0.093333
0 0.674063 0.812500 0.065625 0.086667
0 0.560000 0.780000 0.063750 0.068333
0 0.048125 0.770417 0.062500 0.075833
0 0.188750 0.770833 0.081250 0.100000
0 0.374375 0.750000 0.065000 0.078333
0 0.292500 0.732500 0.068750 0.083333
0 0.445000 0.719167 0.048750 0.073333
0 0.675000 0.715000 0.066250 0.085000
0 0.873750 0.698333 0.058750 0.101667
0 0.077813 0.681667 0.065625 0.078333
0 0.141250 0.672500 0.057500 0.081667
0 0.215000 0.655833 0.063750 0.090000
0 0.303125 0.648750 0.047500 0.079167
0 0.107188 0.603750 0.058125 0.082500
0 0.150625 0.570417 0.047500 0.062500
0 0.801250 0.574167 0.056250 0.083333
0 0.034688 0.576250 0.069375 0.152500
0 0.242500 0.515833 0.073750 0.110000
0 0.914375 0.507500 0.075000 0.103333
0 0.601250 0.492500 0.068750 0.086667
0 0.371250 0.446667 0.061250 0.081667
0 0.947500 0.419167 0.053750 0.083333
0 0.431250 0.414167 0.051250 0.086667
0 0.025937 0.409167 0.051875 0.083333
0 0.236250 0.396667 0.061250 0.085000
0 0.854375 0.393333 0.065000 0.108333
0 0.172500 0.366667 0.053750 0.091667
0 0.532813 0.331250 0.056875 0.084167
0 0.592500 0.330000 0.056250 0.098333
0 0.480000 0.307083 0.050000 0.097500
0 0.957500 0.293333 0.058750 0.078333
0 0.321875 0.285833 0.062500 0.086667
0 0.713750 0.282500 0.056250 0.086667
0 0.439688 0.287917 0.046875 0.100833
0 0.123438 0.270833 0.069375 0.076667
0 0.395937 0.279583 0.051875 0.095833
0 0.657500 0.219167 0.068750 0.086667
0 0.422187 0.196667 0.066875 0.085000
0 0.560000 0.180833 0.066250 0.086667
0 0.835625 0.129167 0.057500 0.073333
0 0.470625 0.095833 0.062500 0.076667
0 0.047813 0.102500 0.048125 0.133333
0 0.710625 0.063750 0.052500 0.079167
0 0.598437 0.025000 0.063125 0.050000
0 0.530625 0.019583 0.062500 0.039167
0 0.271250 0.022917 0.068750 0.045833
0 0.188125 0.034583 0.060000 0.069167
0 0.025000 0.033333 0.050000 0.066667