0 0.920937 0.975833 0.050625 0.048333
0 0.484375 0.905417 0.068750 0.070833
0 0.083437 0.912083 0.065625 0.084167
0 0.016250 0.895417 0.032500 0.075833
0 0.983750 0.881667 0.032500 0.081667
0 0.733750 0.864583 0.050000 0.069167
0 0.579688 0.860833 0.064375 0.085000
0 0.110937 0.826667 0.084375 0.091667
0 0.826875 0.802500 0.053750 0.073333
0 0.489063 0.809583 0.053125 0.087500
0 0.668750 0.796667 0.060000 0.063333
0 0.705625 0.763333 0.061250 0.083333
0 0.787813 0.757917 0.059375 0.084167
0 0.140000 0.749583 0.056250 0.067500
0 0.883125 0.723333 0.052500 0.061667
0 0.082812 0.717083 0.051875 0.085833
0 0.219062 0.699583 0.060625 0.064167
0 0.685937 0.700417 0.060625 0.069167
0 0.136875 0.665000 0.072500 0.086667
0 0.607500 0.655000 0.061250 0.088333
0 0.679063 0.632917 0.049375 0.065833
0 0.879375 0.650000 0.088750 0.103333
0 0.731250 0.637917 0.061250 0.090833
0 0.459375 0.613750 0.052500 0.080833
0 0.208437 0.607083 0.064375 0.067500
0 0.969688 0.601667 0.054375 0.073333
0 0.508125 0.582917 0.057500 0.070833
0 0.644687 0.488750 0.076875 0.077500
0 0.327188 0.468333 0.093125 0.113333
0 0.226250 0.437917 0.062500 0.075833
0 0.363750 0.423750 0.061250 0.079167
0 0.851562 0.385000 0.060625 0.085000
0 0.206875 0.367500 0.052500 0.071667
0 0.581562 0.366667 0.070625 0.071667
0 0.400313 0.370417 0.061875 0.087500
0 0.505625 0.364583 0.061250 0.089167
0 0.804688 0.345000 0.053125 0.075000
0 0.112500 0.331250 0.066250 0.084167
0 0.725000 0.326250 0.062500 0.087500
0 0.639375 0.315833 0.073750 0.066667
0 0.244375 0.315000 0.061250 0.088333
0 0.829063 0.273750 0.069375 0.082500
0 0.131250 0.251250 0.066250 0.074167
0 0.072500 0.243750 0.056250 0.074167
0 0.327188 0.221250 0.064375 0.085833
0 0.025313 0.213333 0.050625 0.071667
0 0.492500 0.205000 0.053750 0.075000
0 0.843125 0.195000 0.058750 0.076667
0 0.625000 0.204167 0.057500 0.096667
0 0.596250 0.163333 0.051250 0.080000
0 0.023750 0.152083 0.047500 0.079167
0 0.292812 0.142500 0.061875 0.076667
0 0.102813 0.140417 0.105625 0.085833
0 0.019062 0.073333 0.038125 0.076667
0 0.820625 0.055833 0.057500 0.078333
0 0.666562 0.056250 0.055625 0.079167
0 0.315937 0.047500 0.065625 0.073333
0 0.574375 0.018750 0.060000 0.037500
0 0.440625 0.022500 0.055000 0.045000
0 0.106250 0.027917 0.065000 0.055833