0 0.076875 0.978333 0.068750 0.043333
0 0.380937 0.961667 0.064375 0.076667
0 0.457500 0.945833 0.058750 0.083333
0 0.844688 0.932917 0.061875 0.092500
0 0.665000 0.931667 0.070000 0.095000
0 0.545000 0.907083 0.065000 0.087500
0 0.336875 0.860833 0.071250 0.096667
0 0.813125 0.860833 0.066250 0.101667
0 0.137187 0.845417 0.073125 0.084167
0 0.406250 0.832083 0.073750 0.084167
0 0.784062 0.765417 0.074375 0.094167
0 0.566250 0.759167 0.077500 0.090000
0 0.654687 0.743333 0.068125 0.098333
0 0.583438 0.675833 0.071875 0.093333
0 0.192500 0.661250 0.098750 0.105833
0 0.019062 0.612083 0.038125 0.084167
0 0.411875 0.576667 0.073750 0.091667
0 0.587812 0.577083 0.078125 0.095833
0 0.786250 0.545417 0.078750 0.095833
0 0.265937 0.532083 0.075625 0.097500
0 0.555937 0.504167 0.068125 0.095000
0 0.060312 0.506250 0.066875 0.100833
0 0.653750 0.487917 0.061250 0.100833
0 0.221250 0.441667 0.075000 0.091667
0 0.414375 0.439583 0.075000 0.097500
0 0.595000 0.409167 0.072500 0.095000
0 0.368750 0.408333 0.077500 0.100000
0 0.116562 0.385417 0.066875 0.090833
0 0.683750 0.379583 0.065000 0.094167
0 0.480938 0.319583 0.071875 0.095833
0 0.935625 0.312917 0.071250 0.087500
0 0.758750 0.289167 0.098750 0.080000
0 0.257812 0.296667 0.066875 0.103333
0 0.375000 0.268750 0.063750 0.099167
0 0.087188 0.258750 0.070625 0.085833
0 0.095625 0.180417 0.070000 0.087500
0 0.145313 0.112500 0.080625 0.081667
0 0.017812 0.059583 0.035625 0.092500
0 0.740313 0.029583 0.060625 0.059167