0 0.122813 0.973333 0.061875 0.053333
0 0.562500 0.972917 0.060000 0.054167
0 0.953125 0.970417 0.051250 0.059167
0 0.050625 0.968333 0.063750 0.063333
0 0.849688 0.959167 0.076875 0.081667
0 0.190625 0.959167 0.061250 0.081667
0 0.694375 0.957083 0.057500 0.085833
0 0.592187 0.924583 0.058125 0.057500
0 0.346562 0.933333 0.058125 0.090000
0 0.770625 0.915833 0.060000 0.088333
0 0.413125 0.891250 0.060000 0.077500
0 0.492500 0.887917 0.073750 0.072500
0 0.701562 0.883333 0.044375 0.071667
0 0.585625 0.877917 0.070000 0.069167
0 0.916875 0.883333 0.068750 0.108333
0 0.330000 0.862917 0.062500 0.070833
0 0.477812 0.840000 0.074375 0.063333
0 0.161562 0.858750 0.050625 0.109167
0 0.397188 0.840417 0.063125 0.077500
0 0.094062 0.831250 0.060625 0.097500
0 0.921562 0.809167 0.066875 0.066667
0 0.806562 0.805000 0.063125 0.083333
0 0.728437 0.795833 0.058125 0.078333
0 0.364063 0.789167 0.054375 0.078333
0 0.658125 0.781667 0.065000 0.073333
0 0.038437 0.785833 0.056875 0.088333
0 0.874062 0.747083 0.066875 0.065833
0 0.321875 0.768333 0.072500 0.115000
0 0.297812 0.733750 0.068125 0.065833
0 0.631563 0.724583 0.061875 0.057500
0 0.950937 0.721250 0.060625 0.085833
0 0.703438 0.721250 0.070625 0.087500
0 0.367188 0.689167 0.055625 0.070000
0 0.870000 0.687500 0.066250 0.073333
0 0.453750 0.667083 0.060000 0.082500
0 0.094062 0.660417 0.058125 0.085833
0 0.935312 0.656667 0.050625 0.083333
0 0.747500 0.649583 0.058750 0.080833
0 0.280625 0.653333 0.065000 0.088333
0 0.028750 0.644583 0.057500 0.075833
0 0.609375 0.635000 0.062500 0.103333
0 0.800312 0.625000 0.053125 0.088333
0 0.980625 0.612917 0.038750 0.074167
0 0.400625 0.609167 0.061250 0.081667
0 0.163438 0.599167 0.059375 0.066667
0 0.859688 0.597917 0.058125 0.075833
0 0.094062 0.590833 0.065625 0.075000
0 0.746250 0.564583 0.048750 0.070833
0 0.929375 0.556250 0.062500 0.074167
0 0.528750 0.552083 0.068750 0.087500
0 0.984375 0.536667 0.031250 0.073333
0 0.434688 0.521250 0.060625 0.089167
0 0.739062 0.497083 0.084375 0.087500
0 0.552188 0.490417 0.065625 0.079167
0 0.925937 0.485417 0.065625 0.090833
0 0.231250 0.466250 0.062500 0.077500
0 0.106563 0.453750 0.065625 0.070833
0 0.670312 0.447083 0.061875 0.075833
0 0.529375 0.442500 0.075000 0.071667
0 0.320312 0.402917 0.064375 0.072500
0 0.723125 0.402917 0.048750 0.080833
0 0.150312 0.358333 0.058125 0.071667
0 0.511563 0.357500 0.060625 0.073333
0 0.322500 0.349583 0.060000 0.070833
0 0.250937 0.348750 0.060625 0.085833
0 0.027500 0.336250 0.055000 0.089167
0 0.334062 0.306667 0.078125 0.063333
0 0.866250 0.329583 0.083750 0.117500
0 0.085312 0.288750 0.066875 0.092500
0 0.627500 0.281667 0.076250 0.101667
0 0.018125 0.259583 0.036250 0.070833
0 0.411562 0.261667 0.053125 0.083333
0 0.195937 0.260833 0.051875 0.083333
0 0.161875 0.252083 0.068750 0.072500
0 0.354375 0.218750 0.062500 0.079167
0 0.127500 0.214583 0.070000 0.084167
0 0.572187 0.197917 0.070625 0.079167
0 0.890938 0.182083 0.064375 0.087500
0 0.023125 0.171667 0.046250 0.075000
0 0.821250 0.167917 0.061250 0.074167
0 0.751250 0.163750 0.062500 0.077500
0 0.273750 0.155000 0.048750 0.105000
0 0.976250 0.137500 0.047500 0.075000
0 0.095312 0.135833 0.056875 0.075000
0 0.188438 0.136667 0.065625 0.086667
0 0.644062 0.130417 0.064375 0.082500
0 0.310937 0.130833 0.050625 0.085000
0 0.543438 0.113750 0.051875 0.082500
0 0.030937 0.100417 0.061875 0.075833
0 0.228750 0.042500 0.070000 0.083333
0 0.077500 0.021667 0.065000 0.043333