0 0.521250 0.974167 0.055000 0.051667
0 0.032500 0.971250 0.057500 0.057500
0 0.130000 0.970000 0.058750 0.060000
0 0.672813 0.961667 0.060625 0.076667
0 0.083437 0.952083 0.053125 0.080833
0 0.904062 0.949167 0.064375 0.101667
0 0.146563 0.902917 0.050625 0.065833
0 0.565000 0.901667 0.061250 0.093333
0 0.406562 0.856667 0.068125 0.083333
0 0.154375 0.838333 0.081250 0.061667
0 0.040625 0.844583 0.053750 0.074167
0 0.655000 0.767083 0.072500 0.084167
0 0.091875 0.750000 0.058750 0.075000
0 0.250625 0.758750 0.097500 0.097500
0 0.159062 0.758333 0.079375 0.096667
0 0.863125 0.736667 0.067500 0.090000
0 0.322813 0.724583 0.055625 0.075833
0 0.785937 0.716667 0.090625 0.093333
0 0.985000 0.684167 0.030000 0.075000
0 0.593125 0.674583 0.050000 0.064167
0 0.018437 0.661250 0.036875 0.070833
0 0.152500 0.657917 0.072500 0.092500
0 0.740000 0.608750 0.080000 0.065833
0 0.357187 0.604583 0.061875 0.090833
0 0.142187 0.570417 0.055625 0.072500
0 0.854688 0.546667 0.073125 0.065000
0 0.984062 0.542917 0.031875 0.084167
0 0.698438 0.540000 0.064375 0.086667
0 0.324375 0.504583 0.061250 0.082500
0 0.164062 0.494583 0.069375 0.092500
0 0.064062 0.470417 0.074375 0.075833
0 0.438750 0.459167 0.070000 0.065000
0 0.813125 0.470000 0.057500 0.088333
0 0.448125 0.394583 0.053750 0.069167
0 0.904375 0.380833 0.047500 0.075000
0 0.599688 0.373333 0.059375 0.068333
0 0.052500 0.367083 0.057500 0.075833
0 0.857187 0.365000 0.056875 0.075000
0 0.220312 0.360000 0.061875 0.080000
0 0.432500 0.332500 0.050000 0.063333
0 0.389375 0.292917 0.062500 0.075833
0 0.854688 0.284167 0.079375 0.075000
0 0.450313 0.278333 0.055625 0.065000
0 0.062812 0.272500 0.068125 0.081667
0 0.205000 0.245000 0.057500 0.085000
0 0.444375 0.215833 0.053750 0.075000
0 0.500625 0.198333 0.056250 0.076667
0 0.668125 0.188333 0.058750 0.085000
0 0.830313 0.177917 0.065625 0.085833
0 0.187812 0.153333 0.061875 0.071667
0 0.496250 0.117083 0.062500 0.070833
0 0.125625 0.053333 0.066250 0.065000
0 0.645938 0.048333 0.061875 0.085000
0 0.580000 0.044167 0.065000 0.088333
0 0.463125 0.030417 0.046250 0.060833
0 0.188750 0.024167 0.065000 0.048333