0 0.214062 0.978333 0.056875 0.043333
0 0.692813 0.965000 0.058125 0.070000
0 0.572187 0.961667 0.068125 0.076667
0 0.910937 0.939583 0.058125 0.082500
0 0.096250 0.942500 0.082500 0.115000
0 0.836875 0.912083 0.097500 0.097500
0 0.580313 0.882917 0.046875 0.079167
0 0.684688 0.880000 0.056875 0.075000
0 0.027187 0.867917 0.054375 0.082500
0 0.229375 0.857917 0.065000 0.077500
0 0.777188 0.810417 0.064375 0.085833
0 0.061562 0.801667 0.060625 0.075000
0 0.380000 0.802917 0.062500 0.080833
0 0.185312 0.775417 0.051875 0.069167
0 0.834688 0.767917 0.064375 0.080833
0 0.259375 0.771250 0.067500 0.097500
0 0.318125 0.751250 0.047500 0.072500
0 0.446250 0.750833 0.065000 0.091667
0 0.628750 0.747917 0.063750 0.092500
0 0.917813 0.724167 0.094375 0.105000
0 0.142813 0.658750 0.059375 0.104167
0 0.358750 0.642083 0.056250 0.072500
0 0.973125 0.627917 0.053750 0.065833
0 0.432188 0.625833 0.056875 0.080000
0 0.647188 0.592083 0.058125 0.077500
0 0.538125 0.571250 0.073750 0.080833
0 0.784062 0.535833 0.070625 0.075000
0 0.123438 0.529167 0.065625 0.068333
0 0.746250 0.507917 0.068750 0.082500
0 0.046250 0.490000 0.066250 0.070000
0 0.646563 0.484583 0.054375 0.075833
0 0.531250 0.485833 0.056250 0.078333
0 0.165313 0.471250 0.063125 0.082500
0 0.712500 0.469167 0.063750 0.083333
0 0.237500 0.449583 0.061250 0.075833
0 0.570937 0.449583 0.059375 0.085833
0 0.382812 0.430000 0.061875 0.081667
0 0.052500 0.417083 0.062500 0.069167
0 0.685625 0.422083 0.066250 0.080833
0 0.918750 0.412500 0.062500 0.081667
0 0.204063 0.404167 0.070625 0.086667
0 0.257500 0.376250 0.051250 0.067500
0 0.586562 0.372917 0.068125 0.069167
0 0.100312 0.355833 0.063125 0.075000
0 0.900625 0.341667 0.071250 0.078333
0 0.043437 0.306250 0.061875 0.085833
0 0.287813 0.287083 0.060625 0.082500
0 0.454688 0.268333 0.066875 0.090000
0 0.681250 0.252500 0.062500 0.081667
0 0.140937 0.223750 0.054375 0.070833
0 0.229063 0.215417 0.054375 0.067500
0 0.452813 0.180833 0.063125 0.068333
0 0.492812 0.134583 0.065625 0.084167
0 0.873437 0.132500 0.063125 0.090000
0 0.563125 0.093333 0.058750 0.081667
0 0.791562 0.095417 0.066875 0.089167
0 0.446875 0.079167 0.055000 0.078333
0 0.123750 0.080000 0.075000 0.136667
0 0.645625 0.048750 0.060000 0.080833
0 0.714375 0.020000 0.067500 0.040000
0 0.400000 0.032500 0.042500 0.065000