0 0.389375 0.976250 0.058750 0.047500
0 0.652188 0.973333 0.069375 0.053333
0 0.458750 0.972917 0.060000 0.054167
0 0.890625 0.970417 0.063750 0.059167
0 0.527188 0.958333 0.085625 0.083333
0 0.024688 0.921250 0.049375 0.064167
0 0.158125 0.913333 0.056250 0.066667
0 0.634375 0.908750 0.067500 0.084167
0 0.392500 0.908750 0.057500 0.087500
0 0.080312 0.901667 0.061875 0.090000
0 0.465625 0.863750 0.061250 0.077500
0 0.029375 0.861250 0.058750 0.077500
0 0.255937 0.825417 0.070625 0.080833
0 0.543125 0.820833 0.068750 0.081667
0 0.865938 0.817917 0.056875 0.082500
0 0.777813 0.796667 0.076875 0.083333
0 0.985938 0.765000 0.028125 0.078333
0 0.641250 0.750833 0.060000 0.075000
0 0.247500 0.748750 0.072500 0.087500
0 0.343438 0.717083 0.066875 0.085833
0 0.765312 0.710833 0.068125 0.093333
0 0.853437 0.707083 0.063125 0.089167
0 0.572500 0.687500 0.067500 0.080000
0 0.977187 0.688333 0.045625 0.085000
0 0.234687 0.667500 0.056875 0.078333
0 0.601562 0.652083 0.061875 0.074167
0 0.178750 0.633333 0.047500 0.073333
0 0.272813 0.634583 0.060625 0.090833
0 0.913750 0.623333 0.056250 0.090000
0 0.856250 0.615833 0.056250 0.078333
0 0.023438 0.639167 0.046875 0.130000
0 0.383750 0.593333 0.061250 0.080000
0 0.827812 0.584167 0.059375 0.071667
0 0.645625 0.590833 0.048750 0.096667
0 0.585938 0.580417 0.066875 0.079167
0 0.690937 0.577917 0.054375 0.120833
0 0.283125 0.532083 0.066250 0.070833
0 0.813750 0.512500 0.077500 0.100000
0 0.968125 0.507500 0.063750 0.096667
0 0.764375 0.524167 0.060000 0.140000
0 0.561250 0.486667 0.050000 0.070000
0 0.455625 0.497500 0.072500 0.101667
0 0.939375 0.461667 0.065000 0.073333
0 0.254063 0.453750 0.068125 0.092500
0 0.501875 0.463333 0.061250 0.113333
0 0.077188 0.431667 0.056875 0.076667
0 0.402187 0.432500 0.060625 0.091667
0 0.685937 0.415000 0.055625 0.070000
0 0.846562 0.383333 0.056875 0.083333
0 0.791250 0.374167 0.060000 0.078333
0 0.581562 0.379167 0.056875 0.095000
0 0.195000 0.380000 0.067500 0.103333
0 0.959375 0.371250 0.066250 0.087500
0 0.512188 0.366250 0.074375 0.100833
0 0.910937 0.351667 0.054375 0.086667
0 0.668125 0.342917 0.068750 0.084167
0 0.021562 0.332500 0.043125 0.090000
0 0.963125 0.300000 0.062500 0.068333
0 0.609688 0.312917 0.059375 0.094167
0 0.045000 0.305417 0.063750 0.095833
0 0.911250 0.281667 0.057500 0.071667
0 0.232187 0.283333 0.056875 0.076667
0 0.711250 0.284167 0.067500 0.091667
0 0.488125 0.285833 0.060000 0.096667
0 0.066250 0.256250 0.070000 0.065833
0 0.351250 0.255000 0.061250 0.086667
0 0.648750 0.255000 0.063750 0.096667
0 0.965625 0.237500 0.068750 0.071667
0 0.202813 0.201250 0.064375 0.070833
0 0.056875 0.187083 0.062500 0.074167
0 0.277813 0.162500 0.058125 0.061667
0 0.759687 0.176250 0.073125 0.094167
0 0.825313 0.155000 0.053125 0.078333
0 0.010625 0.166250 0.021250 0.105833
0 0.450937 0.148750 0.043125 0.072500
0 0.366563 0.158750 0.065625 0.092500
0 0.891250 0.145417 0.060000 0.072500
0 0.710313 0.094167 0.069375 0.068333
0 0.280313 0.097500 0.074375 0.075000
0 0.081250 0.078750 0.065000 0.087500
0 0.035625 0.081250 0.062500 0.115833
0 0.908125 0.061667 0.066250 0.083333
0 0.855313 0.028750 0.061875 0.057500
0 0.603750 0.042917 0.057500 0.085833
0 0.475938 0.038750 0.060625 0.077500
0 0.409687 0.022917 0.055625 0.045833
0 0.359063 0.045833 0.061875 0.091667
0 0.294687 0.040417 0.074375 0.080833