0 0.059062 0.968333 0.068125 0.063333
0 0.135625 0.925417 0.060000 0.079167
0 0.653750 0.942083 0.076250 0.115833
0 0.392188 0.917500 0.083125 0.078333
0 0.175000 0.867083 0.071250 0.085833
0 0.578750 0.819167 0.070000 0.100000
0 0.629375 0.712083 0.076250 0.097500
0 0.729375 0.675417 0.073750 0.092500
0 0.034063 0.599167 0.068125 0.090000
0 0.255000 0.522083 0.073750 0.094167
0 0.576250 0.446667 0.086250 0.100000
0 0.594688 0.390000 0.071875 0.088333
0 0.884375 0.365417 0.086250 0.099167
0 0.087813 0.362500 0.075625 0.093333
0 0.656250 0.355833 0.076250 0.083333
0 0.516563 0.312083 0.079375 0.089167
0 0.887500 0.172917 0.078750 0.097500
0 0.288125 0.049583 0.078750 0.099167