0 0.036875 0.984583 0.073750 0.030833
0 0.115625 0.978333 0.066250 0.043333
0 0.891563 0.976667 0.064375 0.046667
0 0.672188 0.976250 0.069375 0.047500
0 0.566875 0.966250 0.057500 0.067500
0 0.471875 0.961250 0.075000 0.077500
0 0.821562 0.952917 0.059375 0.067500
0 0.177500 0.933333 0.053750 0.078333
0 0.751875 0.933333 0.062500 0.085000
0 0.348750 0.934167 0.061250 0.086667
0 0.976562 0.930833 0.046875 0.100000
0 0.033125 0.918333 0.057500 0.085000
0 0.885000 0.900000 0.056250 0.078333
0 0.444375 0.880833 0.065000 0.083333
0 0.230000 0.869167 0.063750 0.080000
0 0.311250 0.853333 0.067500 0.085000
0 0.384375 0.810833 0.057500 0.090000
0 0.147500 0.801667 0.053750 0.075000
0 0.279375 0.790417 0.055000 0.099167
0 0.444375 0.762500 0.050000 0.080000
0 0.758750 0.777500 0.108750 0.136667
0 0.630625 0.741667 0.075000 0.075000
0 0.017188 0.737917 0.034375 0.085833
0 0.514375 0.702500 0.043750 0.060000
0 0.900937 0.714167 0.060625 0.090000
0 0.187500 0.710833 0.063750 0.086667
0 0.371875 0.672083 0.070000 0.080833
0 0.526875 0.650833 0.042500 0.053333
0 0.482187 0.673333 0.048125 0.098333
0 0.246875 0.651667 0.060000 0.095000
0 0.138125 0.638333 0.072500 0.075000
0 0.026250 0.637917 0.052500 0.089167
0 0.963125 0.632500 0.062500 0.080000
0 0.473750 0.615000 0.081250 0.086667
0 0.307500 0.606667 0.058750 0.085000
0 0.745625 0.602917 0.053750 0.087500
0 0.821250 0.581667 0.058750 0.085000
0 0.404375 0.585833 0.062500 0.093333
0 0.475000 0.541667 0.068750 0.071667
0 0.706875 0.545000 0.062500 0.081667
0 0.035625 0.540000 0.062500 0.075000
0 0.117500 0.540833 0.063750 0.083333
0 0.352500 0.537500 0.053750 0.080000
0 0.228750 0.510833 0.061250 0.083333
0 0.925000 0.506250 0.056250 0.092500
0 0.528750 0.480000 0.061250 0.085000
0 0.980313 0.482917 0.039375 0.092500
0 0.450000 0.467917 0.063750 0.089167
0 0.305625 0.465833 0.067500 0.090000
0 0.386562 0.450833 0.063125 0.076667
0 0.589688 0.440833 0.064375 0.068333
0 0.060625 0.442500 0.065000 0.083333
0 0.729375 0.397500 0.070000 0.066667
0 0.151875 0.403333 0.060000 0.081667
0 0.274062 0.381667 0.074375 0.080000
0 0.808750 0.383333 0.063750 0.095000
0 0.423125 0.374167 0.060000 0.080000
0 0.537188 0.372917 0.043125 0.085833
0 0.352500 0.366667 0.056250 0.081667
0 0.653125 0.364167 0.052500 0.080000
0 0.591875 0.366667 0.057500 0.085000
0 0.485625 0.365000 0.047500 0.088333
0 0.884375 0.342500 0.057500 0.093333
0 0.200000 0.330000 0.056250 0.078333
0 0.982500 0.339167 0.035000 0.101667
0 0.065000 0.327500 0.068750 0.086667
0 0.800937 0.296667 0.065625 0.063333
0 0.732500 0.307500 0.058750 0.086667
0 0.599063 0.294583 0.059375 0.064167
0 0.945000 0.278333 0.061250 0.078333
0 0.328750 0.260833 0.061250 0.083333
0 0.416250 0.250833 0.053750 0.080000
0 0.018125 0.244583 0.036250 0.079167
0 0.175625 0.245833 0.062500 0.086667
0 0.491250 0.239167 0.053750 0.076667
0 0.563125 0.230833 0.062500 0.070000
0 0.104375 0.231667 0.062500 0.081667
0 0.795625 0.215000 0.055000 0.075000
0 0.904062 0.214167 0.066875 0.076667
0 0.975313 0.181667 0.049375 0.088333
0 0.741250 0.180000 0.061250 0.091667
0 0.650000 0.162500 0.066250 0.073333
0 0.074375 0.152500 0.067500 0.080000
0 0.560625 0.144167 0.070000 0.076667
0 0.305000 0.133333 0.066250 0.085000
0 0.878437 0.125000 0.059375 0.075000
0 0.939688 0.120833 0.058125 0.075000
0 0.149375 0.117500 0.060000 0.070000
0 0.806250 0.086667 0.066250 0.085000
0 0.624375 0.075833 0.065000 0.093333
0 0.702500 0.075000 0.058750 0.095000
0 0.236250 0.063333 0.061250 0.081667
0 0.057500 0.064167 0.053750 0.083333
0 0.525625 0.062500 0.065000 0.086667
0 0.761875 0.022917 0.062500 0.045833