0 0.907500 0.981250 0.065000 0.037500
0 0.509062 0.970833 0.055625 0.058333
0 0.605313 0.966250 0.059375 0.067500
0 0.398750 0.966250 0.057500 0.067500
0 0.246875 0.965417 0.066250 0.069167
0 0.335313 0.963750 0.056875 0.072500
0 0.812187 0.959583 0.069375 0.072500
0 0.729062 0.957083 0.060625 0.085833
0 0.559063 0.936250 0.051875 0.080833
0 0.906875 0.906250 0.050000 0.084167
0 0.100312 0.900833 0.060625 0.078333
0 0.966875 0.897917 0.060000 0.094167
0 0.276250 0.887917 0.058750 0.077500
0 0.357187 0.866667 0.059375 0.081667
0 0.420625 0.851250 0.060000 0.085833
0 0.022500 0.841667 0.045000 0.076667
0 0.606563 0.835000 0.064375 0.081667
0 0.225000 0.824167 0.068750 0.078333
0 0.109375 0.802083 0.052500 0.075833
0 0.930625 0.803750 0.072500 0.082500
0 0.773750 0.800417 0.062500 0.094167
0 0.332188 0.777917 0.058125 0.077500
0 0.167813 0.779167 0.045625 0.100000
0 0.834063 0.763333 0.058125 0.083333
0 0.417812 0.756667 0.059375 0.076667
0 0.903750 0.748750 0.066250 0.095833
0 0.602187 0.735833 0.059375 0.078333
0 0.231250 0.735833 0.063750 0.088333
0 0.981563 0.720000 0.036875 0.086667
0 0.272188 0.710833 0.058125 0.086667
0 0.019375 0.709167 0.038750 0.083333
0 0.496875 0.697083 0.061250 0.089167
0 0.133437 0.692083 0.044375 0.085833
0 0.853437 0.678333 0.058125 0.071667
0 0.960313 0.654167 0.069375 0.058333
0 0.736250 0.659167 0.056250 0.071667
0 0.562813 0.657083 0.066875 0.075833
0 0.057813 0.649583 0.050625 0.082500
0 0.281562 0.619167 0.059375 0.070000
0 0.990938 0.600833 0.018125 0.061667
0 0.832812 0.602500 0.065625 0.075000
0 0.018125 0.594167 0.036250 0.075000
0 0.099687 0.594167 0.055625 0.076667
0 0.682500 0.577500 0.058750 0.086667
0 0.252812 0.552500 0.055625 0.061667
0 0.424687 0.554583 0.056875 0.074167
0 0.180938 0.553333 0.065625 0.076667
0 0.614375 0.548333 0.052500 0.073333
0 0.960625 0.545417 0.078750 0.087500
0 0.863437 0.528333 0.059375 0.081667
0 0.494063 0.523333 0.064375 0.091667
0 0.348125 0.501667 0.055000 0.071667
0 0.929375 0.496667 0.067500 0.078333
0 0.572812 0.483333 0.060625 0.073333
0 0.254063 0.472083 0.073125 0.072500
0 0.672813 0.471667 0.055625 0.080000
0 0.160938 0.462917 0.069375 0.084167
0 0.493750 0.425417 0.058750 0.074167
0 0.890938 0.417083 0.056875 0.085833
0 0.259688 0.407917 0.061875 0.069167
0 0.713125 0.412083 0.057500 0.079167
0 0.574375 0.402083 0.067500 0.064167
0 0.941562 0.406667 0.049375 0.075000
0 0.101875 0.405833 0.058750 0.085000
0 0.832812 0.399167 0.054375 0.083333
0 0.191250 0.374583 0.062500 0.074167
0 0.778750 0.347083 0.070000 0.077500
0 0.165625 0.341667 0.052500 0.078333
0 0.097812 0.332083 0.059375 0.079167
0 0.888437 0.320833 0.060625 0.078333
0 0.691875 0.321250 0.045000 0.084167
0 0.633125 0.323750 0.051250 0.090833
0 0.251250 0.306250 0.052500 0.075833
0 0.029687 0.310417 0.055625 0.102500
0 0.563750 0.310417 0.080000 0.105833
0 0.755625 0.294583 0.065000 0.087500
0 0.306563 0.268750 0.049375 0.085833
0 0.354687 0.264583 0.064375 0.080833
0 0.078125 0.229583 0.052500 0.077500
0 0.213125 0.226250 0.056250 0.082500
0 0.916250 0.224583 0.060000 0.084167
0 0.561250 0.215000 0.065000 0.066667
0 0.796250 0.197500 0.057500 0.080000
0 0.688125 0.194583 0.057500 0.082500
0 0.129375 0.184583 0.057500 0.067500
0 0.380625 0.168750 0.065000 0.082500
0 0.290000 0.156250 0.053750 0.082500
0 0.888437 0.136250 0.056875 0.067500
0 0.537188 0.132917 0.053125 0.080833
0 0.439688 0.128750 0.056875 0.074167
0 0.821875 0.116667 0.060000 0.063333
0 0.064375 0.126667 0.057500 0.083333
0 0.130000 0.104583 0.065000 0.067500
0 0.657813 0.107500 0.055625 0.075000
0 0.696875 0.080417 0.058750 0.080833
0 0.769375 0.065000 0.062500 0.080000
0 0.456250 0.054167 0.066250 0.061667
0 0.590313 0.061250 0.064375 0.084167
0 0.942500 0.040833 0.061250 0.070000
0 0.450313 0.014583 0.063125 0.029167
0 0.386562 0.034583 0.055625 0.069167
0 0.315312 0.015833 0.060625 0.031667
0 0.247500 0.019167 0.051250 0.038333
0 0.115000 0.028333 0.062500 0.056667