0 0.082500 0.970833 0.056250 0.058333
0 0.603437 0.935833 0.071875 0.071667
0 0.497188 0.938750 0.059375 0.095833
0 0.692813 0.925833 0.064375 0.083333
0 0.416250 0.920833 0.061250 0.083333
0 0.326875 0.900417 0.051250 0.087500
0 0.068125 0.864583 0.048750 0.065833
0 0.853125 0.867083 0.061250 0.074167
0 0.476250 0.858333 0.063750 0.086667
0 0.565000 0.843750 0.063750 0.087500
0 0.741563 0.819583 0.056875 0.079167
0 0.633437 0.777083 0.064375 0.100833
0 0.315312 0.730000 0.051875 0.055000
0 0.100312 0.695417 0.058125 0.077500
0 0.305625 0.640000 0.085000 0.085000
0 0.188750 0.639583 0.070000 0.085833
0 0.935937 0.641250 0.076875 0.095833
0 0.418438 0.638333 0.071875 0.096667
0 0.700937 0.589167 0.074375 0.098333
0 0.536250 0.580833 0.095000 0.120000
0 0.252812 0.534167 0.078125 0.085000
0 0.032188 0.502917 0.064375 0.095833
0 0.952187 0.489167 0.066875 0.085000
0 0.689375 0.456667 0.063750 0.090000
0 0.256250 0.460833 0.072500 0.100000
0 0.625625 0.392500 0.072500 0.098333
0 0.599688 0.360000 0.050625 0.075000
0 0.924375 0.353750 0.062500 0.082500
0 0.776250 0.325417 0.062500 0.082500
0 0.535937 0.304167 0.059375 0.076667
0 0.238125 0.301667 0.057500 0.083333
0 0.781250 0.275417 0.063750 0.070833
0 0.161562 0.293750 0.066875 0.112500
0 0.946875 0.262083 0.048750 0.060833
0 0.717187 0.246667 0.059375 0.098333
0 0.640938 0.230833 0.066875 0.103333
0 0.572812 0.167917 0.058125 0.082500
0 0.302500 0.171667 0.067500 0.090000
0 0.440312 0.160000 0.071875 0.073333
0 0.661250 0.158750 0.070000 0.095833
0 0.218750 0.136250 0.068750 0.097500
0 0.904375 0.110000 0.061250 0.063333
0 0.027500 0.117917 0.055000 0.084167
0 0.079687 0.122917 0.056875 0.102500
0 0.971250 0.085000 0.057500 0.063333
0 0.782500 0.085000 0.057500 0.085000
0 0.340938 0.087500 0.056875 0.091667
0 0.444375 0.083333 0.055000 0.100000
0 0.148750 0.070833 0.060000 0.093333
0 0.705313 0.064167 0.064375 0.081667
0 0.202500 0.057083 0.050000 0.070833
0 0.272500 0.057083 0.062500 0.092500
0 0.544687 0.047500 0.063125 0.085000
0 0.902813 0.037500 0.084375 0.075000