0 0.712187 0.974583 0.069375 0.050833
0 0.422500 0.945833 0.067500 0.085000
0 0.643125 0.946667 0.070000 0.093333
0 0.487187 0.942917 0.066875 0.104167
0 0.568125 0.935417 0.076250 0.094167
0 0.418750 0.891667 0.070000 0.076667
0 0.713437 0.883750 0.074375 0.122500
0 0.062187 0.860000 0.069375 0.091667
0 0.102188 0.829167 0.064375 0.093333
0 0.933750 0.821667 0.065000 0.091667
0 0.331250 0.822083 0.070000 0.092500
0 0.716875 0.794583 0.071250 0.074167
0 0.533125 0.797083 0.067500 0.079167
0 0.270000 0.790417 0.072500 0.087500
0 0.375312 0.747917 0.066875 0.087500
0 0.231250 0.750833 0.075000 0.095000
0 0.641875 0.739583 0.073750 0.105833
0 0.918750 0.722500 0.072500 0.090000
0 0.775000 0.722917 0.065000 0.090833
0 0.571250 0.714167 0.061250 0.078333
0 0.695625 0.722083 0.051250 0.095833
0 0.573438 0.660417 0.074375 0.065833
0 0.161250 0.672917 0.072500 0.092500
0 0.221875 0.655833 0.066250 0.091667
0 0.019688 0.653333 0.039375 0.091667
0 0.423750 0.627917 0.077500 0.089167
0 0.329688 0.618333 0.083125 0.091667
0 0.949688 0.610000 0.070625 0.098333
0 0.783125 0.603750 0.062500 0.087500
0 0.034688 0.571250 0.063125 0.080833
0 0.860313 0.556250 0.059375 0.087500
0 0.653750 0.552500 0.066250 0.086667
0 0.916875 0.545000 0.062500 0.093333
0 0.435000 0.537500 0.071250 0.086667
0 0.975938 0.537917 0.048125 0.090833
0 0.761250 0.503750 0.086250 0.097500
0 0.563750 0.494167 0.085000 0.106667
0 0.674063 0.466250 0.073125 0.087500
0 0.115937 0.468750 0.065625 0.092500
0 0.024375 0.467500 0.048750 0.091667
0 0.250937 0.463750 0.059375 0.104167
0 0.857500 0.455417 0.065000 0.097500
0 0.625625 0.437083 0.070000 0.095833
0 0.741250 0.406667 0.063750 0.090000
0 0.295938 0.384167 0.063125 0.086667
0 0.804375 0.371250 0.063750 0.094167
0 0.955313 0.376667 0.070625 0.128333
0 0.840625 0.345833 0.065000 0.088333
0 0.028438 0.333750 0.056875 0.089167
0 0.593750 0.350000 0.080000 0.128333
0 0.672813 0.318333 0.068125 0.095000
0 0.229375 0.288750 0.066250 0.090833
0 0.155312 0.262083 0.071875 0.075833
0 0.511250 0.262917 0.061250 0.084167
0 0.296250 0.251667 0.062500 0.093333
0 0.968437 0.257500 0.063125 0.126667
0 0.069062 0.202917 0.080625 0.090833
0 0.833438 0.187083 0.061875 0.092500
0 0.249375 0.183333 0.067500 0.091667
0 0.182500 0.165000 0.063750 0.086667
0 0.313437 0.157083 0.090625 0.109167
0 0.409062 0.122500 0.070625 0.081667
0 0.679063 0.102500 0.089375 0.093333
0 0.482500 0.098333 0.070000 0.101667
0 0.220625 0.092500 0.066250 0.090000
0 0.765000 0.070000 0.063750 0.088333
0 0.299375 0.062500 0.068750 0.088333
0 0.852187 0.042083 0.096875 0.084167
0 0.581250 0.037083 0.070000 0.074167
0 0.512813 0.027917 0.070625 0.055833
0 0.338750 0.038333 0.075000 0.076667
0 0.050937 0.034167 0.064375 0.068333