0 0.816875 0.957083 0.072500 0.085833
0 0.028125 0.858333 0.056250 0.108333
0 0.635000 0.824167 0.062500 0.101667
0 0.502500 0.811667 0.065000 0.091667
0 0.076250 0.817917 0.057500 0.110833
0 0.431875 0.809167 0.077500 0.118333
0 0.625000 0.725833 0.057500 0.090000
0 0.194062 0.721250 0.079375 0.094167
0 0.462500 0.688750 0.072500 0.084167
0 0.721250 0.628750 0.071250 0.082500
0 0.233437 0.625417 0.100625 0.130833
0 0.094687 0.590000 0.089375 0.120000
0 0.902500 0.585833 0.101250 0.115000
0 0.023750 0.529167 0.047500 0.093333
0 0.475938 0.521667 0.079375 0.106667
0 0.164062 0.467500 0.079375 0.100000
0 0.325313 0.434583 0.070625 0.082500
0 0.702812 0.437500 0.076875 0.098333
0 0.369375 0.347500 0.067500 0.108333
0 0.057188 0.331250 0.075625 0.097500
0 0.973125 0.319167 0.053750 0.098333
0 0.801875 0.302917 0.078750 0.090833
0 0.504375 0.245000 0.081250 0.100000
0 0.753750 0.212917 0.068750 0.114167
0 0.577187 0.175000 0.078125 0.108333
0 0.856250 0.090000 0.062500 0.095000
0 0.788125 0.093333 0.070000 0.103333
0 0.200000 0.102917 0.072500 0.122500
0 0.688750 0.086667 0.071250 0.095000
0 0.647500 0.036250 0.067500 0.072500