0 0.909375 0.973750 0.060000 0.052500
0 0.385625 0.964583 0.062500 0.070833
0 0.448437 0.964167 0.064375 0.071667
0 0.306250 0.932500 0.048750 0.066667
0 0.105625 0.946250 0.082500 0.107500
0 0.582812 0.916250 0.053125 0.072500
0 0.527813 0.912083 0.059375 0.069167
0 0.472500 0.895833 0.051250 0.070000
0 0.626250 0.918750 0.070000 0.120833
0 0.120000 0.877500 0.078750 0.063333
0 0.778125 0.863333 0.045000 0.090000
0 0.515625 0.845833 0.055000 0.086667
0 0.174063 0.826667 0.048125 0.071667
0 0.421250 0.817917 0.051250 0.064167
0 0.094375 0.819167 0.055000 0.080000
0 0.012188 0.790000 0.024375 0.048333
0 0.284375 0.805000 0.062500 0.088333
0 0.815625 0.757917 0.056250 0.070833
0 0.395625 0.745833 0.060000 0.076667
0 0.579688 0.740833 0.058125 0.083333
0 0.058125 0.733750 0.051250 0.085833
0 0.674063 0.704167 0.059375 0.071667
0 0.982500 0.698750 0.035000 0.067500
0 0.158125 0.702500 0.050000 0.080000
0 0.771875 0.686667 0.057500 0.081667
0 0.214062 0.659583 0.059375 0.080833
0 0.022812 0.635833 0.045625 0.056667
0 0.553750 0.641667 0.056250 0.078333
0 0.985000 0.630000 0.030000 0.068333
0 0.090625 0.638333 0.062500 0.098333
0 0.356875 0.605833 0.047500 0.063333
0 0.233125 0.610417 0.063750 0.077500
0 0.420000 0.577917 0.058750 0.074167
0 0.615938 0.544583 0.056875 0.075833
0 0.203125 0.538333 0.065000 0.081667
0 0.972187 0.540000 0.055625 0.088333
0 0.828125 0.528333 0.067500 0.081667
0 0.756875 0.515833 0.062500 0.083333
0 0.926250 0.481667 0.056250 0.078333
0 0.401875 0.467500 0.055000 0.073333
0 0.463125 0.452500 0.057500 0.083333
0 0.328750 0.442500 0.058750 0.093333
0 0.096250 0.401667 0.056250 0.055000
0 0.596250 0.417500 0.066250 0.090000
0 0.885000 0.399167 0.063750 0.086667
0 0.802500 0.385417 0.065000 0.067500
0 0.706250 0.390000 0.058750 0.078333
0 0.541250 0.363333 0.063750 0.068333
0 0.798750 0.328333 0.057500 0.058333
0 0.056875 0.315000 0.057500 0.078333
0 0.116875 0.320417 0.055000 0.090833
0 0.700625 0.281667 0.065000 0.071667
0 0.197500 0.285000 0.068750 0.085000
0 0.011562 0.273750 0.023125 0.074167
0 0.882500 0.247500 0.058750 0.060000
0 0.605000 0.244167 0.058750 0.093333
0 0.743750 0.233333 0.056250 0.075000
0 0.826562 0.202500 0.050625 0.063333
0 0.369063 0.198750 0.079375 0.085833
0 0.448750 0.186250 0.058750 0.079167
0 0.080625 0.186250 0.055000 0.092500
0 0.881250 0.171667 0.051250 0.078333
0 0.220938 0.164167 0.053125 0.083333
0 0.737187 0.145000 0.050625 0.078333
0 0.965000 0.137917 0.053750 0.067500
0 0.797500 0.137500 0.058750 0.070000
0 0.607812 0.139167 0.053125 0.080000
0 0.543438 0.141250 0.050625 0.094167
0 0.326875 0.134167 0.050000 0.083333
0 0.171875 0.125833 0.055000 0.090000
0 0.481875 0.097500 0.072500 0.083333
0 0.914375 0.096667 0.062500 0.095000
0 0.451875 0.058750 0.060000 0.084167
0 0.576875 0.057500 0.062500 0.083333
0 0.787500 0.054167 0.068750 0.090000
0 0.119375 0.048333 0.067500 0.095000
0 0.982500 0.027917 0.035000 0.055833
0 0.482187 0.029167 0.051875 0.058333
0 0.192500 0.042500 0.056250 0.085000