0 0.483125 0.979167 0.060000 0.041667
0 0.377188 0.977500 0.061875 0.045000
0 0.814375 0.976667 0.046250 0.046667
0 0.538438 0.967917 0.054375 0.064167
0 0.438125 0.962083 0.051250 0.064167
0 0.861563 0.964583 0.046875 0.070833
0 0.923438 0.960417 0.068125 0.079167
0 0.982187 0.951250 0.035625 0.074167
0 0.065000 0.934167 0.056250 0.070000
0 0.903438 0.930833 0.064375 0.080000
0 0.270000 0.927083 0.070000 0.089167
0 0.537188 0.902083 0.055625 0.065833
0 0.346562 0.905417 0.080625 0.087500
0 0.590625 0.890417 0.053750 0.072500
0 0.950313 0.881667 0.045625 0.065000
0 0.772813 0.876250 0.058125 0.059167
0 0.011562 0.850833 0.023125 0.075000
0 0.983750 0.859167 0.032500 0.093333
0 0.149062 0.844583 0.055625 0.064167
0 0.665625 0.847083 0.058750 0.080833
0 0.852500 0.839583 0.090000 0.104167
0 0.733125 0.820833 0.063750 0.068333
0 0.358125 0.818333 0.066250 0.090000
0 0.623437 0.796667 0.055625 0.070000
0 0.892500 0.798750 0.051250 0.084167
0 0.986250 0.781250 0.027500 0.057500
0 0.423125 0.789167 0.066250 0.085000
0 0.240000 0.774583 0.055000 0.074167
0 0.942187 0.762083 0.058125 0.064167
0 0.031563 0.768750 0.063125 0.085833
0 0.096250 0.753750 0.058750 0.072500
0 0.740313 0.730000 0.054375 0.076667
0 0.411250 0.712500 0.050000 0.060000
0 0.954375 0.714583 0.068750 0.074167
0 0.210000 0.704167 0.047500 0.063333
0 0.256875 0.704583 0.045000 0.065833
0 0.853750 0.702917 0.055000 0.075833
0 0.034063 0.681250 0.061875 0.082500
0 0.413750 0.658333 0.053750 0.063333
0 0.940312 0.653333 0.054375 0.071667
0 0.326875 0.651667 0.051250 0.068333
0 0.257500 0.642917 0.055000 0.057500
0 0.469062 0.648750 0.061875 0.085833
0 0.103125 0.641667 0.062500 0.106667
0 0.535312 0.621250 0.065625 0.085833
0 0.686875 0.614167 0.063750 0.073333
0 0.611563 0.605417 0.070625 0.087500
0 0.048750 0.589167 0.052500 0.060000
0 0.912813 0.592083 0.055625 0.067500
0 0.849688 0.592500 0.058125 0.073333
0 0.146250 0.592500 0.046250 0.073333
0 0.251250 0.576250 0.063750 0.077500
0 0.012188 0.572500 0.024375 0.071667
0 0.325313 0.567083 0.065625 0.085833
0 0.209063 0.566250 0.059375 0.089167
0 0.803750 0.540833 0.057500 0.066667
0 0.706250 0.543750 0.046250 0.079167
0 0.386875 0.523750 0.061250 0.072500
0 0.646250 0.524167 0.058750 0.081667
0 0.458437 0.521250 0.064375 0.077500
0 0.062187 0.517917 0.048125 0.079167
0 0.879375 0.509583 0.051250 0.075833
0 0.946250 0.507917 0.062500 0.080833
0 0.280938 0.511250 0.069375 0.087500
0 0.606875 0.481667 0.048750 0.073333
0 0.746875 0.483750 0.080000 0.085833
0 0.032188 0.486667 0.064375 0.101667
0 0.223750 0.463750 0.057500 0.084167
0 0.330937 0.455000 0.054375 0.078333
0 0.502188 0.448333 0.060625 0.090000
0 0.402500 0.430000 0.052500 0.073333
0 0.567813 0.420000 0.063125 0.071667
0 0.977187 0.412500 0.045625 0.068333
0 0.886875 0.402917 0.057500 0.082500
0 0.305000 0.386667 0.067500 0.075000
0 0.024688 0.389167 0.049375 0.086667
0 0.367188 0.371250 0.049375 0.065833
0 0.067812 0.367083 0.045625 0.065833
0 0.946875 0.369167 0.058750 0.078333
0 0.568750 0.367917 0.061250 0.080833
0 0.177813 0.355833 0.051875 0.068333
0 0.615313 0.353333 0.051875 0.066667
0 0.817813 0.345000 0.049375 0.066667
0 0.312812 0.335417 0.069375 0.084167
0 0.410938 0.327500 0.048125 0.071667
0 0.487500 0.320000 0.061250 0.075000
0 0.934688 0.308750 0.046875 0.054167
0 0.876563 0.316667 0.058125 0.070000
0 0.015938 0.314167 0.031875 0.088333
0 0.786250 0.274583 0.051250 0.072500
0 0.340938 0.270417 0.051875 0.069167
0 0.079062 0.284583 0.068125 0.105833
0 0.918750 0.261250 0.055000 0.067500
0 0.165000 0.263333 0.063750 0.075000
0 0.398750 0.255417 0.055000 0.067500
0 0.857500 0.245833 0.056250 0.070000
0 0.220000 0.242500 0.048750 0.065000
0 0.022187 0.244167 0.044375 0.068333
0 0.710000 0.243750 0.067500 0.077500
0 0.974063 0.235833 0.051875 0.066667
0 0.280313 0.238333 0.063125 0.086667
0 0.640312 0.230833 0.065625 0.078333
0 0.092188 0.224167 0.086875 0.111667
0 0.894062 0.197500 0.045625 0.075000
0 0.384062 0.190833 0.053125 0.068333
0 0.467187 0.190417 0.070625 0.084167
0 0.545625 0.174167 0.058750 0.073333
0 0.021875 0.165000 0.043750 0.076667
0 0.749687 0.166250 0.063125 0.084167
0 0.835938 0.157083 0.068125 0.075833
0 0.588437 0.132500 0.049375 0.076667
0 0.057500 0.129167 0.052500 0.081667
0 0.812500 0.122917 0.056250 0.079167
0 0.274375 0.115833 0.050000 0.065000
0 0.877188 0.117917 0.054375 0.072500
0 0.456562 0.111250 0.055625 0.074167
0 0.019062 0.088750 0.038125 0.064167
0 0.075313 0.099583 0.050625 0.089167
0 0.113125 0.114583 0.056250 0.120833
0 0.702500 0.083333 0.068750 0.085000
0 0.307188 0.063333 0.050625 0.068333
0 0.976562 0.062083 0.046875 0.075833
0 0.410938 0.072917 0.074375 0.109167
0 0.679063 0.052917 0.061875 0.072500
0 0.925000 0.063333 0.077500 0.096667
0 0.861563 0.038750 0.061875 0.077500
0 0.797813 0.031667 0.056875 0.063333
0 0.462187 0.031250 0.049375 0.062500
0 0.263125 0.023750 0.065000 0.047500
0 0.187188 0.036667 0.058125 0.073333
0 0.110937 0.023333 0.068125 0.046667