0 0.918125 0.981667 0.058750 0.036667
0 0.712500 0.967917 0.060000 0.064167
0 0.353750 0.966667 0.058750 0.066667
0 0.976875 0.965000 0.046250 0.070000
0 0.147813 0.945833 0.064375 0.083333
0 0.513125 0.948333 0.143750 0.103333
0 0.227813 0.934167 0.050625 0.075000
0 0.398125 0.924583 0.056250 0.080833
0 0.284062 0.917917 0.056875 0.072500
0 0.910312 0.917083 0.075625 0.082500
0 0.846250 0.929583 0.061250 0.112500
0 0.783438 0.931250 0.061875 0.137500
0 0.720000 0.892917 0.056250 0.082500
0 0.507188 0.870833 0.059375 0.075000
0 0.624375 0.879583 0.106250 0.107500
0 0.977812 0.867917 0.044375 0.085833
0 0.120625 0.860417 0.053750 0.070833
0 0.817813 0.839167 0.054375 0.070000
0 0.544375 0.840417 0.060000 0.072500
0 0.441250 0.839167 0.055000 0.076667
0 0.904375 0.835000 0.071250 0.073333
0 0.698438 0.814583 0.060625 0.079167
0 0.203750 0.852500 0.130000 0.188333
0 0.338438 0.780417 0.056875 0.085833
0 0.854062 0.772917 0.083125 0.109167
0 0.068125 0.764167 0.073750 0.096667
0 0.769062 0.753333 0.083125 0.110000
0 0.563750 0.756250 0.187500 0.125833
0 0.690625 0.735000 0.063750 0.091667
0 0.294687 0.732083 0.078125 0.095833
0 0.045937 0.697917 0.054375 0.075833
0 0.902813 0.724583 0.194375 0.179167
0 0.206563 0.696667 0.075625 0.151667
0 0.433125 0.710417 0.156250 0.180833
0 0.130312 0.682083 0.101875 0.124167
0 0.646875 0.645417 0.076250 0.074167
0 0.579063 0.642917 0.056875 0.072500
0 0.273438 0.642917 0.096875 0.085833
0 0.936875 0.635000 0.078750 0.088333
0 0.169375 0.618750 0.057500 0.070833
0 0.037187 0.622083 0.074375 0.085833
0 0.826875 0.604583 0.057500 0.072500
0 0.984062 0.598333 0.031875 0.080000
0 0.522188 0.591250 0.059375 0.099167
0 0.241250 0.561667 0.055000 0.075000
0 0.589063 0.564167 0.076875 0.085000
0 0.752812 0.599167 0.063125 0.158333
0 0.879375 0.551667 0.060000 0.071667
0 0.374063 0.559167 0.096875 0.098333
0 0.952500 0.515000 0.065000 0.110000
0 0.680000 0.531250 0.077500 0.142500
0 0.175000 0.519583 0.111250 0.127500
0 0.815312 0.492917 0.080625 0.089167
0 0.897813 0.467917 0.056875 0.082500
0 0.318750 0.470000 0.078750 0.088333
0 0.495000 0.521250 0.238750 0.235833
0 0.983437 0.419583 0.033125 0.089167
0 0.235625 0.401667 0.057500 0.073333
0 0.115312 0.441250 0.119375 0.152500
0 0.769375 0.397500 0.053750 0.076667
0 0.031875 0.393750 0.063750 0.124167
0 0.155938 0.364167 0.071875 0.083333
0 0.328750 0.371667 0.105000 0.140000
0 0.666875 0.347917 0.072500 0.105833
0 0.224375 0.328750 0.066250 0.100833
0 0.892500 0.348750 0.215000 0.154167
0 0.742188 0.311667 0.064375 0.081667
0 0.423438 0.359167 0.174375 0.191667
0 0.810312 0.294167 0.055625 0.070000
0 0.908125 0.282083 0.112500 0.080833
0 0.282500 0.260417 0.056250 0.089167
0 0.582187 0.293333 0.124375 0.188333
0 0.420625 0.246667 0.072500 0.095000
0 0.150938 0.235417 0.088125 0.085833
0 0.844688 0.220417 0.055625 0.072500
0 0.235625 0.216667 0.076250 0.078333
0 0.733125 0.226667 0.061250 0.110000
0 0.020938 0.206667 0.041875 0.075000
0 0.069062 0.245000 0.099375 0.173333
0 0.306875 0.194583 0.057500 0.077500
0 0.365312 0.174167 0.051875 0.073333
0 0.915625 0.182917 0.073750 0.102500
0 0.170313 0.165000 0.054375 0.070000
0 0.605313 0.159167 0.131875 0.091667
0 0.760625 0.141250 0.057500 0.072500
0 0.439063 0.136667 0.049375 0.073333
0 0.234375 0.129583 0.093750 0.099167
0 0.502812 0.112917 0.059375 0.075833
0 0.962500 0.108750 0.057500 0.080833
0 0.381250 0.097083 0.060000 0.075833
0 0.905937 0.082917 0.051875 0.069167
0 0.653125 0.078333 0.058750 0.071667
0 0.472187 0.066667 0.076875 0.071667
0 0.827500 0.096250 0.073750 0.155833
0 0.415000 0.047500 0.046250 0.065000
0 0.984375 0.044583 0.031250 0.079167
0 0.747500 0.060833 0.060000 0.115000
0 0.878437 0.025417 0.055625 0.050833
0 0.554375 0.056667 0.087500 0.113333
0 0.326875 0.071250 0.088750 0.142500
0 0.131875 0.071667 0.173750 0.143333
0 0.064062 0.039167 0.111875 0.078333