0 0.152500 0.982500 0.047500 0.035000
0 0.794063 0.970000 0.090625 0.060000
0 0.613750 0.969583 0.085000 0.060833
0 0.700625 0.963750 0.077500 0.072500
0 0.455625 0.959583 0.077500 0.080833
0 0.528750 0.954583 0.058750 0.077500
0 0.322813 0.947500 0.055625 0.066667
0 0.901875 0.946250 0.075000 0.107500
0 0.016563 0.932917 0.033125 0.082500
0 0.965625 0.922083 0.063750 0.075833
0 0.753750 0.924167 0.055000 0.080000
0 0.236875 0.928333 0.053750 0.088333
0 0.824063 0.922083 0.055625 0.079167
0 0.387500 0.933750 0.065000 0.102500
0 0.181875 0.928333 0.070000 0.103333
0 0.632812 0.905000 0.065625 0.066667
0 0.506875 0.897500 0.057500 0.075000
0 0.865313 0.896250 0.064375 0.079167
0 0.569375 0.906667 0.085000 0.105000
0 0.071875 0.912500 0.087500 0.145000
0 0.299063 0.873750 0.056875 0.075833
0 0.975625 0.860000 0.048750 0.071667
0 0.436250 0.871667 0.065000 0.111667
0 0.695312 0.859583 0.069375 0.112500
0 0.212500 0.842917 0.062500 0.080833
0 0.909687 0.836250 0.056875 0.075833
0 0.030000 0.824167 0.060000 0.081667
0 0.845313 0.813750 0.063125 0.067500
0 0.766875 0.827083 0.058750 0.094167
0 0.630000 0.814583 0.057500 0.070833
0 0.118438 0.831667 0.068125 0.108333
0 0.658125 0.792500 0.055000 0.063333
0 0.328437 0.812500 0.064375 0.110000
0 0.265313 0.794167 0.054375 0.090000
0 0.951875 0.780833 0.065000 0.078333
0 0.806875 0.777083 0.058750 0.075833
0 0.365000 0.775417 0.066250 0.087500
0 0.174375 0.768333 0.052500 0.083333
0 0.062187 0.744167 0.058125 0.080000
0 0.564063 0.749167 0.090625 0.101667
0 0.702187 0.744167 0.083125 0.101667
0 0.874687 0.739167 0.089375 0.108333
0 0.227813 0.744167 0.070625 0.120000
0 0.960625 0.705417 0.063750 0.079167
0 0.424687 0.695417 0.065625 0.087500
0 0.297812 0.692083 0.064375 0.084167
0 0.783125 0.692917 0.067500 0.087500
0 0.506563 0.691250 0.070625 0.089167
0 0.026875 0.675000 0.053750 0.076667
0 0.164062 0.685833 0.074375 0.101667
0 0.866563 0.655000 0.053125 0.073333
0 0.723750 0.657500 0.070000 0.101667
0 0.367500 0.639583 0.078750 0.075833
0 0.608125 0.682500 0.077500 0.178333
0 0.981875 0.632500 0.036250 0.085000
0 0.449375 0.628333 0.075000 0.078333
0 0.660000 0.632083 0.057500 0.102500
0 0.283750 0.600833 0.083750 0.081667
0 0.920000 0.605000 0.075000 0.093333
0 0.970938 0.577083 0.049375 0.039167
0 0.016875 0.597917 0.033750 0.090833
0 0.791562 0.610417 0.079375 0.117500
0 0.226250 0.590000 0.057500 0.080000
0 0.113125 0.613333 0.092500 0.130000
0 0.062812 0.568333 0.054375 0.070000
0 0.500938 0.587083 0.103125 0.129167
0 0.382812 0.556667 0.066875 0.076667
0 0.587812 0.551667 0.110625 0.086667
0 0.155938 0.525000 0.059375 0.075000
0 0.852187 0.517500 0.061875 0.065000
0 0.522500 0.506250 0.042500 0.074167
0 0.926562 0.505417 0.071875 0.075833
0 0.293438 0.510000 0.071875 0.091667
0 0.347187 0.506667 0.068125 0.086667
0 0.571562 0.484583 0.070625 0.062500
0 0.020313 0.502500 0.040625 0.106667
0 0.454375 0.502917 0.093750 0.109167
0 0.721562 0.516667 0.123125 0.145000
0 0.639687 0.489583 0.063125 0.105833
0 0.817500 0.476250 0.071250 0.097500
0 0.221250 0.484167 0.066250 0.125000
0 0.079062 0.460833 0.069375 0.088333
0 0.165625 0.444167 0.078750 0.098333
0 0.368750 0.428750 0.073750 0.082500
0 0.874062 0.427083 0.069375 0.094167
0 0.510000 0.418333 0.056250 0.080000
0 0.438125 0.417500 0.075000 0.081667
0 0.962812 0.433333 0.074375 0.121667
0 0.259375 0.414167 0.088750 0.083333
0 0.738125 0.415417 0.066250 0.115833
0 0.024688 0.396250 0.049375 0.077500
0 0.081875 0.387500 0.045000 0.073333
0 0.122813 0.382083 0.053125 0.070833
0 0.972500 0.371667 0.055000 0.078333
0 0.212500 0.364583 0.052500 0.074167
0 0.840625 0.366667 0.078750 0.085000
0 0.660625 0.360000 0.060000 0.080000
0 0.030000 0.352917 0.050000 0.080833
0 0.522188 0.338750 0.076875 0.097500
0 0.352500 0.342917 0.091250 0.109167
0 0.291875 0.326250 0.070000 0.089167
0 0.781563 0.315417 0.066875 0.080833
0 0.139687 0.307500 0.076875 0.095000
0 0.251563 0.297917 0.061875 0.080833
0 0.452188 0.306667 0.090625 0.121667
0 0.349375 0.274583 0.057500 0.074167
0 0.503437 0.264583 0.056875 0.065833
0 0.658125 0.263750 0.057500 0.079167
0 0.739062 0.252917 0.104375 0.097500
0 0.159375 0.240833 0.047500 0.073333
0 0.201563 0.239583 0.054375 0.077500
0 0.890000 0.263333 0.162500 0.138333
0 0.981875 0.237083 0.036250 0.090833
0 0.484063 0.200000 0.066875 0.085000
0 0.056875 0.191667 0.067500 0.076667
0 0.267188 0.188333 0.071875 0.113333
0 0.123438 0.164167 0.059375 0.078333
0 0.641875 0.145000 0.057500 0.076667
0 0.421563 0.130417 0.063125 0.094167
0 0.573438 0.160000 0.129375 0.158333
0 0.315937 0.112917 0.094375 0.067500
0 0.912813 0.134583 0.084375 0.122500
0 0.790937 0.124167 0.106875 0.118333
0 0.077188 0.098333 0.056875 0.073333
0 0.021562 0.106250 0.043125 0.097500
0 0.695312 0.121250 0.065625 0.129167
0 0.192500 0.111667 0.083750 0.113333
0 0.598437 0.085000 0.056875 0.076667
0 0.242500 0.083750 0.052500 0.082500
0 0.437188 0.076250 0.061875 0.080833
0 0.750938 0.070000 0.068125 0.085000
0 0.038125 0.055417 0.058750 0.075833
0 0.355625 0.039167 0.058750 0.076667
0 0.970000 0.070417 0.060000 0.140833
0 0.840625 0.044167 0.086250 0.088333
0 0.670312 0.031250 0.086875 0.062500
0 0.528438 0.040000 0.079375 0.080000
0 0.394375 0.022500 0.060000 0.045000
0 0.305312 0.034167 0.083125 0.068333
0 0.120625 0.032500 0.088750 0.065000