0 0.730000 0.974167 0.098750 0.051667
0 0.960000 0.964167 0.061250 0.071667
0 0.860625 0.935833 0.081250 0.115000
0 0.238437 0.911667 0.055625 0.078333
0 0.575000 0.912500 0.091250 0.100000
0 0.174687 0.894167 0.066875 0.091667
0 0.894375 0.892917 0.067500 0.107500
0 0.969063 0.879167 0.061875 0.086667
0 0.475000 0.873750 0.063750 0.090833
0 0.109375 0.870417 0.093750 0.102500
0 0.023750 0.855833 0.047500 0.091667
0 0.277187 0.831250 0.064375 0.080833
0 0.068750 0.803333 0.061250 0.103333
0 0.590938 0.792083 0.066875 0.090833
0 0.896875 0.769583 0.063750 0.082500
0 0.392188 0.755000 0.094375 0.108333
0 0.709688 0.712083 0.064375 0.080833
0 0.808125 0.735833 0.087500 0.131667
0 0.254063 0.700833 0.060625 0.083333
0 0.402813 0.675833 0.066875 0.071667
0 0.058438 0.682083 0.070625 0.090833
0 0.906250 0.659583 0.065000 0.094167
0 0.191562 0.636667 0.053125 0.070000
0 0.137813 0.642917 0.066875 0.095833
0 0.684688 0.624583 0.054375 0.090833
0 0.079062 0.597083 0.058125 0.084167
0 0.327813 0.592083 0.048125 0.099167
0 0.498437 0.572083 0.064375 0.080833
0 0.958750 0.570417 0.061250 0.084167
0 0.562813 0.557917 0.063125 0.087500
0 0.365625 0.568333 0.051250 0.133333
0 0.145000 0.527083 0.061250 0.097500
0 0.913125 0.512500 0.077500 0.071667
0 0.764687 0.493333 0.109375 0.108333
0 0.430937 0.480417 0.076875 0.087500
0 0.515312 0.478750 0.071875 0.100833
0 0.075313 0.440833 0.068125 0.093333
0 0.202813 0.384167 0.068125 0.095000
0 0.737500 0.359583 0.062500 0.084167
0 0.605625 0.354167 0.051250 0.076667
0 0.678125 0.363750 0.090000 0.117500
0 0.938438 0.318333 0.066875 0.086667
0 0.243438 0.305000 0.064375 0.086667
0 0.077188 0.305000 0.064375 0.088333
0 0.625313 0.284583 0.055625 0.067500
0 0.680312 0.282917 0.053125 0.087500
0 0.564063 0.297500 0.071875 0.136667
0 0.353750 0.262083 0.065000 0.084167
0 0.860313 0.262917 0.068125 0.087500
0 0.182812 0.237500 0.070625 0.103333
0 0.923125 0.209167 0.071250 0.091667
0 0.982500 0.202500 0.035000 0.086667
0 0.683750 0.181667 0.061250 0.086667
0 0.855313 0.169583 0.063125 0.082500
0 0.484063 0.175417 0.060625 0.095833
0 0.330625 0.138333 0.063750 0.083333
0 0.900312 0.111667 0.061875 0.095000
0 0.544063 0.086250 0.063125 0.084167
0 0.761250 0.092500 0.061250 0.105000
0 0.482812 0.082500 0.055625 0.088333
0 0.800937 0.101250 0.074375 0.142500
0 0.866563 0.037917 0.058125 0.075833
0 0.740625 0.041250 0.068750 0.082500
0 0.605313 0.035417 0.068125 0.070833
0 0.382812 0.032917 0.070625 0.065833
0 0.273125 0.027083 0.067500 0.054167
0 0.110937 0.039167 0.045625 0.078333
0 0.063125 0.036250 0.071250 0.072500