0 0.589375 0.963750 0.056250 0.072500
0 0.303750 0.961250 0.057500 0.077500
0 0.870313 0.953750 0.061875 0.092500
0 0.644375 0.947917 0.051250 0.099167
0 0.102813 0.934583 0.055625 0.074167
0 0.905312 0.933333 0.065625 0.078333
0 0.455313 0.940000 0.069375 0.093333
0 0.529375 0.934167 0.058750 0.085000
0 0.682187 0.929583 0.054375 0.080833
0 0.757500 0.913750 0.055000 0.079167
0 0.360000 0.911667 0.053750 0.076667
0 0.822187 0.907917 0.055625 0.070833
0 0.067500 0.863333 0.047500 0.076667
0 0.420000 0.862500 0.065000 0.085000
0 0.798438 0.835833 0.065625 0.066667
0 0.527188 0.836250 0.059375 0.082500
0 0.590000 0.829583 0.058750 0.075833
0 0.191875 0.827083 0.056250 0.084167
0 0.116875 0.822500 0.058750 0.080000
0 0.378125 0.824167 0.063750 0.098333
0 0.256563 0.799167 0.089375 0.111667
0 0.929063 0.782083 0.055625 0.082500
0 0.731250 0.782917 0.061250 0.085833
0 0.865000 0.762083 0.058750 0.079167
0 0.160312 0.757083 0.048125 0.070833
0 0.573438 0.735417 0.056875 0.080833
0 0.046875 0.729583 0.063750 0.069167
0 0.414062 0.725833 0.051875 0.095000
0 0.785625 0.706250 0.056250 0.070833
0 0.242188 0.704167 0.059375 0.078333
0 0.123438 0.687917 0.063125 0.084167
0 0.199687 0.668750 0.058125 0.080833
0 0.504687 0.655417 0.054375 0.070833
0 0.741875 0.637083 0.057500 0.077500
0 0.095000 0.645833 0.053750 0.096667
0 0.672500 0.627917 0.058750 0.090833
0 0.803438 0.621250 0.050625 0.080833
0 0.865313 0.614167 0.051875 0.080000
0 0.926875 0.615833 0.051250 0.091667
0 0.613125 0.593750 0.056250 0.074167
0 0.443750 0.588333 0.060000 0.073333
0 0.515312 0.570417 0.059375 0.074167
0 0.063750 0.569167 0.051250 0.076667
0 0.143437 0.567917 0.060625 0.077500
0 0.974688 0.577917 0.050625 0.110833
0 0.784375 0.537083 0.058750 0.072500
0 0.693438 0.532500 0.060625 0.083333
0 0.028750 0.519167 0.057500 0.076667
0 0.602500 0.502917 0.061250 0.080833
0 0.272500 0.499167 0.058750 0.083333
0 0.946875 0.497917 0.066250 0.087500
0 0.505000 0.484583 0.053750 0.075833
0 0.441250 0.486250 0.055000 0.090833
0 0.181250 0.461667 0.063750 0.076667
0 0.742188 0.455833 0.053125 0.080000
0 0.649375 0.438750 0.058750 0.079167
0 0.901875 0.427917 0.058750 0.074167
0 0.589063 0.410833 0.060625 0.073333
0 0.553125 0.390000 0.058750 0.078333
0 0.840938 0.387500 0.056875 0.083333
0 0.306563 0.383333 0.061875 0.081667
0 0.483750 0.370417 0.055000 0.079167
0 0.953438 0.366250 0.065625 0.087500
0 0.766250 0.357500 0.063750 0.078333
0 0.647500 0.345833 0.062500 0.080000
0 0.540937 0.341667 0.060625 0.076667
0 0.366875 0.342083 0.057500 0.077500
0 0.157500 0.285833 0.056250 0.071667
0 0.955625 0.272500 0.077500 0.075000
0 0.410938 0.271667 0.063125 0.076667
0 0.740625 0.247083 0.060000 0.070833
0 0.657500 0.248750 0.058750 0.075833
0 0.212812 0.248750 0.054375 0.079167
0 0.312500 0.244583 0.071250 0.077500
0 0.276875 0.243333 0.050000 0.083333
0 0.057813 0.222917 0.053125 0.079167
0 0.834375 0.211250 0.058750 0.064167
0 0.517500 0.211667 0.055000 0.080000
0 0.947500 0.187083 0.066250 0.072500
0 0.144063 0.188750 0.065625 0.082500
0 0.367500 0.185417 0.058750 0.089167
0 0.538125 0.174167 0.053750 0.075000
0 0.713437 0.166250 0.060625 0.070833
0 0.015312 0.150417 0.030625 0.075833
0 0.305625 0.140417 0.056250 0.070833
0 0.791875 0.140417 0.061250 0.084167
0 0.893437 0.120417 0.056875 0.079167
0 0.064062 0.115000 0.054375 0.076667
0 0.464062 0.097083 0.056875 0.075833
0 0.395313 0.092500 0.059375 0.080000
0 0.609062 0.087083 0.050625 0.072500
0 0.250625 0.090833 0.068750 0.081667
0 0.165000 0.092083 0.057500 0.095833
0 0.715000 0.076667 0.062500 0.083333
0 0.097187 0.070417 0.056875 0.074167
0 0.188438 0.050000 0.051875 0.070000
0 0.854375 0.037500 0.051250 0.073333
0 0.957187 0.031250 0.058125 0.062500
0 0.770312 0.030417 0.055625 0.060833
0 0.652813 0.033333 0.051875 0.066667
0 0.490625 0.027083 0.058750 0.054167
0 0.335938 0.028750 0.061875 0.057500