0 0.138125 0.983333 0.057500 0.033333
0 0.772188 0.981250 0.051875 0.037500
0 0.058125 0.978333 0.053750 0.043333
0 0.834375 0.977500 0.060000 0.045000
0 0.361250 0.969167 0.065000 0.061667
0 0.013437 0.969167 0.026875 0.061667
0 0.513125 0.968750 0.066250 0.062500
0 0.578750 0.968333 0.055000 0.063333
0 0.676250 0.955417 0.060000 0.065833
0 0.878437 0.947500 0.066875 0.083333
0 0.930937 0.931667 0.051875 0.055000
0 0.726875 0.941667 0.053750 0.075000
0 0.271250 0.940417 0.048750 0.072500
0 0.090938 0.943750 0.064375 0.087500
0 0.636563 0.926250 0.059375 0.075833
0 0.559063 0.917917 0.046875 0.062500
0 0.410000 0.931250 0.055000 0.095833
0 0.465938 0.908750 0.056875 0.074167
0 0.977812 0.911250 0.044375 0.092500
0 0.693438 0.871250 0.053125 0.067500
0 0.604688 0.869583 0.084375 0.089167
0 0.393437 0.844167 0.051875 0.058333
0 0.173437 0.857500 0.080625 0.096667
0 0.870625 0.840833 0.045000 0.065000
0 0.551562 0.832917 0.056875 0.074167
0 0.494688 0.839583 0.055625 0.089167
0 0.236875 0.813333 0.070000 0.098333
0 0.595000 0.802083 0.062500 0.077500
0 0.987500 0.799167 0.025000 0.081667
0 0.403438 0.779583 0.054375 0.070833
0 0.829375 0.779167 0.057500 0.083333
0 0.924687 0.788750 0.065625 0.115833
0 0.739688 0.767083 0.050625 0.077500
0 0.153438 0.761667 0.053125 0.068333
0 0.622500 0.760000 0.055000 0.075000
0 0.795312 0.737917 0.056875 0.082500
0 0.438750 0.729167 0.051250 0.071667
0 0.185625 0.725000 0.050000 0.075000
0 0.490000 0.718333 0.063750 0.080000
0 0.979375 0.717083 0.041250 0.090833
0 0.029375 0.715833 0.058750 0.090000
0 0.894375 0.703333 0.066250 0.070000
0 0.835938 0.696667 0.050625 0.073333
0 0.565000 0.681250 0.065000 0.084167
0 0.475625 0.662917 0.056250 0.074167
0 0.875625 0.647500 0.065000 0.053333
0 0.660937 0.652917 0.060625 0.082500
0 0.422500 0.645000 0.047500 0.068333
0 0.303438 0.645833 0.056875 0.070000
0 0.700000 0.627500 0.052500 0.061667
0 0.152500 0.645417 0.092500 0.097500
0 0.087813 0.640000 0.049375 0.090000
0 0.518750 0.630000 0.063750 0.075000
0 0.598750 0.624167 0.095000 0.088333
0 0.262188 0.607083 0.056875 0.072500
0 0.873750 0.597083 0.053750 0.060833
0 0.208437 0.594167 0.051875 0.075000
0 0.296250 0.577500 0.056250 0.063333
0 0.026250 0.576250 0.052500 0.077500
0 0.720313 0.578333 0.078125 0.091667
0 0.389062 0.572500 0.061875 0.080000
0 0.952812 0.560833 0.055625 0.080000
0 0.905000 0.544167 0.053750 0.070000
0 0.554063 0.547917 0.053125 0.077500
0 0.501563 0.532500 0.050625 0.070000
0 0.651563 0.548333 0.079375 0.105000
0 0.836562 0.518750 0.060625 0.077500
0 0.625000 0.503333 0.058750 0.070000
0 0.205937 0.502917 0.056875 0.070833
0 0.590938 0.487917 0.050625 0.064167
0 0.280938 0.496250 0.059375 0.087500
0 0.390000 0.488333 0.065000 0.091667
0 0.948438 0.475833 0.066875 0.086667
0 0.709063 0.480833 0.086875 0.106667
0 0.457813 0.465417 0.063125 0.084167
0 0.020625 0.443333 0.041250 0.065000
0 0.227500 0.435417 0.060000 0.072500
0 0.565937 0.430000 0.065625 0.076667
0 0.523750 0.420000 0.052500 0.080000
0 0.984062 0.402917 0.031875 0.070833
0 0.659062 0.405417 0.065625 0.094167
0 0.035625 0.389167 0.045000 0.061667
0 0.490625 0.388750 0.055000 0.070833
0 0.448125 0.351667 0.058750 0.061667
0 0.069687 0.356250 0.054375 0.070833
0 0.197187 0.354167 0.051875 0.073333
0 0.337187 0.343750 0.058125 0.070833
0 0.982500 0.337500 0.035000 0.070000
0 0.780937 0.344583 0.056875 0.092500
0 0.478125 0.296667 0.062500 0.070000
0 0.844375 0.302500 0.063750 0.101667
0 0.392813 0.294583 0.059375 0.087500
0 0.058125 0.282917 0.057500 0.070833
0 0.264375 0.272083 0.055000 0.070833
0 0.108125 0.282083 0.061250 0.095833
0 0.444688 0.251667 0.058125 0.066667
0 0.022812 0.283750 0.045625 0.137500
0 0.911875 0.230000 0.067500 0.075000
0 0.640312 0.244583 0.041875 0.104167
0 0.133125 0.223333 0.061250 0.063333
0 0.695625 0.231250 0.062500 0.085833
0 0.230937 0.213333 0.063125 0.060000
0 0.833438 0.211667 0.048125 0.060000
0 0.012500 0.188333 0.025000 0.056667
0 0.474375 0.189583 0.060000 0.069167
0 0.885312 0.186250 0.061875 0.064167
0 0.179375 0.184583 0.048750 0.069167
0 0.602187 0.180000 0.054375 0.070000
0 0.787188 0.172917 0.048125 0.065833
0 0.430000 0.177500 0.052500 0.078333
0 0.651875 0.159583 0.051250 0.054167
0 0.554063 0.161250 0.046875 0.084167
0 0.841875 0.147917 0.057500 0.064167
0 0.368125 0.140833 0.071250 0.085000
0 0.023125 0.127500 0.046250 0.058333
0 0.749687 0.117500 0.066875 0.081667
0 0.947187 0.116250 0.081875 0.102500
0 0.053437 0.084167 0.061875 0.081667
0 0.230937 0.071667 0.063125 0.085000
0 0.644687 0.060417 0.060625 0.077500
0 0.879687 0.052917 0.054375 0.069167
0 0.590000 0.051250 0.057500 0.069167
0 0.370625 0.052500 0.068750 0.071667
0 0.533125 0.053750 0.058750 0.080833
0 0.311875 0.050833 0.063750 0.091667
0 0.981563 0.035000 0.036875 0.070000
0 0.925000 0.027917 0.083750 0.055833
0 0.749062 0.037500 0.069375 0.075000
0 0.703750 0.042500 0.057500 0.085000
0 0.636563 0.014167 0.046875 0.028333
0 0.475625 0.020833 0.058750 0.041667
0 0.185312 0.018333 0.061875 0.036667