0 0.277813 0.955417 0.071875 0.089167
0 0.671875 0.947083 0.082500 0.102500
0 0.769687 0.829167 0.070625 0.095000
0 0.437188 0.818333 0.080625 0.113333
0 0.893750 0.812917 0.078750 0.105833
0 0.691875 0.805417 0.080000 0.102500
0 0.804063 0.752917 0.060625 0.092500
0 0.691562 0.705000 0.073125 0.098333
0 0.612187 0.642917 0.078125 0.099167
0 0.233125 0.617917 0.068750 0.102500
0 0.180312 0.590417 0.083125 0.102500
0 0.391875 0.563333 0.072500 0.101667
0 0.394688 0.453750 0.079375 0.104167
0 0.888125 0.423750 0.073750 0.104167
0 0.813438 0.378333 0.069375 0.091667
0 0.456875 0.382500 0.085000 0.115000
0 0.354063 0.363333 0.073125 0.098333
0 0.711562 0.194583 0.073125 0.104167
0 0.335938 0.151250 0.070625 0.099167
0 0.516250 0.118333 0.080000 0.103333
0 0.930312 0.093750 0.065625 0.094167
0 0.331250 0.048333 0.076250 0.096667