0 0.630000 0.980417 0.072500 0.039167
0 0.896875 0.905417 0.077500 0.085833
0 0.777813 0.904583 0.091875 0.100833
0 0.441563 0.878333 0.085625 0.098333
0 0.088125 0.872917 0.068750 0.092500
0 0.589063 0.845417 0.065625 0.089167
0 0.154062 0.811667 0.060625 0.111667
0 0.210938 0.786667 0.063125 0.090000
0 0.955313 0.725417 0.071875 0.087500
0 0.083437 0.615417 0.079375 0.087500
0 0.285938 0.596250 0.069375 0.102500
0 0.465000 0.580417 0.077500 0.095833
0 0.041563 0.550417 0.074375 0.094167
0 0.757812 0.547083 0.065625 0.097500
0 0.151562 0.508750 0.071875 0.090833
0 0.290938 0.456250 0.075625 0.094167
0 0.963437 0.425417 0.064375 0.085833
0 0.867188 0.377083 0.078125 0.075833
0 0.133750 0.308750 0.078750 0.099167
0 0.747188 0.258750 0.083125 0.092500
0 0.287813 0.209583 0.073125 0.099167
0 0.328125 0.140833 0.090000 0.088333
0 0.520000 0.132917 0.087500 0.082500
0 0.241250 0.094167 0.077500 0.091667