0 0.365000 0.968333 0.072500 0.063333
0 0.042500 0.957083 0.071250 0.085833
0 0.088438 0.952083 0.059375 0.095833
0 0.147187 0.939583 0.069375 0.092500
0 0.029063 0.882083 0.058125 0.079167
0 0.092188 0.860417 0.068125 0.094167
0 0.624375 0.855833 0.070000 0.093333
0 0.811250 0.768333 0.070000 0.093333
0 0.316250 0.743333 0.075000 0.093333
0 0.134063 0.717083 0.063125 0.082500
0 0.451562 0.690417 0.073125 0.104167
0 0.227500 0.684167 0.071250 0.093333
0 0.566562 0.666667 0.069375 0.101667
0 0.096875 0.655000 0.068750 0.096667
0 0.981563 0.587083 0.036875 0.095833
0 0.823438 0.587083 0.079375 0.095833
0 0.180625 0.569167 0.068750 0.096667
0 0.407500 0.560000 0.076250 0.093333
0 0.029063 0.532917 0.058125 0.097500
0 0.825000 0.524583 0.062500 0.082500
0 0.250312 0.527917 0.066875 0.094167
0 0.905625 0.485833 0.063750 0.090000
0 0.304375 0.487083 0.068750 0.097500
0 0.965938 0.467500 0.066875 0.090000
0 0.415938 0.457917 0.076875 0.087500
0 0.222812 0.455417 0.064375 0.100833
0 0.125625 0.398333 0.066250 0.068333
0 0.431563 0.365000 0.075625 0.105000
0 0.303125 0.370000 0.095000 0.123333
0 0.033750 0.356667 0.067500 0.101667
0 0.498437 0.330417 0.073125 0.080833
0 0.139687 0.314583 0.075625 0.094167
0 0.692500 0.309167 0.067500 0.101667
0 0.918750 0.293333 0.070000 0.090000
0 0.632812 0.273333 0.070625 0.096667
0 0.489063 0.260833 0.089375 0.091667
0 0.318125 0.243333 0.073750 0.101667
0 0.875938 0.230833 0.063125 0.083333
0 0.509062 0.220833 0.079375 0.098333
0 0.950000 0.209167 0.072500 0.101667
0 0.360000 0.181667 0.071250 0.096667
0 0.292812 0.146667 0.071875 0.091667
0 0.489687 0.139583 0.076875 0.087500
0 0.325937 0.110000 0.084375 0.076667
0 0.824375 0.079167 0.082500 0.095000
0 0.117188 0.037917 0.076875 0.075833