0 0.300000 0.981667 0.055000 0.036667
0 0.491875 0.976667 0.065000 0.046667
0 0.759687 0.973333 0.054375 0.053333
0 0.682813 0.973333 0.065625 0.053333
0 0.421875 0.970833 0.072500 0.058333
0 0.823125 0.965833 0.048750 0.068333
0 0.036875 0.959167 0.073750 0.081667
0 0.353750 0.948750 0.051250 0.079167
0 0.617812 0.945417 0.046875 0.079167
0 0.754687 0.922500 0.054375 0.061667
0 0.107188 0.929583 0.051875 0.084167
0 0.384688 0.926250 0.059375 0.080833
0 0.478750 0.914167 0.080000 0.076667
0 0.683438 0.909167 0.056875 0.075000
0 0.826562 0.893750 0.074375 0.082500
0 0.245938 0.893333 0.061875 0.110000
0 0.055313 0.879583 0.070625 0.092500
0 0.565312 0.892083 0.065625 0.122500
0 0.974375 0.870000 0.051250 0.085000
0 0.631563 0.873750 0.079375 0.092500
0 0.137813 0.866250 0.055625 0.109167
0 0.424687 0.838750 0.049375 0.070833
0 0.735313 0.835000 0.053125 0.076667
0 0.193750 0.839583 0.083750 0.089167
0 0.775625 0.828750 0.055000 0.074167
0 0.294063 0.817500 0.079375 0.076667
0 0.250937 0.790833 0.051875 0.065000
0 0.415938 0.778333 0.061875 0.081667
0 0.476250 0.780417 0.067500 0.094167
0 0.550312 0.780833 0.076875 0.101667
0 0.830625 0.774167 0.073750 0.113333
0 0.717812 0.749583 0.080625 0.080833
0 0.906875 0.746250 0.063750 0.084167
0 0.046875 0.767917 0.067500 0.129167
0 0.274687 0.713333 0.085625 0.093333
0 0.361875 0.705833 0.062500 0.080000
0 0.131562 0.718750 0.060625 0.109167
0 0.645312 0.701667 0.050625 0.076667
0 0.501250 0.680833 0.062500 0.073333
0 0.441875 0.680417 0.068750 0.082500
0 0.217812 0.672083 0.058125 0.079167
0 0.888125 0.654167 0.062500 0.081667
0 0.961562 0.643333 0.045625 0.068333
0 0.372500 0.655833 0.046250 0.101667
0 0.584063 0.638333 0.076875 0.080000
0 0.043125 0.643333 0.086250 0.123333
0 0.113750 0.617083 0.077500 0.080833
0 0.765000 0.611250 0.066250 0.074167
0 0.166563 0.608750 0.058125 0.074167
0 0.543125 0.600417 0.053750 0.079167
0 0.752188 0.558750 0.054375 0.059167
0 0.572812 0.562500 0.054375 0.066667
0 0.472500 0.577083 0.081250 0.099167
0 0.313750 0.577083 0.083750 0.105833
0 0.637813 0.563750 0.054375 0.080833
0 0.234375 0.550833 0.058750 0.085000
0 0.075938 0.555417 0.071875 0.107500
0 0.199375 0.528750 0.053750 0.069167
0 0.754375 0.510417 0.053750 0.052500
0 0.019375 0.494167 0.038750 0.068333
0 0.975000 0.490417 0.050000 0.087500
0 0.851875 0.480833 0.055000 0.073333
0 0.072813 0.471250 0.060625 0.065833
0 0.344375 0.480000 0.072500 0.096667
0 0.604062 0.475000 0.059375 0.090000
0 0.663125 0.467917 0.040000 0.087500
0 0.455313 0.442917 0.055625 0.067500
0 0.083125 0.432083 0.052500 0.054167
0 0.549063 0.437083 0.046875 0.104167
0 0.384688 0.419583 0.065625 0.070833
0 0.518437 0.411250 0.053125 0.082500
0 0.626875 0.392917 0.052500 0.057500
0 0.804375 0.397083 0.063750 0.069167
0 0.251875 0.397500 0.045000 0.078333
0 0.139687 0.418750 0.060625 0.122500
0 0.705313 0.376667 0.075625 0.083333
0 0.770625 0.365417 0.058750 0.065833
0 0.309375 0.382083 0.068750 0.109167
0 0.421563 0.349583 0.059375 0.065833
0 0.201563 0.367500 0.064375 0.113333
0 0.839688 0.352500 0.064375 0.098333
0 0.630313 0.331250 0.088125 0.070833
0 0.961875 0.327500 0.076250 0.075000
0 0.117500 0.316250 0.070000 0.064167
0 0.405000 0.307917 0.053750 0.074167
0 0.708125 0.277083 0.063750 0.065833
0 0.572187 0.289167 0.083125 0.095000
0 0.342813 0.280833 0.051875 0.085000
0 0.275938 0.288750 0.059375 0.100833
0 0.163750 0.247917 0.061250 0.075833
0 0.977187 0.248333 0.045625 0.086667
0 0.307500 0.219167 0.060000 0.055000
0 0.589375 0.224583 0.051250 0.077500
0 0.925000 0.219583 0.041250 0.072500
0 0.047188 0.242083 0.068125 0.137500
0 0.667500 0.203333 0.058750 0.083333
0 0.735313 0.181250 0.059375 0.079167
0 0.105313 0.178333 0.059375 0.083333
0 0.797500 0.163333 0.050000 0.066667
0 0.886875 0.165833 0.088750 0.091667
0 0.169687 0.145000 0.054375 0.075000
0 0.975000 0.138750 0.050000 0.070833
0 0.529687 0.160000 0.061875 0.113333
0 0.620625 0.139583 0.056250 0.074167
0 0.343125 0.146667 0.045000 0.101667
0 0.250937 0.106250 0.050625 0.070833
0 0.558438 0.104583 0.059375 0.080833
0 0.702812 0.088333 0.054375 0.106667
0 0.930625 0.066667 0.055000 0.085000
0 0.760000 0.065000 0.058750 0.083333
0 0.210313 0.062083 0.064375 0.080833
0 0.868437 0.065000 0.064375 0.101667
0 0.782813 0.036250 0.054375 0.072500
0 0.519375 0.042500 0.076250 0.085000
0 0.317812 0.045833 0.095625 0.091667
0 0.253750 0.029167 0.091250 0.058333