0 0.407500 0.984167 0.050000 0.031667
0 0.084062 0.979583 0.048125 0.040833
0 0.293125 0.977917 0.047500 0.044167
0 0.021250 0.977500 0.042500 0.045000
0 0.566562 0.977083 0.054375 0.045833
0 0.776250 0.966250 0.071250 0.067500
0 0.610000 0.964167 0.051250 0.066667
0 0.140313 0.963750 0.061875 0.072500
0 0.359063 0.942917 0.056875 0.067500
0 0.524375 0.945000 0.066250 0.073333
0 0.201250 0.951250 0.072500 0.085833
0 0.448125 0.924167 0.055000 0.063333
0 0.027187 0.931667 0.054375 0.081667
0 0.299687 0.912083 0.046875 0.069167
0 0.111250 0.897500 0.051250 0.080000
0 0.073750 0.901667 0.047500 0.088333
0 0.849375 0.893333 0.065000 0.075000
0 0.688125 0.884167 0.050000 0.063333
0 0.627812 0.883333 0.055625 0.075000
0 0.765625 0.872917 0.057500 0.072500
0 0.509062 0.881667 0.079375 0.098333
0 0.039688 0.862083 0.050625 0.062500
0 0.990000 0.863333 0.020000 0.070000
0 0.573750 0.863333 0.056250 0.078333
0 0.386875 0.854583 0.060000 0.085833
0 0.954063 0.836667 0.056875 0.060000
0 0.094375 0.820417 0.060000 0.075833
0 0.409062 0.825417 0.063125 0.087500
0 0.882500 0.819167 0.066250 0.086667
0 0.724688 0.800000 0.053125 0.068333
0 0.026562 0.795833 0.053125 0.073333
0 0.940000 0.777500 0.061250 0.063333
0 0.580313 0.779583 0.056875 0.069167
0 0.252188 0.780417 0.054375 0.074167
0 0.666562 0.771667 0.044375 0.061667
0 0.355625 0.768750 0.056250 0.077500
0 0.825000 0.766250 0.058750 0.077500
0 0.767500 0.753333 0.053750 0.081667
0 0.518125 0.745000 0.060000 0.085000
0 0.376250 0.715833 0.056250 0.085000
0 0.646250 0.691667 0.058750 0.081667
0 0.244062 0.681667 0.044375 0.065000
0 0.576562 0.685000 0.060625 0.078333
0 0.022187 0.676667 0.044375 0.071667
0 0.418438 0.691667 0.076875 0.103333
0 0.715000 0.659167 0.066250 0.083333
0 0.189375 0.643333 0.062500 0.078333
0 0.915000 0.635000 0.061250 0.078333
0 0.771250 0.612917 0.056250 0.070833
0 0.398750 0.600417 0.075000 0.079167
0 0.652500 0.594167 0.088750 0.100000
0 0.061250 0.581250 0.056250 0.075833
0 0.850625 0.578333 0.060000 0.078333
0 0.178750 0.560833 0.048750 0.065000
0 0.356250 0.569167 0.066250 0.091667
0 0.235937 0.557917 0.059375 0.082500
0 0.725625 0.549167 0.060000 0.086667
0 0.793750 0.534167 0.061250 0.070000
0 0.526875 0.518333 0.057500 0.085000
0 0.632500 0.500000 0.046250 0.061667
0 0.580625 0.507500 0.053750 0.083333
0 0.982187 0.492500 0.035625 0.066667
0 0.870000 0.496667 0.046250 0.075000
0 0.926875 0.490833 0.052500 0.070000
0 0.017500 0.511667 0.035000 0.116667
0 0.304688 0.478750 0.060625 0.080833
0 0.754687 0.476250 0.069375 0.077500
0 0.054062 0.465833 0.065625 0.080000
0 0.115625 0.457917 0.047500 0.069167
0 0.815937 0.462083 0.059375 0.085833
0 0.182500 0.458333 0.063750 0.085000
0 0.345000 0.445417 0.071250 0.089167
0 0.508750 0.428333 0.056250 0.108333
0 0.879062 0.400833 0.066875 0.078333
0 0.961250 0.369167 0.043750 0.066667
0 0.158125 0.365833 0.057500 0.076667
0 0.840000 0.370417 0.083750 0.100833
0 0.676250 0.361667 0.066250 0.088333
0 0.307500 0.350000 0.048750 0.075000
0 0.085938 0.368750 0.071875 0.115833
0 0.493125 0.349167 0.052500 0.080000
0 0.210000 0.310833 0.061250 0.073333
0 0.038125 0.326667 0.076250 0.113333
0 0.985313 0.306667 0.029375 0.091667
0 0.623750 0.297917 0.075000 0.074167
0 0.351875 0.295833 0.052500 0.070000
0 0.109375 0.289167 0.081250 0.098333
0 0.793438 0.280000 0.059375 0.081667
0 0.736250 0.280000 0.051250 0.081667
0 0.441250 0.280000 0.066250 0.088333
0 0.935000 0.247500 0.043750 0.063333
0 0.842500 0.263750 0.061250 0.095833
0 0.028750 0.234167 0.053750 0.070000
0 0.624687 0.227083 0.064375 0.087500
0 0.547500 0.225833 0.053750 0.100000
0 0.407813 0.212500 0.051875 0.076667
0 0.353750 0.213750 0.057500 0.084167
0 0.203125 0.211667 0.071250 0.120000
0 0.132188 0.190417 0.084375 0.102500
0 0.673125 0.169167 0.052500 0.070000
0 0.916875 0.158333 0.062500 0.091667
0 0.846875 0.146667 0.055000 0.075000
0 0.303438 0.150000 0.078125 0.111667
0 0.370625 0.129583 0.052500 0.095833
0 0.223125 0.114167 0.057500 0.076667
0 0.703750 0.108333 0.060000 0.091667
0 0.760000 0.082500 0.048750 0.066667
0 0.946250 0.073333 0.051250 0.071667
0 0.024063 0.090833 0.048125 0.126667
0 0.451250 0.061667 0.058750 0.078333
0 0.651250 0.055833 0.048750 0.070000
0 0.984688 0.048333 0.030625 0.070000
0 0.772188 0.031667 0.071875 0.063333
0 0.705625 0.027083 0.045000 0.054167
0 0.301563 0.050833 0.060625 0.101667