0 0.980000 0.977500 0.040000 0.045000
0 0.339375 0.975417 0.067500 0.049167
0 0.585000 0.975000 0.058750 0.050000
0 0.746875 0.959167 0.057500 0.081667
0 0.557813 0.900417 0.044375 0.079167
0 0.399062 0.862500 0.063125 0.071667
0 0.554063 0.852083 0.061875 0.080833
0 0.324375 0.845000 0.058750 0.075000
0 0.770312 0.842500 0.055625 0.081667
0 0.718437 0.825417 0.050625 0.102500
0 0.122813 0.806250 0.060625 0.085833
0 0.664062 0.784167 0.066875 0.113333
0 0.613750 0.772083 0.051250 0.095833
0 0.291563 0.748750 0.064375 0.075833
0 0.944375 0.751250 0.058750 0.099167
0 0.821875 0.745833 0.055000 0.088333
0 0.394688 0.734583 0.058125 0.095833
0 0.889062 0.727083 0.041875 0.082500
0 0.445937 0.720417 0.051875 0.072500
0 0.604375 0.720417 0.068750 0.090833
0 0.163438 0.690833 0.070625 0.098333
0 0.261250 0.685833 0.060000 0.090000
0 0.850625 0.691667 0.045000 0.103333
0 0.582500 0.671250 0.062500 0.074167
0 0.454062 0.644167 0.050625 0.073333
0 0.533125 0.647500 0.062500 0.090000
0 0.824688 0.605417 0.051875 0.070833
0 0.024375 0.601667 0.048750 0.080000
0 0.858437 0.588333 0.059375 0.090000
0 0.152812 0.562500 0.054375 0.073333
0 0.695625 0.568750 0.071250 0.092500
0 0.750938 0.567083 0.049375 0.110833
0 0.796562 0.567917 0.060625 0.114167
0 0.227187 0.482500 0.061875 0.081667
0 0.299687 0.469583 0.053125 0.077500
0 0.664062 0.466667 0.053125 0.081667
0 0.269062 0.432500 0.051875 0.080000
0 0.010625 0.416250 0.021250 0.072500
0 0.218125 0.407917 0.060000 0.069167
0 0.325937 0.387083 0.040625 0.050833
0 0.157500 0.386250 0.098750 0.124167
0 0.443125 0.353333 0.066250 0.080000
0 0.113125 0.321250 0.057500 0.090833
0 0.540000 0.302500 0.056250 0.085000
0 0.055625 0.286250 0.058750 0.082500
0 0.959688 0.280833 0.048125 0.073333
0 0.855000 0.228333 0.052500 0.080000
0 0.373125 0.224583 0.055000 0.075833
0 0.777500 0.216250 0.056250 0.077500
0 0.688438 0.203750 0.056875 0.080833
0 0.238125 0.202083 0.058750 0.084167
0 0.839375 0.195833 0.060000 0.080000
0 0.415625 0.194167 0.052500 0.080000
0 0.466562 0.194167 0.060625 0.121667
0 0.015938 0.145833 0.031875 0.101667
0 0.793125 0.135833 0.060000 0.090000
0 0.518437 0.127917 0.060625 0.084167
0 0.404375 0.115417 0.060000 0.077500
0 0.922813 0.112500 0.058125 0.093333
0 0.167187 0.099167 0.050625 0.083333
0 0.576250 0.102917 0.058750 0.099167
0 0.343438 0.069583 0.056875 0.117500
0 0.772500 0.045833 0.050000 0.080000
0 0.740000 0.030833 0.065000 0.061667