0 0.749375 0.978333 0.052500 0.043333
0 0.409687 0.975417 0.055625 0.049167
0 0.306563 0.962083 0.056875 0.075833
0 0.228437 0.955000 0.059375 0.075000
0 0.524062 0.949583 0.060625 0.082500
0 0.625938 0.940000 0.051875 0.073333
0 0.377188 0.904167 0.060625 0.073333
0 0.980625 0.905417 0.038750 0.080833
0 0.848125 0.884167 0.055000 0.073333
0 0.720000 0.878750 0.065000 0.087500
0 0.453437 0.858333 0.051875 0.078333
0 0.340000 0.837083 0.058750 0.087500
0 0.555312 0.820417 0.065625 0.082500
0 0.764062 0.813750 0.058125 0.072500
0 0.875313 0.813750 0.055625 0.075833
0 0.492188 0.798750 0.049375 0.072500
0 0.608125 0.775000 0.055000 0.076667
0 0.524062 0.760833 0.055625 0.073333
0 0.016875 0.753750 0.033750 0.070833
0 0.699375 0.760417 0.065000 0.087500
0 0.808125 0.748333 0.066250 0.086667
0 0.390000 0.746667 0.066250 0.083333
0 0.535625 0.709167 0.062500 0.080000
0 0.892188 0.718750 0.061875 0.124167
0 0.585938 0.667917 0.063125 0.067500
0 0.324375 0.653333 0.055000 0.078333
0 0.905000 0.628750 0.057500 0.059167
0 0.502500 0.626250 0.062500 0.079167
0 0.362812 0.597500 0.051875 0.070000
0 0.595625 0.595417 0.060000 0.074167
0 0.171563 0.601667 0.069375 0.091667
0 0.286250 0.591250 0.058750 0.095833
0 0.870313 0.565000 0.086875 0.073333
0 0.764062 0.569583 0.053125 0.085833
0 0.217188 0.561667 0.059375 0.085000
0 0.106250 0.557083 0.081250 0.080833
0 0.816875 0.539167 0.045000 0.073333
0 0.402500 0.539167 0.060000 0.091667
0 0.165000 0.513750 0.065000 0.074167
0 0.534375 0.533750 0.105000 0.122500
0 0.605938 0.503333 0.046875 0.076667
0 0.260000 0.502500 0.062500 0.086667
0 0.095312 0.482500 0.069375 0.065000
0 0.673750 0.480000 0.051250 0.075000
0 0.885000 0.485833 0.080000 0.090000
0 0.018125 0.466667 0.036250 0.096667
0 0.180312 0.455417 0.069375 0.082500
0 0.377812 0.428333 0.050625 0.073333
0 0.327813 0.415833 0.050625 0.071667
0 0.616563 0.413333 0.038125 0.073333
0 0.953125 0.410833 0.058750 0.078333
0 0.457813 0.407500 0.058125 0.081667
0 0.866563 0.431667 0.105625 0.143333
0 0.665625 0.396250 0.053750 0.075833
0 0.271562 0.391250 0.050625 0.072500
0 0.163125 0.376667 0.056250 0.066667
0 0.411250 0.368333 0.060000 0.091667
0 0.589688 0.348750 0.051875 0.075833
0 0.321562 0.335000 0.053125 0.068333
0 0.847187 0.337500 0.065625 0.091667
0 0.461562 0.327083 0.053125 0.070833
0 0.206250 0.332083 0.065000 0.084167
0 0.910937 0.321250 0.060625 0.092500
0 0.015312 0.308333 0.030625 0.076667
0 0.642500 0.312917 0.065000 0.087500
0 0.968125 0.300833 0.063750 0.091667
0 0.101875 0.272917 0.065000 0.087500
0 0.704375 0.273333 0.063750 0.093333
0 0.240313 0.240417 0.058125 0.109167
0 0.390625 0.226667 0.063750 0.090000
0 0.120000 0.202500 0.053750 0.066667
0 0.655000 0.189167 0.051250 0.071667
0 0.072188 0.178750 0.061875 0.079167
0 0.865938 0.156667 0.073125 0.080000
0 0.512188 0.168750 0.070625 0.104167
0 0.330000 0.153333 0.066250 0.076667
0 0.251250 0.133750 0.055000 0.072500
0 0.556875 0.130000 0.057500 0.080000
0 0.025937 0.137083 0.051875 0.110833
0 0.139063 0.116667 0.063125 0.085000
0 0.690625 0.102500 0.065000 0.090000
0 0.470625 0.089167 0.057500 0.073333
0 0.189062 0.073333 0.048125 0.068333
0 0.630313 0.075000 0.056875 0.075000
0 0.255312 0.057083 0.051875 0.075833
0 0.342500 0.067083 0.098750 0.102500
0 0.849063 0.062083 0.073125 0.095833
0 0.543125 0.046250 0.047500 0.072500
0 0.490938 0.030000 0.055625 0.060000
0 0.302187 0.027917 0.045625 0.055833