0 0.223438 0.978750 0.074375 0.042500
0 0.925937 0.977500 0.063125 0.045000
0 0.499375 0.977083 0.041250 0.045833
0 0.443750 0.975000 0.056250 0.050000
0 0.027813 0.972083 0.055625 0.055833
0 0.235000 0.930417 0.067500 0.077500
0 0.769375 0.932917 0.060000 0.089167
0 0.305312 0.910000 0.083125 0.098333
0 0.369063 0.900417 0.059375 0.080833
0 0.737187 0.895417 0.060625 0.084167
0 0.493750 0.882917 0.081250 0.094167
0 0.970000 0.884583 0.060000 0.127500
0 0.265313 0.843750 0.090625 0.059167
0 0.932187 0.814583 0.059375 0.079167
0 0.138125 0.810000 0.065000 0.081667
0 0.274375 0.784583 0.056250 0.074167
0 0.200937 0.756667 0.080625 0.098333
0 0.747812 0.772500 0.086875 0.133333
0 0.787500 0.729167 0.050000 0.076667
0 0.955625 0.724583 0.066250 0.072500
0 0.510938 0.715000 0.056875 0.081667
0 0.634687 0.684167 0.058125 0.090000
0 0.195000 0.652083 0.058750 0.067500
0 0.880000 0.647083 0.060000 0.074167
0 0.568438 0.651250 0.064375 0.082500
0 0.808438 0.635417 0.060625 0.070833
0 0.329688 0.598333 0.064375 0.075000
0 0.493750 0.598750 0.078750 0.099167
0 0.870625 0.565833 0.052500 0.071667
0 0.386875 0.585417 0.081250 0.127500
0 0.223750 0.560000 0.071250 0.091667
0 0.032813 0.554583 0.061875 0.082500
0 0.958125 0.572500 0.083750 0.123333
0 0.775312 0.550417 0.064375 0.084167
0 0.561250 0.525833 0.042500 0.098333
0 0.613437 0.489583 0.059375 0.065833
0 0.851250 0.477917 0.052500 0.069167
0 0.480312 0.468750 0.065625 0.094167
0 0.771563 0.447917 0.063125 0.084167
0 0.941875 0.441667 0.066250 0.090000
0 0.894375 0.417500 0.063750 0.076667
0 0.134063 0.413750 0.103125 0.109167
0 0.230937 0.394583 0.063125 0.080833
0 0.023750 0.390833 0.047500 0.081667
0 0.829375 0.367917 0.056250 0.074167
0 0.335938 0.373750 0.060625 0.085833
0 0.459375 0.362083 0.057500 0.080833
0 0.408438 0.353333 0.053125 0.086667
0 0.790937 0.302500 0.045625 0.066667
0 0.718437 0.328750 0.075625 0.122500
0 0.526250 0.314167 0.063750 0.093333
0 0.979062 0.302917 0.041875 0.089167
0 0.224688 0.291250 0.075625 0.082500
0 0.307500 0.274167 0.066250 0.083333
0 0.648125 0.286667 0.116250 0.146667
0 0.903438 0.219167 0.064375 0.085000
0 0.975000 0.193750 0.050000 0.080833
0 0.061875 0.190000 0.052500 0.088333
0 0.291250 0.165417 0.066250 0.090833
0 0.903750 0.155000 0.073750 0.073333
0 0.752500 0.166250 0.108750 0.139167
0 0.330937 0.069167 0.061875 0.066667
0 0.122500 0.068750 0.077500 0.069167
0 0.630625 0.047500 0.055000 0.071667
0 0.382500 0.064583 0.061250 0.117500
0 0.489687 0.050000 0.058125 0.095000
0 0.972500 0.033750 0.052500 0.067500
0 0.815625 0.034167 0.092500 0.068333
0 0.567187 0.015417 0.053125 0.030833
0 0.429375 0.039583 0.065000 0.079167