0 0.877500 0.969167 0.117500 0.061667
0 0.223750 0.968333 0.087500 0.063333
0 0.662813 0.935833 0.096875 0.073333
0 0.249062 0.914167 0.059375 0.070000
0 0.906563 0.914583 0.094375 0.072500
0 0.308125 0.907917 0.057500 0.087500
0 0.955000 0.872917 0.063750 0.070833
0 0.124688 0.875000 0.081875 0.075000
0 0.767500 0.877500 0.051250 0.096667
0 0.853125 0.865833 0.097500 0.096667
0 0.986250 0.818750 0.027500 0.075833
0 0.945000 0.814167 0.058750 0.070000
0 0.127812 0.810417 0.064375 0.080833
0 0.205313 0.775000 0.066875 0.060000
0 0.616250 0.772083 0.057500 0.059167
0 0.767500 0.770833 0.086250 0.100000
0 0.971250 0.732500 0.057500 0.068333
0 0.479063 0.732500 0.063125 0.080000
0 0.210000 0.714167 0.070000 0.068333
0 0.140000 0.714583 0.058750 0.077500
0 0.893125 0.708333 0.070000 0.075000
0 0.403750 0.702083 0.061250 0.079167
0 0.646250 0.683333 0.066250 0.085000
0 0.187500 0.660833 0.068750 0.070000
0 0.891250 0.621667 0.061250 0.081667
0 0.548438 0.608750 0.074375 0.084167
0 0.788125 0.599167 0.067500 0.073333
0 0.827187 0.607917 0.060625 0.095833
0 0.168750 0.588333 0.056250 0.065000
0 0.667813 0.562500 0.104375 0.093333
0 0.180625 0.513750 0.063750 0.067500
0 0.890000 0.508333 0.108750 0.108333
0 0.500000 0.492500 0.056250 0.086667
0 0.448750 0.492917 0.056250 0.089167
0 0.095625 0.474167 0.057500 0.070000
0 0.816875 0.453333 0.057500 0.076667
0 0.534062 0.435833 0.050625 0.071667
0 0.423750 0.437917 0.061250 0.079167
0 0.766563 0.437500 0.061875 0.100000
0 0.479687 0.412917 0.059375 0.072500
0 0.128750 0.391667 0.100000 0.090000
0 0.338750 0.385833 0.063750 0.083333
0 0.948750 0.350833 0.102500 0.073333
0 0.261250 0.345833 0.071250 0.076667
0 0.059687 0.327083 0.065625 0.077500
0 0.157812 0.322083 0.070625 0.074167
0 0.967500 0.305000 0.065000 0.070000
0 0.854688 0.282083 0.063125 0.077500
0 0.313125 0.282500 0.055000 0.080000
0 0.767188 0.265833 0.066875 0.081667
0 0.090938 0.254167 0.081875 0.108333
0 0.228125 0.233333 0.072500 0.088333
0 0.708438 0.197917 0.060625 0.094167
0 0.650312 0.189583 0.061875 0.082500
0 0.584688 0.150000 0.075625 0.075000
0 0.165625 0.146667 0.055000 0.086667
0 0.217500 0.140000 0.052500 0.083333
0 0.095937 0.127917 0.083125 0.069167
0 0.645000 0.106667 0.071250 0.076667
0 0.271875 0.103333 0.067500 0.081667
0 0.810000 0.054167 0.073750 0.090000
0 0.943750 0.049167 0.061250 0.086667
0 0.331250 0.037917 0.072500 0.064167
0 0.727187 0.031250 0.055625 0.062500
0 0.660000 0.037083 0.065000 0.074167
0 0.596562 0.033333 0.063125 0.066667
0 0.267188 0.028750 0.063125 0.057500