0 0.282500 0.982917 0.068750 0.034167
0 0.879375 0.979583 0.070000 0.040833
0 0.020313 0.979583 0.040625 0.040833
0 0.654375 0.974167 0.105000 0.051667
0 0.511250 0.971250 0.073750 0.057500
0 0.207500 0.956250 0.068750 0.087500
0 0.063437 0.943333 0.073125 0.096667
0 0.357500 0.929167 0.078750 0.076667
0 0.013437 0.920417 0.026875 0.060833
0 0.885000 0.909167 0.076250 0.086667
0 0.797500 0.888333 0.071250 0.085000
0 0.720625 0.881667 0.072500 0.098333
0 0.015312 0.850000 0.030625 0.075000
0 0.134063 0.855000 0.080625 0.091667
0 0.607500 0.855000 0.068750 0.100000
0 0.541250 0.848750 0.063750 0.109167
0 0.060000 0.833333 0.068750 0.095000
0 0.930000 0.828333 0.071250 0.091667
0 0.483125 0.829583 0.076250 0.102500
0 0.355000 0.801667 0.073750 0.098333
0 0.240625 0.788333 0.085000 0.091667
0 0.579063 0.771250 0.065625 0.099167
0 0.640625 0.763333 0.071250 0.093333
0 0.147500 0.755833 0.066250 0.086667
0 0.414687 0.725833 0.036875 0.036667
0 0.503437 0.753333 0.080625 0.103333
0 0.303125 0.707083 0.056250 0.085833
0 0.241250 0.702083 0.080000 0.077500
0 0.801250 0.705833 0.076250 0.100000
0 0.077500 0.701667 0.066250 0.105000
0 0.162188 0.666667 0.128125 0.056667
0 0.427187 0.662917 0.073125 0.094167
0 0.945937 0.654167 0.071875 0.086667
0 0.374688 0.653750 0.045625 0.099167
0 0.523750 0.630000 0.071250 0.085000
0 0.447500 0.618333 0.090000 0.075000
0 0.031563 0.617500 0.063125 0.076667
0 0.611250 0.622500 0.062500 0.105000
0 0.218438 0.610833 0.106875 0.090000
0 0.670937 0.611667 0.065625 0.100000
0 0.445312 0.558750 0.068125 0.052500
0 0.245938 0.556667 0.096875 0.093333
0 0.406562 0.524167 0.063125 0.076667
0 0.140000 0.528750 0.073750 0.085833
0 0.280938 0.522500 0.073125 0.083333
0 0.522188 0.497917 0.069375 0.090833
0 0.453437 0.485417 0.069375 0.099167
0 0.655625 0.475000 0.067500 0.095000
0 0.857500 0.444167 0.068750 0.093333
0 0.262813 0.426667 0.071875 0.098333
0 0.381875 0.426667 0.061250 0.101667
0 0.326562 0.420000 0.063125 0.091667
0 0.466562 0.396250 0.055625 0.087500
0 0.522500 0.392917 0.065000 0.094167
0 0.617500 0.392500 0.073750 0.096667
0 0.985000 0.370000 0.030000 0.081667
0 0.763750 0.347500 0.073750 0.103333
0 0.155312 0.323750 0.064375 0.094167
0 0.660625 0.310417 0.065000 0.089167
0 0.364375 0.315000 0.067500 0.098333
0 0.507500 0.294167 0.078750 0.090000
0 0.105313 0.287917 0.075625 0.104167
0 0.045000 0.254583 0.078750 0.075833
0 0.985313 0.246667 0.029375 0.091667
0 0.215625 0.207500 0.092500 0.080000
0 0.895000 0.200833 0.068750 0.083333
0 0.370625 0.195417 0.062500 0.094167
0 0.531563 0.177917 0.126875 0.097500
0 0.560937 0.136667 0.084375 0.090000
0 0.310312 0.161667 0.080625 0.150000
0 0.613750 0.105833 0.078750 0.066667
0 0.928750 0.094167 0.073750 0.096667
0 0.255625 0.045833 0.067500 0.086667
0 0.841562 0.017917 0.063125 0.035833
0 0.660625 0.027083 0.072500 0.054167
0 0.536250 0.042917 0.071250 0.085833
0 0.407500 0.047083 0.068750 0.094167
0 0.195937 0.018750 0.073125 0.037500