0 0.895000 0.965833 0.082500 0.068333
0 0.343438 0.964167 0.073125 0.071667
0 0.029063 0.962500 0.058125 0.075000
0 0.401875 0.935000 0.070000 0.083333
0 0.941250 0.907917 0.081250 0.107500
0 0.350313 0.890000 0.055625 0.076667
0 0.293125 0.894167 0.062500 0.088333
0 0.035937 0.874167 0.071875 0.118333
0 0.129688 0.848750 0.064375 0.085833
0 0.079062 0.830833 0.058125 0.075000
0 0.895000 0.839583 0.082500 0.119167
0 0.940625 0.811250 0.061250 0.084167
0 0.273750 0.801667 0.111250 0.121667
0 0.064687 0.772917 0.066875 0.067500
0 0.533750 0.825833 0.088750 0.195000
0 0.455625 0.796250 0.110000 0.149167
0 0.824375 0.751667 0.071250 0.106667
0 0.604062 0.734167 0.068125 0.105000
0 0.062187 0.710417 0.055625 0.082500
0 0.938125 0.697083 0.068750 0.089167
0 0.440312 0.692083 0.074375 0.112500
0 0.783125 0.696667 0.090000 0.123333
0 0.557500 0.685417 0.071250 0.110833
0 0.706562 0.672083 0.064375 0.100833
0 0.027813 0.654167 0.055625 0.095000
0 0.364375 0.639167 0.080000 0.091667
0 0.751250 0.613333 0.063750 0.086667
0 0.823750 0.555417 0.060000 0.077500
0 0.357187 0.526667 0.111875 0.155000
0 0.464375 0.486667 0.076250 0.086667
0 0.408438 0.498333 0.066875 0.110000
0 0.884687 0.512083 0.084375 0.150833
0 0.084375 0.457917 0.061250 0.074167
0 0.027187 0.451250 0.054375 0.075833
0 0.139687 0.417083 0.069375 0.080833
0 0.768125 0.404167 0.101250 0.108333
0 0.870000 0.395417 0.072500 0.092500
0 0.212188 0.361250 0.120625 0.100833
0 0.130312 0.338750 0.131875 0.092500
0 0.793438 0.306250 0.070625 0.082500
0 0.537188 0.303333 0.115625 0.156667
0 0.718750 0.255833 0.072500 0.086667
0 0.455000 0.218750 0.083750 0.097500
0 0.608750 0.205000 0.072500 0.093333
0 0.194688 0.189583 0.065625 0.075833
0 0.713750 0.176250 0.053750 0.077500
0 0.780625 0.195417 0.081250 0.125833
0 0.505938 0.167500 0.075625 0.101667
0 0.818438 0.139583 0.069375 0.085833
0 0.913438 0.127500 0.109375 0.090000
0 0.865000 0.071250 0.065000 0.079167
0 0.790000 0.070000 0.071250 0.086667
0 0.699375 0.060000 0.073750 0.090000
0 0.057813 0.061250 0.115625 0.097500
0 0.387500 0.056250 0.065000 0.090833
0 0.940625 0.042917 0.068750 0.085833
0 0.203437 0.033750 0.083125 0.067500