0 0.898438 0.979583 0.059375 0.040833
0 0.634375 0.978750 0.060000 0.042500
0 0.178750 0.975417 0.062500 0.049167
0 0.565937 0.969167 0.055625 0.061667
0 0.961250 0.963750 0.062500 0.072500
0 0.679063 0.948333 0.044375 0.076667
0 0.471875 0.948750 0.055000 0.095833
0 0.815000 0.918333 0.062500 0.076667
0 0.197813 0.910000 0.066875 0.068333
0 0.113750 0.900000 0.062500 0.073333
0 0.651875 0.897917 0.090000 0.089167
0 0.577812 0.878333 0.081875 0.121667
0 0.152188 0.855000 0.061875 0.078333
0 0.232500 0.852083 0.071250 0.092500
0 0.857500 0.856250 0.083750 0.105833
0 0.416563 0.846250 0.064375 0.085833
0 0.770938 0.832083 0.059375 0.080833
0 0.920000 0.805417 0.052500 0.069167
0 0.539062 0.796667 0.054375 0.075000
0 0.077813 0.786250 0.063125 0.082500
0 0.874375 0.777917 0.061250 0.075833
0 0.441250 0.768333 0.060000 0.083333
0 0.638437 0.726250 0.054375 0.075833
0 0.367500 0.735833 0.107500 0.110000
0 0.183438 0.715417 0.046875 0.074167
0 0.050625 0.712500 0.063750 0.076667
0 0.760000 0.721667 0.081250 0.118333
0 0.311563 0.680417 0.060625 0.060833
0 0.603750 0.660833 0.055000 0.078333
0 0.780625 0.650833 0.062500 0.065000
0 0.468438 0.625417 0.058125 0.075833
0 0.968750 0.619167 0.062500 0.066667
0 0.166875 0.635000 0.076250 0.116667
0 0.530000 0.602917 0.066250 0.097500
0 0.345625 0.587917 0.063750 0.067500
0 0.767813 0.588333 0.063125 0.075000
0 0.278438 0.596667 0.063125 0.093333
0 0.964063 0.564167 0.068125 0.091667
0 0.575000 0.528750 0.072500 0.079167
0 0.757812 0.512500 0.063125 0.078333
0 0.951562 0.491250 0.061875 0.067500
0 0.253437 0.462083 0.051875 0.042500
0 0.082187 0.479583 0.058125 0.080833
0 0.379688 0.463333 0.060625 0.083333
0 0.765625 0.430417 0.060000 0.067500
0 0.184688 0.435000 0.063125 0.076667
0 0.965000 0.428750 0.070000 0.072500
0 0.163750 0.366667 0.045000 0.063333
0 0.970938 0.360833 0.055625 0.060000
0 0.551250 0.366667 0.067500 0.090000
0 0.309688 0.361250 0.059375 0.082500
0 0.640938 0.359167 0.059375 0.090000
0 0.471562 0.350000 0.066875 0.083333
0 0.117188 0.342083 0.055625 0.084167
0 0.025313 0.315000 0.050625 0.065000
0 0.369688 0.289167 0.055625 0.073333
0 0.906875 0.287083 0.065000 0.095833
0 0.464687 0.280417 0.088125 0.084167
0 0.624062 0.265833 0.061875 0.078333
0 0.296250 0.255833 0.058750 0.078333
0 0.058125 0.231250 0.060000 0.077500
0 0.874062 0.217083 0.059375 0.075833
0 0.628750 0.180000 0.060000 0.076667
0 0.372812 0.168333 0.054375 0.083333
0 0.476562 0.165000 0.063125 0.081667
0 0.552188 0.155417 0.083125 0.070833
0 0.057188 0.151667 0.058125 0.073333
0 0.286875 0.152500 0.061250 0.090000
0 0.739688 0.146250 0.064375 0.080833
0 0.107813 0.130000 0.051875 0.068333
0 0.411875 0.112500 0.046250 0.070000
0 0.508437 0.078333 0.046875 0.065000
0 0.179375 0.085417 0.065000 0.089167
0 0.806250 0.075000 0.057500 0.078333
0 0.964063 0.060417 0.066875 0.084167
0 0.276562 0.057500 0.050625 0.085000
0 0.455313 0.050000 0.060625 0.083333
0 0.389375 0.042500 0.063750 0.083333
0 0.736875 0.037917 0.058750 0.075833
0 0.581250 0.038333 0.067500 0.076667
0 0.520312 0.027917 0.066875 0.055833