0 0.777500 0.977083 0.056250 0.045833
0 0.965000 0.976250 0.061250 0.047500
0 0.566250 0.974583 0.078750 0.050833
0 0.479687 0.972917 0.065625 0.054167
0 0.830937 0.960833 0.053125 0.078333
0 0.099687 0.957500 0.050625 0.073333
0 0.345625 0.942917 0.058750 0.070833
0 0.617812 0.930000 0.054375 0.066667
0 0.553750 0.911250 0.055000 0.072500
0 0.243125 0.905833 0.061250 0.075000
0 0.454375 0.903333 0.072500 0.076667
0 0.852812 0.876667 0.053125 0.073333
0 0.664375 0.868750 0.063750 0.080833
0 0.322500 0.856250 0.072500 0.070833
0 0.940312 0.851250 0.056875 0.069167
0 0.424375 0.840000 0.061250 0.076667
0 0.110625 0.833333 0.062500 0.076667
0 0.810937 0.827500 0.060625 0.076667
0 0.771563 0.788750 0.060625 0.084167
0 0.976250 0.793750 0.047500 0.095833
0 0.923125 0.770417 0.052500 0.074167
0 0.671250 0.770417 0.052500 0.074167
0 0.261250 0.757500 0.056250 0.078333
0 0.174687 0.753750 0.061875 0.074167
0 0.958750 0.708333 0.075000 0.080000
0 0.130312 0.694583 0.065625 0.072500
0 0.293438 0.674167 0.076875 0.071667
0 0.449688 0.669583 0.050625 0.072500
0 0.187188 0.667083 0.068125 0.075833
0 0.505313 0.665833 0.050625 0.091667
0 0.916875 0.634167 0.062500 0.068333
0 0.768437 0.621250 0.063125 0.072500
0 0.350313 0.612917 0.068125 0.077500
0 0.979688 0.600833 0.040625 0.070000
0 0.270313 0.609167 0.081875 0.086667
0 0.194375 0.576250 0.061250 0.072500
0 0.017188 0.575833 0.034375 0.073333
0 0.940000 0.571667 0.081250 0.075000
0 0.256250 0.543750 0.073750 0.067500
0 0.425000 0.542500 0.067500 0.083333
0 0.854062 0.531667 0.068125 0.076667
0 0.192812 0.489583 0.050625 0.065833
0 0.637188 0.477500 0.063125 0.068333
0 0.940937 0.484167 0.070625 0.083333
0 0.264688 0.463333 0.070625 0.068333
0 0.406250 0.461250 0.057500 0.074167
0 0.720938 0.448333 0.065625 0.083333
0 0.332813 0.425000 0.056875 0.066667
0 0.222500 0.418750 0.051250 0.070833
0 0.119063 0.418333 0.059375 0.080000
0 0.536875 0.372917 0.056250 0.062500
0 0.158125 0.375000 0.055000 0.068333
0 0.275313 0.376250 0.058125 0.072500
0 0.915312 0.349583 0.060625 0.069167
0 0.490312 0.338750 0.056875 0.082500
0 0.822812 0.311667 0.059375 0.075000
0 0.551875 0.293750 0.058750 0.069167
0 0.124375 0.266667 0.053750 0.096667
0 0.634687 0.254583 0.069375 0.074167
0 0.188750 0.257083 0.058750 0.080833
0 0.451562 0.219583 0.060625 0.077500
0 0.960313 0.219167 0.055625 0.085000
0 0.573438 0.207500 0.051875 0.070000
0 0.858750 0.216250 0.068750 0.089167
0 0.780312 0.196250 0.059375 0.079167
0 0.689688 0.187500 0.058125 0.076667
0 0.631563 0.162083 0.063125 0.080833
0 0.931250 0.160833 0.052500 0.090000
0 0.885000 0.160417 0.060000 0.122500
0 0.582812 0.122917 0.068125 0.075833
0 0.855938 0.105417 0.055625 0.074167
0 0.672813 0.097917 0.060625 0.074167
0 0.398125 0.069583 0.053750 0.095833
0 0.186875 0.055000 0.056250 0.081667
0 0.592187 0.040833 0.050625 0.063333
0 0.878750 0.040000 0.056250 0.065000
0 0.342813 0.046667 0.056875 0.085000
0 0.797188 0.019167 0.049375 0.038333
0 0.249688 0.038333 0.049375 0.076667