0 0.462187 0.974583 0.059375 0.050833
0 0.556875 0.958333 0.067500 0.083333
0 0.036250 0.957500 0.058750 0.085000
0 0.087188 0.938750 0.085625 0.112500
0 0.509375 0.897917 0.060000 0.084167
0 0.139063 0.895833 0.059375 0.080000
0 0.201875 0.853750 0.070000 0.085833
0 0.882812 0.854583 0.070625 0.095833
0 0.556562 0.847500 0.059375 0.086667
0 0.816250 0.841250 0.068750 0.082500
0 0.065937 0.843750 0.120625 0.092500
0 0.960938 0.828750 0.078125 0.139167
0 0.512500 0.812083 0.057500 0.105833
0 0.724375 0.807083 0.077500 0.099167
0 0.792500 0.773750 0.065000 0.075833
0 0.612500 0.765833 0.068750 0.068333
0 0.671250 0.767500 0.065000 0.095000
0 0.481250 0.744167 0.063750 0.096667
0 0.042188 0.760000 0.084375 0.128333
0 0.983437 0.741667 0.033125 0.108333
0 0.349375 0.738333 0.092500 0.113333
0 0.900000 0.727917 0.073750 0.094167
0 0.580313 0.717917 0.063125 0.089167
0 0.955000 0.702500 0.052500 0.091667
0 0.737812 0.696250 0.059375 0.080833
0 0.529687 0.661667 0.066875 0.071667
0 0.305625 0.670000 0.077500 0.106667
0 0.915937 0.640417 0.066875 0.095833
0 0.629062 0.621667 0.053125 0.078333
0 0.850000 0.608750 0.073750 0.082500
0 0.757188 0.607917 0.064375 0.082500
0 0.571875 0.611667 0.073750 0.091667
0 0.458437 0.597500 0.061875 0.086667
0 0.327188 0.585833 0.061875 0.100000
0 0.695000 0.580000 0.065000 0.103333
0 0.959375 0.578333 0.073750 0.101667
0 0.094375 0.562083 0.070000 0.110833
0 0.410938 0.542083 0.065625 0.084167
0 0.890625 0.550417 0.070000 0.109167
0 0.355312 0.519583 0.065625 0.080833
0 0.832500 0.522083 0.061250 0.092500
0 0.607187 0.514167 0.064375 0.088333
0 0.105313 0.468750 0.060625 0.084167
0 0.650625 0.451667 0.062500 0.083333
0 0.875000 0.442500 0.060000 0.076667
0 0.265937 0.427917 0.055625 0.090833
0 0.778125 0.433750 0.090000 0.104167
0 0.335313 0.429583 0.090625 0.110833
0 0.703750 0.416250 0.055000 0.087500
0 0.817500 0.375000 0.062500 0.091667
0 0.072188 0.359583 0.065625 0.080833
0 0.880938 0.359583 0.078125 0.090833
0 0.263437 0.341250 0.058125 0.080833
0 0.975938 0.349167 0.048125 0.098333
0 0.370312 0.341250 0.073125 0.089167
0 0.643125 0.332917 0.063750 0.084167
0 0.595000 0.303750 0.066250 0.075833
0 0.490938 0.313750 0.076875 0.109167
0 0.755313 0.312500 0.076875 0.141667
0 0.909062 0.288750 0.080625 0.099167
0 0.069375 0.273750 0.071250 0.089167
0 0.279687 0.271250 0.068125 0.085833
0 0.170313 0.272500 0.071875 0.090000
0 0.826562 0.259167 0.065625 0.091667
0 0.340938 0.231250 0.063125 0.082500
0 0.123438 0.231667 0.059375 0.086667
0 0.548750 0.240000 0.081250 0.106667
0 0.695000 0.207083 0.057500 0.077500
0 0.865313 0.212917 0.070625 0.107500
0 0.936250 0.204167 0.072500 0.091667
0 0.397500 0.202083 0.067500 0.087500
0 0.980313 0.190833 0.039375 0.096667
0 0.183438 0.181250 0.069375 0.095833
0 0.479375 0.165000 0.070000 0.098333
0 0.772813 0.172917 0.080625 0.119167
0 0.648438 0.152083 0.065625 0.095833
0 0.322188 0.146250 0.069375 0.089167
0 0.923125 0.132083 0.078750 0.077500
0 0.438125 0.141250 0.076250 0.095833
0 0.068125 0.123333 0.067500 0.080000
0 0.689375 0.119167 0.076250 0.095000
0 0.609062 0.107500 0.070625 0.095000
0 0.377812 0.113333 0.069375 0.110000
0 0.270000 0.095833 0.070000 0.096667
0 0.551562 0.110000 0.070625 0.143333
0 0.410625 0.068750 0.070000 0.085833
0 0.973750 0.057083 0.052500 0.114167
0 0.704688 0.039583 0.123125 0.079167
0 0.472813 0.030000 0.079375 0.060000
0 0.322500 0.049583 0.090000 0.099167
0 0.231875 0.039167 0.055000 0.078333
0 0.108750 0.028750 0.061250 0.057500
0 0.037812 0.023333 0.075625 0.046667