0 0.129375 0.980000 0.066250 0.040000
0 0.325000 0.973333 0.062500 0.053333
0 0.607500 0.972917 0.047500 0.054167
0 0.454062 0.970833 0.064375 0.058333
0 0.715313 0.965000 0.054375 0.070000
0 0.783125 0.964583 0.073750 0.070833
0 0.389375 0.963333 0.073750 0.073333
0 0.965938 0.962917 0.068125 0.074167
0 0.846562 0.955833 0.069375 0.063333
0 0.030625 0.961667 0.061250 0.076667
0 0.808750 0.910000 0.051250 0.065000
0 0.187188 0.916667 0.061875 0.081667
0 0.920000 0.906250 0.061250 0.065833
0 0.114687 0.906250 0.061875 0.087500
0 0.393750 0.891667 0.057500 0.068333
0 0.450625 0.892917 0.057500 0.074167
0 0.589063 0.879167 0.058125 0.058333
0 0.042188 0.903750 0.084375 0.109167
0 0.322813 0.894583 0.098125 0.115833
0 0.858437 0.875000 0.075625 0.098333
0 0.238750 0.865833 0.058750 0.085000
0 0.912813 0.847083 0.050625 0.055833
0 0.574063 0.825417 0.054375 0.059167
0 0.431563 0.825417 0.074375 0.079167
0 0.278438 0.831250 0.066875 0.104167
0 0.767500 0.804167 0.058750 0.075000
0 0.110625 0.799583 0.055000 0.084167
0 0.884062 0.791250 0.058125 0.082500
0 0.170937 0.819583 0.088125 0.139167
0 0.370625 0.802083 0.077500 0.110833
0 0.933438 0.774583 0.048125 0.082500
0 0.081250 0.757917 0.048750 0.060833
0 0.210625 0.765000 0.060000 0.083333
0 0.845938 0.753333 0.064375 0.081667
0 0.975938 0.773750 0.048125 0.132500
0 0.459688 0.764583 0.176875 0.125833
0 0.245312 0.723750 0.051875 0.072500
0 0.735938 0.727917 0.070625 0.089167
0 0.796875 0.726667 0.056250 0.093333
0 0.168125 0.706250 0.050000 0.069167
0 0.356250 0.707083 0.046250 0.084167
0 0.055625 0.692083 0.073750 0.094167
0 0.622812 0.679583 0.041875 0.072500
0 0.433750 0.681667 0.106250 0.090000
0 0.884687 0.669167 0.056875 0.078333
0 0.667188 0.668750 0.051875 0.085833
0 0.973750 0.665417 0.052500 0.102500
0 0.755000 0.640833 0.080000 0.095000
0 0.485312 0.638333 0.074375 0.095000
0 0.614062 0.614167 0.049375 0.070000
0 0.973125 0.600000 0.053750 0.058333
0 0.118438 0.588333 0.059375 0.091667
0 0.224375 0.581250 0.056250 0.080833
0 0.299063 0.571667 0.063125 0.086667
0 0.738750 0.559167 0.060000 0.066667
0 0.176563 0.564167 0.065625 0.088333
0 0.514687 0.551250 0.053125 0.065833
0 0.409062 0.537500 0.054375 0.073333
0 0.634375 0.540833 0.067500 0.083333
0 0.972500 0.520000 0.055000 0.086667
0 0.904687 0.523750 0.073125 0.104167
0 0.082500 0.504583 0.066250 0.084167
0 0.775937 0.500417 0.061875 0.082500
0 0.358438 0.498750 0.060625 0.079167
0 0.835938 0.501667 0.056875 0.091667
0 0.710000 0.496667 0.062500 0.086667
0 0.642500 0.488750 0.063750 0.070833
0 0.209063 0.494583 0.064375 0.087500
0 0.018437 0.480000 0.036875 0.063333
0 0.459375 0.501250 0.090000 0.125833
0 0.585000 0.455000 0.056250 0.070000
0 0.969688 0.440000 0.058125 0.068333
0 0.112500 0.434583 0.045000 0.064167
0 0.365312 0.422500 0.055625 0.068333
0 0.017500 0.416667 0.035000 0.066667
0 0.777813 0.417500 0.055625 0.078333
0 0.423125 0.410000 0.065000 0.088333
0 0.830000 0.391667 0.052500 0.066667
0 0.185938 0.382083 0.056875 0.075833
0 0.983437 0.378333 0.033125 0.071667
0 0.386250 0.364167 0.052500 0.071667
0 0.482500 0.370000 0.062500 0.090000
0 0.058125 0.360833 0.062500 0.080000
0 0.624062 0.350000 0.046875 0.065000
0 0.118125 0.334167 0.052500 0.068333
0 0.523750 0.331667 0.053750 0.068333
0 0.831562 0.319167 0.046875 0.070000
0 0.731250 0.330417 0.057500 0.092500
0 0.936250 0.314167 0.061250 0.068333
0 0.278750 0.314583 0.061250 0.080833
0 0.785000 0.312500 0.052500 0.081667
0 0.675312 0.296250 0.063125 0.074167
0 0.553125 0.292083 0.050000 0.069167
0 0.380937 0.292917 0.050625 0.070833
0 0.441250 0.291250 0.061250 0.069167
0 0.870000 0.286250 0.057500 0.075833
0 0.501563 0.277083 0.058125 0.065833
0 0.983437 0.287083 0.033125 0.110833
0 0.117500 0.260417 0.061250 0.074167
0 0.031250 0.240000 0.062500 0.081667
0 0.941250 0.231667 0.060000 0.093333
0 0.886250 0.227083 0.056250 0.090833
0 0.466250 0.218333 0.056250 0.080000
0 0.172187 0.221667 0.063125 0.093333
0 0.233750 0.207083 0.055000 0.069167
0 0.805312 0.210000 0.060625 0.088333
0 0.741563 0.203750 0.059375 0.084167
0 0.574063 0.201250 0.040625 0.090833
0 0.680625 0.175417 0.057500 0.069167
0 0.383437 0.167917 0.048125 0.082500
0 0.619375 0.174583 0.063750 0.120833
0 0.730313 0.143333 0.070625 0.075000
0 0.283438 0.119583 0.066875 0.087500
0 0.215312 0.119583 0.064375 0.095833
0 0.581875 0.114583 0.063750 0.087500
0 0.432188 0.136667 0.065625 0.131667
0 0.888437 0.095833 0.064375 0.081667
0 0.531563 0.092083 0.060625 0.084167
0 0.730938 0.072500 0.060625 0.065000
0 0.341250 0.067083 0.067500 0.074167
0 0.930937 0.046250 0.051875 0.077500
0 0.842187 0.040417 0.054375 0.070833
0 0.742188 0.024583 0.066875 0.049167
0 0.680937 0.038333 0.054375 0.076667
0 0.573438 0.035833 0.058125 0.071667
0 0.446562 0.020833 0.054375 0.041667
0 0.385625 0.039583 0.086250 0.079167
0 0.277813 0.037917 0.059375 0.075833
0 0.145000 0.034583 0.057500 0.069167