0 0.621250 0.983750 0.060000 0.032500
0 0.067187 0.975417 0.064375 0.049167
0 0.475938 0.967500 0.059375 0.065000
0 0.764062 0.960000 0.060625 0.080000
0 0.698438 0.957083 0.084375 0.085833
0 0.540625 0.935000 0.053750 0.075000
0 0.876875 0.920833 0.065000 0.070000
0 0.141563 0.941250 0.084375 0.114167
0 0.605313 0.914583 0.056875 0.094167
0 0.061250 0.892917 0.057500 0.077500
0 0.786875 0.873750 0.052500 0.072500
0 0.302500 0.842083 0.045000 0.069167
0 0.186250 0.832083 0.070000 0.072500
0 0.102813 0.856250 0.070625 0.124167
0 0.563750 0.830833 0.057500 0.075000
0 0.825313 0.812083 0.060625 0.079167
0 0.750938 0.818750 0.084375 0.100833
0 0.249375 0.796250 0.055000 0.074167
0 0.640000 0.787500 0.056250 0.073333
0 0.372500 0.792917 0.067500 0.089167
0 0.467813 0.785000 0.066875 0.095000
0 0.529687 0.775417 0.058125 0.077500
0 0.133437 0.760833 0.050625 0.075000
0 0.195625 0.757083 0.063750 0.080833
0 0.080000 0.743333 0.055000 0.080000
0 0.024688 0.731667 0.049375 0.065000
0 0.845625 0.731250 0.057500 0.075833
0 0.251563 0.715417 0.058125 0.079167
0 0.542813 0.709167 0.054375 0.071667
0 0.199375 0.683750 0.061250 0.070833
0 0.467187 0.672500 0.060625 0.078333
0 0.718125 0.668333 0.066250 0.078333
0 0.025000 0.660000 0.050000 0.081667
0 0.112500 0.663750 0.071250 0.119167
0 0.275000 0.632917 0.061250 0.087500
0 0.854688 0.627083 0.064375 0.079167
0 0.544063 0.620000 0.063125 0.076667
0 0.195937 0.609583 0.069375 0.082500
0 0.056875 0.595000 0.060000 0.078333
0 0.707812 0.592083 0.053125 0.074167
0 0.465000 0.585000 0.063750 0.076667
0 0.633125 0.551667 0.052500 0.075000
0 0.852187 0.547500 0.059375 0.075000
0 0.919375 0.540417 0.063750 0.084167
0 0.517188 0.525833 0.064375 0.090000
0 0.364375 0.525000 0.068750 0.093333
0 0.017812 0.531667 0.035625 0.130000
0 0.580313 0.510000 0.054375 0.088333
0 0.126562 0.496667 0.056875 0.066667
0 0.985313 0.485417 0.029375 0.082500
0 0.181562 0.472917 0.056875 0.079167
0 0.930937 0.454167 0.059375 0.076667
0 0.774375 0.448750 0.066250 0.085833
0 0.025937 0.426667 0.051875 0.083333
0 0.888750 0.417500 0.070000 0.080000
0 0.715313 0.410417 0.063125 0.085833
0 0.492500 0.402500 0.061250 0.080000
0 0.288125 0.388750 0.062500 0.082500
0 0.876563 0.362917 0.063125 0.067500
0 0.656250 0.334583 0.053750 0.079167
0 0.197813 0.315417 0.064375 0.084167
0 0.896875 0.292500 0.053750 0.066667
0 0.439688 0.285000 0.060625 0.083333
0 0.580625 0.261667 0.060000 0.080000
0 0.489063 0.257500 0.059375 0.076667
0 0.125938 0.251250 0.060625 0.065833
0 0.266562 0.228750 0.048125 0.069167
0 0.354687 0.230417 0.059375 0.075833
0 0.015000 0.234583 0.030000 0.084167
0 0.688125 0.234583 0.067500 0.085833
0 0.800000 0.208333 0.048750 0.068333
0 0.848125 0.185000 0.058750 0.070000
0 0.658125 0.180833 0.055000 0.073333
0 0.118750 0.183750 0.075000 0.082500
0 0.382500 0.173333 0.057500 0.073333
0 0.223438 0.190417 0.080625 0.115833
0 0.985313 0.156667 0.029375 0.085000
0 0.937813 0.153333 0.064375 0.086667
0 0.778125 0.143333 0.062500 0.073333
0 0.291250 0.140833 0.058750 0.078333
0 0.841875 0.122500 0.061250 0.083333
0 0.095625 0.095417 0.063750 0.077500
0 0.475938 0.075833 0.046875 0.066667
0 0.617188 0.042917 0.066875 0.074167
0 0.377188 0.047083 0.065625 0.090833
0 0.926875 0.025833 0.055000 0.051667
0 0.873437 0.041250 0.055625 0.082500
0 0.765000 0.034167 0.062500 0.068333
0 0.314375 0.020000 0.058750 0.040000
0 0.062187 0.019167 0.054375 0.038333