0 0.086563 0.955833 0.060625 0.088333
0 0.027813 0.940417 0.055625 0.110833
0 0.529375 0.894167 0.062500 0.053333
0 0.019375 0.858333 0.038750 0.093333
0 0.543125 0.843333 0.065000 0.073333
0 0.955313 0.823333 0.080625 0.103333
0 0.674063 0.790417 0.080625 0.105833
0 0.872188 0.802500 0.056875 0.146667
0 0.415000 0.781250 0.120000 0.130833
0 0.018750 0.757500 0.037500 0.098333
0 0.828125 0.720417 0.072500 0.109167
0 0.347500 0.530417 0.082500 0.110833
0 0.188750 0.514583 0.087500 0.114167
0 0.405938 0.489583 0.070625 0.090833
0 0.785312 0.473333 0.080625 0.100000
0 0.185000 0.374583 0.066250 0.079167
0 0.400625 0.335833 0.077500 0.098333
0 0.024375 0.316667 0.048750 0.090000
0 0.017812 0.232500 0.035625 0.085000
0 0.822812 0.220000 0.088125 0.093333
0 0.801875 0.146667 0.086250 0.085000
0 0.019688 0.144167 0.039375 0.086667
0 0.395000 0.090000 0.065000 0.086667
0 0.507188 0.096667 0.088125 0.116667
0 0.197187 0.026667 0.066875 0.053333