0 0.656875 0.978333 0.080000 0.043333
0 0.156562 0.975417 0.059375 0.049167
0 0.353125 0.952500 0.061250 0.088333
0 0.535625 0.937917 0.103750 0.095833
0 0.044062 0.929167 0.068125 0.080000
0 0.100000 0.914583 0.060000 0.085833
0 0.730938 0.934583 0.121875 0.130833
0 0.459688 0.921667 0.075625 0.111667
0 0.205625 0.894583 0.072500 0.094167
0 0.365000 0.880833 0.057500 0.070000
0 0.305000 0.879167 0.080000 0.111667
0 0.563438 0.848333 0.068125 0.086667
0 0.460625 0.827500 0.068750 0.073333
0 0.026562 0.845417 0.053125 0.109167
0 0.721875 0.845833 0.091250 0.120000
0 0.073438 0.828333 0.068125 0.085000
0 0.850000 0.808750 0.072500 0.087500
0 0.789062 0.801250 0.054375 0.082500
0 0.289375 0.806667 0.058750 0.098333
0 0.920625 0.804167 0.072500 0.105000
0 0.651250 0.810833 0.102500 0.123333
0 0.236875 0.787500 0.058750 0.085000
0 0.065312 0.741250 0.076875 0.065833
0 0.967812 0.752917 0.064375 0.092500
0 0.402813 0.745000 0.055625 0.088333
0 0.609688 0.746667 0.065625 0.096667
0 0.345625 0.739167 0.092500 0.121667
0 0.832812 0.728750 0.090625 0.107500
0 0.473438 0.736250 0.074375 0.137500
0 0.759062 0.705000 0.069375 0.085000
0 0.919687 0.706250 0.071875 0.092500
0 0.569063 0.682083 0.059375 0.092500
0 0.241250 0.663750 0.075000 0.089167
0 0.477812 0.648750 0.051875 0.077500
0 0.055625 0.661667 0.091250 0.103333
0 0.719375 0.637917 0.066250 0.084167
0 0.798438 0.639583 0.063125 0.092500
0 0.202813 0.619167 0.071875 0.085000
0 0.628437 0.640833 0.073125 0.146667
0 0.140000 0.600833 0.068750 0.081667
0 0.343750 0.600000 0.070000 0.096667
0 0.855000 0.586250 0.060000 0.077500
0 0.701250 0.555833 0.070000 0.086667
0 0.290625 0.557083 0.067500 0.090833
0 0.772500 0.536250 0.060000 0.077500
0 0.918125 0.529167 0.058750 0.085000
0 0.547813 0.525000 0.073125 0.101667
0 0.490938 0.532083 0.083125 0.154167
0 0.632812 0.488750 0.069375 0.089167
0 0.294375 0.470833 0.071250 0.090000
0 0.769687 0.457917 0.071875 0.092500
0 0.480625 0.430833 0.111250 0.133333
0 0.037500 0.371667 0.075000 0.095000
0 0.244375 0.371250 0.065000 0.095833
0 0.169687 0.365833 0.081875 0.095000
0 0.565312 0.368750 0.119375 0.102500
0 0.318125 0.374583 0.085000 0.117500
0 0.984688 0.354583 0.030625 0.095833
0 0.102813 0.337083 0.080625 0.115833
0 0.665312 0.306667 0.073125 0.075000
0 0.475000 0.307500 0.072500 0.085000
0 0.278125 0.299167 0.076250 0.083333
0 0.586875 0.254583 0.068750 0.077500
0 0.206250 0.272500 0.092500 0.116667
0 0.105625 0.247083 0.065000 0.077500
0 0.780625 0.255000 0.070000 0.105000
0 0.353750 0.245417 0.058750 0.099167
0 0.296563 0.209167 0.065625 0.090000
0 0.429688 0.221250 0.094375 0.120833
0 0.188750 0.188750 0.068750 0.077500
0 0.033750 0.180833 0.067500 0.116667
0 0.107188 0.170000 0.109375 0.113333
0 0.793125 0.152083 0.061250 0.117500
0 0.302812 0.129583 0.071875 0.079167
0 0.371563 0.131667 0.065625 0.088333
0 0.545312 0.158333 0.068125 0.143333
0 0.661875 0.102917 0.067500 0.084167
0 0.193125 0.102500 0.071250 0.091667
0 0.448125 0.101250 0.096250 0.099167
0 0.748125 0.071250 0.057500 0.094167
0 0.395000 0.059167 0.062500 0.081667
0 0.523125 0.049167 0.062500 0.078333
0 0.333437 0.051667 0.064375 0.088333
0 0.959688 0.092500 0.080625 0.178333
0 0.254063 0.048333 0.065625 0.090000
0 0.585313 0.071667 0.086875 0.138333
0 0.865000 0.059583 0.173750 0.119167
0 0.452500 0.030417 0.065000 0.060833
0 0.023125 0.050000 0.046250 0.100000