0 0.259688 0.970000 0.056875 0.060000
0 0.684063 0.956250 0.070625 0.087500
0 0.847812 0.923333 0.071875 0.085000
0 0.370625 0.887083 0.047500 0.057500
0 0.541250 0.917500 0.111250 0.156667
0 0.239687 0.892917 0.078125 0.112500
0 0.554688 0.861250 0.060625 0.074167
0 0.904062 0.846667 0.070625 0.106667
0 0.502188 0.786250 0.063125 0.084167
0 0.924063 0.778750 0.063125 0.077500
0 0.324375 0.733333 0.066250 0.098333
0 0.699688 0.726250 0.066875 0.089167
0 0.931250 0.720417 0.082500 0.080833
0 0.146563 0.699583 0.078125 0.117500
0 0.643750 0.677500 0.062500 0.086667
0 0.405625 0.672917 0.058750 0.082500
0 0.278438 0.658333 0.050625 0.078333
0 0.537813 0.660833 0.061875 0.095000
0 0.801250 0.652917 0.072500 0.115833
0 0.609062 0.591250 0.065625 0.089167
0 0.100312 0.585417 0.059375 0.127500
0 0.300625 0.562917 0.083750 0.095833
0 0.689375 0.540417 0.093750 0.097500
0 0.793750 0.526667 0.067500 0.088333
0 0.954688 0.510833 0.069375 0.105000
0 0.045000 0.499583 0.070000 0.089167
0 0.150625 0.494167 0.063750 0.081667
0 0.508125 0.475000 0.083750 0.126667
0 0.309375 0.450833 0.077500 0.085000
0 0.670000 0.435417 0.060000 0.074167
0 0.026875 0.425000 0.053750 0.085000
0 0.440312 0.413333 0.068125 0.095000
0 0.973125 0.405000 0.053750 0.100000
0 0.142813 0.395417 0.059375 0.082500
0 0.260000 0.367500 0.065000 0.076667
0 0.716250 0.356250 0.067500 0.084167
0 0.878750 0.365417 0.077500 0.105833
0 0.014063 0.328333 0.028125 0.085000
0 0.562500 0.296250 0.060000 0.082500
0 0.232500 0.275000 0.075000 0.090000
0 0.487187 0.263333 0.055625 0.071667
0 0.122188 0.260833 0.061875 0.083333
0 0.961875 0.257917 0.066250 0.084167
0 0.410625 0.259583 0.066250 0.090833
0 0.045312 0.210833 0.060625 0.081667
0 0.670000 0.206250 0.072500 0.109167
0 0.508437 0.174167 0.068125 0.088333
0 0.771875 0.178750 0.075000 0.105833
0 0.213125 0.152917 0.061250 0.110833
0 0.100937 0.140833 0.074375 0.118333
0 0.832187 0.106250 0.063125 0.087500
0 0.022812 0.074583 0.045625 0.065833
0 0.980313 0.065000 0.039375 0.093333
0 0.809375 0.024167 0.077500 0.048333
0 0.476875 0.031667 0.075000 0.063333
0 0.289375 0.040000 0.068750 0.080000