0 0.595625 0.976667 0.081250 0.046667
0 0.835313 0.972500 0.056875 0.055000
0 0.074688 0.972083 0.106875 0.055833
0 0.259375 0.965833 0.110000 0.068333
0 0.717187 0.959167 0.058125 0.081667
0 0.527813 0.930000 0.065625 0.080000
0 0.895000 0.932500 0.072500 0.086667
0 0.633437 0.936667 0.081875 0.098333
0 0.374063 0.919167 0.076875 0.083333
0 0.129688 0.923750 0.101875 0.117500
0 0.447500 0.908750 0.061250 0.089167
0 0.809375 0.892083 0.061250 0.067500
0 0.191875 0.893333 0.060000 0.076667
0 0.775312 0.864583 0.063125 0.077500
0 0.317812 0.858333 0.054375 0.081667
0 0.697812 0.856667 0.061875 0.096667
0 0.929375 0.855000 0.097500 0.103333
0 0.388437 0.829167 0.073125 0.068333
0 0.515312 0.835000 0.056875 0.083333
0 0.605938 0.834583 0.095625 0.087500
0 0.246562 0.852500 0.071875 0.125000
0 0.459375 0.791667 0.063750 0.078333
0 0.748750 0.772500 0.071250 0.085000
0 0.180312 0.753750 0.060625 0.092500
0 0.975000 0.740000 0.050000 0.093333
0 0.332500 0.740000 0.091250 0.101667
0 0.037187 0.742500 0.064375 0.126667
0 0.516250 0.715833 0.057500 0.075000
0 0.074063 0.705000 0.066875 0.090000
0 0.596562 0.712500 0.084375 0.140000
0 0.803750 0.685833 0.063750 0.090000
0 0.240000 0.686667 0.090000 0.115000
0 0.456562 0.677917 0.060625 0.105833
0 0.645000 0.659583 0.050000 0.080833
0 0.136250 0.667500 0.097500 0.100000
0 0.318125 0.625000 0.065000 0.076667
0 0.863750 0.620417 0.072500 0.077500
0 0.749375 0.646250 0.072500 0.137500
0 0.066250 0.606250 0.063750 0.070833
0 0.216250 0.595833 0.067500 0.076667
0 0.577187 0.589583 0.066875 0.080833
0 0.978750 0.606667 0.042500 0.116667
0 0.498125 0.581667 0.066250 0.083333
0 0.683125 0.591667 0.063750 0.108333
0 0.929063 0.575417 0.055625 0.092500
0 0.369375 0.563333 0.065000 0.076667
0 0.799687 0.562917 0.060625 0.082500
0 0.280313 0.541250 0.061875 0.070833
0 0.056563 0.543750 0.068125 0.075833
0 0.980313 0.530417 0.039375 0.080833
0 0.875938 0.527500 0.086875 0.086667
0 0.746563 0.522500 0.101875 0.103333
0 0.143437 0.534583 0.061875 0.134167
0 0.635625 0.507083 0.103750 0.097500
0 0.279687 0.479583 0.064375 0.064167
0 0.430937 0.500833 0.065625 0.133333
0 0.524375 0.473333 0.085000 0.120000
0 0.081562 0.452500 0.061875 0.085000
0 0.350313 0.440833 0.058125 0.086667
0 0.847187 0.434167 0.060625 0.078333
0 0.196875 0.430833 0.065000 0.090000
0 0.943750 0.423333 0.078750 0.113333
0 0.686875 0.401667 0.065000 0.093333
0 0.768125 0.394167 0.075000 0.120000
0 0.136250 0.364583 0.060000 0.089167
0 0.480312 0.357083 0.064375 0.080833
0 0.403438 0.358333 0.063125 0.086667
0 0.065937 0.357500 0.061875 0.085000
0 0.213125 0.344583 0.065000 0.084167
0 0.867500 0.339583 0.058750 0.097500
0 0.559063 0.348333 0.068125 0.120000
0 0.953750 0.315000 0.068750 0.083333
0 0.776250 0.312917 0.062500 0.094167
0 0.504375 0.274583 0.053750 0.089167
0 0.563438 0.261667 0.058125 0.076667
0 0.042188 0.263333 0.049375 0.083333
0 0.443125 0.259583 0.058750 0.100833
0 0.104688 0.243750 0.090625 0.097500
0 0.313125 0.223333 0.066250 0.073333
0 0.238750 0.236250 0.067500 0.110833
0 0.964063 0.217083 0.063125 0.084167
0 0.745313 0.210000 0.064375 0.076667
0 0.620000 0.213333 0.066250 0.086667
0 0.173750 0.189167 0.050000 0.071667
0 0.397813 0.186667 0.061875 0.088333
0 0.820000 0.178750 0.081250 0.124167
0 0.078125 0.142500 0.097500 0.093333
0 0.680312 0.141250 0.086875 0.095833
0 0.149688 0.132083 0.059375 0.077500
0 0.511250 0.132917 0.080000 0.104167
0 0.759375 0.112500 0.063750 0.083333
0 0.374375 0.092500 0.060000 0.085000
0 0.291875 0.090833 0.050000 0.088333
0 0.814063 0.080417 0.068125 0.079167
0 0.770312 0.020833 0.061875 0.041667
0 0.637813 0.039583 0.109375 0.079167
0 0.539062 0.040000 0.088125 0.080000
0 0.427500 0.030417 0.062500 0.060833
0 0.286562 0.026667 0.074375 0.053333
0 0.198125 0.037083 0.068750 0.074167
0 0.120313 0.031667 0.061875 0.063333
0 0.038750 0.030000 0.057500 0.060000