0 0.277187 0.963750 0.065625 0.072500
0 0.843750 0.957083 0.076250 0.085833
0 0.662188 0.939583 0.068125 0.100833
0 0.586875 0.932500 0.081250 0.091667
0 0.709375 0.935000 0.072500 0.110000
0 0.233125 0.912917 0.073750 0.092500
0 0.795000 0.896250 0.075000 0.105833
0 0.723437 0.875833 0.071875 0.113333
0 0.265937 0.850833 0.070625 0.095000
0 0.107188 0.827500 0.071875 0.091667
0 0.934688 0.826667 0.093125 0.093333
0 0.808438 0.783750 0.069375 0.089167
0 0.200000 0.787500 0.076250 0.106667
0 0.400000 0.767500 0.075000 0.106667
0 0.906250 0.744583 0.070000 0.084167
0 0.730313 0.747500 0.074375 0.103333
0 0.811875 0.702917 0.071250 0.087500
0 0.314063 0.675000 0.075625 0.101667
0 0.418750 0.669167 0.068750 0.096667
0 0.041250 0.645833 0.082500 0.086667
0 0.508437 0.647917 0.073125 0.109167
0 0.884375 0.644167 0.076250 0.113333
0 0.706562 0.632917 0.066875 0.097500
0 0.462187 0.612917 0.065625 0.099167
0 0.562813 0.595833 0.070625 0.098333
0 0.838125 0.577083 0.070000 0.100833
0 0.423438 0.568333 0.068125 0.100000
0 0.356875 0.560000 0.063750 0.101667
0 0.634687 0.562500 0.078125 0.108333
0 0.975625 0.527083 0.048750 0.084167
0 0.324688 0.511667 0.058125 0.105000
0 0.430625 0.471250 0.072500 0.092500
0 0.679688 0.461250 0.065625 0.097500
0 0.280625 0.457083 0.063750 0.094167
0 0.216562 0.442083 0.073125 0.087500
0 0.506250 0.429167 0.067500 0.093333
0 0.804688 0.416250 0.068125 0.092500
0 0.734688 0.410417 0.060625 0.087500
0 0.969688 0.419167 0.060625 0.145000
0 0.428438 0.370000 0.074375 0.095000
0 0.559688 0.370417 0.071875 0.100833
0 0.678125 0.363333 0.072500 0.098333
0 0.033750 0.345000 0.067500 0.096667
0 0.778125 0.321667 0.070000 0.101667
0 0.530937 0.304167 0.074375 0.096667
0 0.619062 0.289583 0.094375 0.082500
0 0.830313 0.283750 0.068125 0.089167
0 0.135313 0.278750 0.071875 0.104167
0 0.690000 0.247917 0.078750 0.095833
0 0.600000 0.232083 0.078750 0.090833
0 0.965938 0.236250 0.068125 0.112500
0 0.531563 0.191667 0.064375 0.096667
0 0.363438 0.189583 0.075625 0.102500
0 0.773125 0.179167 0.072500 0.086667
0 0.104063 0.181667 0.075625 0.098333
0 0.170937 0.153750 0.074375 0.092500
0 0.240000 0.149583 0.068750 0.105833
0 0.299375 0.130417 0.068750 0.092500
0 0.948125 0.130417 0.062500 0.109167
0 0.810625 0.111667 0.080000 0.086667
0 0.133125 0.104167 0.058750 0.088333
0 0.191250 0.072083 0.071250 0.084167
0 0.958125 0.059583 0.047500 0.074167
0 0.047813 0.067083 0.071875 0.089167
0 0.546250 0.068333 0.076250 0.093333
0 0.921250 0.024167 0.063750 0.048333
0 0.514375 0.025000 0.071250 0.050000
0 0.411250 0.037083 0.062500 0.074167