0 0.683125 0.982500 0.076250 0.035000
0 0.312500 0.978750 0.070000 0.042500
0 0.199687 0.977500 0.073125 0.045000
0 0.613750 0.965000 0.056250 0.060000
0 0.437812 0.966667 0.063125 0.066667
0 0.539687 0.965833 0.073125 0.068333
0 0.949375 0.962917 0.072500 0.074167
0 0.738125 0.955000 0.075000 0.090000
0 0.373750 0.946250 0.058750 0.084167
0 0.878750 0.934167 0.068750 0.091667
0 0.685312 0.922500 0.063125 0.095000
0 0.050313 0.922917 0.074375 0.102500
0 0.790312 0.920417 0.059375 0.120833
0 0.156562 0.910417 0.068125 0.102500
0 0.275000 0.907500 0.063750 0.098333
0 0.984062 0.892917 0.031875 0.079167
0 0.594063 0.889167 0.095625 0.088333
0 0.848750 0.886667 0.063750 0.085000
0 0.407813 0.886250 0.065625 0.084167
0 0.357812 0.855417 0.061875 0.079167
0 0.925312 0.855833 0.079375 0.095000
0 0.680625 0.829167 0.055000 0.071667
0 0.090000 0.842917 0.075000 0.100833
0 0.749687 0.828750 0.061875 0.082500
0 0.230313 0.817500 0.083125 0.090000
0 0.021875 0.814583 0.043750 0.090833
0 0.831562 0.810417 0.078125 0.084167
0 0.451875 0.815417 0.065000 0.100833
0 0.566250 0.794167 0.087500 0.086667
0 0.975938 0.795000 0.048125 0.090000
0 0.641250 0.778750 0.060000 0.072500
0 0.130938 0.779583 0.055625 0.080833
0 0.395313 0.776250 0.058125 0.082500
0 0.335938 0.769583 0.060625 0.082500
0 0.864688 0.752917 0.088125 0.059167
0 0.690937 0.755000 0.058125 0.066667
0 0.765000 0.745000 0.058750 0.075000
0 0.178750 0.746667 0.080000 0.088333
0 0.023750 0.725000 0.047500 0.073333
0 0.912500 0.713750 0.055000 0.075833
0 0.650625 0.711667 0.070000 0.080000
0 0.097187 0.710417 0.058125 0.085833
0 0.450000 0.708750 0.056250 0.089167
0 0.253125 0.713750 0.110000 0.109167
0 0.576875 0.700000 0.065000 0.085000
0 0.372500 0.690833 0.057500 0.083333
0 0.967500 0.687917 0.065000 0.099167
0 0.812813 0.675000 0.103125 0.110000
0 0.475313 0.646667 0.061875 0.066667
0 0.700625 0.665833 0.062500 0.110000
0 0.306875 0.647917 0.063750 0.080833
0 0.595625 0.612083 0.057500 0.072500
0 0.025000 0.620000 0.050000 0.091667
0 0.409687 0.617500 0.055625 0.090000
0 0.880000 0.609167 0.073750 0.083333
0 0.932813 0.598750 0.055625 0.074167
0 0.226875 0.605833 0.101250 0.103333
0 0.657500 0.580000 0.053750 0.075000
0 0.333437 0.569583 0.065625 0.079167
0 0.745313 0.565417 0.074375 0.102500
0 0.266250 0.552500 0.056250 0.076667
0 0.144063 0.559167 0.073125 0.113333
0 0.462813 0.526667 0.071875 0.091667
0 0.402187 0.515833 0.059375 0.085000
0 0.825313 0.512917 0.065625 0.082500
0 0.619062 0.507917 0.059375 0.079167
0 0.538125 0.513333 0.066250 0.090000
0 0.908438 0.515000 0.064375 0.098333
0 0.700000 0.493750 0.060000 0.085833
0 0.240625 0.481667 0.062500 0.071667
0 0.067187 0.482083 0.084375 0.102500
0 0.949063 0.466667 0.053125 0.073333
0 0.328437 0.480833 0.110625 0.106667
0 0.848437 0.450000 0.070625 0.070000
0 0.165937 0.450417 0.085625 0.077500
0 0.312500 0.440417 0.058750 0.074167
0 0.415625 0.435417 0.048750 0.065833
0 0.978125 0.439167 0.043750 0.080000
0 0.541875 0.424583 0.057500 0.072500
0 0.649687 0.425000 0.061875 0.076667
0 0.254375 0.430000 0.067500 0.088333
0 0.383437 0.396667 0.055625 0.071667
0 0.929375 0.385417 0.060000 0.075833
0 0.708750 0.392083 0.060000 0.090833
0 0.093750 0.389167 0.072500 0.088333
0 0.477500 0.379167 0.060000 0.083333
0 0.781563 0.396667 0.076875 0.128333
0 0.024375 0.361667 0.048750 0.093333
0 0.128750 0.345417 0.052500 0.069167
0 0.585313 0.355000 0.079375 0.095000
0 0.974688 0.338333 0.050625 0.073333
0 0.275938 0.339583 0.068125 0.080833
0 0.862500 0.346667 0.102500 0.116667
0 0.422187 0.324583 0.055625 0.072500
0 0.655625 0.338333 0.080000 0.123333
0 0.045000 0.314583 0.065000 0.079167
0 0.728125 0.292917 0.056250 0.085833
0 0.480625 0.287500 0.057500 0.075000
0 0.358125 0.302083 0.082500 0.125833
0 0.588750 0.277500 0.057500 0.080000
0 0.221250 0.273750 0.062500 0.075833
0 0.139375 0.271250 0.091250 0.082500
0 0.891875 0.259167 0.061250 0.070000
0 0.811562 0.274583 0.100625 0.110833
0 0.286875 0.255000 0.058750 0.078333
0 0.976250 0.250000 0.047500 0.086667
0 0.536250 0.251667 0.045000 0.091667
0 0.424063 0.232500 0.063125 0.085000
0 0.637188 0.224583 0.063125 0.075833
0 0.692500 0.212083 0.052500 0.072500
0 0.205313 0.195833 0.080625 0.076667
0 0.326875 0.197500 0.056250 0.085000
0 0.487187 0.195833 0.064375 0.083333
0 0.112812 0.192917 0.061875 0.082500
0 0.957812 0.186250 0.061875 0.077500
0 0.037187 0.187917 0.071875 0.102500
0 0.876250 0.173333 0.087500 0.078333
0 0.788125 0.166250 0.065000 0.082500
0 0.548125 0.157083 0.057500 0.074167
0 0.404062 0.175000 0.096875 0.118333
0 0.610938 0.156250 0.076875 0.090833
0 0.717812 0.139167 0.066875 0.076667
0 0.921250 0.139583 0.061250 0.080833
0 0.273438 0.132083 0.071875 0.084167
0 0.467500 0.117083 0.060000 0.080833
0 0.195625 0.113750 0.070000 0.077500
0 0.060000 0.072917 0.056250 0.079167
0 0.512813 0.074167 0.076875 0.088333
0 0.775000 0.070000 0.083750 0.090000
0 0.579688 0.057500 0.055625 0.081667
0 0.854375 0.066250 0.088750 0.100833
0 0.700625 0.049167 0.058750 0.078333
0 0.969063 0.028333 0.061875 0.056667
0 0.640000 0.027917 0.055000 0.055833
0 0.443437 0.038333 0.086875 0.076667
0 0.339375 0.039167 0.057500 0.078333
0 0.242500 0.042917 0.075000 0.085833
0 0.171875 0.034167 0.065000 0.068333
0 0.108438 0.039167 0.068125 0.078333