0 0.167500 0.970417 0.060000 0.059167
0 0.292500 0.940833 0.102500 0.073333
0 0.757188 0.897500 0.069375 0.100000
0 0.185000 0.890833 0.065000 0.098333
0 0.034375 0.812083 0.062500 0.082500
0 0.407500 0.790000 0.066250 0.078333
0 0.787813 0.760000 0.068125 0.080000
0 0.636875 0.738333 0.070000 0.078333
0 0.297812 0.731667 0.073125 0.101667
0 0.086563 0.688750 0.065625 0.087500
0 0.250937 0.668750 0.069375 0.085833
0 0.885625 0.659167 0.073750 0.090000
0 0.711250 0.647500 0.072500 0.081667
0 0.519687 0.645000 0.075625 0.088333
0 0.310625 0.601667 0.076250 0.081667
0 0.147500 0.599167 0.067500 0.090000
0 0.828750 0.554583 0.056250 0.069167
0 0.211250 0.544167 0.085000 0.086667
0 0.163438 0.519583 0.066875 0.089167
0 0.928125 0.517500 0.061250 0.095000
0 0.503750 0.478333 0.060000 0.090000
0 0.446562 0.476667 0.065625 0.100000
0 0.193750 0.457917 0.065000 0.084167
0 0.045000 0.445417 0.060000 0.082500
0 0.400625 0.430833 0.067500 0.081667
0 0.768125 0.407083 0.062500 0.070833
0 0.164062 0.375833 0.069375 0.096667
0 0.783750 0.330000 0.068750 0.073333
0 0.083125 0.334583 0.063750 0.102500
0 0.139375 0.318750 0.061250 0.082500
0 0.240625 0.321667 0.066250 0.091667
0 0.024375 0.320417 0.048750 0.094167
0 0.505938 0.310417 0.078125 0.105833
0 0.617188 0.285000 0.068125 0.095000
0 0.763750 0.275833 0.068750 0.080000
0 0.362500 0.272083 0.071250 0.075833
0 0.666250 0.232083 0.061250 0.075833
0 0.022500 0.228750 0.045000 0.085833
0 0.847187 0.149167 0.096875 0.073333
0 0.512500 0.150833 0.081250 0.111667
0 0.141250 0.124167 0.070000 0.103333
0 0.663438 0.108750 0.061875 0.082500
0 0.972187 0.094167 0.055625 0.095000
0 0.503437 0.042917 0.075625 0.077500
0 0.782500 0.036667 0.056250 0.073333
0 0.714688 0.021667 0.060625 0.043333