0 0.070938 0.978333 0.065625 0.043333
0 0.639062 0.976250 0.045625 0.047500
0 0.586875 0.975833 0.057500 0.048333
0 0.022500 0.963750 0.045000 0.072500
0 0.903438 0.939583 0.058125 0.075833
0 0.282187 0.938333 0.056875 0.075000
0 0.975000 0.939167 0.050000 0.121667
0 0.545000 0.920000 0.076250 0.113333
0 0.363438 0.903750 0.055625 0.082500
0 0.658125 0.893333 0.047500 0.070000
0 0.599688 0.907083 0.063125 0.104167
0 0.480938 0.882083 0.048125 0.065833
0 0.431563 0.900833 0.075625 0.110000
0 0.303750 0.865833 0.063750 0.083333
0 0.836562 0.862083 0.093125 0.087500
0 0.036562 0.860000 0.058125 0.088333
0 0.524375 0.843750 0.062500 0.060833
0 0.679375 0.837917 0.056250 0.060833
0 0.200937 0.838333 0.064375 0.081667
0 0.972500 0.832917 0.055000 0.074167
0 0.613750 0.840417 0.060000 0.114167
0 0.319063 0.800417 0.053125 0.070833
0 0.260313 0.801667 0.059375 0.078333
0 0.428438 0.795833 0.050625 0.076667
0 0.488125 0.790417 0.066250 0.102500
0 0.529375 0.765833 0.042500 0.091667
0 0.180938 0.756667 0.053125 0.083333
0 0.576875 0.728333 0.060000 0.078333
0 0.130312 0.738333 0.059375 0.126667
0 0.891875 0.737083 0.081250 0.127500
0 0.070938 0.710417 0.049375 0.074167
0 0.954688 0.721250 0.060625 0.105833
0 0.222812 0.704583 0.050625 0.077500
0 0.367500 0.693333 0.056250 0.066667
0 0.283438 0.673750 0.055625 0.069167
0 0.034375 0.670833 0.057500 0.093333
0 0.506875 0.675833 0.090000 0.111667
0 0.428438 0.665000 0.063125 0.093333
0 0.842812 0.656250 0.055625 0.085833
0 0.895938 0.652500 0.058125 0.080000
0 0.332813 0.638333 0.074375 0.076667
0 0.073125 0.632083 0.055000 0.077500
0 0.215000 0.627500 0.060000 0.070000
0 0.627500 0.629583 0.053750 0.080833
0 0.710625 0.630000 0.072500 0.088333
0 0.971875 0.635000 0.056250 0.113333
0 0.937813 0.617500 0.049375 0.090000
0 0.181875 0.580833 0.057500 0.071667
0 0.415938 0.581250 0.069375 0.090833
0 0.673125 0.556250 0.046250 0.057500
0 0.078750 0.562500 0.051250 0.076667
0 0.771875 0.562917 0.061250 0.109167
0 0.290625 0.533750 0.063750 0.070833
0 0.122813 0.538750 0.064375 0.082500
0 0.372500 0.513333 0.060000 0.081667
0 0.173750 0.504583 0.083750 0.097500
0 0.750313 0.495000 0.095625 0.088333
0 0.034063 0.495000 0.068125 0.113333
0 0.858437 0.475417 0.056875 0.080833
0 0.963437 0.468750 0.061875 0.079167
0 0.521875 0.437083 0.052500 0.069167
0 0.627812 0.423750 0.056875 0.072500
0 0.386875 0.417500 0.048750 0.075000
0 0.339375 0.429583 0.047500 0.105833
0 0.837187 0.405000 0.045625 0.075000
0 0.570937 0.393750 0.065625 0.082500
0 0.045937 0.383333 0.054375 0.073333
0 0.926562 0.380000 0.055625 0.073333
0 0.305625 0.370833 0.053750 0.083333
0 0.145937 0.360833 0.054375 0.076667
0 0.776875 0.368750 0.071250 0.119167
0 0.096250 0.349167 0.053750 0.088333
0 0.876250 0.348750 0.051250 0.092500
0 0.372812 0.319167 0.055625 0.073333
0 0.929688 0.310417 0.060625 0.064167
0 0.730000 0.315000 0.057500 0.088333
0 0.690937 0.299167 0.050625 0.071667
0 0.802813 0.307917 0.059375 0.119167
0 0.965000 0.269167 0.070000 0.076667
0 0.424063 0.262500 0.058125 0.081667
0 0.232187 0.229167 0.053125 0.073333
0 0.868437 0.207500 0.061875 0.081667
0 0.480000 0.208333 0.063750 0.090000
0 0.932813 0.188333 0.060625 0.080000
0 0.627500 0.187917 0.055000 0.080833
0 0.024688 0.162917 0.049375 0.079167
0 0.084687 0.165833 0.063125 0.088333
0 0.767500 0.152083 0.060000 0.069167
0 0.528125 0.140417 0.052500 0.079167
0 0.320000 0.105000 0.050000 0.075000
0 0.259375 0.103333 0.061250 0.078333
0 0.025937 0.097083 0.051875 0.070833
0 0.667188 0.097917 0.056875 0.075833
0 0.182500 0.094167 0.061250 0.073333
0 0.412813 0.092500 0.069375 0.131667
0 0.490625 0.060833 0.053750 0.075000
0 0.091563 0.069583 0.065625 0.094167
0 0.835625 0.033333 0.052500 0.066667
0 0.781563 0.019583 0.043125 0.039167
0 0.609062 0.027083 0.061875 0.054167
0 0.112500 0.029167 0.101250 0.058333