0 0.821250 0.971667 0.067500 0.056667
0 0.210938 0.970417 0.066875 0.059167
0 0.903750 0.968750 0.096250 0.062500
0 0.277187 0.967500 0.066875 0.065000
0 0.492812 0.964583 0.091875 0.070833
0 0.054688 0.956250 0.069375 0.087500
0 0.136563 0.925833 0.061875 0.091667
0 0.914687 0.909167 0.081875 0.108333
0 0.828125 0.890417 0.087500 0.105833
0 0.768437 0.875000 0.058125 0.093333
0 0.674375 0.867917 0.073750 0.089167
0 0.490625 0.876667 0.136250 0.116667
0 0.133750 0.836250 0.070000 0.089167
0 0.867188 0.838333 0.065625 0.095000
0 0.021250 0.840000 0.042500 0.098333
0 0.073125 0.821667 0.060000 0.080000
0 0.443437 0.818750 0.093125 0.119167
0 0.918438 0.792083 0.095625 0.115833
0 0.400000 0.778750 0.078750 0.114167
0 0.336562 0.736667 0.068125 0.088333
0 0.135937 0.728333 0.056875 0.078333
0 0.938125 0.708333 0.072500 0.060000
0 0.271250 0.711250 0.072500 0.082500
0 0.638125 0.703333 0.078750 0.120000
0 0.821875 0.712500 0.093750 0.148333
0 0.193125 0.665417 0.053750 0.082500
0 0.763437 0.652083 0.074375 0.110833
0 0.708750 0.623333 0.066250 0.093333
0 0.315625 0.617083 0.082500 0.114167
0 0.156562 0.597917 0.076875 0.104167
0 0.769375 0.550000 0.076250 0.091667
0 0.462500 0.525833 0.078750 0.078333
0 0.212188 0.508750 0.069375 0.089167
0 0.355000 0.513333 0.072500 0.105000
0 0.474062 0.449167 0.089375 0.111667
0 0.233125 0.432917 0.066250 0.082500
0 0.682187 0.450000 0.111875 0.153333
0 0.166875 0.407083 0.080000 0.099167
0 0.530937 0.395833 0.120625 0.115000
0 0.886875 0.380000 0.172500 0.103333
0 0.760938 0.377500 0.080625 0.131667
0 0.418125 0.348750 0.070000 0.094167
0 0.054688 0.346667 0.109375 0.138333
0 0.292187 0.351667 0.111875 0.186667
0 0.361875 0.292500 0.070000 0.110000
0 0.737500 0.290417 0.083750 0.129167
0 0.936562 0.287083 0.085625 0.139167
0 0.234063 0.260417 0.091875 0.092500
0 0.155312 0.284583 0.080625 0.144167
0 0.100312 0.234583 0.098125 0.110833
0 0.851875 0.223750 0.081250 0.110833
0 0.967187 0.202500 0.065625 0.088333
0 0.227187 0.194583 0.075625 0.084167
0 0.058125 0.192917 0.082500 0.097500
0 0.300000 0.181250 0.075000 0.105833
0 0.892188 0.165417 0.079375 0.087500
0 0.392500 0.167500 0.076250 0.168333
0 0.033750 0.100417 0.067500 0.080833
0 0.155000 0.088750 0.071250 0.084167
0 0.090938 0.078333 0.066875 0.091667
0 0.959688 0.068333 0.080625 0.136667
0 0.704688 0.098333 0.120625 0.196667
0 0.301875 0.066667 0.100000 0.133333
0 0.224062 0.044167 0.069375 0.088333