0 0.312500 0.970833 0.067500 0.058333
0 0.375312 0.943750 0.056875 0.075833
0 0.448125 0.943750 0.060000 0.089167
0 0.804375 0.933750 0.083750 0.092500
0 0.883125 0.895417 0.087500 0.092500
0 0.017188 0.885833 0.034375 0.078333
0 0.273438 0.873333 0.058125 0.073333
0 0.683125 0.864167 0.078750 0.080000
0 0.436563 0.867917 0.069375 0.087500
0 0.777500 0.852917 0.085000 0.070833
0 0.015000 0.810833 0.030000 0.076667
0 0.479687 0.805000 0.066875 0.078333
0 0.560625 0.803333 0.061250 0.085000
0 0.113750 0.799167 0.070000 0.095000
0 0.680937 0.775417 0.069375 0.074167
0 0.270000 0.775833 0.070000 0.086667
0 0.628437 0.756250 0.064375 0.072500
0 0.158438 0.753333 0.069375 0.090000
0 0.889375 0.758750 0.065000 0.119167
0 0.359063 0.757500 0.061875 0.138333
0 0.697812 0.721667 0.078125 0.075000
0 0.430625 0.725000 0.062500 0.085000
0 0.929375 0.725833 0.066250 0.088333
0 0.223750 0.694167 0.051250 0.068333
0 0.923750 0.640000 0.075000 0.081667
0 0.497500 0.626250 0.063750 0.090833
0 0.333125 0.617083 0.070000 0.095833
0 0.416563 0.608750 0.064375 0.089167
0 0.200000 0.597500 0.063750 0.085000
0 0.794063 0.568333 0.056875 0.080000
0 0.059062 0.567917 0.051875 0.084167
0 0.735313 0.560000 0.061875 0.090000
0 0.289375 0.530000 0.065000 0.085000
0 0.402813 0.529167 0.073125 0.096667
0 0.633750 0.512917 0.073750 0.102500
0 0.895625 0.454583 0.056250 0.072500
0 0.978437 0.455000 0.043125 0.096667
0 0.540000 0.456667 0.080000 0.111667
0 0.240313 0.444167 0.071875 0.095000
0 0.435937 0.395833 0.061875 0.080000
0 0.593750 0.382500 0.071250 0.085000
0 0.115625 0.328750 0.062500 0.087500
0 0.564375 0.288333 0.077500 0.076667
0 0.216562 0.285000 0.069375 0.086667
0 0.787188 0.240000 0.064375 0.086667
0 0.094687 0.207917 0.079375 0.095833
0 0.981250 0.197083 0.037500 0.077500
0 0.326562 0.197083 0.059375 0.087500
0 0.026562 0.181250 0.053125 0.075833
0 0.223438 0.109167 0.063125 0.085000
0 0.726250 0.109167 0.073750 0.093333
0 0.629062 0.105833 0.059375 0.090000
0 0.297812 0.096250 0.058125 0.077500
0 0.379375 0.076250 0.075000 0.114167
0 0.295625 0.019583 0.060000 0.039167