0 0.960938 0.974583 0.058125 0.050833
0 0.508437 0.974583 0.049375 0.050833
0 0.455313 0.974583 0.056875 0.050833
0 0.880625 0.972083 0.052500 0.055833
0 0.711250 0.965833 0.060000 0.068333
0 0.233750 0.954583 0.067500 0.084167
0 0.670000 0.945000 0.057500 0.070000
0 0.402187 0.951250 0.060625 0.084167
0 0.558750 0.941667 0.086250 0.096667
0 0.809688 0.928333 0.053125 0.076667
0 0.052812 0.911250 0.060625 0.077500
0 0.650312 0.893750 0.058125 0.075833
0 0.868750 0.899167 0.065000 0.091667
0 0.349375 0.890417 0.048750 0.077500
0 0.937500 0.890000 0.057500 0.078333
0 0.114375 0.890000 0.061250 0.083333
0 0.984688 0.864583 0.030625 0.087500
0 0.410938 0.857917 0.069375 0.089167
0 0.191250 0.852083 0.063750 0.082500
0 0.039688 0.820417 0.054375 0.072500
0 0.258750 0.822917 0.063750 0.087500
0 0.349062 0.815833 0.056875 0.075000
0 0.852812 0.805833 0.065625 0.085000
0 0.175625 0.782500 0.058750 0.056667
0 0.914375 0.797917 0.055000 0.089167
0 0.695625 0.802083 0.088750 0.119167
0 0.971562 0.780833 0.056875 0.080000
0 0.516563 0.782500 0.059375 0.088333
0 0.124063 0.755833 0.054375 0.065000
0 0.289062 0.759167 0.060625 0.078333
0 0.024375 0.749167 0.048750 0.071667
0 0.561875 0.754583 0.073750 0.090833
0 0.473125 0.748333 0.068750 0.085000
0 0.635312 0.724583 0.064375 0.079167
0 0.177500 0.717500 0.066250 0.080000
0 0.508750 0.709167 0.050000 0.071667
0 0.110000 0.695000 0.061250 0.065000
0 0.967187 0.699167 0.050625 0.078333
0 0.692813 0.692917 0.064375 0.084167
0 0.254375 0.648750 0.065000 0.072500
0 0.520000 0.639583 0.055000 0.067500
0 0.073750 0.623333 0.053750 0.073333
0 0.698125 0.616667 0.056250 0.065000
0 0.805625 0.612917 0.050000 0.077500
0 0.852812 0.610000 0.051875 0.076667
0 0.306250 0.597917 0.055000 0.067500
0 0.207500 0.576667 0.047500 0.083333
0 0.926250 0.562083 0.055000 0.060833
0 0.553750 0.567083 0.065000 0.075833
0 0.499063 0.563750 0.044375 0.082500
0 0.165000 0.563750 0.071250 0.084167
0 0.450625 0.549167 0.061250 0.076667
0 0.971562 0.554167 0.056875 0.090000
0 0.686875 0.528750 0.063750 0.082500
0 0.274687 0.528750 0.058125 0.087500
0 0.567187 0.518333 0.066875 0.078333
0 0.193125 0.488333 0.055000 0.065000
0 0.421875 0.477917 0.047500 0.062500
0 0.132500 0.484167 0.058750 0.080000
0 0.017188 0.480417 0.034375 0.072500
0 0.476562 0.478750 0.061875 0.090833
0 0.066562 0.474583 0.061875 0.082500
0 0.972187 0.471250 0.055625 0.105833
0 0.910625 0.453333 0.062500 0.083333
0 0.359063 0.434583 0.064375 0.075833
0 0.717812 0.425417 0.065625 0.070833
0 0.038750 0.411667 0.055000 0.071667
0 0.154688 0.420417 0.066875 0.090833
0 0.637813 0.405000 0.049375 0.073333
0 0.506563 0.385000 0.058125 0.073333
0 0.984375 0.383750 0.031250 0.072500
0 0.775625 0.384167 0.066250 0.090000
0 0.553125 0.355833 0.055000 0.078333
0 0.315000 0.342500 0.062500 0.075000
0 0.825000 0.343750 0.068750 0.089167
0 0.432812 0.334583 0.091875 0.112500
0 0.950313 0.319167 0.081875 0.093333
0 0.115312 0.300000 0.060625 0.073333
0 0.757500 0.298333 0.055000 0.076667
0 0.878125 0.317500 0.061250 0.118333
0 0.471562 0.285417 0.055625 0.067500
0 0.835938 0.270000 0.059375 0.073333
0 0.350625 0.255000 0.050000 0.086667
0 0.154375 0.235417 0.052500 0.072500
0 0.499375 0.225000 0.050000 0.053333
0 0.079062 0.232917 0.063125 0.074167
0 0.631563 0.211667 0.084375 0.085000
0 0.857500 0.199583 0.056250 0.070833
0 0.965313 0.211250 0.051875 0.099167
0 0.310312 0.196250 0.051875 0.070833
0 0.803125 0.194583 0.056250 0.080833
0 0.461250 0.198333 0.058750 0.093333
0 0.257188 0.192917 0.056875 0.094167
0 0.696250 0.185417 0.071250 0.082500
0 0.123438 0.165833 0.068125 0.085000
0 0.747500 0.163333 0.060000 0.085000
0 0.893125 0.153750 0.056250 0.075833
0 0.606250 0.145417 0.060000 0.069167
0 0.321562 0.131667 0.055625 0.058333
0 0.371563 0.132917 0.043125 0.072500
0 0.203125 0.140000 0.062500 0.098333
0 0.794375 0.100833 0.053750 0.075000
0 0.549375 0.088750 0.060000 0.070833
0 0.290000 0.085000 0.053750 0.065000
0 0.939375 0.095000 0.058750 0.088333
0 0.604062 0.081667 0.050625 0.065000
0 0.098750 0.089583 0.050000 0.089167
0 0.023438 0.077083 0.046875 0.087500
0 0.886875 0.069167 0.060000 0.080000
0 0.956250 0.025833 0.070000 0.051667
0 0.608125 0.027083 0.048750 0.054167
0 0.335000 0.045000 0.095000 0.090000
0 0.260000 0.028750 0.068750 0.057500
0 0.030000 0.019167 0.052500 0.038333