0 0.584375 0.974583 0.073750 0.050833
0 0.940000 0.972500 0.066250 0.055000
0 0.874687 0.972083 0.060625 0.055833
0 0.100312 0.969167 0.073125 0.061667
0 0.027813 0.967083 0.055625 0.065833
0 0.171875 0.955417 0.071250 0.089167
0 0.348750 0.953333 0.071250 0.088333
0 0.626563 0.946250 0.076875 0.097500
0 0.469375 0.945000 0.071250 0.100000
0 0.515625 0.903333 0.062500 0.086667
0 0.264375 0.880833 0.070000 0.093333
0 0.674063 0.875417 0.065625 0.122500
0 0.595938 0.851250 0.074375 0.095833
0 0.747188 0.838333 0.070625 0.105000
0 0.805625 0.810417 0.063750 0.107500
0 0.097500 0.804167 0.076250 0.108333
0 0.023750 0.803333 0.047500 0.113333
0 0.207500 0.749583 0.068750 0.092500
0 0.626563 0.746667 0.061875 0.093333
0 0.321562 0.702500 0.070625 0.095000
0 0.118125 0.697500 0.070000 0.100000
0 0.615625 0.681667 0.077500 0.096667
0 0.032500 0.685000 0.065000 0.106667
0 0.912500 0.685000 0.082500 0.130000
0 0.506250 0.680417 0.085000 0.125833
0 0.165313 0.640417 0.068125 0.069167
0 0.981875 0.639167 0.036250 0.096667
0 0.227500 0.592083 0.065000 0.080833
0 0.683438 0.568333 0.076875 0.103333
0 0.472187 0.560000 0.066875 0.101667
0 0.406562 0.550417 0.063125 0.085833
0 0.071250 0.547500 0.077500 0.100000
0 0.849063 0.539167 0.073125 0.091667
0 0.536250 0.535833 0.068750 0.096667
0 0.749375 0.532917 0.068750 0.095833
0 0.360312 0.500000 0.075625 0.086667
0 0.899062 0.470000 0.066875 0.101667
0 0.332188 0.448750 0.099375 0.067500
0 0.164687 0.442083 0.063125 0.097500
0 0.100625 0.447083 0.063750 0.145833
0 0.048125 0.406667 0.056250 0.093333
0 0.826562 0.373333 0.069375 0.093333
0 0.460313 0.363333 0.070625 0.093333
0 0.740313 0.332500 0.066875 0.095000
0 0.600938 0.327083 0.060625 0.097500
0 0.540937 0.322500 0.065625 0.096667
0 0.130625 0.284167 0.070000 0.095000
0 0.303125 0.251667 0.067500 0.098333
0 0.973125 0.251250 0.053750 0.099167
0 0.230000 0.237917 0.067500 0.097500
0 0.475625 0.232500 0.068750 0.088333
0 0.584063 0.175833 0.071875 0.070000
0 0.653438 0.161250 0.069375 0.084167
0 0.290000 0.149167 0.075000 0.095000
0 0.195625 0.148750 0.067500 0.102500
0 0.815625 0.102083 0.076250 0.087500
0 0.961875 0.119583 0.053750 0.130833
0 0.419063 0.100000 0.076875 0.101667
0 0.058438 0.096250 0.075625 0.104167
0 0.263750 0.065000 0.082500 0.105000
0 0.757500 0.054167 0.067500 0.088333
0 0.906875 0.035833 0.072500 0.071667
0 0.811562 0.028750 0.070625 0.057500
0 0.677188 0.045000 0.076875 0.090000
0 0.403750 0.029583 0.077500 0.059167
0 0.151562 0.020000 0.070625 0.040000