0 0.698125 0.978750 0.088750 0.042500
0 0.950625 0.967917 0.098750 0.064167
0 0.214375 0.967083 0.056250 0.065833
0 0.532500 0.966250 0.062500 0.067500
0 0.759375 0.945417 0.036250 0.069167
0 0.363438 0.954583 0.078125 0.087500
0 0.479375 0.942083 0.053750 0.092500
0 0.597500 0.945000 0.065000 0.110000
0 0.058750 0.930417 0.065000 0.082500
0 0.411250 0.928333 0.058750 0.085000
0 0.173125 0.908750 0.053750 0.067500
0 0.693125 0.917083 0.065000 0.087500
0 0.300000 0.909583 0.088750 0.094167
0 0.505313 0.877500 0.063125 0.075000
0 0.434375 0.871667 0.058750 0.075000
0 0.973437 0.885417 0.053125 0.117500
0 0.920625 0.859167 0.045000 0.070000
0 0.080312 0.852500 0.073125 0.093333
0 0.303125 0.837500 0.055000 0.068333
0 0.190625 0.850417 0.061250 0.099167
0 0.761875 0.839167 0.100000 0.095000
0 0.635938 0.835417 0.081875 0.089167
0 0.955000 0.830833 0.057500 0.091667
0 0.855938 0.855000 0.069375 0.141667
0 0.034063 0.817917 0.064375 0.109167
0 0.695625 0.809167 0.057500 0.106667
0 0.579063 0.817500 0.096875 0.130000
0 0.216250 0.776250 0.082500 0.119167
0 0.299687 0.750833 0.056875 0.075000
0 0.134063 0.752500 0.091875 0.086667
0 0.388125 0.786250 0.068750 0.155833
0 0.947187 0.752500 0.070625 0.103333
0 0.766875 0.738750 0.057500 0.075833
0 0.632500 0.734167 0.065000 0.078333
0 0.829688 0.730417 0.053125 0.072500
0 0.477812 0.757917 0.106875 0.127500
0 0.874687 0.742083 0.054375 0.155833
0 0.049688 0.710000 0.058125 0.096667
0 0.580313 0.689583 0.056875 0.077500
0 0.454688 0.687917 0.066875 0.082500
0 0.082812 0.685833 0.055625 0.078333
0 0.338750 0.681250 0.051250 0.085833
0 0.928125 0.647500 0.051250 0.080000
0 0.312500 0.625000 0.061250 0.070000
0 0.512188 0.637083 0.061875 0.097500
0 0.141563 0.641250 0.080625 0.114167
0 0.973125 0.615417 0.042500 0.074167
0 0.582812 0.611250 0.071875 0.069167
0 0.669063 0.615833 0.094375 0.098333
0 0.445937 0.600000 0.058125 0.080000
0 0.191562 0.591250 0.064375 0.080833
0 0.038750 0.589583 0.065000 0.084167
0 0.721875 0.582917 0.061250 0.075833
0 0.387188 0.604583 0.065625 0.125833
0 0.493750 0.566250 0.052500 0.069167
0 0.247812 0.569583 0.049375 0.100833
0 0.754375 0.554583 0.058750 0.072500
0 0.897500 0.552083 0.078750 0.107500
0 0.673125 0.539167 0.088750 0.091667
0 0.556250 0.534167 0.070000 0.106667
0 0.197500 0.511250 0.056250 0.079167
0 0.084375 0.522500 0.065000 0.101667
0 0.830625 0.507917 0.085000 0.077500
0 0.760312 0.495417 0.054375 0.075833
0 0.421875 0.503333 0.063750 0.120000
0 0.352812 0.474167 0.059375 0.078333
0 0.023438 0.498333 0.046875 0.131667
0 0.951875 0.446250 0.096250 0.094167
0 0.155000 0.436667 0.037500 0.080000
0 0.255937 0.430833 0.081875 0.103333
0 0.049375 0.420000 0.063750 0.081667
0 0.553438 0.416250 0.061875 0.100833
0 0.637500 0.405833 0.060000 0.083333
0 0.879687 0.425417 0.074375 0.125833
0 0.426563 0.404167 0.073125 0.108333
0 0.704063 0.383333 0.054375 0.081667
0 0.330625 0.381667 0.090000 0.088333
0 0.771563 0.378333 0.063125 0.100000
0 0.196563 0.354583 0.049375 0.069167
0 0.580937 0.350000 0.055625 0.081667
0 0.468125 0.346667 0.061250 0.080000
0 0.784375 0.321250 0.057500 0.075833
0 0.398125 0.310417 0.065000 0.137500
0 0.253125 0.295000 0.061250 0.123333
0 0.717812 0.277083 0.068125 0.095833
0 0.981250 0.270833 0.037500 0.085000
0 0.518125 0.279167 0.087500 0.123333
0 0.625313 0.254167 0.060625 0.086667
0 0.179688 0.277917 0.068125 0.139167
0 0.668750 0.245833 0.051250 0.080000
0 0.101875 0.271667 0.068750 0.133333
0 0.059375 0.207917 0.052500 0.079167
0 0.750938 0.189167 0.045625 0.086667
0 0.344375 0.185833 0.062500 0.085000
0 0.106250 0.178750 0.051250 0.074167
0 0.707500 0.178750 0.052500 0.075833
0 0.976875 0.177917 0.046250 0.082500
0 0.516563 0.171667 0.084375 0.103333
0 0.828750 0.200000 0.081250 0.173333
0 0.583750 0.150000 0.051250 0.083333
0 0.379688 0.152917 0.063125 0.089167
0 0.226875 0.148333 0.062500 0.088333
0 0.170937 0.153333 0.055625 0.103333
0 0.640312 0.140000 0.075625 0.085000
0 0.060312 0.130000 0.056875 0.083333
0 0.445625 0.122083 0.060000 0.080833
0 0.857187 0.109167 0.070625 0.108333
0 0.374375 0.071667 0.062500 0.085000
0 0.019688 0.055833 0.039375 0.075000
0 0.466562 0.040000 0.068125 0.070000
0 0.079687 0.061667 0.061875 0.118333
0 0.546250 0.051250 0.067500 0.100833
0 0.961875 0.027917 0.066250 0.055833
0 0.790625 0.047917 0.092500 0.095833
0 0.701562 0.046250 0.056875 0.092500
0 0.414062 0.036667 0.068125 0.073333
0 0.267188 0.032083 0.065625 0.064167
0 0.150000 0.063750 0.065000 0.127500