0 0.323750 0.980417 0.073750 0.039167
0 0.053750 0.961250 0.076250 0.077500
0 0.552188 0.953333 0.068125 0.093333
0 0.672500 0.949167 0.077500 0.093333
0 0.339375 0.922917 0.068750 0.087500
0 0.756563 0.924583 0.078125 0.095833
0 0.501250 0.892917 0.062500 0.090833
0 0.719375 0.886250 0.071250 0.092500
0 0.843750 0.852083 0.080000 0.092500
0 0.372500 0.841667 0.077500 0.100000
0 0.660312 0.830833 0.074375 0.103333
0 0.537500 0.800833 0.073750 0.098333
0 0.958438 0.784583 0.076875 0.074167
0 0.704375 0.762917 0.063750 0.085833
0 0.260313 0.745833 0.069375 0.090000
0 0.513125 0.715833 0.063750 0.081667
0 0.324062 0.716250 0.061875 0.099167
0 0.611563 0.701667 0.074375 0.096667
0 0.048750 0.730417 0.097500 0.167500
0 0.397500 0.682500 0.071250 0.093333
0 0.219688 0.609583 0.081875 0.105833
0 0.028438 0.598750 0.056875 0.090833
0 0.610313 0.567917 0.064375 0.094167
0 0.673750 0.557500 0.065000 0.080000
0 0.276562 0.479583 0.069375 0.090833
0 0.537813 0.432083 0.070625 0.094167
0 0.332500 0.427917 0.067500 0.092500
0 0.893437 0.400000 0.036875 0.045000
0 0.611250 0.426667 0.065000 0.098333
0 0.201250 0.420000 0.070000 0.093333
0 0.540000 0.332083 0.070000 0.097500
0 0.276250 0.310000 0.063750 0.088333
0 0.857812 0.240833 0.080625 0.085000
0 0.580313 0.207083 0.058125 0.097500
0 0.115937 0.192500 0.068125 0.095000
0 0.824375 0.155000 0.067500 0.096667
0 0.983437 0.128333 0.033125 0.075000
0 0.276250 0.089583 0.073750 0.099167
0 0.044687 0.084583 0.071875 0.097500
0 0.115312 0.080833 0.065625 0.098333
0 0.495312 0.054167 0.076875 0.076667