0 0.292500 0.984583 0.061250 0.030833
0 0.770625 0.976667 0.056250 0.046667
0 0.616250 0.963750 0.068750 0.072500
0 0.327500 0.945833 0.048750 0.080000
0 0.848750 0.941667 0.063750 0.083333
0 0.100625 0.928750 0.062500 0.065833
0 0.237187 0.909167 0.051875 0.066667
0 0.455000 0.894583 0.058750 0.079167
0 0.741563 0.904167 0.083125 0.100000
0 0.389688 0.926250 0.086875 0.147500
0 0.639062 0.883750 0.066875 0.079167
0 0.985313 0.863750 0.029375 0.069167
0 0.721875 0.850417 0.058750 0.070833
0 0.524375 0.851667 0.066250 0.083333
0 0.346562 0.852917 0.075625 0.090833
0 0.124063 0.854167 0.070625 0.105000
0 0.816250 0.832917 0.061250 0.072500
0 0.449688 0.824583 0.056875 0.072500
0 0.022500 0.816250 0.045000 0.069167
0 0.212188 0.806667 0.050625 0.063333
0 0.983750 0.792083 0.032500 0.077500
0 0.870938 0.795417 0.060625 0.087500
0 0.940937 0.787917 0.050625 0.074167
0 0.797188 0.782083 0.053125 0.070833
0 0.315000 0.782917 0.092500 0.075833
0 0.640312 0.772083 0.054375 0.072500
0 0.472813 0.760000 0.068125 0.071667
0 0.588437 0.772083 0.083125 0.129167
0 0.015938 0.743333 0.031875 0.078333
0 0.246562 0.742083 0.056875 0.087500
0 0.361563 0.739583 0.089375 0.097500
0 0.905312 0.726667 0.051875 0.080000
0 0.956875 0.708333 0.052500 0.073333
0 0.755938 0.686250 0.055625 0.072500
0 0.635312 0.692083 0.100625 0.102500
0 0.185312 0.682500 0.068125 0.085000
0 0.590938 0.637083 0.048125 0.024167
0 0.526875 0.681667 0.103750 0.113333
0 0.969375 0.646250 0.057500 0.067500
0 0.916562 0.652500 0.056875 0.080000
0 0.099062 0.647917 0.068125 0.074167
0 0.810625 0.647917 0.063750 0.085833
0 0.252500 0.632917 0.063750 0.082500
0 0.733750 0.632917 0.066250 0.084167
0 0.491875 0.625417 0.062500 0.070833
0 0.602500 0.584167 0.062500 0.091667
0 0.767813 0.574167 0.061875 0.075000
0 0.155312 0.571250 0.060625 0.100833
0 0.706562 0.562083 0.065625 0.085833
0 0.027500 0.559167 0.055000 0.083333
0 0.450313 0.562083 0.073125 0.095833
0 0.817187 0.521667 0.056875 0.080000
0 0.325625 0.510000 0.056250 0.071667
0 0.650625 0.514583 0.073750 0.099167
0 0.206875 0.485833 0.060000 0.076667
0 0.470625 0.480000 0.061250 0.070000
0 0.855313 0.473333 0.051875 0.063333
0 0.533125 0.480833 0.057500 0.078333
0 0.140937 0.473333 0.061875 0.081667
0 0.613125 0.462083 0.056250 0.079167
0 0.731875 0.468750 0.062500 0.099167
0 0.311250 0.438333 0.062500 0.073333
0 0.918438 0.433333 0.049375 0.073333
0 0.103750 0.431250 0.055000 0.074167
0 0.694688 0.429583 0.064375 0.085833
0 0.150000 0.388333 0.062500 0.078333
0 0.941562 0.376667 0.053125 0.063333
0 0.305312 0.376250 0.065625 0.064167
0 0.645000 0.382917 0.060000 0.087500
0 0.424687 0.378333 0.056875 0.078333
0 0.550625 0.381667 0.096250 0.116667
0 0.104063 0.346667 0.056875 0.071667
0 0.471562 0.350000 0.055625 0.090000
0 0.171875 0.314583 0.082500 0.074167
0 0.293438 0.309167 0.065625 0.075000
0 0.768750 0.305417 0.057500 0.080833
0 0.933750 0.302500 0.065000 0.080000
0 0.647500 0.299583 0.056250 0.077500
0 0.431875 0.301250 0.067500 0.084167
0 0.705313 0.292500 0.051875 0.073333
0 0.229063 0.274167 0.051875 0.061667
0 0.566250 0.287500 0.073750 0.110000
0 0.159375 0.259167 0.053750 0.065000
0 0.506250 0.239583 0.065000 0.090833
0 0.625625 0.221667 0.063750 0.063333
0 0.963437 0.222917 0.063125 0.082500
0 0.683438 0.196667 0.065625 0.076667
0 0.179688 0.190417 0.050625 0.072500
0 0.093750 0.189583 0.050000 0.072500
0 0.375000 0.163333 0.060000 0.050000
0 0.491250 0.162083 0.051250 0.070833
0 0.631250 0.136250 0.052500 0.067500
0 0.544375 0.143333 0.062500 0.081667
0 0.943750 0.140000 0.057500 0.080000
0 0.977812 0.122500 0.044375 0.091667
0 0.119375 0.116250 0.071250 0.080833
0 0.337187 0.110417 0.084375 0.085833
0 0.905937 0.093750 0.061875 0.082500
0 0.604062 0.077917 0.056875 0.067500
0 0.433437 0.085833 0.068125 0.090000
0 0.665625 0.069583 0.065000 0.077500
0 0.069062 0.058750 0.053125 0.077500
0 0.342500 0.037083 0.050000 0.065833
0 0.857187 0.039167 0.060625 0.076667
0 0.980000 0.041250 0.040000 0.082500
0 0.488125 0.032083 0.046250 0.064167
0 0.213125 0.030833 0.058750 0.061667
0 0.156562 0.037083 0.056875 0.074167
0 0.020625 0.029583 0.041250 0.059167