0 0.520625 0.978750 0.061250 0.042500
0 0.847812 0.973750 0.058125 0.052500
0 0.642188 0.972500 0.061875 0.055000
0 0.261562 0.972500 0.065625 0.055000
0 0.139687 0.956667 0.055625 0.070000
0 0.494063 0.935833 0.051875 0.078333
0 0.452813 0.907083 0.053125 0.069167
0 0.543750 0.913333 0.051250 0.121667
0 0.802500 0.905417 0.068750 0.117500
0 0.868750 0.897083 0.067500 0.114167
0 0.185938 0.871250 0.054375 0.074167
0 0.341875 0.853333 0.057500 0.075000
0 0.249375 0.862083 0.062500 0.097500
0 0.502812 0.851250 0.068125 0.080833
0 0.816562 0.822917 0.056875 0.067500
0 0.562500 0.815417 0.063750 0.077500
0 0.182188 0.802917 0.053125 0.067500
0 0.449688 0.821250 0.079375 0.109167
0 0.630313 0.791250 0.063125 0.080833
0 0.718437 0.773333 0.064375 0.078333
0 0.050625 0.775000 0.076250 0.106667
0 0.796562 0.755000 0.056875 0.075000
0 0.945625 0.752083 0.062500 0.075833
0 0.506250 0.760833 0.065000 0.101667
0 0.578750 0.744583 0.060000 0.077500
0 0.162500 0.734167 0.055000 0.080000
0 0.019688 0.710000 0.039375 0.078333
0 0.640312 0.697500 0.066875 0.065000
0 0.720938 0.697917 0.051875 0.067500
0 0.416875 0.697917 0.057500 0.089167
0 0.768125 0.684167 0.058750 0.080000
0 0.074063 0.658333 0.069375 0.080000
0 0.984688 0.655000 0.030625 0.080000
0 0.186875 0.654167 0.063750 0.085000
0 0.557813 0.647917 0.044375 0.087500
0 0.845313 0.635417 0.053125 0.074167
0 0.019688 0.622917 0.039375 0.057500
0 0.654062 0.617083 0.039375 0.050833
0 0.503437 0.628333 0.061875 0.085000
0 0.372812 0.620417 0.064375 0.082500
0 0.882500 0.604167 0.057500 0.068333
0 0.443125 0.601250 0.053750 0.065833
0 0.804688 0.598750 0.051875 0.070833
0 0.054688 0.583333 0.044375 0.073333
0 0.096562 0.570833 0.056875 0.073333
0 0.600938 0.577917 0.094375 0.089167
0 0.021250 0.558333 0.042500 0.065000
0 0.537188 0.531667 0.061875 0.085000
0 0.198125 0.517500 0.062500 0.081667
0 0.934375 0.505417 0.107500 0.087500
0 0.258125 0.496250 0.052500 0.069167
0 0.451562 0.499167 0.071875 0.093333
0 0.023750 0.495417 0.047500 0.092500
0 0.810000 0.472500 0.057500 0.066667
0 0.500938 0.455417 0.064375 0.090833
0 0.377500 0.436667 0.052500 0.068333
0 0.582812 0.434583 0.059375 0.072500
0 0.872188 0.445000 0.063125 0.098333
0 0.209375 0.422083 0.068750 0.079167
0 0.963125 0.425417 0.073750 0.092500
0 0.775937 0.412083 0.054375 0.065833
0 0.830625 0.409167 0.060000 0.085000
0 0.450313 0.404167 0.063125 0.080000
0 0.672500 0.395000 0.055000 0.071667
0 0.362187 0.382500 0.069375 0.055000
0 0.140000 0.375833 0.065000 0.090000
0 0.614375 0.364583 0.062500 0.080833
0 0.322813 0.327917 0.079375 0.082500
0 0.579375 0.291667 0.048750 0.063333
0 0.634375 0.296250 0.058750 0.080833
0 0.878437 0.290417 0.056875 0.084167
0 0.782500 0.275417 0.066250 0.090833
0 0.410313 0.276250 0.096875 0.099167
0 0.523438 0.259583 0.059375 0.072500
0 0.054062 0.265417 0.069375 0.084167
0 0.704688 0.250417 0.061875 0.075833
0 0.973437 0.238750 0.053125 0.070833
0 0.340313 0.228333 0.080625 0.083333
0 0.572812 0.214583 0.051875 0.067500
0 0.796250 0.192083 0.060000 0.069167
0 0.896563 0.192500 0.060625 0.076667
0 0.470625 0.201250 0.060000 0.097500
0 0.145313 0.179583 0.063125 0.084167
0 0.685000 0.172500 0.063750 0.093333
0 0.615938 0.159583 0.050625 0.072500
0 0.535312 0.173750 0.076875 0.104167
0 0.310312 0.143333 0.053125 0.081667
0 0.021250 0.134583 0.042500 0.082500
0 0.355312 0.100833 0.060625 0.071667
0 0.592500 0.081250 0.047500 0.060833
0 0.858125 0.082083 0.056250 0.069167
0 0.409687 0.063750 0.055625 0.072500
0 0.149375 0.066667 0.062500 0.081667
0 0.911250 0.065000 0.062500 0.080000
0 0.713125 0.045417 0.048750 0.069167
0 0.084375 0.052500 0.060000 0.083333
0 0.933750 0.017500 0.053750 0.035000
0 0.828125 0.031250 0.060000 0.062500
0 0.761875 0.017500 0.061250 0.035000
0 0.614062 0.026250 0.055625 0.052500
0 0.564375 0.025417 0.063750 0.050833
0 0.431250 0.022917 0.047500 0.045833
0 0.240313 0.038750 0.059375 0.077500
0 0.036875 0.021667 0.073750 0.043333