0 0.072813 0.977917 0.063125 0.044167
0 0.590625 0.960833 0.068750 0.078333
0 0.042500 0.889583 0.062500 0.084167
0 0.442188 0.855417 0.074375 0.089167
0 0.107500 0.830417 0.050000 0.067500
0 0.530937 0.842083 0.073125 0.097500
0 0.755625 0.801667 0.071250 0.065000
0 0.895938 0.775000 0.063125 0.086667
0 0.636875 0.735833 0.057500 0.080000
0 0.729375 0.713750 0.087500 0.112500
0 0.367500 0.691667 0.073750 0.098333
0 0.529687 0.680000 0.061875 0.090000
0 0.177187 0.684583 0.093125 0.110833
0 0.290938 0.613750 0.075625 0.095833
0 0.372812 0.580000 0.065625 0.091667
0 0.736250 0.559167 0.067500 0.091667
0 0.615625 0.531250 0.080000 0.104167
0 0.524375 0.538750 0.087500 0.122500
0 0.311250 0.512083 0.072500 0.082500
0 0.983125 0.491250 0.033750 0.057500
0 0.679688 0.447917 0.071875 0.087500
0 0.113750 0.438333 0.053750 0.071667
0 0.812187 0.475833 0.089375 0.150000
0 0.401562 0.430000 0.078125 0.093333
0 0.624375 0.416667 0.065000 0.081667
0 0.308750 0.411250 0.070000 0.082500
0 0.466250 0.362917 0.068750 0.079167
0 0.874062 0.365000 0.099375 0.106667
0 0.731563 0.352917 0.071875 0.092500
0 0.564375 0.344167 0.067500 0.090000
0 0.153438 0.333333 0.073125 0.090000
0 0.254688 0.287500 0.085625 0.105000
0 0.045312 0.264167 0.061875 0.080000
0 0.936250 0.259167 0.081250 0.110000
0 0.566250 0.222917 0.077500 0.080833
0 0.970000 0.222083 0.060000 0.107500
0 0.647813 0.194583 0.055625 0.072500
0 0.686875 0.165833 0.046250 0.068333
0 0.231250 0.172083 0.113750 0.109167
0 0.600938 0.154167 0.054375 0.078333
0 0.762813 0.152083 0.061875 0.094167
0 0.642813 0.129583 0.044375 0.052500
0 0.489063 0.132917 0.063125 0.079167
0 0.026250 0.100833 0.052500 0.075000
0 0.832812 0.081250 0.070625 0.090833
0 0.085938 0.062917 0.069375 0.085833
0 0.494688 0.043750 0.076875 0.069167
0 0.194688 0.040000 0.059375 0.073333
0 0.964063 0.041667 0.066875 0.083333
0 0.715938 0.022917 0.059375 0.045833
0 0.658125 0.024167 0.057500 0.048333
0 0.573125 0.035417 0.057500 0.070833
0 0.324375 0.036667 0.058750 0.073333