0 0.352812 0.973750 0.063125 0.052500
0 0.798438 0.972917 0.070625 0.054167
0 0.721562 0.972500 0.065625 0.055000
0 0.879062 0.950417 0.059375 0.079167
0 0.700000 0.936667 0.076250 0.066667
0 0.528438 0.916250 0.069375 0.079167
0 0.396875 0.922500 0.061250 0.093333
0 0.093750 0.912083 0.062500 0.089167
0 0.771563 0.903750 0.049375 0.094167
0 0.043437 0.892917 0.063125 0.074167
0 0.859375 0.896667 0.063750 0.083333
0 0.625625 0.907500 0.075000 0.126667
0 0.252188 0.883333 0.069375 0.080000
0 0.174375 0.858750 0.058750 0.080833
0 0.745000 0.857083 0.071250 0.079167
0 0.433750 0.850417 0.066250 0.080833
0 0.032188 0.825000 0.063125 0.068333
0 0.352812 0.834167 0.071875 0.091667
0 0.551562 0.820417 0.069375 0.084167
0 0.817500 0.811250 0.077500 0.094167
0 0.170000 0.794583 0.060000 0.075833
0 0.646250 0.790000 0.061250 0.073333
0 0.974688 0.791250 0.050625 0.084167
0 0.719375 0.787917 0.058750 0.077500
0 0.267188 0.784583 0.068125 0.087500
0 0.467813 0.777083 0.065625 0.099167
0 0.769062 0.724583 0.065625 0.072500
0 0.846875 0.726667 0.066250 0.081667
0 0.091875 0.708333 0.068750 0.076667
0 0.620938 0.700833 0.091875 0.091667
0 0.201250 0.687500 0.068750 0.088333
0 0.959688 0.684583 0.058125 0.089167
0 0.895625 0.657917 0.053750 0.079167
0 0.325313 0.659167 0.061875 0.086667
0 0.720625 0.652917 0.073750 0.077500
0 0.512500 0.646667 0.061250 0.076667
0 0.403438 0.675000 0.076875 0.140000
0 0.983125 0.629167 0.033750 0.081667
0 0.155625 0.613333 0.067500 0.080000
0 0.575937 0.570417 0.063125 0.075833
0 0.219688 0.563750 0.058125 0.077500
0 0.694375 0.559583 0.056250 0.074167
0 0.785937 0.550417 0.065625 0.092500
0 0.471250 0.542083 0.062500 0.084167
0 0.392813 0.539583 0.060625 0.089167
0 0.868125 0.537500 0.071250 0.086667
0 0.027500 0.545000 0.055000 0.110000
0 0.313125 0.531250 0.091250 0.089167
0 0.550312 0.528333 0.059375 0.086667
0 0.948438 0.524583 0.076875 0.135833
0 0.450625 0.485000 0.065000 0.075000
0 0.619375 0.485833 0.058750 0.080000
0 0.177813 0.496667 0.079375 0.103333
0 0.328750 0.475833 0.055000 0.066667
0 0.042188 0.462500 0.053125 0.078333
0 0.101875 0.452083 0.060000 0.102500
0 0.377812 0.432917 0.060625 0.074167
0 0.559375 0.432917 0.061250 0.077500
0 0.889687 0.430417 0.061875 0.080833
0 0.267813 0.425417 0.060625 0.084167
0 0.500000 0.422917 0.058750 0.092500
0 0.031250 0.391667 0.062500 0.081667
0 0.609688 0.387500 0.060625 0.085000
0 0.343125 0.383333 0.065000 0.080000
0 0.816562 0.381667 0.076875 0.096667
0 0.196250 0.378333 0.065000 0.096667
0 0.943750 0.367500 0.063750 0.088333
0 0.669375 0.361667 0.071250 0.125000
0 0.504687 0.327500 0.071875 0.073333
0 0.722187 0.340000 0.068125 0.100000
0 0.412500 0.334167 0.066250 0.106667
0 0.923125 0.317083 0.070000 0.087500
0 0.055313 0.292083 0.060625 0.087500
0 0.303125 0.275833 0.078750 0.118333
0 0.826562 0.267917 0.078125 0.120833
0 0.119375 0.238750 0.075000 0.097500
0 0.516563 0.230417 0.061875 0.089167
0 0.393125 0.244167 0.080000 0.118333
0 0.627812 0.221250 0.066875 0.082500
0 0.748750 0.229583 0.056250 0.107500
0 0.204375 0.227500 0.073750 0.115000
0 0.579375 0.227083 0.066250 0.125833
0 0.974063 0.213750 0.051875 0.109167
0 0.075625 0.194583 0.050000 0.079167
0 0.447188 0.179583 0.058125 0.075833
0 0.302812 0.170000 0.063125 0.083333
0 0.686875 0.171250 0.060000 0.094167
0 0.026562 0.184583 0.053125 0.134167
0 0.843750 0.160000 0.056250 0.086667
0 0.141875 0.132917 0.063750 0.082500
0 0.233125 0.127917 0.062500 0.074167
0 0.501250 0.128750 0.071250 0.080833
0 0.366875 0.126250 0.051250 0.092500
0 0.747500 0.112500 0.067500 0.100000
0 0.824063 0.108750 0.073125 0.095833
0 0.532813 0.083333 0.070625 0.070000
0 0.898750 0.082500 0.063750 0.088333
0 0.294063 0.072917 0.070625 0.082500
0 0.170937 0.044583 0.060625 0.082500
0 0.960938 0.042500 0.078125 0.085000
0 0.854062 0.026250 0.064375 0.052500
0 0.704063 0.034583 0.076875 0.069167
0 0.506563 0.031250 0.060625 0.062500
0 0.239063 0.023750 0.058125 0.047500
0 0.094687 0.036250 0.065625 0.072500