0 0.822500 0.982917 0.062500 0.034167
0 0.905625 0.980000 0.061250 0.040000
0 0.655937 0.970000 0.075625 0.060000
0 0.715625 0.961667 0.057500 0.076667
0 0.269062 0.960833 0.050625 0.075000
0 0.781250 0.942917 0.071250 0.092500
0 0.456875 0.931667 0.060000 0.071667
0 0.697500 0.896250 0.061250 0.080833
0 0.607500 0.892500 0.061250 0.076667
0 0.175000 0.884167 0.063750 0.083333
0 0.745625 0.874583 0.058750 0.089167
0 0.849688 0.856250 0.070625 0.087500
0 0.448750 0.845833 0.053750 0.071667
0 0.250000 0.842083 0.052500 0.070833
0 0.791875 0.846250 0.061250 0.084167
0 0.702812 0.817500 0.049375 0.066667
0 0.951250 0.817500 0.063750 0.086667
0 0.596250 0.810833 0.058750 0.073333
0 0.305000 0.800417 0.053750 0.072500
0 0.017188 0.780833 0.034375 0.075000
0 0.429063 0.762917 0.081875 0.085833
0 0.077500 0.750000 0.053750 0.068333
0 0.729375 0.755417 0.073750 0.094167
0 0.479375 0.737917 0.078750 0.084167
0 0.939375 0.708333 0.060000 0.078333
0 0.781250 0.708750 0.048750 0.085833
0 0.575000 0.708750 0.073750 0.090833
0 0.822187 0.696250 0.065625 0.089167
0 0.116875 0.688750 0.063750 0.090833
0 0.721875 0.667917 0.055000 0.074167
0 0.177187 0.667083 0.050625 0.074167
0 0.475625 0.655000 0.057500 0.071667
0 0.875938 0.637083 0.055625 0.077500
0 0.609062 0.633750 0.055625 0.074167
0 0.545312 0.635417 0.064375 0.079167
0 0.289375 0.634167 0.070000 0.080000
0 0.056250 0.603333 0.066250 0.085000
0 0.129062 0.591667 0.058125 0.081667
0 0.919375 0.585417 0.086250 0.107500
0 0.854688 0.559167 0.063125 0.076667
0 0.372500 0.558333 0.078750 0.095000
0 0.709375 0.554583 0.072500 0.092500
0 0.473125 0.529167 0.076250 0.090000
0 0.340000 0.500000 0.062500 0.078333
0 0.151875 0.498333 0.060000 0.085000
0 0.856563 0.475833 0.055625 0.071667
0 0.494375 0.480417 0.090000 0.080833
0 0.755938 0.476250 0.058125 0.090833
0 0.414375 0.465000 0.060000 0.075000
0 0.795937 0.465833 0.054375 0.098333
0 0.709688 0.451250 0.068125 0.087500
0 0.474375 0.425000 0.068750 0.090000
0 0.191562 0.412500 0.065625 0.083333
0 0.360312 0.402500 0.070625 0.073333
0 0.925625 0.401250 0.070000 0.104167
0 0.979062 0.374167 0.041875 0.058333
0 0.804375 0.380000 0.055000 0.075000
0 0.877188 0.378750 0.056875 0.075833
0 0.744687 0.384167 0.069375 0.088333
0 0.519375 0.335833 0.047500 0.073333
0 0.289687 0.345417 0.058125 0.095833
0 0.861250 0.307917 0.056250 0.067500
0 0.355000 0.312500 0.066250 0.086667
0 0.086875 0.310833 0.065000 0.086667
0 0.780000 0.308750 0.071250 0.094167
0 0.428438 0.282083 0.075625 0.090833
0 0.972500 0.287500 0.055000 0.118333
0 0.560000 0.266250 0.056250 0.082500
0 0.823125 0.260833 0.046250 0.073333
0 0.227500 0.241667 0.060000 0.085000
0 0.405313 0.235417 0.065625 0.082500
0 0.321250 0.220000 0.072500 0.095000
0 0.884375 0.197500 0.057500 0.080000
0 0.144375 0.193333 0.062500 0.098333
0 0.213125 0.130417 0.055000 0.077500
0 0.572812 0.106250 0.070625 0.089167
0 0.364063 0.094167 0.065625 0.090000
0 0.845000 0.075833 0.053750 0.080000
0 0.600000 0.028333 0.070000 0.056667
0 0.156250 0.023333 0.062500 0.046667