0 0.959375 0.965833 0.081250 0.068333
0 0.751875 0.960417 0.072500 0.075833
0 0.826875 0.957083 0.071250 0.079167
0 0.200625 0.940833 0.068750 0.085000
0 0.499688 0.922917 0.059375 0.079167
0 0.816250 0.882500 0.065000 0.065000
0 0.371250 0.871667 0.080000 0.100000
0 0.126875 0.847500 0.068750 0.091667
0 0.450000 0.840000 0.053750 0.090000
0 0.295000 0.817500 0.052500 0.088333
0 0.051250 0.800000 0.067500 0.070000
0 0.556875 0.795000 0.061250 0.100000
0 0.751250 0.791667 0.055000 0.100000
0 0.357500 0.732500 0.067500 0.085000
0 0.604375 0.702917 0.057500 0.065833
0 0.058125 0.715417 0.062500 0.097500
0 0.765625 0.680000 0.071250 0.080000
0 0.834375 0.655833 0.078750 0.071667
0 0.332188 0.623333 0.073125 0.088333
0 0.200625 0.600833 0.056250 0.071667
0 0.613125 0.612917 0.076250 0.100833
0 0.800625 0.587500 0.066250 0.085000
0 0.121250 0.579167 0.055000 0.098333
0 0.968750 0.548333 0.052500 0.080000
0 0.198750 0.508333 0.060000 0.090000
0 0.051250 0.515833 0.080000 0.115000
0 0.636875 0.498333 0.061250 0.086667
0 0.742500 0.478333 0.062500 0.080000
0 0.575000 0.462500 0.067500 0.085000
0 0.339375 0.436667 0.068750 0.093333
0 0.460625 0.451250 0.150000 0.160833
0 0.968125 0.401667 0.063750 0.090000
0 0.775625 0.391667 0.066250 0.090000
0 0.155625 0.367500 0.061250 0.068333
0 0.617500 0.344167 0.062500 0.088333
0 0.255625 0.324167 0.058750 0.085000
0 0.015000 0.317500 0.030000 0.081667
0 0.732500 0.300833 0.067500 0.081667
0 0.941875 0.300000 0.103750 0.096667
0 0.063750 0.269167 0.057500 0.075000
0 0.184688 0.276250 0.063125 0.099167
0 0.530312 0.213333 0.063125 0.073333
0 0.410000 0.214167 0.072500 0.075000
0 0.569375 0.212917 0.056250 0.080833
0 0.170000 0.183333 0.060000 0.080000
0 0.486875 0.145000 0.066250 0.083333
0 0.920000 0.131667 0.062500 0.076667
0 0.015000 0.117083 0.030000 0.082500
0 0.162500 0.089167 0.070000 0.088333
0 0.746250 0.051667 0.062500 0.090000
0 0.038125 0.030000 0.076250 0.060000