0 0.181250 0.939583 0.063750 0.082500
0 0.263437 0.931250 0.064375 0.085833
0 0.317500 0.910833 0.055000 0.101667
0 0.587500 0.839583 0.058750 0.079167
0 0.816562 0.857917 0.073125 0.117500
0 0.719063 0.850000 0.070625 0.101667
0 0.313125 0.760000 0.066250 0.086667
0 0.903125 0.751667 0.065000 0.083333
0 0.394375 0.700833 0.070000 0.098333
0 0.554063 0.684167 0.053125 0.078333
0 0.199375 0.657083 0.068750 0.097500
0 0.940625 0.604167 0.067500 0.088333
0 0.351562 0.608750 0.058125 0.097500
0 0.874062 0.537917 0.065625 0.092500
0 0.770000 0.521667 0.058750 0.083333
0 0.939375 0.509583 0.066250 0.079167
0 0.320937 0.488750 0.066875 0.087500
0 0.108438 0.478333 0.061875 0.100000
0 0.045625 0.419167 0.076250 0.093333
0 0.719688 0.414167 0.064375 0.093333
0 0.341875 0.404583 0.065000 0.092500
0 0.836250 0.400000 0.062500 0.086667
0 0.279062 0.358750 0.068125 0.087500
0 0.687500 0.350417 0.062500 0.084167
0 0.153125 0.334167 0.066250 0.091667
0 0.537813 0.300417 0.065625 0.084167
0 0.624375 0.299583 0.056250 0.084167
0 0.571250 0.258333 0.067500 0.090000
0 0.116875 0.250417 0.072500 0.090833
0 0.237187 0.236667 0.066875 0.081667
0 0.914687 0.226667 0.068125 0.090000
0 0.715000 0.183333 0.062500 0.086667
0 0.972500 0.170417 0.055000 0.085833
0 0.517188 0.163333 0.064375 0.091667
0 0.564688 0.136667 0.073125 0.103333
0 0.878437 0.114583 0.069375 0.092500
0 0.166250 0.115417 0.072500 0.099167
0 0.493125 0.046667 0.063750 0.088333
0 0.984062 0.045417 0.031875 0.090833
0 0.900312 0.028750 0.066875 0.057500
0 0.560937 0.030417 0.064375 0.060833
0 0.373750 0.044583 0.066250 0.089167
0 0.191875 0.017917 0.065000 0.035833
0 0.065000 0.017500 0.071250 0.035000