0 0.036562 0.932500 0.073125 0.098333
0 0.291250 0.901250 0.062500 0.095833
0 0.037187 0.847500 0.074375 0.085000
0 0.433750 0.843750 0.063750 0.105833
0 0.361563 0.823750 0.065625 0.112500
0 0.385313 0.772917 0.059375 0.102500
0 0.840000 0.760417 0.081250 0.084167
0 0.050625 0.760833 0.065000 0.088333
0 0.960000 0.717917 0.055000 0.119167
0 0.717187 0.694167 0.055625 0.131667
0 0.602812 0.681667 0.049375 0.113333
0 0.840313 0.669167 0.058125 0.105000
0 0.364687 0.643333 0.056875 0.108333
0 0.044062 0.620417 0.086875 0.094167
0 0.441875 0.621250 0.058750 0.122500
0 0.108438 0.599583 0.081875 0.079167
0 0.310937 0.537917 0.080625 0.069167
0 0.230000 0.537917 0.062500 0.114167
0 0.149688 0.527083 0.090625 0.094167
0 0.695625 0.510000 0.068750 0.073333
0 0.907500 0.500833 0.057500 0.101667
0 0.640312 0.498333 0.064375 0.111667
0 0.041563 0.456250 0.083125 0.077500
0 0.676250 0.440417 0.072500 0.065833
0 0.491875 0.423333 0.070000 0.063333
0 0.319375 0.426250 0.055000 0.124167
0 0.043125 0.395000 0.086250 0.083333
0 0.736250 0.413333 0.056250 0.146667
0 0.187500 0.377500 0.091250 0.080000
0 0.672500 0.360833 0.053750 0.095000
0 0.826875 0.339167 0.067500 0.121667
0 0.775312 0.329167 0.060625 0.106667
0 0.896563 0.302500 0.075625 0.086667
0 0.490000 0.320000 0.043750 0.135000
0 0.531250 0.287500 0.056250 0.130000
0 0.638437 0.250000 0.063125 0.088333
0 0.040938 0.233333 0.081875 0.103333
0 0.223438 0.217500 0.095625 0.110000
0 0.291875 0.211250 0.051250 0.130833
0 0.325937 0.189167 0.065625 0.120000
0 0.145625 0.150417 0.057500 0.115833
0 0.773125 0.109583 0.105000 0.074167
0 0.044687 0.040417 0.069375 0.080833