0 0.418438 0.970000 0.056875 0.060000
0 0.237500 0.970000 0.065000 0.060000
0 0.820312 0.966250 0.065625 0.067500
0 0.465938 0.945417 0.058125 0.072500
0 0.970625 0.929583 0.058750 0.069167
0 0.138437 0.913333 0.043125 0.081667
0 0.200937 0.907500 0.058125 0.081667
0 0.062500 0.898333 0.047500 0.090000
0 0.403438 0.860833 0.064375 0.090000
0 0.657813 0.838333 0.058125 0.063333
0 0.965000 0.839167 0.070000 0.066667
0 0.313750 0.837500 0.060000 0.080000
0 0.730000 0.824167 0.052500 0.065000
0 0.090625 0.830000 0.055000 0.078333
0 0.455625 0.808750 0.055000 0.080833
0 0.882812 0.802917 0.056875 0.079167
0 0.372188 0.781250 0.071875 0.077500
0 0.498437 0.762083 0.064375 0.077500
0 0.437500 0.700417 0.065000 0.072500
0 0.022187 0.702917 0.044375 0.087500
0 0.800312 0.695833 0.065625 0.081667
0 0.578125 0.686667 0.083750 0.083333
0 0.915937 0.677083 0.068125 0.075833
0 0.330937 0.652917 0.071875 0.072500
0 0.517813 0.635000 0.066875 0.083333
0 0.393750 0.608750 0.060000 0.080833
0 0.640000 0.602500 0.040000 0.091667
0 0.281562 0.587500 0.063125 0.065000
0 0.015312 0.596250 0.030625 0.082500
0 0.202813 0.583333 0.051875 0.066667
0 0.139063 0.552083 0.053125 0.085833
0 0.823438 0.527917 0.060625 0.059167
0 0.470625 0.530417 0.066250 0.077500
0 0.310625 0.514167 0.067500 0.068333
0 0.624687 0.500000 0.059375 0.076667
0 0.733125 0.494583 0.056250 0.072500
0 0.230000 0.484167 0.065000 0.075000
0 0.557813 0.483333 0.053125 0.090000
0 0.495625 0.452917 0.061250 0.090833
0 0.615000 0.434167 0.065000 0.061667
0 0.866875 0.435000 0.056250 0.071667
0 0.328437 0.406250 0.060625 0.070833
0 0.450000 0.357917 0.053750 0.074167
0 0.664062 0.356250 0.058125 0.074167
0 0.403438 0.354167 0.050625 0.090000
0 0.801875 0.320000 0.061250 0.071667
0 0.580937 0.319167 0.059375 0.078333
0 0.944063 0.275417 0.069375 0.080833
0 0.123750 0.269167 0.062500 0.071667
0 0.821875 0.252500 0.073750 0.065000
0 0.685312 0.253750 0.050625 0.069167
0 0.390313 0.235833 0.070625 0.071667
0 0.895000 0.216667 0.056250 0.076667
0 0.630625 0.189583 0.058750 0.062500
0 0.071250 0.192917 0.057500 0.077500
0 0.487500 0.180833 0.063750 0.075000
0 0.244688 0.184167 0.056875 0.085000
0 0.547500 0.160833 0.056250 0.075000
0 0.940625 0.133750 0.065000 0.072500
0 0.354375 0.128750 0.051250 0.075833
0 0.485000 0.120000 0.060000 0.066667
0 0.085938 0.106667 0.059375 0.095000
0 0.420625 0.082500 0.053750 0.071667
0 0.815000 0.082917 0.068750 0.080833
0 0.548125 0.082917 0.061250 0.080833
0 0.676875 0.079167 0.061250 0.083333
0 0.977500 0.078333 0.043750 0.083333
0 0.891875 0.056667 0.056250 0.071667
0 0.220000 0.055417 0.060000 0.079167
0 0.481875 0.041250 0.066250 0.060833
0 0.855313 0.025417 0.065625 0.050833
0 0.613125 0.020417 0.041250 0.040833
0 0.338750 0.031250 0.062500 0.062500