0 0.148125 0.974583 0.058750 0.050833
0 0.518125 0.965000 0.052500 0.068333
0 0.292187 0.958750 0.054375 0.070833
0 0.658125 0.937500 0.062500 0.066667
0 0.396250 0.915000 0.070000 0.073333
0 0.473125 0.882917 0.058750 0.067500
0 0.290625 0.880000 0.061250 0.080000
0 0.857812 0.839583 0.061875 0.069167
0 0.444688 0.820833 0.059375 0.076667
0 0.205625 0.813750 0.056250 0.082500
0 0.139063 0.791667 0.060625 0.085000
0 0.807813 0.784583 0.066875 0.079167
0 0.207813 0.731250 0.048125 0.075833
0 0.157500 0.716250 0.053750 0.075833
0 0.860938 0.715833 0.089375 0.100000
0 0.441875 0.665833 0.053750 0.076667
0 0.767188 0.661250 0.056875 0.087500
0 0.324062 0.639167 0.048125 0.093333
0 0.151562 0.623750 0.073125 0.090833
0 0.072813 0.578750 0.064375 0.099167
0 0.124688 0.566250 0.058125 0.077500
0 0.021250 0.558333 0.042500 0.081667
0 0.187812 0.553333 0.063125 0.098333
0 0.272500 0.521667 0.061250 0.081667
0 0.637188 0.505000 0.075625 0.081667
0 0.427500 0.483750 0.058750 0.077500
0 0.743750 0.487500 0.083750 0.095000
0 0.489375 0.412917 0.053750 0.072500
0 0.372500 0.396667 0.066250 0.083333
0 0.918125 0.387917 0.060000 0.070833
0 0.278125 0.350000 0.062500 0.083333
0 0.651563 0.310833 0.065625 0.075000
0 0.801250 0.295417 0.048750 0.084167
0 0.944688 0.282500 0.055625 0.066667
0 0.471875 0.272917 0.063750 0.075833
0 0.031563 0.204583 0.063125 0.074167
0 0.361875 0.185000 0.066250 0.075000
0 0.909375 0.172500 0.058750 0.078333
0 0.795312 0.164167 0.061875 0.083333
0 0.634375 0.158750 0.062500 0.077500
0 0.067500 0.144583 0.051250 0.074167
0 0.522813 0.149167 0.069375 0.088333
0 0.399375 0.130833 0.047500 0.063333
0 0.730938 0.132083 0.053125 0.067500
0 0.137813 0.134583 0.069375 0.079167
0 0.594063 0.108333 0.058125 0.065000
0 0.497188 0.113750 0.056875 0.084167
0 0.680937 0.103333 0.066875 0.076667
0 0.091563 0.075417 0.060625 0.082500
0 0.188438 0.067917 0.064375 0.075833
0 0.608750 0.027083 0.072500 0.054167
0 0.232500 0.030833 0.075000 0.061667