0 0.511875 0.964167 0.058750 0.071667
0 0.790000 0.961250 0.068750 0.077500
0 0.704375 0.954167 0.047500 0.078333
0 0.186562 0.949583 0.070625 0.100833
0 0.073438 0.896667 0.065625 0.076667
0 0.248125 0.895833 0.075000 0.088333
0 0.640000 0.885833 0.075000 0.083333
0 0.977500 0.883750 0.045000 0.085833
0 0.390000 0.884167 0.063750 0.088333
0 0.778438 0.842083 0.059375 0.077500
0 0.119063 0.809583 0.054375 0.075833
0 0.545000 0.811667 0.080000 0.096667
0 0.726875 0.793333 0.070000 0.085000
0 0.021562 0.790833 0.043125 0.093333
0 0.059687 0.790417 0.061875 0.095833
0 0.969063 0.782083 0.060625 0.084167
0 0.221875 0.770833 0.062500 0.091667
0 0.878125 0.726667 0.063750 0.080000
0 0.702500 0.728750 0.077500 0.085833
0 0.122500 0.694167 0.066250 0.095000
0 0.365312 0.635417 0.073125 0.080833
0 0.784062 0.567917 0.060625 0.095833
0 0.467187 0.546667 0.060625 0.073333
0 0.548750 0.547083 0.082500 0.105833
0 0.347187 0.536250 0.089375 0.087500
0 0.814375 0.498750 0.042500 0.054167
0 0.920625 0.485417 0.082500 0.095833
0 0.980000 0.470417 0.040000 0.072500
0 0.475625 0.456250 0.062500 0.077500
0 0.347813 0.448750 0.078125 0.089167
0 0.047500 0.420417 0.071250 0.089167
0 0.802813 0.410000 0.065625 0.076667
0 0.950937 0.378333 0.069375 0.090000
0 0.510938 0.362083 0.066875 0.084167
0 0.697187 0.353333 0.059375 0.080000
0 0.296875 0.346667 0.066250 0.078333
0 0.833125 0.345833 0.077500 0.091667
0 0.142500 0.330833 0.051250 0.081667
0 0.064062 0.330000 0.068125 0.093333
0 0.312500 0.256667 0.066250 0.081667
0 0.837187 0.245833 0.066875 0.075000
0 0.571875 0.263750 0.082500 0.115833
0 0.702500 0.223750 0.070000 0.085833
0 0.488438 0.216250 0.069375 0.085833
0 0.229063 0.219167 0.070625 0.091667
0 0.903438 0.205417 0.063125 0.079167
0 0.370625 0.186667 0.072500 0.093333
0 0.709063 0.134167 0.049375 0.066667
0 0.825313 0.055417 0.075625 0.110833
0 0.728750 0.028750 0.057500 0.057500
0 0.673438 0.030000 0.054375 0.060000
0 0.134063 0.040417 0.061875 0.080833
0 0.039062 0.037917 0.064375 0.075833