0 0.370000 0.938750 0.078750 0.122500
0 0.794375 0.910833 0.076250 0.088333
0 0.939688 0.915000 0.070625 0.098333
0 0.907813 0.892500 0.066875 0.090000
0 0.444375 0.891250 0.067500 0.087500
0 0.060312 0.880833 0.063125 0.091667
0 0.134063 0.876250 0.070625 0.100833
0 0.722812 0.862917 0.066875 0.094167
0 0.788125 0.828750 0.067500 0.082500
0 0.228437 0.826667 0.064375 0.091667
0 0.018125 0.822500 0.036250 0.091667
0 0.427812 0.817917 0.074375 0.095833
0 0.502500 0.818750 0.085000 0.110833
0 0.888437 0.814167 0.070625 0.103333
0 0.376563 0.809167 0.056875 0.135000
0 0.684688 0.782917 0.065625 0.085833
0 0.600000 0.787500 0.067500 0.095000
0 0.977812 0.777917 0.044375 0.090833
0 0.124688 0.763750 0.063125 0.087500
0 0.065000 0.756250 0.070000 0.090833
0 0.781250 0.692917 0.062500 0.087500
0 0.950625 0.681250 0.067500 0.092500
0 0.653750 0.681250 0.063750 0.100833
0 0.526250 0.647500 0.067500 0.095000
0 0.694063 0.638333 0.066875 0.098333
0 0.920000 0.617917 0.072500 0.094167
0 0.630938 0.599583 0.065625 0.090833
0 0.978437 0.610000 0.043125 0.120000
0 0.571250 0.573333 0.063750 0.090000
0 0.034375 0.563333 0.068750 0.101667
0 0.485625 0.545417 0.067500 0.094167
0 0.798750 0.535000 0.061250 0.075000
0 0.354375 0.524167 0.070000 0.108333
0 0.242812 0.521250 0.066875 0.104167
0 0.657813 0.481667 0.069375 0.090000
0 0.842500 0.461667 0.068750 0.086667
0 0.455000 0.454583 0.071250 0.095833
0 0.197187 0.432500 0.075625 0.093333
0 0.059375 0.445417 0.077500 0.124167
0 0.323125 0.408750 0.066250 0.082500
0 0.248438 0.393750 0.070625 0.092500
0 0.839375 0.390417 0.061250 0.087500
0 0.782813 0.392500 0.064375 0.091667
0 0.960313 0.357500 0.071875 0.083333
0 0.060312 0.329583 0.096875 0.102500
0 0.599063 0.312500 0.071875 0.095000
0 0.220312 0.309583 0.068125 0.095833
0 0.500625 0.308333 0.062500 0.095000
0 0.455313 0.306667 0.054375 0.095000
0 0.969063 0.297083 0.061875 0.084167
0 0.140313 0.302083 0.053125 0.099167
0 0.882812 0.277917 0.073125 0.075833
0 0.727812 0.283333 0.068125 0.095000
0 0.552188 0.266667 0.064375 0.095000
0 0.287500 0.249167 0.051250 0.093333
0 0.505000 0.229583 0.063750 0.064167
0 0.913125 0.232500 0.063750 0.093333
0 0.017188 0.230000 0.034375 0.098333
0 0.250625 0.224583 0.062500 0.095833
0 0.781875 0.208333 0.061250 0.066667
0 0.880000 0.199167 0.062500 0.075000
0 0.369063 0.152917 0.068125 0.089167
0 0.899687 0.130000 0.059375 0.083333
0 0.227187 0.132500 0.073125 0.093333
0 0.680312 0.095000 0.065625 0.081667
0 0.542188 0.096250 0.061875 0.099167
0 0.130938 0.091250 0.069375 0.089167
0 0.945000 0.050417 0.068750 0.089167
0 0.673125 0.025833 0.071250 0.051667
0 0.106563 0.023333 0.070625 0.046667