0 0.167187 0.967500 0.066875 0.065000
0 0.409687 0.956667 0.078125 0.086667
0 0.229375 0.932917 0.070000 0.085833
0 0.855000 0.933333 0.070000 0.101667
0 0.312500 0.929583 0.075000 0.105833
0 0.979688 0.917917 0.040625 0.095833
0 0.038750 0.903750 0.077500 0.107500
0 0.945937 0.888333 0.070625 0.105000
0 0.395625 0.878333 0.083750 0.090000
0 0.287500 0.812083 0.076250 0.099167
0 0.771563 0.814583 0.071875 0.115833
0 0.374688 0.804167 0.079375 0.098333
0 0.531563 0.776667 0.070625 0.091667
0 0.447813 0.733333 0.076875 0.096667
0 0.812813 0.730000 0.066875 0.101667
0 0.654375 0.705833 0.070000 0.095000
0 0.375937 0.702917 0.073125 0.094167
0 0.552500 0.692917 0.083750 0.102500
0 0.152500 0.676250 0.072500 0.089167
0 0.869687 0.681250 0.064375 0.112500
0 0.942187 0.654583 0.078125 0.097500
0 0.494688 0.638750 0.071875 0.102500
0 0.040000 0.614167 0.080000 0.098333
0 0.605938 0.616667 0.074375 0.108333
0 0.115000 0.600417 0.075000 0.114167
0 0.014375 0.569167 0.028750 0.081667
0 0.452188 0.562083 0.066875 0.074167
0 0.549063 0.565833 0.089375 0.095000
0 0.900000 0.550000 0.068750 0.103333
0 0.379688 0.547917 0.073125 0.102500
0 0.954375 0.539167 0.070000 0.106667
0 0.839688 0.521667 0.065625 0.098333
0 0.198437 0.515833 0.071875 0.101667
0 0.650625 0.508750 0.068750 0.090833
0 0.447500 0.487917 0.091250 0.089167
0 0.370937 0.470417 0.063125 0.079167
0 0.076563 0.472917 0.070625 0.092500
0 0.577187 0.485833 0.096875 0.123333
0 0.714375 0.464167 0.070000 0.096667
0 0.412813 0.395000 0.073125 0.100000
0 0.126250 0.374583 0.076250 0.079167
0 0.806875 0.357083 0.078750 0.107500
0 0.895312 0.342083 0.071875 0.099167
0 0.446250 0.299583 0.066250 0.084167
0 0.105625 0.297083 0.070000 0.079167
0 0.411250 0.228333 0.073750 0.093333
0 0.909375 0.216667 0.073750 0.096667
0 0.103438 0.189583 0.068125 0.089167
0 0.763125 0.146667 0.076250 0.103333
0 0.696875 0.143750 0.068750 0.109167
0 0.818438 0.105417 0.066875 0.092500
0 0.620938 0.094167 0.070625 0.101667
0 0.885312 0.068750 0.069375 0.104167
0 0.717812 0.058750 0.075625 0.095833
0 0.769062 0.037917 0.075625 0.075833
0 0.157812 0.025417 0.080625 0.050833
0 0.082500 0.046667 0.072500 0.093333