0 0.411875 0.980000 0.046250 0.040000
0 0.704375 0.967917 0.053750 0.064167
0 0.447813 0.958333 0.063125 0.083333
0 0.333437 0.916250 0.059375 0.080833
0 0.672813 0.888750 0.053125 0.072500
0 0.100312 0.888750 0.070625 0.110833
0 0.617812 0.868750 0.065625 0.087500
0 0.789062 0.874167 0.055625 0.101667
0 0.165000 0.866250 0.060000 0.094167
0 0.263750 0.840833 0.070000 0.083333
0 0.985000 0.847917 0.030000 0.100833
0 0.432812 0.835833 0.064375 0.086667
0 0.887813 0.770833 0.056875 0.075000
0 0.016563 0.760417 0.033125 0.082500
0 0.237813 0.770417 0.065625 0.122500
0 0.297500 0.739167 0.057500 0.080000
0 0.591562 0.730833 0.060625 0.073333
0 0.410000 0.728333 0.062500 0.086667
0 0.765625 0.703750 0.067500 0.097500
0 0.031563 0.695417 0.061875 0.082500
0 0.681875 0.692917 0.066250 0.080833
0 0.621875 0.665000 0.055000 0.076667
0 0.228125 0.662917 0.073750 0.085833
0 0.076563 0.647917 0.060625 0.075833
0 0.545625 0.647083 0.056250 0.075833
0 0.140313 0.640000 0.051875 0.080000
0 0.426250 0.632917 0.060000 0.080833
0 0.908125 0.614583 0.057500 0.079167
0 0.103438 0.590000 0.064375 0.070000
0 0.651563 0.585000 0.064375 0.071667
0 0.851250 0.560000 0.055000 0.066667
0 0.570625 0.568750 0.060000 0.089167
0 0.525000 0.544167 0.056250 0.081667
0 0.259375 0.486250 0.057500 0.072500
0 0.825625 0.485000 0.061250 0.081667
0 0.325313 0.480000 0.058125 0.086667
0 0.630313 0.471250 0.056875 0.074167
0 0.246250 0.426250 0.057500 0.080833
0 0.365938 0.412500 0.053125 0.083333
0 0.593125 0.407083 0.056250 0.077500
0 0.933750 0.396250 0.058750 0.067500
0 0.303125 0.381667 0.052500 0.081667
0 0.503437 0.367083 0.064375 0.090833
0 0.966250 0.335000 0.055000 0.073333
0 0.087188 0.328333 0.066875 0.085000
0 0.888125 0.330417 0.057500 0.100833
0 0.786250 0.316250 0.050000 0.110833
0 0.364687 0.292917 0.059375 0.084167
0 0.158438 0.254167 0.043125 0.053333
0 0.740313 0.243333 0.049375 0.076667
0 0.391875 0.228333 0.067500 0.106667
0 0.183750 0.212917 0.083750 0.097500
0 0.019375 0.195417 0.038750 0.070833
0 0.064062 0.201667 0.055625 0.086667
0 0.425938 0.180000 0.065625 0.083333
0 0.914375 0.179583 0.061250 0.095833
0 0.620313 0.132917 0.060625 0.070833
0 0.190625 0.127917 0.057500 0.079167
0 0.123750 0.122917 0.057500 0.080833
0 0.780000 0.132500 0.078750 0.115000
0 0.837187 0.107917 0.058125 0.079167
0 0.736563 0.062500 0.056875 0.081667
0 0.407813 0.058333 0.063125 0.090000
0 0.272188 0.039583 0.061875 0.077500
0 0.608125 0.034167 0.060000 0.068333
0 0.104063 0.028333 0.066875 0.056667