0 0.415000 0.886667 0.083750 0.115000
0 0.182500 0.845000 0.075000 0.095000
0 0.974688 0.836667 0.050625 0.156667
0 0.370000 0.791667 0.088750 0.126667
0 0.565312 0.755000 0.081875 0.111667
0 0.398438 0.734167 0.085625 0.101667
0 0.433750 0.678750 0.082500 0.095833
0 0.622188 0.622500 0.066875 0.088333
0 0.518125 0.622083 0.083750 0.094167
0 0.971875 0.584167 0.056250 0.101667
0 0.552188 0.575833 0.089375 0.095000
0 0.261875 0.585000 0.126250 0.173333
0 0.503750 0.498333 0.082500 0.100000
0 0.825625 0.495833 0.097500 0.098333
0 0.422500 0.492500 0.078750 0.120000
0 0.367812 0.469583 0.098125 0.082500
0 0.679375 0.432917 0.072500 0.105833
0 0.115312 0.419167 0.083125 0.108333
0 0.393125 0.392917 0.085000 0.090833
0 0.257500 0.386250 0.082500 0.085833
0 0.205937 0.310833 0.115625 0.078333
0 0.352500 0.288333 0.072500 0.093333
0 0.421250 0.315000 0.078750 0.155000
0 0.262500 0.178750 0.102500 0.097500
0 0.672813 0.133750 0.064375 0.084167
0 0.540000 0.149583 0.075000 0.125833
0 0.729062 0.130417 0.074375 0.114167
0 0.452188 0.111250 0.055625 0.084167
0 0.502500 0.113333 0.055000 0.106667
0 0.245000 0.081250 0.080000 0.114167
0 0.962812 0.033750 0.074375 0.067500
0 0.389688 0.055000 0.073125 0.110000
0 0.302500 0.039583 0.126250 0.079167