0 0.882500 0.980417 0.066250 0.039167
0 0.548750 0.967917 0.066250 0.064167
0 0.617812 0.967083 0.068125 0.065833
0 0.710000 0.955417 0.070000 0.089167
0 0.397188 0.928333 0.073125 0.088333
0 0.293750 0.924167 0.072500 0.103333
0 0.879687 0.898333 0.079375 0.088333
0 0.331250 0.840833 0.067500 0.093333
0 0.666250 0.810833 0.077500 0.090000
0 0.234687 0.810417 0.069375 0.097500
0 0.846250 0.809167 0.067500 0.096667
0 0.468750 0.803333 0.082500 0.108333
0 0.531250 0.771667 0.076250 0.095000
0 0.290625 0.765000 0.075000 0.086667
0 0.793125 0.759167 0.067500 0.096667
0 0.964063 0.746667 0.058125 0.100000
0 0.920312 0.731667 0.060625 0.086667
0 0.858125 0.681667 0.062500 0.085000
0 0.674375 0.685000 0.068750 0.095000
0 0.263125 0.675000 0.071250 0.085000
0 0.573750 0.658333 0.057500 0.088333
0 0.936875 0.643333 0.065000 0.078333
0 0.195625 0.628333 0.063750 0.088333
0 0.490000 0.614167 0.067500 0.096667
0 0.925000 0.560833 0.063750 0.093333
0 0.753125 0.559167 0.073750 0.100000
0 0.230000 0.529167 0.075000 0.096667
0 0.683750 0.490000 0.076250 0.101667
0 0.826250 0.476667 0.072500 0.101667
0 0.585000 0.469167 0.068750 0.100000
0 0.034063 0.446667 0.066875 0.098333
0 0.749375 0.434167 0.071250 0.096667
0 0.289375 0.414167 0.076250 0.106667
0 0.217500 0.404583 0.070000 0.102500
0 0.149375 0.390833 0.061250 0.080000
0 0.969063 0.406250 0.061875 0.134167
0 0.556250 0.378333 0.080000 0.105000
0 0.984062 0.274167 0.031875 0.090000
0 0.591875 0.260833 0.085000 0.130000
0 0.912500 0.234167 0.066250 0.096667
0 0.649062 0.220000 0.063125 0.103333
0 0.018437 0.191667 0.035625 0.105000
0 0.485625 0.175833 0.073750 0.100000
0 0.803750 0.148333 0.072500 0.101667
0 0.972187 0.157083 0.055625 0.122500
0 0.078125 0.082917 0.092500 0.094167
0 0.849375 0.055833 0.063750 0.086667
0 0.951562 0.026250 0.068125 0.052500
0 0.524375 0.031250 0.105000 0.062500
0 0.109063 0.032917 0.084375 0.065833