0 0.862500 0.979167 0.072500 0.041667
0 0.331562 0.963333 0.065625 0.073333
0 0.970625 0.958333 0.058750 0.083333
0 0.916250 0.935417 0.060000 0.115833
0 0.430937 0.888333 0.060625 0.110000
0 0.875938 0.885000 0.063125 0.115000
0 0.825625 0.866667 0.063750 0.091667
0 0.543750 0.859583 0.065000 0.097500
0 0.479687 0.859167 0.056875 0.110000
0 0.980313 0.842917 0.038125 0.104167
0 0.702500 0.810417 0.062500 0.085833
0 0.618750 0.834167 0.070000 0.138333
0 0.914062 0.792500 0.064375 0.098333
0 0.864375 0.768750 0.057500 0.119167
0 0.430625 0.769583 0.061250 0.125833
0 0.387813 0.741667 0.069375 0.105000
0 0.077500 0.712500 0.065000 0.090000
0 0.023125 0.708750 0.046250 0.087500
0 0.828750 0.685833 0.065000 0.085000
0 0.423125 0.658750 0.071250 0.094167
0 0.210313 0.660833 0.050625 0.108333
0 0.016875 0.618750 0.033750 0.084167
0 0.782500 0.593333 0.067500 0.076667
0 0.358438 0.569167 0.068125 0.101667
0 0.840000 0.575000 0.056250 0.116667
0 0.208437 0.552083 0.063125 0.085833
0 0.022187 0.551250 0.044375 0.085833
0 0.079062 0.508750 0.058125 0.094167
0 0.024688 0.475417 0.049375 0.080833
0 0.815312 0.470000 0.083125 0.090000
0 0.942500 0.467917 0.067500 0.114167
0 0.161250 0.447917 0.058750 0.110833
0 0.102188 0.452500 0.068125 0.121667
0 0.716875 0.435833 0.072500 0.098333
0 0.887500 0.432083 0.065000 0.117500
0 0.576875 0.413333 0.071250 0.083333
0 0.326250 0.409167 0.073750 0.080000
0 0.252500 0.417500 0.072500 0.101667
0 0.442500 0.400000 0.077500 0.096667
0 0.826250 0.396667 0.085000 0.098333
0 0.044375 0.388333 0.063750 0.100000
0 0.695000 0.365417 0.083750 0.105833
0 0.174063 0.368750 0.071875 0.112500
0 0.838750 0.327917 0.093750 0.082500
0 0.336562 0.320833 0.068125 0.091667
0 0.401562 0.328333 0.056875 0.118333
0 0.890938 0.298750 0.060625 0.094167
0 0.983125 0.296667 0.033750 0.103333
0 0.029375 0.288333 0.058750 0.091667
0 0.698750 0.279583 0.086250 0.084167
0 0.579375 0.297500 0.063750 0.125000
0 0.100312 0.285833 0.064375 0.110000
0 0.837500 0.251250 0.071250 0.075833
0 0.184062 0.263750 0.064375 0.105833
0 0.943750 0.262917 0.052500 0.122500
0 0.439688 0.248750 0.061875 0.104167
0 0.236250 0.231667 0.061250 0.116667
0 0.730313 0.209167 0.073125 0.096667
0 0.538750 0.191250 0.083750 0.089167
0 0.031250 0.178333 0.062500 0.078333
0 0.132812 0.191667 0.068125 0.113333
0 0.409375 0.184167 0.065000 0.106667
0 0.653125 0.205833 0.077500 0.155000
0 0.194062 0.159583 0.066875 0.097500
0 0.590938 0.152500 0.069375 0.115000
0 0.524375 0.102083 0.076250 0.094167
0 0.030625 0.094167 0.061250 0.091667
0 0.226250 0.088750 0.063750 0.107500
0 0.430312 0.044583 0.068125 0.080833
0 0.530937 0.025417 0.069375 0.050833
0 0.474375 0.022500 0.053750 0.045000
0 0.355312 0.058333 0.070625 0.116667
0 0.279375 0.056250 0.062500 0.112500