0 0.244062 0.977083 0.073125 0.045833
0 0.032188 0.965833 0.064375 0.068333
0 0.617812 0.964167 0.059375 0.071667
0 0.948750 0.955000 0.070000 0.086667
0 0.676875 0.955417 0.070000 0.089167
0 0.256250 0.917917 0.060000 0.084167
0 0.166563 0.905833 0.064375 0.078333
0 0.895625 0.895000 0.066250 0.078333
0 0.986563 0.891250 0.026875 0.085833
0 0.533750 0.892917 0.068750 0.090833
0 0.148125 0.867083 0.065000 0.080833
0 0.300000 0.862083 0.080000 0.087500
0 0.044062 0.837083 0.088125 0.109167
0 0.615938 0.822083 0.064375 0.089167
0 0.193438 0.808750 0.049375 0.080833
0 0.250000 0.803750 0.062500 0.079167
0 0.893437 0.790833 0.056875 0.070000
0 0.555625 0.798333 0.063750 0.093333
0 0.493125 0.791250 0.086250 0.085833
0 0.821250 0.776250 0.062500 0.077500
0 0.388437 0.776250 0.075625 0.090833
0 0.323125 0.763333 0.057500 0.080000
0 0.590000 0.742500 0.058750 0.086667
0 0.272188 0.724583 0.058125 0.082500
0 0.210938 0.719167 0.063125 0.081667
0 0.367500 0.711250 0.058750 0.069167
0 0.915937 0.718333 0.051875 0.086667
0 0.868750 0.712500 0.057500 0.113333
0 0.582812 0.676250 0.078125 0.082500
0 0.649062 0.671667 0.058125 0.081667
0 0.299063 0.651667 0.073125 0.083333
0 0.486875 0.615417 0.068750 0.075833
0 0.152188 0.635000 0.078125 0.125000
0 0.710313 0.612917 0.061875 0.084167
0 0.861563 0.606250 0.083125 0.092500
0 0.342187 0.605000 0.090625 0.101667
0 0.583125 0.595417 0.058750 0.084167
0 0.207813 0.586667 0.060625 0.081667
0 0.263750 0.551667 0.066250 0.070000
0 0.807500 0.525417 0.070000 0.087500
0 0.304375 0.523333 0.072500 0.091667
0 0.244375 0.502917 0.061250 0.089167
0 0.447813 0.483750 0.063125 0.084167
0 0.351250 0.492500 0.083750 0.106667
0 0.130938 0.459167 0.065625 0.091667
0 0.957187 0.459583 0.063125 0.095833
0 0.060312 0.446250 0.083125 0.084167
0 0.193125 0.469167 0.083750 0.136667
0 0.296250 0.437500 0.063750 0.078333
0 0.413125 0.423750 0.060000 0.085833
0 0.903750 0.408750 0.065000 0.089167
0 0.823438 0.369583 0.079375 0.072500
0 0.264062 0.362500 0.060625 0.075000
0 0.771875 0.328750 0.071250 0.085833
0 0.691875 0.319583 0.061250 0.085833
0 0.890312 0.305417 0.058125 0.077500
0 0.276875 0.291250 0.063750 0.085833
0 0.725938 0.281667 0.070625 0.075000
0 0.795937 0.276667 0.055625 0.076667
0 0.950937 0.272500 0.068125 0.081667
0 0.157500 0.292917 0.065000 0.124167
0 0.854062 0.251667 0.061875 0.090000
0 0.311563 0.227500 0.063125 0.083333
0 0.765000 0.215417 0.071250 0.112500
0 0.931250 0.196667 0.063750 0.081667
0 0.669375 0.195417 0.060000 0.089167
0 0.193438 0.145417 0.065625 0.065833
0 0.125938 0.150000 0.060625 0.075000
0 0.307188 0.148750 0.058125 0.087500
0 0.868125 0.133333 0.068750 0.103333
0 0.806562 0.127083 0.065625 0.109167
0 0.076250 0.092917 0.056250 0.080833
0 0.051875 0.053750 0.086250 0.107500