0 0.870000 0.935000 0.082500 0.085000
0 0.322813 0.900833 0.069375 0.095000
0 0.173750 0.880417 0.060000 0.087500
0 0.733750 0.886667 0.073750 0.106667
0 0.878125 0.861667 0.075000 0.086667
0 0.787188 0.859167 0.064375 0.116667
0 0.834063 0.854583 0.059375 0.120833
0 0.160000 0.827500 0.081250 0.090000
0 0.909375 0.812500 0.062500 0.076667
0 0.746875 0.807917 0.093750 0.080833
0 0.441563 0.780833 0.066875 0.088333
0 0.319688 0.768750 0.078125 0.085833
0 0.719688 0.723750 0.080625 0.105833
0 0.345313 0.696667 0.064375 0.081667
0 0.785625 0.668750 0.053750 0.077500
0 0.131562 0.669583 0.068125 0.094167
0 0.183125 0.637500 0.061250 0.101667
0 0.585938 0.608333 0.064375 0.083333
0 0.338438 0.622917 0.079375 0.115833
0 0.704688 0.590833 0.066875 0.095000
0 0.157812 0.575833 0.078125 0.088333
0 0.413125 0.565417 0.066250 0.097500
0 0.616250 0.549167 0.058750 0.076667
0 0.120313 0.520417 0.068125 0.084167
0 0.732187 0.502917 0.071875 0.067500
0 0.906250 0.482917 0.070000 0.075833
0 0.056563 0.452083 0.063125 0.104167
0 0.447813 0.432500 0.063125 0.088333
0 0.979688 0.384583 0.040625 0.089167
0 0.816875 0.381250 0.066250 0.085833
0 0.401250 0.368333 0.075000 0.083333
0 0.288438 0.341667 0.070625 0.096667
0 0.911875 0.331250 0.060000 0.090833
0 0.425938 0.295833 0.068125 0.086667
0 0.860313 0.301667 0.061875 0.100000
0 0.754062 0.279583 0.074375 0.089167
0 0.806875 0.230833 0.067500 0.093333
0 0.720938 0.227917 0.063125 0.089167
0 0.158438 0.209167 0.048125 0.111667
0 0.247812 0.125000 0.060625 0.081667
0 0.980313 0.115417 0.039375 0.104167
0 0.652813 0.116667 0.083125 0.106667
0 0.903125 0.105417 0.077500 0.094167
0 0.030625 0.103333 0.061250 0.091667
0 0.345313 0.082917 0.054375 0.100833
0 0.619062 0.067917 0.091875 0.079167
0 0.825313 0.068750 0.080625 0.095833
0 0.708438 0.053333 0.078125 0.083333
0 0.923750 0.027917 0.062500 0.055833
0 0.591562 0.029167 0.068125 0.058333
0 0.122500 0.039167 0.068750 0.078333