0 0.562500 0.970000 0.073750 0.060000
0 0.687500 0.967500 0.066250 0.065000
0 0.800625 0.952917 0.071250 0.094167
0 0.469062 0.941667 0.069375 0.096667
0 0.218438 0.909167 0.070625 0.091667
0 0.620313 0.901250 0.063125 0.077500
0 0.110625 0.885833 0.070000 0.080000
0 0.190000 0.864583 0.067500 0.089167
0 0.679375 0.838750 0.062500 0.100833
0 0.818750 0.807500 0.073750 0.096667
0 0.282500 0.780833 0.060000 0.088333
0 0.166563 0.769583 0.069375 0.082500
0 0.041563 0.770000 0.065625 0.095000
0 0.484063 0.761667 0.070625 0.088333
0 0.559063 0.750833 0.060625 0.111667
0 0.627500 0.739167 0.077500 0.118333
0 0.387813 0.708750 0.065625 0.094167
0 0.145625 0.688750 0.061250 0.080833
0 0.045000 0.663333 0.071250 0.091667
0 0.280625 0.655833 0.072500 0.088333
0 0.608125 0.644583 0.057500 0.089167
0 0.664375 0.643333 0.065000 0.103333
0 0.453750 0.635833 0.060000 0.093333
0 0.735938 0.628333 0.060625 0.080000
0 0.171250 0.578750 0.073750 0.090833
0 0.672500 0.557083 0.053750 0.075833
0 0.925937 0.562500 0.066875 0.088333
0 0.086875 0.557917 0.067500 0.089167
0 0.326562 0.557083 0.068125 0.094167
0 0.605625 0.553750 0.068750 0.090833
0 0.841875 0.540417 0.062500 0.080833
0 0.754687 0.545833 0.065625 0.091667
0 0.391875 0.503333 0.070000 0.093333
0 0.285625 0.480417 0.065000 0.089167
0 0.108438 0.465833 0.064375 0.091667
0 0.917188 0.456250 0.066875 0.089167
0 0.032188 0.451667 0.064375 0.090000
0 0.470313 0.432500 0.065625 0.078333
0 0.723750 0.427917 0.082500 0.092500
0 0.183438 0.427083 0.071875 0.095833
0 0.608437 0.405417 0.060625 0.094167
0 0.539062 0.396250 0.063125 0.085833
0 0.311875 0.382917 0.066250 0.089167
0 0.874375 0.362500 0.063750 0.086667
0 0.801562 0.359583 0.069375 0.082500
0 0.032188 0.325417 0.064375 0.089167
0 0.723437 0.308333 0.068125 0.083333
0 0.337813 0.297083 0.063125 0.080833
0 0.971875 0.275000 0.056250 0.075000
0 0.189688 0.272500 0.073125 0.100000
0 0.825937 0.258750 0.066875 0.097500
0 0.512188 0.233750 0.065625 0.082500
0 0.599688 0.227500 0.079375 0.086667
0 0.113750 0.213333 0.067500 0.085000
0 0.691250 0.198333 0.068750 0.095000
0 0.952187 0.193750 0.064375 0.087500
0 0.314375 0.189167 0.060000 0.086667
0 0.426250 0.185000 0.055000 0.086667
0 0.770938 0.177083 0.079375 0.074167
0 0.876875 0.172917 0.055000 0.070833
0 0.036562 0.179583 0.066875 0.097500
0 0.510938 0.136667 0.069375 0.088333
0 0.824063 0.117500 0.066875 0.086667
0 0.267188 0.098333 0.056875 0.083333
0 0.180625 0.075417 0.062500 0.090833
0 0.939063 0.022083 0.073125 0.044167
0 0.548438 0.022500 0.070625 0.045000