0 0.863750 0.981667 0.048750 0.036667
0 0.567813 0.977500 0.064375 0.045000
0 0.773438 0.973333 0.061875 0.053333
0 0.306875 0.972083 0.082500 0.055833
0 0.978437 0.969167 0.043125 0.061667
0 0.463438 0.968750 0.098125 0.062500
0 0.636250 0.961667 0.070000 0.076667
0 0.060937 0.958750 0.058125 0.077500
0 0.398438 0.947083 0.070625 0.085833
0 0.242500 0.933333 0.066250 0.101667
0 0.126250 0.919583 0.066250 0.079167
0 0.696562 0.921250 0.059375 0.084167
0 0.473438 0.912083 0.058125 0.082500
0 0.015312 0.909167 0.030625 0.081667
0 0.551250 0.913333 0.065000 0.106667
0 0.942813 0.890417 0.054375 0.077500
0 0.980625 0.881667 0.038750 0.078333
0 0.754375 0.870417 0.065000 0.067500
0 0.837500 0.881667 0.067500 0.111667
0 0.541875 0.840000 0.076250 0.080000
0 0.180938 0.839583 0.079375 0.087500
0 0.361563 0.846250 0.083125 0.109167
0 0.717812 0.830000 0.064375 0.083333
0 0.067500 0.839583 0.078750 0.102500
0 0.260313 0.822083 0.051875 0.072500
0 0.611875 0.816250 0.063750 0.074167
0 0.434688 0.810417 0.079375 0.114167
0 0.515625 0.779167 0.066250 0.085000
0 0.930000 0.789583 0.076250 0.112500
0 0.582812 0.760417 0.060625 0.065833
0 0.304375 0.762083 0.057500 0.069167
0 0.850938 0.751667 0.056875 0.078333
0 0.680625 0.749167 0.095000 0.091667
0 0.775625 0.743333 0.058750 0.083333
0 0.375000 0.740833 0.083750 0.105000
0 0.297187 0.698333 0.059375 0.070000
0 0.625000 0.705000 0.053750 0.085000
0 0.566562 0.700000 0.060625 0.086667
0 0.108438 0.695833 0.074375 0.100000
0 0.696562 0.675833 0.064375 0.063333
0 0.029063 0.702500 0.058125 0.116667
0 0.219062 0.703333 0.063125 0.121667
0 0.844375 0.674583 0.083750 0.084167
0 0.342187 0.665000 0.060625 0.081667
0 0.911563 0.653750 0.065625 0.067500
0 0.755000 0.644167 0.061250 0.070000
0 0.438125 0.653333 0.080000 0.105000
0 0.975625 0.649167 0.048750 0.118333
0 0.511875 0.623750 0.058750 0.080833
0 0.671562 0.617083 0.059375 0.085833
0 0.266250 0.611667 0.057500 0.076667
0 0.197813 0.621250 0.048125 0.099167
0 0.364687 0.605833 0.058125 0.071667
0 0.072188 0.602917 0.059375 0.080833
0 0.873125 0.587917 0.056250 0.079167
0 0.493125 0.582917 0.055000 0.070833
0 0.281250 0.572083 0.056250 0.074167
0 0.903750 0.567500 0.052500 0.080000
0 0.139063 0.558333 0.059375 0.078333
0 0.952187 0.541250 0.078125 0.082500
0 0.612500 0.537500 0.071250 0.076667
0 0.786563 0.518750 0.065625 0.064167
0 0.022812 0.528750 0.045625 0.087500
0 0.150625 0.507083 0.057500 0.077500
0 0.079375 0.509167 0.058750 0.081667
0 0.383750 0.505833 0.080000 0.091667
0 0.469062 0.488333 0.064375 0.073333
0 0.599375 0.478333 0.063750 0.070000
0 0.715938 0.469583 0.065625 0.060833
0 0.855938 0.487500 0.079375 0.100000
0 0.316250 0.471250 0.058750 0.074167
0 0.547500 0.461667 0.051250 0.091667
0 0.211250 0.446667 0.062500 0.085000
0 0.676562 0.445000 0.083125 0.091667
0 0.080937 0.428750 0.060625 0.075833
0 0.928750 0.420417 0.086250 0.080833
0 0.425000 0.417500 0.086250 0.110000
0 0.566875 0.395833 0.061250 0.078333
0 0.741875 0.390833 0.065000 0.076667
0 0.495312 0.394583 0.054375 0.092500
0 0.241875 0.382917 0.057500 0.075833
0 0.888125 0.377500 0.063750 0.071667
0 0.035937 0.378750 0.071875 0.089167
0 0.722187 0.356250 0.054375 0.069167
0 0.139063 0.397917 0.068125 0.157500
0 0.980625 0.348333 0.038750 0.078333
0 0.643125 0.345417 0.068750 0.077500
0 0.266250 0.343750 0.068750 0.080833
0 0.355625 0.329167 0.062500 0.063333
0 0.803125 0.326250 0.060000 0.080833
0 0.113125 0.314167 0.055000 0.070000
0 0.427812 0.312917 0.058125 0.072500
0 0.045000 0.287083 0.065000 0.075833
0 0.482812 0.287917 0.045625 0.082500
0 0.889375 0.286667 0.092500 0.085000
0 0.737500 0.274167 0.063750 0.070000
0 0.619375 0.252500 0.057500 0.080000
0 0.169375 0.253750 0.065000 0.082500
0 0.525625 0.239583 0.061250 0.082500
0 0.419687 0.232917 0.059375 0.069167
0 0.696250 0.230833 0.067500 0.080000
0 0.341875 0.246250 0.087500 0.122500
0 0.028438 0.224583 0.055625 0.085833
0 0.830313 0.209167 0.049375 0.081667
0 0.231563 0.189583 0.061875 0.090833
0 0.143125 0.178750 0.061250 0.070833
0 0.542188 0.165833 0.055625 0.083333
0 0.914687 0.144167 0.076875 0.088333
0 0.391875 0.138333 0.068750 0.095000
0 0.676562 0.127917 0.053125 0.077500
0 0.808125 0.125833 0.063750 0.075000
0 0.878125 0.127917 0.056250 0.090833
0 0.597812 0.116250 0.075625 0.105833
0 0.735938 0.092083 0.051875 0.082500
0 0.268750 0.075833 0.055000 0.075000
0 0.494063 0.079583 0.060625 0.085833
0 0.829375 0.067917 0.060000 0.082500
0 0.342187 0.064167 0.060625 0.080000
0 0.121875 0.072917 0.071250 0.105833
0 0.876875 0.047083 0.060000 0.069167
0 0.728125 0.043333 0.056250 0.065000
0 0.953125 0.048750 0.062500 0.085833
0 0.643750 0.035833 0.053750 0.071667
0 0.429375 0.024167 0.053750 0.048333
0 0.325937 0.023750 0.054375 0.047500
0 0.241250 0.033333 0.065000 0.066667
0 0.045937 0.030417 0.061875 0.060833