0 0.220625 0.979167 0.047500 0.041667
0 0.610000 0.977500 0.051250 0.045000
0 0.359063 0.970000 0.078125 0.060000
0 0.155625 0.970000 0.063750 0.060000
0 0.546875 0.959167 0.070000 0.081667
0 0.832812 0.946667 0.069375 0.073333
0 0.968125 0.931250 0.063750 0.084167
0 0.675000 0.943333 0.101250 0.113333
0 0.490000 0.921667 0.058750 0.076667
0 0.138125 0.910417 0.061250 0.075833
0 0.066250 0.879583 0.063750 0.080833
0 0.745313 0.897917 0.059375 0.127500
0 0.175625 0.842500 0.060000 0.085000
0 0.810312 0.857083 0.085625 0.119167
0 0.260625 0.823750 0.057500 0.080833
0 0.109063 0.817917 0.088125 0.117500
0 0.319375 0.790417 0.061250 0.084167
0 0.982187 0.772083 0.035625 0.065833
0 0.923750 0.777083 0.065000 0.082500
0 0.422187 0.775833 0.061875 0.083333
0 0.853125 0.765417 0.071250 0.090833
0 0.192812 0.754583 0.071875 0.090833
0 0.557500 0.742500 0.063750 0.080000
0 0.973437 0.702917 0.053125 0.080833
0 0.138125 0.705833 0.061250 0.090000
0 0.042813 0.684583 0.064375 0.079167
0 0.093438 0.678750 0.071875 0.084167
0 0.927500 0.666667 0.071250 0.093333
0 0.545000 0.649583 0.066250 0.109167
0 0.318437 0.635000 0.071875 0.096667
0 0.608125 0.629167 0.061250 0.095000
0 0.208750 0.615417 0.068750 0.089167
0 0.664062 0.620833 0.064375 0.115000
0 0.039688 0.604167 0.079375 0.081667
0 0.581875 0.587083 0.065000 0.085833
0 0.700625 0.570000 0.066250 0.103333
0 0.288438 0.552500 0.063125 0.085000
0 0.044375 0.510833 0.062500 0.073333
0 0.620313 0.511667 0.066875 0.088333
0 0.437188 0.501667 0.056875 0.078333
0 0.928438 0.502917 0.068125 0.089167
0 0.166250 0.460000 0.067500 0.095000
0 0.043750 0.441667 0.057500 0.065000
0 0.464687 0.429583 0.070625 0.077500
0 0.665000 0.415417 0.056250 0.082500
0 0.503125 0.407500 0.065000 0.078333
0 0.314688 0.409583 0.073125 0.094167
0 0.050000 0.367083 0.067500 0.079167
0 0.088125 0.363750 0.055000 0.100833
0 0.361875 0.352500 0.060000 0.081667
0 0.264688 0.356667 0.096875 0.091667
0 0.507812 0.334167 0.063125 0.073333
0 0.214375 0.318750 0.056250 0.087500
0 0.113437 0.300417 0.061875 0.090833
0 0.270313 0.276250 0.066875 0.085833
0 0.485312 0.263333 0.060625 0.081667
0 0.606250 0.259583 0.065000 0.087500
0 0.441250 0.221667 0.067500 0.071667
0 0.815937 0.200417 0.058125 0.077500
0 0.652188 0.183750 0.068125 0.087500
0 0.159688 0.169167 0.060625 0.080000
0 0.711250 0.175000 0.057500 0.096667
0 0.299375 0.152917 0.065000 0.084167
0 0.959063 0.143333 0.061875 0.073333
0 0.545312 0.141667 0.056875 0.078333
0 0.628125 0.118750 0.065000 0.087500
0 0.918750 0.105417 0.067500 0.079167
0 0.452500 0.105417 0.072500 0.109167
0 0.245312 0.092083 0.093125 0.105833
0 0.324688 0.058333 0.053125 0.080000
0 0.731875 0.042083 0.068750 0.082500
0 0.870313 0.025000 0.061875 0.050000
0 0.783438 0.043333 0.070625 0.086667
0 0.624687 0.037083 0.059375 0.074167
0 0.484375 0.029583 0.067500 0.059167