0 0.806562 0.978750 0.061875 0.042500
0 0.085938 0.977917 0.058125 0.044167
0 0.031250 0.969583 0.053750 0.060833
0 0.738437 0.938750 0.065625 0.067500
0 0.343125 0.952500 0.066250 0.095000
0 0.538750 0.940000 0.063750 0.071667
0 0.909062 0.945000 0.068125 0.086667
0 0.820625 0.908333 0.067500 0.093333
0 0.030000 0.897083 0.060000 0.085833
0 0.602187 0.875417 0.065625 0.070833
0 0.278125 0.881250 0.063750 0.097500
0 0.734062 0.873333 0.071875 0.085000
0 0.335938 0.873333 0.064375 0.086667
0 0.534062 0.867083 0.070625 0.084167
0 0.687500 0.853750 0.051250 0.077500
0 0.019688 0.825000 0.039375 0.073333
0 0.587812 0.826250 0.069375 0.079167
0 0.910937 0.822917 0.064375 0.077500
0 0.650000 0.820000 0.063750 0.071667
0 0.226875 0.811250 0.061250 0.077500
0 0.513437 0.810833 0.066875 0.086667
0 0.372500 0.792500 0.058750 0.080000
0 0.296875 0.790417 0.061250 0.097500
0 0.460938 0.776667 0.075625 0.085000
0 0.972187 0.771667 0.055625 0.080000
0 0.089375 0.773333 0.061250 0.083333
0 0.647500 0.750000 0.062500 0.073333
0 0.127500 0.757083 0.066250 0.097500
0 0.591562 0.739583 0.058125 0.067500
0 0.027187 0.746667 0.054375 0.090000
0 0.781250 0.717083 0.078750 0.089167
0 0.711875 0.699583 0.066250 0.080833
0 0.902188 0.721250 0.086875 0.144167
0 0.656250 0.685833 0.072500 0.076667
0 0.071250 0.690000 0.067500 0.086667
0 0.460625 0.705833 0.085000 0.120000
0 0.290000 0.692083 0.076250 0.097500
0 0.168125 0.677500 0.058750 0.101667
0 0.803125 0.636250 0.063750 0.084167
0 0.696250 0.627917 0.058750 0.067500
0 0.883437 0.631667 0.065625 0.076667
0 0.749687 0.615417 0.054375 0.072500
0 0.129375 0.617083 0.067500 0.082500
0 0.421563 0.595833 0.069375 0.078333
0 0.945625 0.593750 0.056250 0.089167
0 0.679063 0.557083 0.060625 0.077500
0 0.608125 0.549167 0.071250 0.086667
0 0.984688 0.551250 0.030625 0.095833
0 0.741875 0.532917 0.072500 0.097500
0 0.194375 0.533750 0.077500 0.110833
0 0.540312 0.521250 0.069375 0.090833
0 0.167813 0.476250 0.069375 0.080833
0 0.769687 0.466250 0.056875 0.065833
0 0.687500 0.470417 0.070000 0.089167
0 0.446875 0.477083 0.080000 0.127500
0 0.851250 0.434583 0.052500 0.064167
0 0.943750 0.459167 0.088750 0.120000
0 0.567500 0.416667 0.082500 0.110000
0 0.917500 0.415417 0.078750 0.112500
0 0.825937 0.398750 0.066875 0.079167
0 0.721250 0.407500 0.063750 0.098333
0 0.758750 0.394167 0.063750 0.085000
0 0.237500 0.385000 0.080000 0.108333
0 0.627188 0.378333 0.063125 0.115000
0 0.982812 0.345833 0.034375 0.075000
0 0.269062 0.342500 0.064375 0.098333
0 0.680000 0.343333 0.078750 0.116667
0 0.109687 0.328333 0.070625 0.093333
0 0.750000 0.306250 0.060000 0.080833
0 0.673438 0.265417 0.070625 0.075833
0 0.921250 0.265417 0.063750 0.100833
0 0.835938 0.248333 0.040625 0.086667
0 0.785312 0.242500 0.068125 0.086667
0 0.962812 0.259167 0.074375 0.125000
0 0.152812 0.267917 0.100625 0.147500
0 0.019062 0.223333 0.038125 0.065000
0 0.067500 0.236250 0.070000 0.120833
0 0.695937 0.207917 0.053125 0.072500
0 0.032188 0.162917 0.048125 0.069167
0 0.319688 0.171667 0.069375 0.093333
0 0.838437 0.161250 0.066875 0.085833
0 0.079687 0.150833 0.053125 0.066667
0 0.229375 0.158750 0.066250 0.085833
0 0.137813 0.149583 0.074375 0.100833
0 0.126875 0.064167 0.062500 0.075000
0 0.056250 0.067500 0.075000 0.100000
0 0.219062 0.056250 0.064375 0.084167
0 0.669375 0.080000 0.093750 0.135000
0 0.322813 0.040000 0.053125 0.070000
0 0.789687 0.040417 0.059375 0.080833
0 0.579063 0.042500 0.068125 0.085000
0 0.460000 0.017500 0.072500 0.035000
0 0.389688 0.040833 0.075625 0.081667