0 0.911250 0.964167 0.063750 0.071667
0 0.971562 0.902917 0.056875 0.105833
0 0.702187 0.862083 0.063125 0.092500
0 0.578125 0.815833 0.075000 0.081667
0 0.017188 0.773750 0.034375 0.099167
0 0.969688 0.768333 0.060625 0.098333
0 0.330313 0.714583 0.070625 0.092500
0 0.085000 0.692083 0.066250 0.089167
0 0.312500 0.670417 0.073750 0.082500
0 0.660625 0.634167 0.081250 0.098333
0 0.182812 0.627500 0.070625 0.086667
0 0.144063 0.567917 0.078125 0.105833
0 0.597812 0.539583 0.070625 0.104167
0 0.306875 0.519167 0.065000 0.096667
0 0.655625 0.502917 0.067500 0.080833
0 0.858125 0.507500 0.070000 0.103333
0 0.195937 0.495833 0.070625 0.091667
0 0.931250 0.474167 0.070000 0.088333
0 0.489063 0.459583 0.070625 0.107500
0 0.678750 0.414583 0.068750 0.082500
0 0.942187 0.403750 0.074375 0.092500
0 0.811250 0.345417 0.075000 0.095833
0 0.983437 0.336250 0.033125 0.089167
0 0.194688 0.323750 0.069375 0.082500
0 0.597812 0.325417 0.078125 0.090833
0 0.918438 0.320000 0.078125 0.093333
0 0.353750 0.315000 0.071250 0.101667
0 0.848750 0.285833 0.063750 0.098333
0 0.178437 0.274583 0.074375 0.077500
0 0.656875 0.275417 0.076250 0.089167
0 0.437500 0.243750 0.086250 0.107500
0 0.051562 0.225000 0.065625 0.078333
0 0.314375 0.231667 0.076250 0.095000
0 0.215938 0.207500 0.069375 0.095000
0 0.704063 0.206667 0.074375 0.095000
0 0.775000 0.181667 0.071250 0.095000
0 0.468750 0.167083 0.067500 0.090833
0 0.154688 0.159167 0.080625 0.096667
0 0.848750 0.148333 0.075000 0.096667
0 0.712187 0.105417 0.065625 0.092500
0 0.324688 0.076250 0.068125 0.099167
0 0.050625 0.073333 0.062500 0.101667
0 0.152500 0.057917 0.070000 0.102500
0 0.977500 0.034167 0.045000 0.068333
0 0.824688 0.038333 0.063125 0.076667
0 0.266250 0.031250 0.058750 0.062500