0 0.515938 0.977917 0.065625 0.044167
0 0.731875 0.975833 0.067500 0.048333
0 0.056563 0.973750 0.060625 0.052500
0 0.986250 0.966250 0.027500 0.067500
0 0.812187 0.964583 0.049375 0.070833
0 0.023125 0.948333 0.046250 0.073333
0 0.197500 0.950833 0.066250 0.083333
0 0.329062 0.951250 0.069375 0.090833
0 0.476250 0.942083 0.062500 0.075833
0 0.332500 0.853333 0.070000 0.065000
0 0.188125 0.850833 0.060000 0.085000
0 0.493750 0.860833 0.052500 0.111667
0 0.787813 0.844583 0.066875 0.084167
0 0.599375 0.845417 0.062500 0.104167
0 0.535000 0.842917 0.066250 0.127500
0 0.400938 0.777500 0.076875 0.083333
0 0.902188 0.766250 0.054375 0.070833
0 0.778750 0.757083 0.056250 0.069167
0 0.662500 0.762500 0.068750 0.086667
0 0.140625 0.742500 0.062500 0.083333
0 0.247812 0.742500 0.074375 0.088333
0 0.309688 0.731667 0.066875 0.096667
0 0.859688 0.703750 0.060625 0.072500
0 0.743750 0.692500 0.061250 0.081667
0 0.385625 0.695000 0.072500 0.091667
0 0.537500 0.704583 0.098750 0.112500
0 0.937187 0.683750 0.066875 0.115833
0 0.464062 0.663333 0.068125 0.085000
0 0.985313 0.646667 0.029375 0.090000
0 0.622500 0.639583 0.060000 0.089167
0 0.893437 0.628333 0.073125 0.085000
0 0.318750 0.591250 0.061250 0.087500
0 0.192500 0.593333 0.070000 0.093333
0 0.472813 0.581667 0.073125 0.075000
0 0.573125 0.567917 0.068750 0.079167
0 0.117500 0.563750 0.077500 0.087500
0 0.359375 0.557917 0.061250 0.087500
0 0.420625 0.534583 0.068750 0.082500
0 0.858437 0.534583 0.076875 0.090833
0 0.251250 0.515417 0.067500 0.095833
0 0.935625 0.519583 0.067500 0.109167
0 0.984688 0.498333 0.030625 0.106667
0 0.342813 0.481250 0.061875 0.077500
0 0.451250 0.476667 0.071250 0.090000
0 0.550625 0.469583 0.067500 0.090833
0 0.631250 0.460417 0.077500 0.089167
0 0.826562 0.442917 0.051875 0.097500
0 0.390313 0.428333 0.079375 0.080000
0 0.880625 0.435000 0.072500 0.105000
0 0.082812 0.419167 0.060625 0.078333
0 0.187500 0.406667 0.065000 0.073333
0 0.321875 0.395833 0.060000 0.085000
0 0.771875 0.407917 0.072500 0.114167
0 0.387188 0.362500 0.063125 0.071667
0 0.820937 0.362083 0.059375 0.072500
0 0.983437 0.360833 0.033125 0.080000
0 0.691250 0.360000 0.070000 0.095000
0 0.881250 0.321250 0.057500 0.077500
0 0.629687 0.326667 0.078125 0.090000
0 0.166250 0.321250 0.062500 0.087500
0 0.308750 0.307917 0.073750 0.080833
0 0.830625 0.292500 0.062500 0.078333
0 0.101875 0.302083 0.070000 0.115833
0 0.249375 0.251667 0.061250 0.065000
0 0.329375 0.243333 0.065000 0.081667
0 0.708438 0.235833 0.058125 0.081667
0 0.486563 0.229167 0.074375 0.083333
0 0.216562 0.207500 0.078125 0.066667
0 0.799687 0.212917 0.078125 0.090833
0 0.375937 0.206667 0.058125 0.090000
0 0.098750 0.197917 0.060000 0.084167
0 0.549687 0.188333 0.050625 0.068333
0 0.987187 0.184583 0.025625 0.064167
0 0.426563 0.160000 0.068125 0.096667
0 0.140313 0.144167 0.054375 0.090000
0 0.614688 0.136250 0.068125 0.084167
0 0.197500 0.132500 0.060000 0.090000
0 0.352500 0.124583 0.071250 0.095833
0 0.089688 0.107500 0.065625 0.075000
0 0.984062 0.110417 0.031875 0.082500
0 0.274375 0.103750 0.063750 0.079167
0 0.537500 0.102083 0.051250 0.092500
0 0.591562 0.097917 0.069375 0.089167
0 0.749062 0.081250 0.059375 0.082500
0 0.673125 0.069583 0.065000 0.060833
0 0.414687 0.049583 0.064375 0.077500
0 0.153750 0.050000 0.056250 0.081667
0 0.102500 0.041250 0.050000 0.077500
0 0.948750 0.045833 0.066250 0.091667
0 0.860000 0.028750 0.056250 0.057500
0 0.784687 0.040417 0.069375 0.080833
0 0.710313 0.025000 0.063125 0.050000
0 0.651250 0.020833 0.061250 0.041667
0 0.353750 0.017083 0.063750 0.034167
0 0.283750 0.015000 0.053750 0.030000
0 0.024688 0.049167 0.049375 0.098333