0 0.242188 0.967500 0.073125 0.065000
0 0.407500 0.950417 0.066250 0.090833
0 0.956875 0.863333 0.051250 0.106667
0 0.257500 0.856250 0.073750 0.119167
0 0.614375 0.809583 0.072500 0.087500
0 0.455000 0.807083 0.071250 0.094167
0 0.099687 0.798333 0.068125 0.078333
0 0.929375 0.785833 0.068750 0.090000
0 0.798438 0.793750 0.073125 0.109167
0 0.898125 0.717083 0.070000 0.090833
0 0.831875 0.677500 0.070000 0.088333
0 0.026875 0.677917 0.053750 0.094167
0 0.196563 0.657917 0.074375 0.099167
0 0.716250 0.621250 0.073750 0.099167
0 0.110937 0.612917 0.070625 0.090833
0 0.918125 0.605833 0.071250 0.086667
0 0.228437 0.512500 0.076875 0.096667
0 0.769062 0.400833 0.060625 0.086667
0 0.054688 0.405000 0.070625 0.095000
0 0.954063 0.416667 0.078125 0.120000
0 0.821250 0.352083 0.063750 0.099167
0 0.290312 0.335417 0.068125 0.087500
0 0.613437 0.273333 0.069375 0.090000
0 0.127812 0.273750 0.069375 0.100833
0 0.440937 0.193750 0.070625 0.090833
0 0.686250 0.161250 0.065000 0.082500
0 0.637500 0.116667 0.063750 0.098333
0 0.887813 0.087500 0.066875 0.086667
0 0.948750 0.062500 0.065000 0.100000
0 0.785937 0.061250 0.074375 0.107500