0 0.055000 0.979583 0.068750 0.040833
0 0.976562 0.968333 0.046875 0.063333
0 0.588750 0.940417 0.070000 0.087500
0 0.260000 0.929583 0.053750 0.099167
0 0.076250 0.910833 0.101250 0.091667
0 0.777813 0.896667 0.054375 0.095000
0 0.730625 0.880417 0.062500 0.095833
0 0.331250 0.874167 0.070000 0.095000
0 0.541562 0.865417 0.080625 0.092500
0 0.208437 0.853333 0.079375 0.085000
0 0.610000 0.855833 0.070000 0.091667
0 0.145937 0.851667 0.069375 0.095000
0 0.677500 0.828750 0.070000 0.097500
0 0.971562 0.793750 0.056875 0.090833
0 0.730000 0.771667 0.070000 0.075000
0 0.191562 0.771667 0.078125 0.080000
0 0.608750 0.765833 0.070000 0.085000
0 0.318125 0.772083 0.065000 0.104167
0 0.485938 0.763333 0.069375 0.098333
0 0.264688 0.757083 0.068125 0.085833
0 0.823750 0.749167 0.070000 0.083333
0 0.379063 0.754583 0.071875 0.099167
0 0.105313 0.750833 0.086875 0.106667
0 0.943125 0.718750 0.061250 0.099167
0 0.722500 0.702083 0.067500 0.085833
0 0.650312 0.691667 0.069375 0.085000
0 0.527500 0.687917 0.072500 0.084167
0 0.212188 0.688333 0.060625 0.090000
0 0.465938 0.680833 0.061875 0.080000
0 0.768437 0.683333 0.068125 0.100000
0 0.309063 0.651250 0.073125 0.102500
0 0.979375 0.647083 0.041250 0.095833
0 0.591562 0.639583 0.101875 0.095833
0 0.279687 0.621250 0.081875 0.120833
0 0.094375 0.620417 0.083750 0.125833
0 0.609375 0.584167 0.072500 0.076667
0 0.362812 0.610417 0.089375 0.144167
0 0.173437 0.605000 0.080625 0.133333
0 0.693438 0.587917 0.079375 0.100833
0 0.230313 0.572083 0.070625 0.085833
0 0.532188 0.570417 0.073125 0.089167
0 0.388750 0.541667 0.076250 0.103333
0 0.035625 0.517500 0.066250 0.088333
0 0.738125 0.509583 0.063750 0.104167
0 0.193750 0.503333 0.070000 0.093333
0 0.678125 0.492500 0.067500 0.088333
0 0.863750 0.475417 0.073750 0.079167
0 0.470000 0.476667 0.096250 0.101667
0 0.622188 0.440417 0.063125 0.107500
0 0.345313 0.399167 0.068125 0.061667
0 0.529062 0.389167 0.064375 0.086667
0 0.733125 0.397500 0.092500 0.121667
0 0.405000 0.393333 0.077500 0.116667
0 0.118438 0.370417 0.064375 0.085833
0 0.954063 0.372083 0.084375 0.102500
0 0.186562 0.353333 0.071875 0.095000
0 0.471562 0.343750 0.061875 0.095833
0 0.879687 0.320417 0.063125 0.082500
0 0.836562 0.297917 0.063125 0.084167
0 0.030625 0.301250 0.061250 0.099167
0 0.315937 0.300000 0.103125 0.110000
0 0.405938 0.287917 0.071875 0.095833
0 0.085625 0.284167 0.058750 0.091667
0 0.782188 0.277500 0.060625 0.081667
0 0.549375 0.265000 0.103750 0.093333
0 0.163438 0.245833 0.066875 0.081667
0 0.980938 0.227500 0.038125 0.086667
0 0.861875 0.220417 0.068750 0.099167
0 0.628437 0.211250 0.066875 0.085833
0 0.095937 0.207917 0.065625 0.090833
0 0.452813 0.202083 0.064375 0.084167
0 0.153438 0.180833 0.064375 0.078333
0 0.276562 0.181667 0.068125 0.098333
0 0.560625 0.174583 0.075000 0.092500
0 0.750313 0.176250 0.075625 0.100833
0 0.034375 0.185833 0.068750 0.120000
0 0.986563 0.159583 0.026875 0.075833
0 0.934688 0.176667 0.070625 0.116667
0 0.314375 0.159167 0.068750 0.096667
0 0.676562 0.140833 0.071875 0.100000
0 0.238125 0.122083 0.073750 0.092500
0 0.857500 0.119167 0.076250 0.101667
0 0.092813 0.113750 0.058125 0.092500
0 0.975938 0.090000 0.048125 0.071667
0 0.313125 0.066250 0.063750 0.085833
0 0.897188 0.038333 0.088125 0.076667
0 0.821562 0.042083 0.069375 0.084167
0 0.751875 0.031250 0.073750 0.062500
0 0.642188 0.055417 0.091875 0.110833
0 0.575625 0.025000 0.066250 0.050000
0 0.459688 0.036250 0.083125 0.072500
0 0.220000 0.039167 0.065000 0.078333
0 0.156562 0.035000 0.063125 0.070000