0 0.976875 0.981667 0.046250 0.036667
0 0.806875 0.975833 0.068750 0.048333
0 0.706250 0.960833 0.070000 0.078333
0 0.340000 0.954167 0.077500 0.091667
0 0.488750 0.908333 0.070000 0.090000
0 0.651563 0.874583 0.060625 0.092500
0 0.974063 0.858333 0.051875 0.095000
0 0.685937 0.854167 0.055625 0.090000
0 0.586875 0.852500 0.068750 0.091667
0 0.345313 0.845417 0.074375 0.100833
0 0.931250 0.832917 0.066250 0.095833
0 0.389688 0.817083 0.058125 0.089167
0 0.097500 0.807500 0.047500 0.081667
0 0.860938 0.826250 0.044375 0.135833
0 0.228125 0.809167 0.068750 0.115000
0 0.979688 0.780833 0.040625 0.063333
0 0.898438 0.767083 0.046875 0.082500
0 0.655000 0.757500 0.067500 0.088333
0 0.055000 0.747500 0.062500 0.075000
0 0.143125 0.744167 0.068750 0.081667
0 0.781250 0.700417 0.086250 0.145833
0 0.523750 0.664167 0.060000 0.088333
0 0.272500 0.643333 0.057500 0.090000
0 0.034375 0.641667 0.058750 0.093333
0 0.835313 0.630833 0.080625 0.100000
0 0.978125 0.617500 0.043750 0.083333
0 0.926875 0.620833 0.066250 0.095000
0 0.764687 0.610833 0.066875 0.085000
0 0.340625 0.607083 0.066250 0.094167
0 0.673750 0.597500 0.055000 0.101667
0 0.247500 0.567500 0.067500 0.088333
0 0.393750 0.549167 0.065000 0.101667
0 0.032500 0.530833 0.065000 0.091667
0 0.750000 0.515833 0.067500 0.065000
0 0.658125 0.525000 0.070000 0.083333
0 0.116875 0.491667 0.063750 0.086667
0 0.680000 0.482917 0.072500 0.094167
0 0.188125 0.475833 0.061250 0.081667
0 0.887500 0.471667 0.060000 0.080000
0 0.610000 0.442500 0.062500 0.085000
0 0.072188 0.436250 0.074375 0.094167
0 0.025000 0.410000 0.050000 0.090000
0 0.823125 0.415417 0.068750 0.109167
0 0.245000 0.401667 0.065000 0.090000
0 0.102813 0.395833 0.063125 0.080000
0 0.319375 0.412500 0.078750 0.136667
0 0.721562 0.390000 0.079375 0.101667
0 0.373125 0.370000 0.056250 0.096667
0 0.921250 0.367500 0.072500 0.098333
0 0.303438 0.344583 0.061875 0.070833
0 0.792188 0.343333 0.073125 0.135000
0 0.723437 0.309167 0.074375 0.071667
0 0.220000 0.314583 0.076250 0.117500
0 0.367500 0.264167 0.072500 0.098333
0 0.621875 0.253333 0.068750 0.086667
0 0.747500 0.251667 0.062500 0.090000
0 0.283750 0.235000 0.062500 0.091667
0 0.975625 0.235833 0.048750 0.108333
0 0.420000 0.208750 0.062500 0.089167
0 0.836875 0.208333 0.071250 0.093333
0 0.250000 0.208333 0.065000 0.096667
0 0.150000 0.197500 0.065000 0.091667
0 0.367188 0.175833 0.061875 0.090000
0 0.720000 0.162500 0.072500 0.085000
0 0.917500 0.153333 0.065000 0.086667
0 0.029375 0.145833 0.058750 0.071667
0 0.483125 0.152500 0.053750 0.093333
0 0.531250 0.145000 0.057500 0.091667
0 0.321875 0.133333 0.063750 0.090000
0 0.437812 0.138750 0.075625 0.107500
0 0.981875 0.121667 0.036250 0.086667
0 0.564688 0.097917 0.050625 0.074167
0 0.404375 0.088750 0.063750 0.087500
0 0.065312 0.082083 0.070625 0.100833
0 0.876250 0.072500 0.075000 0.088333
0 0.697812 0.067917 0.055625 0.087500
0 0.654687 0.051250 0.079375 0.082500
0 0.484687 0.057917 0.108125 0.102500
0 0.548438 0.032083 0.066875 0.064167
0 0.223750 0.017500 0.067500 0.035000
0 0.130000 0.021667 0.065000 0.043333