0 0.759687 0.979167 0.058125 0.041667
0 0.368437 0.964167 0.065625 0.071667
0 0.115000 0.962083 0.087500 0.075833
0 0.041563 0.961250 0.055625 0.077500
0 0.605000 0.960833 0.062500 0.078333
0 0.471562 0.952500 0.093125 0.085000
0 0.667188 0.953333 0.065625 0.091667
0 0.187500 0.934583 0.061250 0.082500
0 0.550937 0.935417 0.055625 0.087500
0 0.926250 0.925417 0.061250 0.084167
0 0.803125 0.917500 0.071250 0.091667
0 0.265313 0.926250 0.070625 0.109167
0 0.728125 0.910833 0.068750 0.081667
0 0.153125 0.894583 0.067500 0.089167
0 0.019062 0.889167 0.038125 0.081667
0 0.339375 0.881667 0.056250 0.075000
0 0.675625 0.875417 0.060000 0.079167
0 0.973437 0.874583 0.053125 0.079167
0 0.601875 0.869167 0.061250 0.073333
0 0.752500 0.860000 0.058750 0.075000
0 0.096250 0.852500 0.062500 0.073333
0 0.828438 0.835833 0.056875 0.078333
0 0.676250 0.815417 0.056250 0.065833
0 0.480938 0.839583 0.103125 0.124167
0 0.194375 0.823333 0.073750 0.093333
0 0.554063 0.807083 0.054375 0.082500
0 0.110937 0.797917 0.059375 0.069167
0 0.892188 0.812500 0.058125 0.105000
0 0.622188 0.790833 0.060625 0.085000
0 0.266562 0.793750 0.065625 0.100833
0 0.918750 0.786667 0.052500 0.091667
0 0.550000 0.752500 0.058750 0.061667
0 0.726250 0.760000 0.060000 0.078333
0 0.980000 0.728333 0.040000 0.080000
0 0.061250 0.729583 0.062500 0.082500
0 0.852812 0.742917 0.061875 0.119167
0 0.607187 0.729583 0.041875 0.095833
0 0.168750 0.708333 0.053750 0.071667
0 0.384375 0.725417 0.067500 0.109167
0 0.471875 0.716250 0.073750 0.095833
0 0.671562 0.711667 0.066875 0.098333
0 0.921562 0.699583 0.056875 0.079167
0 0.780312 0.702083 0.086875 0.112500
0 0.229687 0.673333 0.053125 0.071667
0 0.545625 0.651667 0.053750 0.085000
0 0.709375 0.644167 0.056250 0.081667
0 0.435625 0.657083 0.071250 0.110833
0 0.320625 0.641667 0.053750 0.083333
0 0.110000 0.618333 0.063750 0.065000
0 0.026250 0.614167 0.052500 0.096667
0 0.628125 0.608750 0.070000 0.092500
0 0.380625 0.596250 0.062500 0.084167
0 0.775312 0.590000 0.080625 0.103333
0 0.061250 0.567083 0.065000 0.099167
0 0.962187 0.567917 0.073125 0.105833
0 0.190000 0.564583 0.082500 0.102500
0 0.275625 0.542500 0.073750 0.091667
0 0.125312 0.541667 0.061875 0.090000
0 0.897188 0.533750 0.055625 0.085833
0 0.481563 0.515417 0.056875 0.079167
0 0.809063 0.520417 0.065625 0.094167
0 0.655312 0.514167 0.058125 0.090000
0 0.232500 0.506667 0.057500 0.076667
0 0.394062 0.495000 0.088125 0.078333
0 0.738750 0.477917 0.067500 0.087500
0 0.944063 0.469583 0.056875 0.087500
0 0.574063 0.483333 0.088125 0.125000
0 0.273750 0.456250 0.055000 0.079167
0 0.200625 0.441667 0.071250 0.078333
0 0.034063 0.446250 0.068125 0.100833
0 0.154375 0.452083 0.085000 0.127500
0 0.112187 0.426250 0.063125 0.085833
0 0.980625 0.435417 0.038750 0.127500
0 0.830000 0.417083 0.072500 0.117500
0 0.619687 0.397083 0.059375 0.079167
0 0.503750 0.408333 0.068750 0.106667
0 0.332188 0.422500 0.078125 0.136667
0 0.416563 0.395000 0.076875 0.095000
0 0.928438 0.385417 0.063125 0.082500
0 0.685312 0.382917 0.069375 0.080833
0 0.223750 0.366250 0.053750 0.067500
0 0.556250 0.360417 0.062500 0.097500
0 0.734688 0.367083 0.066875 0.112500
0 0.781563 0.347917 0.054375 0.080833
0 0.060937 0.348750 0.091875 0.090833
0 0.435937 0.339167 0.063125 0.085000
0 0.167187 0.329167 0.076875 0.095000
0 0.654687 0.309583 0.061875 0.065833
0 0.330625 0.309167 0.077500 0.080000
0 0.250937 0.305833 0.058125 0.091667
0 0.970000 0.314167 0.060000 0.121667
0 0.863125 0.305000 0.065000 0.113333
0 0.400938 0.284583 0.059375 0.082500
0 0.930000 0.265000 0.062500 0.075000
0 0.569688 0.267500 0.084375 0.085000
0 0.656875 0.252083 0.046250 0.057500
0 0.715313 0.260417 0.055625 0.075833
0 0.200000 0.261667 0.062500 0.090000
0 0.086563 0.247500 0.054375 0.071667
0 0.476250 0.258333 0.077500 0.103333
0 0.884687 0.240417 0.053125 0.074167
0 0.790312 0.238333 0.081875 0.091667
0 0.265313 0.224583 0.063125 0.079167
0 0.613437 0.227083 0.055625 0.089167
0 0.977500 0.197500 0.045000 0.073333
0 0.045312 0.184167 0.064375 0.081667
0 0.444063 0.173750 0.053125 0.079167
0 0.745000 0.168333 0.071250 0.071667
0 0.211250 0.164583 0.046250 0.072500
0 0.325937 0.179167 0.080625 0.105000
0 0.407813 0.158333 0.059375 0.088333
0 0.923125 0.154583 0.056250 0.082500
0 0.510000 0.165000 0.062500 0.118333
0 0.851875 0.147083 0.057500 0.085833
0 0.637500 0.143333 0.067500 0.088333
0 0.982500 0.124583 0.035000 0.070833
0 0.380937 0.122083 0.055625 0.080833
0 0.805937 0.112083 0.049375 0.072500
0 0.572500 0.097083 0.051250 0.084167
0 0.144687 0.087083 0.070625 0.067500
0 0.223125 0.085000 0.065000 0.096667
0 0.685937 0.073750 0.059375 0.079167
0 0.052812 0.079167 0.079375 0.098333
0 0.847500 0.059583 0.065000 0.067500
0 0.281250 0.062083 0.053750 0.072500
0 0.619062 0.054167 0.055625 0.078333
0 0.921562 0.048750 0.060625 0.074167
0 0.771563 0.050833 0.056875 0.078333
0 0.743125 0.037083 0.065000 0.074167
0 0.464687 0.030000 0.064375 0.060000
0 0.415000 0.048750 0.073750 0.097500
0 0.342813 0.037500 0.051875 0.075000
0 0.240000 0.034583 0.067500 0.069167