0 0.776875 0.975417 0.062500 0.049167
0 0.052500 0.975000 0.070000 0.050000
0 0.162188 0.965417 0.085625 0.069167
0 0.588125 0.961250 0.066250 0.077500
0 0.393437 0.950000 0.080625 0.100000
0 0.653750 0.942500 0.060000 0.086667
0 0.899687 0.918750 0.070625 0.090833
0 0.382188 0.904583 0.068125 0.080833
0 0.255625 0.900000 0.062500 0.080000
0 0.514687 0.903750 0.051875 0.110833
0 0.463125 0.907083 0.071250 0.120833
0 0.569375 0.864167 0.058750 0.093333
0 0.558438 0.813750 0.066875 0.070833
0 0.288438 0.835000 0.084375 0.123333
0 0.451562 0.813333 0.070625 0.088333
0 0.962812 0.800417 0.053125 0.087500
0 0.240313 0.792917 0.049375 0.090833
0 0.619687 0.820000 0.069375 0.153333
0 0.405938 0.787917 0.076875 0.092500
0 0.060625 0.784167 0.072500 0.090000
0 0.932813 0.770417 0.076875 0.097500
0 0.280938 0.750000 0.075625 0.070000
0 0.017188 0.750833 0.034375 0.095000
0 0.853125 0.743750 0.067500 0.109167
0 0.604688 0.733750 0.081875 0.092500
0 0.141563 0.717500 0.068125 0.090000
0 0.041250 0.719583 0.052500 0.105833
0 0.099687 0.695417 0.070625 0.082500
0 0.193438 0.702500 0.063125 0.108333
0 0.243750 0.681667 0.070000 0.095000
0 0.315000 0.672917 0.067500 0.102500
0 0.904687 0.660417 0.068125 0.090833
0 0.691562 0.640000 0.064375 0.080000
0 0.123750 0.613750 0.073750 0.102500
0 0.040625 0.615417 0.081250 0.105833
0 0.800312 0.620000 0.081875 0.126667
0 0.859688 0.583333 0.063125 0.103333
0 0.419375 0.557500 0.098750 0.103333
0 0.206563 0.534583 0.061875 0.090833
0 0.487187 0.527083 0.066875 0.094167
0 0.079687 0.525000 0.064375 0.090000
0 0.829063 0.516667 0.066875 0.085000
0 0.605938 0.512083 0.076875 0.099167
0 0.142500 0.489583 0.070000 0.079167
0 0.380312 0.497500 0.071875 0.098333
0 0.935312 0.485417 0.065625 0.075833
0 0.880000 0.468750 0.058750 0.090833
0 0.432500 0.457500 0.050000 0.090000
0 0.523750 0.442917 0.065000 0.097500
0 0.572812 0.429167 0.060625 0.091667
0 0.645000 0.430000 0.072500 0.095000
0 0.764062 0.372083 0.056875 0.089167
0 0.875938 0.355833 0.064375 0.081667
0 0.529062 0.349167 0.064375 0.086667
0 0.481250 0.303333 0.055000 0.086667
0 0.731875 0.300833 0.067500 0.088333
0 0.673125 0.303333 0.068750 0.103333
0 0.273125 0.317083 0.096250 0.154167
0 0.214688 0.270417 0.070625 0.079167
0 0.955313 0.262500 0.086875 0.115000
0 0.562813 0.234167 0.064375 0.076667
0 0.673438 0.217917 0.071875 0.077500
0 0.126875 0.226250 0.072500 0.099167
0 0.338125 0.215417 0.071250 0.094167
0 0.260625 0.197917 0.063750 0.089167
0 0.424687 0.205417 0.081875 0.117500
0 0.467813 0.174167 0.065625 0.105000
0 0.189062 0.173750 0.085625 0.127500
0 0.526875 0.150417 0.062500 0.097500
0 0.033438 0.145417 0.066875 0.094167
0 0.634062 0.136667 0.074375 0.096667
0 0.107188 0.125833 0.064375 0.095000
0 0.266250 0.101250 0.065000 0.085833
0 0.323437 0.085000 0.049375 0.070000
0 0.590000 0.088750 0.062500 0.099167
0 0.475625 0.068750 0.097500 0.090833
0 0.648750 0.055417 0.097500 0.085833
0 0.382500 0.049583 0.070000 0.092500
0 0.878750 0.041250 0.075000 0.082500
0 0.310312 0.026250 0.073125 0.052500
0 0.057813 0.042083 0.069375 0.084167