0 0.097812 0.975833 0.054375 0.048333
0 0.727812 0.969583 0.059375 0.060833
0 0.946250 0.955417 0.066250 0.085833
0 0.398125 0.927500 0.070000 0.090000
0 0.806875 0.920833 0.065000 0.085000
0 0.486875 0.914583 0.061250 0.082500
0 0.109063 0.887500 0.054375 0.071667
0 0.915000 0.888750 0.068750 0.094167
0 0.845938 0.876667 0.055625 0.088333
0 0.238750 0.872500 0.065000 0.083333
0 0.715938 0.864583 0.060625 0.085833
0 0.514375 0.844167 0.058750 0.081667
0 0.146563 0.832083 0.068125 0.089167
0 0.421250 0.826667 0.063750 0.085000
0 0.242188 0.779583 0.063125 0.097500
0 0.890000 0.778333 0.077500 0.101667
0 0.499375 0.767083 0.068750 0.084167
0 0.301875 0.767917 0.056250 0.087500
0 0.639062 0.750417 0.063125 0.070833
0 0.710000 0.756250 0.062500 0.092500
0 0.435625 0.743333 0.063750 0.080000
0 0.985625 0.745833 0.028750 0.098333
0 0.766250 0.724583 0.061250 0.084167
0 0.849063 0.698333 0.061875 0.075000
0 0.271562 0.665417 0.068125 0.089167
0 0.808750 0.662083 0.057500 0.087500
0 0.105625 0.602500 0.055000 0.075000
0 0.955000 0.600000 0.062500 0.088333
0 0.015312 0.580833 0.030625 0.075000
0 0.322500 0.585417 0.067500 0.097500
0 0.665000 0.564167 0.067500 0.093333
0 0.593125 0.558333 0.062500 0.085000
0 0.886250 0.554167 0.060000 0.080000
0 0.828750 0.550417 0.065000 0.075833
0 0.351250 0.546667 0.062500 0.105000
0 0.856250 0.482083 0.050000 0.060833
0 0.915000 0.485833 0.062500 0.076667
0 0.642813 0.483750 0.056875 0.082500
0 0.526875 0.456250 0.065000 0.075833
0 0.774687 0.467500 0.059375 0.110000
0 0.401250 0.432917 0.067500 0.102500
0 0.330313 0.418750 0.066875 0.085833
0 0.512500 0.392500 0.061250 0.085000
0 0.110625 0.386250 0.050000 0.092500
0 0.045312 0.383750 0.070625 0.102500
0 0.162500 0.374583 0.072500 0.094167
0 0.610000 0.367083 0.068750 0.095833
0 0.199063 0.351250 0.058125 0.090833
0 0.092500 0.282083 0.052500 0.070833
0 0.415312 0.285000 0.056875 0.091667
0 0.836250 0.254583 0.060000 0.080833
0 0.769375 0.240417 0.063750 0.084167
0 0.284687 0.229583 0.060625 0.089167
0 0.571250 0.210417 0.056250 0.075833
0 0.725313 0.179583 0.054375 0.079167
0 0.615625 0.161250 0.053750 0.072500
0 0.664062 0.165833 0.055625 0.086667
0 0.390625 0.152500 0.065000 0.080000
0 0.874062 0.130833 0.061875 0.081667
0 0.260313 0.095000 0.055625 0.083333
0 0.318750 0.087083 0.058750 0.077500
0 0.218125 0.054583 0.061250 0.087500
0 0.167187 0.052083 0.059375 0.090833
0 0.880625 0.040833 0.053750 0.081667
0 0.675000 0.021250 0.060000 0.042500
0 0.403438 0.047083 0.061875 0.094167
0 0.279062 0.028333 0.063125 0.056667