0 0.824063 0.977917 0.064375 0.044167
0 0.087813 0.974167 0.054375 0.051667
0 0.027187 0.971667 0.054375 0.056667
0 0.906250 0.963750 0.061250 0.050833
0 0.397188 0.968333 0.048125 0.063333
0 0.189062 0.954167 0.058125 0.078333
0 0.280625 0.942500 0.056250 0.091667
0 0.853125 0.929583 0.061250 0.074167
0 0.335000 0.916667 0.068750 0.071667
0 0.473438 0.925000 0.068125 0.090000
0 0.065937 0.918333 0.063125 0.088333
0 0.239063 0.903750 0.073125 0.074167
0 0.919375 0.904167 0.068750 0.078333
0 0.122500 0.898333 0.052500 0.076667
0 0.018750 0.882500 0.037500 0.063333
0 0.971250 0.865417 0.057500 0.074167
0 0.345625 0.857083 0.057500 0.069167
0 0.417812 0.826667 0.053125 0.075000
0 0.918438 0.823333 0.058125 0.076667
0 0.059375 0.826250 0.067500 0.082500
0 0.290625 0.819583 0.043750 0.085833
0 0.523125 0.812917 0.066250 0.119167
0 0.238125 0.807083 0.085000 0.114167
0 0.965313 0.785833 0.069375 0.078333
0 0.027813 0.780000 0.055625 0.083333
0 0.367188 0.773750 0.064375 0.090833
0 0.761250 0.762083 0.065000 0.074167
0 0.609688 0.774167 0.073125 0.098333
0 0.150625 0.754583 0.070000 0.082500
0 0.463438 0.751250 0.065625 0.095833
0 0.519687 0.711667 0.061875 0.076667
0 0.409375 0.706250 0.060000 0.090833
0 0.470000 0.675417 0.061250 0.069167
0 0.920625 0.707500 0.121250 0.145000
0 0.147500 0.675000 0.055000 0.080000
0 0.351250 0.665833 0.048750 0.093333
0 0.090313 0.657917 0.061875 0.084167
0 0.303438 0.638333 0.068125 0.071667
0 0.629062 0.636667 0.068125 0.075000
0 0.422812 0.629583 0.060625 0.072500
0 0.805937 0.632917 0.058125 0.087500
0 0.554688 0.632083 0.071875 0.089167
0 0.839375 0.613333 0.052500 0.080000
0 0.905312 0.600000 0.085625 0.081667
0 0.160312 0.603333 0.063125 0.088333
0 0.364687 0.588333 0.054375 0.073333
0 0.750313 0.567500 0.060625 0.080000
0 0.656875 0.560833 0.057500 0.086667
0 0.058750 0.558333 0.063750 0.083333
0 0.214375 0.572500 0.092500 0.121667
0 0.298125 0.550833 0.068750 0.108333
0 0.909375 0.524167 0.050000 0.068333
0 0.855000 0.520833 0.060000 0.095000
0 0.603437 0.502500 0.056875 0.076667
0 0.333750 0.507083 0.065000 0.087500
0 0.412500 0.505417 0.067500 0.092500
0 0.684063 0.485417 0.069375 0.090833
0 0.542813 0.464583 0.063125 0.087500
0 0.785625 0.413333 0.082500 0.063333
0 0.968125 0.425833 0.063750 0.091667
0 0.634062 0.417917 0.065625 0.092500
0 0.066875 0.437917 0.101250 0.149167
0 0.680937 0.365833 0.061875 0.076667
0 0.863750 0.358333 0.052500 0.071667
0 0.530000 0.360833 0.061250 0.085000
0 0.344062 0.348750 0.068125 0.090833
0 0.598750 0.330417 0.075000 0.109167
0 0.823750 0.302917 0.055000 0.074167
0 0.179375 0.281667 0.061250 0.081667
0 0.034375 0.271667 0.068750 0.083333
0 0.741250 0.280000 0.127500 0.130000
0 0.082187 0.227917 0.066875 0.090833
0 0.023125 0.220000 0.046250 0.085000
0 0.499375 0.233750 0.076250 0.122500
0 0.970000 0.205833 0.060000 0.075000
0 0.234063 0.179167 0.124375 0.123333
0 0.976875 0.149167 0.046250 0.078333
0 0.720000 0.147917 0.075000 0.109167
0 0.860625 0.115417 0.062500 0.092500
0 0.786875 0.085417 0.076250 0.107500
0 0.285313 0.064583 0.065625 0.085833
0 0.691875 0.054583 0.071250 0.080833
0 0.812813 0.025000 0.070625 0.050000
0 0.740938 0.034583 0.070625 0.069167
0 0.530000 0.034583 0.072500 0.069167
0 0.244375 0.047500 0.066250 0.095000