0 0.421563 0.967917 0.068125 0.064167
0 0.301250 0.927500 0.076250 0.093333
0 0.679063 0.904167 0.079375 0.096667
0 0.430625 0.876667 0.077500 0.100000
0 0.017188 0.856667 0.034375 0.091667
0 0.982500 0.848333 0.035000 0.101667
0 0.681562 0.810000 0.070625 0.085000
0 0.255000 0.780417 0.068750 0.092500
0 0.544687 0.734167 0.068125 0.105000
0 0.930312 0.724167 0.071875 0.110000
0 0.475938 0.713333 0.066875 0.091667
0 0.371250 0.670833 0.072500 0.093333
0 0.115625 0.668750 0.072500 0.089167
0 0.239687 0.631667 0.069375 0.088333
0 0.440312 0.615417 0.069375 0.099167
0 0.773125 0.529167 0.060000 0.090000
0 0.532188 0.520833 0.068125 0.090000
0 0.396875 0.500417 0.078750 0.095833
0 0.880938 0.497917 0.081875 0.100833
0 0.590625 0.469167 0.070000 0.088333
0 0.957187 0.470833 0.059375 0.093333
0 0.245312 0.435000 0.076875 0.091667
0 0.099375 0.431667 0.070000 0.088333
0 0.721250 0.420833 0.073750 0.093333
0 0.506563 0.350000 0.066875 0.091667
0 0.382500 0.344167 0.068750 0.103333
0 0.306563 0.318333 0.079375 0.091667
0 0.752812 0.292500 0.081875 0.083333
0 0.966562 0.265000 0.066875 0.078333
0 0.833125 0.262083 0.082500 0.095833
0 0.311563 0.223750 0.069375 0.094167
0 0.043750 0.213750 0.076250 0.089167
0 0.143750 0.210000 0.073750 0.093333
0 0.746563 0.198750 0.076875 0.089167
0 0.229687 0.170000 0.070625 0.098333
0 0.414375 0.162500 0.067500 0.093333
0 0.795312 0.152917 0.079375 0.105833
0 0.023438 0.132917 0.046875 0.080833
0 0.478125 0.055000 0.075000 0.091667
0 0.292812 0.032917 0.075625 0.065833
0 0.185938 0.048750 0.066875 0.097500
0 0.029687 0.043750 0.059375 0.087500