0 0.461250 0.977500 0.065000 0.045000
0 0.295938 0.976667 0.059375 0.046667
0 0.607500 0.961250 0.076250 0.077500
0 0.365938 0.945000 0.075625 0.080000
0 0.355312 0.913333 0.058125 0.076667
0 0.216875 0.858333 0.057500 0.078333
0 0.026562 0.853333 0.053125 0.075000
0 0.584375 0.835833 0.055000 0.070000
0 0.945625 0.811667 0.060000 0.078333
0 0.268750 0.814167 0.063750 0.083333
0 0.173750 0.804167 0.081250 0.096667
0 0.513750 0.792500 0.078750 0.096667
0 0.101875 0.738333 0.075000 0.081667
0 0.750625 0.699167 0.072500 0.086667
0 0.409375 0.715000 0.095000 0.125000
0 0.862500 0.685000 0.066250 0.075000
0 0.190000 0.652500 0.061250 0.066667
0 0.980000 0.634583 0.040000 0.092500
0 0.780625 0.613333 0.055000 0.071667
0 0.324375 0.626667 0.072500 0.098333
0 0.108125 0.582500 0.070000 0.093333
0 0.345313 0.564167 0.058125 0.073333
0 0.673125 0.550833 0.070000 0.090000
0 0.981563 0.534167 0.036875 0.078333
0 0.929375 0.515000 0.057500 0.071667
0 0.261875 0.518333 0.077500 0.126667
0 0.061250 0.491667 0.061250 0.078333
0 0.331250 0.469167 0.066250 0.090000
0 0.406250 0.456250 0.065000 0.090833
0 0.906250 0.443333 0.061250 0.078333
0 0.967187 0.434167 0.065625 0.086667
0 0.711250 0.424167 0.076250 0.103333
0 0.113125 0.414167 0.067500 0.093333
0 0.386875 0.400000 0.065000 0.078333
0 0.535000 0.400000 0.073750 0.091667
0 0.923125 0.362917 0.070000 0.065833
0 0.220625 0.371667 0.055000 0.088333
0 0.021250 0.338333 0.042500 0.098333
0 0.635000 0.312500 0.061250 0.090000
0 0.973125 0.310000 0.053750 0.095000
0 0.368125 0.301667 0.062500 0.081667
0 0.492500 0.301667 0.073750 0.095000
0 0.920000 0.278333 0.050000 0.063333
0 0.720000 0.264167 0.083750 0.126667
0 0.887500 0.210000 0.058750 0.076667
0 0.691250 0.180833 0.051250 0.066667
0 0.253750 0.189167 0.071250 0.093333
0 0.473750 0.171667 0.071250 0.091667
0 0.849375 0.158333 0.060000 0.095000
0 0.958125 0.146250 0.078750 0.094167
0 0.627500 0.127500 0.056250 0.076667
0 0.770000 0.122500 0.063750 0.080000
0 0.310312 0.110000 0.064375 0.085000
0 0.531250 0.083333 0.061250 0.088333
0 0.690000 0.072500 0.066250 0.100000
0 0.920000 0.055000 0.073750 0.110000