0 0.350938 0.957917 0.056875 0.084167
0 0.410938 0.956667 0.066875 0.086667
0 0.600000 0.955000 0.078750 0.090000
0 0.064375 0.954167 0.062500 0.091667
0 0.732812 0.938333 0.066875 0.086667
0 0.817500 0.926250 0.055000 0.092500
0 0.146563 0.909583 0.069375 0.079167
0 0.930312 0.905417 0.066875 0.097500
0 0.644062 0.877500 0.070625 0.105000
0 0.512500 0.860417 0.086250 0.134167
0 0.140937 0.832500 0.066875 0.080000
0 0.816562 0.826250 0.073125 0.094167
0 0.409062 0.734167 0.074375 0.103333
0 0.664375 0.734583 0.067500 0.105833
0 0.227813 0.680833 0.074375 0.096667
0 0.381563 0.649583 0.061875 0.079167
0 0.713750 0.639583 0.075000 0.105833
0 0.931875 0.558333 0.065000 0.083333
0 0.859688 0.524583 0.066875 0.100833
0 0.795312 0.516250 0.066875 0.095833
0 0.331250 0.479583 0.068750 0.087500
0 0.745938 0.474583 0.075625 0.084167
0 0.938438 0.470000 0.065625 0.085000
0 0.138750 0.444167 0.075000 0.088333
0 0.131875 0.374583 0.065000 0.079167
0 0.454062 0.382083 0.069375 0.099167
0 0.841875 0.343333 0.071250 0.085000
0 0.642813 0.329583 0.069375 0.094167
0 0.568438 0.332917 0.066875 0.102500
0 0.030000 0.322917 0.060000 0.099167
0 0.167187 0.318333 0.071875 0.103333
0 0.230937 0.301667 0.071875 0.106667
0 0.306875 0.288750 0.071250 0.105833
0 0.472813 0.270000 0.066875 0.083333
0 0.393125 0.258333 0.063750 0.100000
0 0.194375 0.211667 0.082500 0.103333
0 0.274375 0.174583 0.057500 0.079167
0 0.483438 0.163333 0.090625 0.126667
0 0.548125 0.144583 0.065000 0.094167
0 0.413125 0.154583 0.055000 0.114167
0 0.819688 0.134583 0.069375 0.092500
0 0.930937 0.130417 0.071875 0.089167
0 0.309688 0.117917 0.073125 0.100833
0 0.870938 0.109583 0.071875 0.120833
0 0.700000 0.039167 0.085000 0.078333