0 0.508125 0.989583 0.053750 0.020833
0 0.870000 0.982917 0.066250 0.034167
0 0.793125 0.982917 0.060000 0.034167
0 0.033438 0.982083 0.063125 0.035833
0 0.349375 0.975417 0.055000 0.049167
0 0.655312 0.974583 0.069375 0.050833
0 0.415625 0.972917 0.055000 0.054167
0 0.092813 0.966667 0.061875 0.066667
0 0.528750 0.942500 0.066250 0.071667
0 0.215625 0.942500 0.062500 0.073333
0 0.625625 0.950000 0.066250 0.093333
0 0.463438 0.941667 0.061875 0.091667
0 0.826250 0.935417 0.060000 0.084167
0 0.386875 0.915000 0.070000 0.071667
0 0.029687 0.918333 0.059375 0.091667
0 0.873750 0.911250 0.061250 0.087500
0 0.091250 0.883333 0.056250 0.085000
0 0.289375 0.885000 0.067500 0.091667
0 0.515000 0.867500 0.061250 0.073333
0 0.775000 0.862500 0.068750 0.080000
0 0.353750 0.849583 0.051250 0.065833
0 0.012812 0.838333 0.025625 0.065000
0 0.452500 0.845000 0.066250 0.081667
0 0.828750 0.797500 0.061250 0.093333
0 0.288750 0.784583 0.063750 0.085833
0 0.635000 0.780833 0.070000 0.085000
0 0.121250 0.771667 0.056250 0.088333
0 0.523750 0.760000 0.063750 0.085000
0 0.019062 0.750000 0.038125 0.081667
0 0.230000 0.742500 0.058750 0.073333
0 0.325000 0.743750 0.060000 0.082500
0 0.855000 0.711667 0.068750 0.085000
0 0.591875 0.694167 0.060000 0.083333
0 0.093438 0.685833 0.113125 0.123333
0 0.253125 0.658333 0.060000 0.081667
0 0.655000 0.655833 0.061250 0.083333
0 0.518750 0.652500 0.061250 0.090000
0 0.378750 0.620000 0.056250 0.075000
0 0.022812 0.624167 0.045625 0.083333
0 0.307500 0.618750 0.061250 0.080833
0 0.445625 0.616667 0.055000 0.078333
0 0.790000 0.612500 0.053750 0.073333
0 0.200000 0.613333 0.077500 0.081667
0 0.956250 0.608333 0.066250 0.078333
0 0.876250 0.609167 0.058750 0.080000
0 0.076250 0.590000 0.058750 0.078333
0 0.713750 0.583333 0.056250 0.075000
0 0.646250 0.563333 0.056250 0.068333
0 0.580000 0.570000 0.056250 0.085000
0 0.188125 0.529167 0.065000 0.076667
0 0.115000 0.517500 0.061250 0.080000
0 0.964375 0.509167 0.060000 0.080000
0 0.296875 0.505833 0.065000 0.086667
0 0.723750 0.497917 0.063750 0.074167
0 0.833750 0.499167 0.058750 0.083333
0 0.906250 0.496250 0.065000 0.097500
0 0.440625 0.482500 0.055000 0.073333
0 0.036875 0.480000 0.062500 0.071667
0 0.652188 0.480000 0.064375 0.075000
0 0.177500 0.462917 0.066250 0.082500
0 0.352500 0.450000 0.053750 0.078333
0 0.728750 0.431667 0.066250 0.065000
0 0.865938 0.413750 0.080625 0.090833
0 0.635312 0.407500 0.069375 0.086667
0 0.302500 0.400000 0.063750 0.085000
0 0.092500 0.398333 0.063750 0.091667
0 0.499688 0.385833 0.068125 0.070000
0 0.444688 0.385417 0.058125 0.079167
0 0.158750 0.374167 0.068750 0.058333
0 0.578750 0.366667 0.056250 0.075000
0 0.897500 0.362083 0.066250 0.079167
0 0.710000 0.363333 0.066250 0.085000
0 0.028438 0.354167 0.056875 0.080000
0 0.258750 0.323333 0.056250 0.078333
0 0.653750 0.308333 0.063750 0.081667
0 0.167813 0.300000 0.058125 0.078333
0 0.490938 0.285000 0.083125 0.076667
0 0.363125 0.285417 0.057500 0.085833
0 0.416875 0.274583 0.060000 0.087500
0 0.313750 0.237500 0.058750 0.075000
0 0.473750 0.240833 0.050000 0.086667
0 0.606250 0.236667 0.058750 0.081667
0 0.747500 0.213333 0.063750 0.045000
0 0.095312 0.262083 0.099375 0.152500
0 0.225625 0.215000 0.065000 0.088333
0 0.341250 0.184167 0.056250 0.076667
0 0.723125 0.163333 0.060000 0.068333
0 0.524375 0.155000 0.055000 0.075000
0 0.592500 0.143333 0.058750 0.085000
0 0.077500 0.134167 0.051250 0.073333
0 0.259375 0.125000 0.062500 0.075000
0 0.473125 0.110000 0.060000 0.078333
0 0.678125 0.116667 0.047500 0.095000
0 0.143125 0.115833 0.065000 0.093333
0 0.743437 0.102083 0.064375 0.069167
0 0.850625 0.087500 0.057500 0.076667
0 0.355625 0.076250 0.060000 0.079167
0 0.540000 0.069167 0.048750 0.070000
0 0.414062 0.079167 0.055625 0.090000
0 0.209375 0.069167 0.057500 0.086667
0 0.896250 0.024583 0.081250 0.049167
0 0.768750 0.027917 0.058750 0.055833
0 0.632500 0.037083 0.066250 0.074167
0 0.441875 0.036250 0.060000 0.072500
0 0.341562 0.025833 0.063125 0.051667