0 0.596250 0.967500 0.053750 0.065000
0 0.529062 0.966667 0.065625 0.066667
0 0.407187 0.963333 0.061875 0.073333
0 0.312812 0.961667 0.059375 0.076667
0 0.822500 0.960000 0.083750 0.080000
0 0.045625 0.947083 0.066250 0.095833
0 0.189688 0.932500 0.063125 0.075000
0 0.262500 0.927917 0.053750 0.079167
0 0.586562 0.915417 0.051875 0.065833
0 0.969688 0.919167 0.054375 0.086667
0 0.690312 0.916250 0.055625 0.092500
0 0.508125 0.914583 0.067500 0.097500
0 0.888750 0.900833 0.070000 0.076667
0 0.135625 0.920417 0.088750 0.159167
0 0.766563 0.891667 0.124375 0.103333
0 0.582812 0.872917 0.056875 0.065833
0 0.245312 0.855000 0.078125 0.078333
0 0.432812 0.871667 0.088125 0.118333
0 0.303750 0.854583 0.060000 0.085833
0 0.659687 0.848333 0.060625 0.078333
0 0.518750 0.839583 0.053750 0.065833
0 0.056250 0.855833 0.067500 0.100000
0 0.855625 0.824583 0.055000 0.070833
0 0.193125 0.837083 0.063750 0.100833
0 0.967500 0.832083 0.065000 0.139167
0 0.555625 0.801667 0.053750 0.081667
0 0.374375 0.799583 0.075000 0.084167
0 0.743437 0.784583 0.064375 0.084167
0 0.596250 0.775000 0.061250 0.065000
0 0.109375 0.796250 0.062500 0.122500
0 0.897813 0.773750 0.058125 0.097500
0 0.405938 0.762500 0.058125 0.076667
0 0.674375 0.768750 0.061250 0.104167
0 0.465000 0.765000 0.075000 0.103333
0 0.275313 0.759167 0.096875 0.105000
0 0.035000 0.751250 0.070000 0.090833
0 0.191875 0.731250 0.051250 0.084167
0 0.497500 0.721667 0.057500 0.073333
0 0.125312 0.722917 0.063125 0.080833
0 0.885000 0.729583 0.071250 0.100833
0 0.622500 0.707500 0.057500 0.066667
0 0.409687 0.696250 0.066875 0.070833
0 0.967500 0.706667 0.065000 0.130000
0 0.733125 0.677083 0.065000 0.079167
0 0.554063 0.670833 0.060625 0.075000
0 0.808750 0.670000 0.086250 0.083333
0 0.899687 0.657083 0.055625 0.064167
0 0.072500 0.671250 0.056250 0.094167
0 0.232187 0.660417 0.046875 0.085833
0 0.268125 0.657917 0.056250 0.084167
0 0.654062 0.647500 0.046875 0.076667
0 0.141875 0.639583 0.047500 0.067500
0 0.705625 0.642917 0.052500 0.085833
0 0.519375 0.640000 0.067500 0.086667
0 0.422500 0.618333 0.037500 0.063333
0 0.370625 0.623750 0.072500 0.077500
0 0.174375 0.617917 0.062500 0.080833
0 0.805625 0.601250 0.063750 0.069167
0 0.593437 0.601250 0.079375 0.080833
0 0.308437 0.583333 0.064375 0.066667
0 0.235937 0.573750 0.053125 0.069167
0 0.878437 0.580417 0.064375 0.087500
0 0.639687 0.575417 0.059375 0.080833
0 0.049375 0.581667 0.098750 0.145000
0 0.780312 0.534167 0.059375 0.063333
0 0.370000 0.535417 0.072500 0.077500
0 0.132812 0.541250 0.086875 0.099167
0 0.920312 0.501667 0.055625 0.075000
0 0.976875 0.512917 0.046250 0.124167
0 0.605625 0.492500 0.065000 0.111667
0 0.679688 0.466667 0.075625 0.090000
0 0.267813 0.479583 0.105625 0.119167
0 0.845625 0.488750 0.100000 0.144167
0 0.371250 0.459167 0.082500 0.086667
0 0.526250 0.480833 0.077500 0.136667
0 0.063125 0.453750 0.058750 0.087500
0 0.577187 0.435833 0.056875 0.078333
0 0.446562 0.432500 0.053125 0.078333
0 0.145313 0.451250 0.094375 0.119167
0 0.744375 0.428333 0.080000 0.096667
0 0.803750 0.416250 0.047500 0.087500
0 0.953750 0.404167 0.087500 0.103333
0 0.308125 0.392083 0.071250 0.090833
0 0.884062 0.390833 0.068125 0.096667
0 0.226875 0.380833 0.070000 0.111667
0 0.411562 0.373750 0.074375 0.102500
0 0.823125 0.350000 0.073750 0.071667
0 0.611875 0.366250 0.120000 0.105833
0 0.143750 0.341667 0.102500 0.121667
0 0.350313 0.324583 0.081875 0.105833
0 0.614062 0.293333 0.064375 0.061667
0 0.264375 0.305417 0.057500 0.087500
0 0.702812 0.314583 0.063125 0.107500
0 0.951250 0.307500 0.077500 0.110000
0 0.423438 0.280833 0.058125 0.076667
0 0.830937 0.276250 0.068125 0.079167
0 0.056875 0.308750 0.113750 0.164167
0 0.243125 0.263750 0.062500 0.079167
0 0.490625 0.259167 0.063750 0.078333
0 0.345313 0.259167 0.078125 0.086667
0 0.717187 0.247083 0.053125 0.069167
0 0.885312 0.250833 0.064375 0.081667
0 0.525000 0.225417 0.056250 0.077500
0 0.975625 0.216667 0.048750 0.101667
0 0.108125 0.202083 0.063750 0.072500
0 0.360938 0.190000 0.071875 0.066667
0 0.569375 0.194167 0.077500 0.090000
0 0.419375 0.187917 0.062500 0.084167
0 0.031250 0.184167 0.061250 0.081667
0 0.788750 0.192500 0.061250 0.110000
0 0.490625 0.172500 0.081250 0.088333
0 0.689375 0.161667 0.065000 0.085000
0 0.908438 0.167917 0.081875 0.114167
0 0.973750 0.139167 0.052500 0.081667
0 0.206563 0.142917 0.054375 0.090833
0 0.251875 0.130417 0.058750 0.079167
0 0.096562 0.124167 0.065625 0.066667
0 0.612812 0.124583 0.075625 0.097500
0 0.367812 0.110833 0.075625 0.095000
0 0.934063 0.087500 0.061875 0.065000
0 0.743125 0.106667 0.067500 0.125000
0 0.307188 0.080417 0.056875 0.075833
0 0.695625 0.080000 0.050000 0.080000
0 0.531875 0.087083 0.076250 0.094167
0 0.824063 0.085417 0.095625 0.109167
0 0.171875 0.067083 0.056250 0.080833
0 0.431875 0.070417 0.068750 0.094167
0 0.060937 0.052083 0.064375 0.079167
0 0.240625 0.049167 0.060000 0.083333
0 0.978125 0.043750 0.043750 0.087500
0 0.922813 0.034167 0.063125 0.068333
0 0.637813 0.035000 0.061875 0.070000
0 0.578750 0.025833 0.057500 0.051667
0 0.474062 0.034167 0.061875 0.068333
0 0.297187 0.022083 0.059375 0.044167