0 0.754687 0.971667 0.078125 0.056667
0 0.105000 0.965417 0.056250 0.069167
0 0.213750 0.954583 0.081250 0.090833
0 0.962500 0.927917 0.063750 0.077500
0 0.735000 0.914167 0.072500 0.076667
0 0.658125 0.907500 0.072500 0.101667
0 0.513125 0.843333 0.060000 0.078333
0 0.648750 0.813333 0.046250 0.061667
0 0.201250 0.827500 0.068750 0.090000
0 0.136875 0.775000 0.052500 0.068333
0 0.020938 0.774167 0.041875 0.090000
0 0.900625 0.759167 0.065000 0.113333
0 0.606875 0.743333 0.062500 0.081667
0 0.489375 0.735833 0.047500 0.066667
0 0.406875 0.704167 0.062500 0.080000
0 0.099375 0.683333 0.060000 0.091667
0 0.192500 0.680833 0.063750 0.096667
0 0.946875 0.660833 0.060000 0.083333
0 0.570625 0.646667 0.087500 0.071667
0 0.660625 0.645833 0.055000 0.073333
0 0.290625 0.625000 0.062500 0.088333
0 0.457500 0.616667 0.068750 0.088333
0 0.213125 0.580000 0.067500 0.088333
0 0.753125 0.575000 0.060000 0.085000
0 0.836562 0.557917 0.068125 0.090833
0 0.098125 0.539167 0.062500 0.090000
0 0.520312 0.531250 0.043125 0.079167
0 0.567500 0.519583 0.070000 0.109167
0 0.867500 0.492917 0.061250 0.082500
0 0.793125 0.481667 0.067500 0.088333
0 0.546562 0.444167 0.063125 0.061667
0 0.178125 0.439167 0.060000 0.083333
0 0.730000 0.433333 0.058750 0.085000
0 0.009687 0.424583 0.019375 0.084167
0 0.073750 0.424167 0.066250 0.086667
0 0.325625 0.414167 0.075000 0.083333
0 0.957187 0.387917 0.068125 0.085833
0 0.605625 0.390833 0.057500 0.103333
0 0.125000 0.333333 0.056250 0.075000
0 0.912813 0.324583 0.060625 0.079167
0 0.039375 0.322500 0.057500 0.076667
0 0.977812 0.320000 0.044375 0.078333
0 0.788750 0.295000 0.048750 0.068333
0 0.192500 0.288333 0.056250 0.068333
0 0.310000 0.288333 0.058750 0.078333
0 0.398750 0.279167 0.058750 0.093333
0 0.564375 0.247500 0.067500 0.096667
0 0.698125 0.233750 0.066250 0.080833
0 0.907500 0.185000 0.053750 0.058333
0 0.838125 0.190833 0.062500 0.076667
0 0.456875 0.197500 0.065000 0.090000
0 0.630000 0.187500 0.058750 0.083333
0 0.746875 0.192500 0.085000 0.096667
0 0.974063 0.162500 0.051875 0.060000
0 0.380625 0.155000 0.065000 0.085000
0 0.929688 0.099167 0.111875 0.096667
0 0.821250 0.070833 0.058750 0.056667
0 0.741875 0.069167 0.050000 0.070000
0 0.977187 0.027917 0.045625 0.055833
0 0.867500 0.022083 0.071250 0.044167
0 0.653125 0.023750 0.060000 0.047500
0 0.575000 0.029583 0.063750 0.059167
0 0.380000 0.031250 0.061250 0.062500
0 0.197500 0.033750 0.066250 0.067500
0 0.117813 0.027917 0.075625 0.055833