0 0.323750 0.972083 0.071250 0.055833
0 0.223438 0.971250 0.073125 0.057500
0 0.446250 0.961667 0.063750 0.076667
0 0.391875 0.947917 0.071250 0.097500
0 0.821562 0.916250 0.088125 0.072500
0 0.504375 0.923333 0.063750 0.110000
0 0.309375 0.891667 0.083750 0.093333
0 0.801562 0.858750 0.091875 0.077500
0 0.226875 0.858333 0.076250 0.083333
0 0.364375 0.854583 0.090000 0.094167
0 0.860625 0.836250 0.061250 0.112500
0 0.585938 0.818333 0.081875 0.090000
0 0.747500 0.813750 0.078750 0.090833
0 0.915312 0.799583 0.073125 0.085833
0 0.501875 0.795417 0.078750 0.097500
0 0.711875 0.789583 0.093750 0.092500
0 0.412187 0.777083 0.075625 0.089167
0 0.258437 0.760000 0.066875 0.095000
0 0.341250 0.757917 0.076250 0.092500
0 0.538125 0.753750 0.070000 0.090833
0 0.605313 0.756667 0.075625 0.101667
0 0.674375 0.747083 0.070000 0.094167
0 0.845625 0.722917 0.088750 0.080833
0 0.713125 0.708750 0.065000 0.082500
0 0.958125 0.693333 0.078750 0.090000
0 0.746875 0.683750 0.065000 0.102500
0 0.443437 0.671250 0.075625 0.085833
0 0.491250 0.656667 0.062500 0.118333
0 0.294375 0.638333 0.061250 0.083333
0 0.131562 0.638750 0.065625 0.095833
0 0.838125 0.637500 0.071250 0.096667
0 0.975625 0.626667 0.048750 0.086667
0 0.631563 0.626667 0.058125 0.086667
0 0.573750 0.622917 0.065000 0.090833
0 0.882500 0.611667 0.072500 0.073333
0 0.046250 0.610000 0.066250 0.083333
0 0.697500 0.585833 0.067500 0.090000
0 0.016250 0.564167 0.032500 0.078333
0 0.096250 0.546250 0.091250 0.055833
0 0.173125 0.545000 0.072500 0.080000
0 0.317812 0.542500 0.079375 0.085000
0 0.500000 0.538333 0.066250 0.090000
0 0.295625 0.483750 0.085000 0.077500
0 0.570312 0.486667 0.069375 0.085000
0 0.119375 0.472083 0.073750 0.075833
0 0.828438 0.478333 0.075625 0.090000
0 0.473750 0.475000 0.072500 0.086667
0 0.052812 0.473750 0.061875 0.090833
0 0.720938 0.453333 0.068125 0.086667
0 0.975313 0.446667 0.049375 0.106667
0 0.872812 0.429583 0.073125 0.100833
0 0.602812 0.410000 0.083125 0.085000
0 0.912500 0.405000 0.065000 0.100000
0 0.345000 0.362917 0.060000 0.082500
0 0.102188 0.358333 0.060625 0.088333
0 0.832500 0.356667 0.067500 0.093333
0 0.650312 0.326250 0.079375 0.075833
0 0.966562 0.332917 0.066875 0.092500
0 0.871563 0.325833 0.074375 0.090000
0 0.894375 0.292083 0.061250 0.084167
0 0.046250 0.324583 0.066250 0.149167
0 0.720000 0.279583 0.053750 0.089167
0 0.801875 0.280000 0.067500 0.091667
0 0.931250 0.271250 0.068750 0.090833
0 0.640625 0.257500 0.096250 0.076667
0 0.089063 0.264167 0.059375 0.101667
0 0.305625 0.225417 0.073750 0.075833
0 0.129062 0.224167 0.063125 0.101667
0 0.601875 0.207917 0.075000 0.075833
0 0.967812 0.203333 0.064375 0.095000
0 0.048125 0.189583 0.093750 0.074167
0 0.672500 0.187917 0.065000 0.095833
0 0.917188 0.179583 0.049375 0.082500
0 0.335000 0.162500 0.086250 0.085000
0 0.565312 0.149167 0.078125 0.088333
0 0.288750 0.134583 0.095000 0.072500
0 0.487500 0.116667 0.060000 0.103333
0 0.422812 0.105417 0.061875 0.095833
0 0.292812 0.064167 0.084375 0.063333
0 0.747812 0.061250 0.089375 0.070833
0 0.941250 0.045000 0.070000 0.075000
0 0.774062 0.031250 0.080625 0.062500
0 0.632500 0.035833 0.068750 0.071667
0 0.178750 0.031250 0.070000 0.062500