0 0.067812 0.971250 0.076875 0.057500
0 0.718125 0.945000 0.066250 0.090000
0 0.237813 0.930000 0.099375 0.086667
0 0.064375 0.877917 0.078750 0.112500
0 0.181875 0.864167 0.078750 0.115000
0 0.352500 0.825833 0.076250 0.103333
0 0.021875 0.807500 0.043750 0.116667
0 0.600625 0.777500 0.066250 0.110000
0 0.319688 0.759167 0.065625 0.083333
0 0.672813 0.767500 0.075625 0.103333
0 0.750625 0.701250 0.088750 0.102500
0 0.835313 0.678333 0.079375 0.091667
0 0.070938 0.676250 0.098125 0.099167
0 0.242812 0.623333 0.064375 0.086667
0 0.820625 0.597500 0.076250 0.085000
0 0.533750 0.590833 0.080000 0.100000
0 0.701250 0.556250 0.070000 0.124167
0 0.601562 0.539167 0.080625 0.091667
0 0.944375 0.481250 0.073750 0.095833
0 0.425625 0.417083 0.078750 0.094167
0 0.255000 0.396250 0.073750 0.089167
0 0.910937 0.347083 0.074375 0.095833
0 0.310625 0.275417 0.063750 0.094167
0 0.548125 0.269167 0.078750 0.098333
0 0.384375 0.267917 0.085000 0.117500
0 0.104063 0.163333 0.059375 0.071667
0 0.969688 0.152500 0.060625 0.090000
0 0.570000 0.140833 0.083750 0.098333
0 0.441250 0.118333 0.071250 0.081667