0 0.319063 0.977917 0.065625 0.044167
0 0.391250 0.965417 0.065000 0.069167
0 0.706250 0.951667 0.067500 0.085000
0 0.796250 0.944167 0.060000 0.081667
0 0.613125 0.937083 0.051250 0.079167
0 0.662500 0.935417 0.062500 0.077500
0 0.880625 0.940000 0.110000 0.095000
0 0.323125 0.907500 0.058750 0.091667
0 0.135625 0.895833 0.055000 0.128333
0 0.791250 0.866250 0.067500 0.087500
0 0.177500 0.858750 0.055000 0.084167
0 0.847500 0.837500 0.072500 0.095000
0 0.726250 0.831250 0.070000 0.109167
0 0.592187 0.812500 0.069375 0.086667
0 0.326562 0.806250 0.090625 0.104167
0 0.762500 0.789583 0.065000 0.077500
0 0.811562 0.781667 0.065625 0.076667
0 0.176250 0.780833 0.048750 0.075000
0 0.658438 0.756667 0.064375 0.086667
0 0.958125 0.754583 0.062500 0.085833
0 0.575625 0.727917 0.066250 0.089167
0 0.815937 0.708750 0.054375 0.060833
0 0.215625 0.715000 0.061250 0.078333
0 0.478438 0.712083 0.063125 0.087500
0 0.982187 0.710417 0.035625 0.095833
0 0.384688 0.705417 0.063125 0.085833
0 0.697812 0.682500 0.060625 0.083333
0 0.277813 0.683750 0.060625 0.089167
0 0.324062 0.667083 0.065625 0.080833
0 0.740938 0.630000 0.058125 0.078333
0 0.810625 0.623333 0.077500 0.106667
0 0.695312 0.578750 0.056875 0.070833
0 0.325000 0.571250 0.065000 0.082500
0 0.250937 0.581250 0.069375 0.110833
0 0.401562 0.566667 0.066875 0.083333
0 0.637813 0.545417 0.059375 0.082500
0 0.251250 0.510000 0.065000 0.076667
0 0.524062 0.500000 0.054375 0.081667
0 0.302500 0.490417 0.060000 0.069167
0 0.674687 0.492500 0.070625 0.078333
0 0.748125 0.488750 0.060000 0.085833
0 0.819063 0.481250 0.064375 0.089167
0 0.583438 0.478333 0.074375 0.115000
0 0.646563 0.453750 0.068125 0.082500
0 0.244688 0.440833 0.068125 0.075000
0 0.461875 0.467083 0.068750 0.162500
0 0.302812 0.423750 0.060625 0.082500
0 0.524062 0.416667 0.063125 0.085000
0 0.384688 0.389583 0.074375 0.085833
0 0.862500 0.388750 0.067500 0.097500
0 0.925937 0.385833 0.064375 0.118333
0 0.024375 0.353750 0.048750 0.090833
0 0.403125 0.347083 0.050000 0.087500
0 0.468750 0.339583 0.070000 0.089167
0 0.189375 0.312083 0.063750 0.080833
0 0.263750 0.306667 0.065000 0.080000
0 0.343750 0.304583 0.057500 0.094167
0 0.965000 0.300417 0.070000 0.087500
0 0.532188 0.298750 0.061875 0.090833
0 0.385937 0.265417 0.071875 0.085833
0 0.448437 0.248750 0.060625 0.077500
0 0.073125 0.242917 0.062500 0.087500
0 0.301875 0.230833 0.063750 0.076667
0 0.878750 0.237083 0.067500 0.090833
0 0.347187 0.191250 0.056875 0.075833
0 0.518750 0.191250 0.087500 0.115833
0 0.047500 0.167083 0.066250 0.090833
0 0.278438 0.154167 0.063125 0.093333
0 0.965625 0.124583 0.067500 0.062500
0 0.571875 0.127083 0.066250 0.079167
0 0.332500 0.086667 0.058750 0.075000
0 0.904687 0.074583 0.055625 0.080833
0 0.054062 0.068750 0.060625 0.082500
0 0.698438 0.030833 0.080625 0.061667
0 0.570625 0.041667 0.068750 0.083333
0 0.500625 0.056667 0.087500 0.113333
0 0.227813 0.068750 0.096875 0.137500