0 0.526250 0.972083 0.073750 0.055833
0 0.395625 0.970000 0.065000 0.060000
0 0.772188 0.969583 0.064375 0.060833
0 0.330625 0.965000 0.057500 0.070000
0 0.269062 0.961250 0.068125 0.077500
0 0.456250 0.954583 0.053750 0.090833
0 0.907188 0.944167 0.085625 0.111667
0 0.052500 0.940833 0.105000 0.118333
0 0.193125 0.924167 0.063750 0.095000
0 0.539687 0.906250 0.061875 0.079167
0 0.960625 0.907917 0.061250 0.084167
0 0.753437 0.901667 0.056875 0.073333
0 0.269375 0.895417 0.061250 0.065833
0 0.844063 0.897083 0.069375 0.089167
0 0.425625 0.894167 0.067500 0.085000
0 0.112812 0.887083 0.058125 0.094167
0 0.070000 0.849583 0.065000 0.069167
0 0.156250 0.852500 0.048750 0.086667
0 0.972187 0.844167 0.055625 0.085000
0 0.719688 0.829167 0.066875 0.083333
0 0.533125 0.811667 0.070000 0.090000
0 0.867188 0.813750 0.083125 0.105833
0 0.775312 0.786250 0.075625 0.095833
0 0.586562 0.775833 0.064375 0.088333
0 0.981563 0.764583 0.036875 0.087500
0 0.136875 0.747083 0.063750 0.085833
0 0.817813 0.714583 0.054375 0.079167
0 0.532188 0.717083 0.063125 0.087500
0 0.072188 0.696667 0.061875 0.080000
0 0.480000 0.695833 0.060000 0.085000
0 0.188438 0.692083 0.088125 0.095833
0 0.627188 0.677917 0.064375 0.080833
0 0.901875 0.642083 0.066250 0.072500
0 0.289062 0.619583 0.059375 0.069167
0 0.070625 0.615417 0.057500 0.074167
0 0.657188 0.613750 0.058125 0.075833
0 0.526563 0.607500 0.055625 0.081667
0 0.350000 0.600000 0.060000 0.081667
0 0.811562 0.599583 0.068125 0.095833
0 0.118438 0.581667 0.055625 0.076667
0 0.431250 0.573750 0.053750 0.065833
0 0.949375 0.577083 0.063750 0.084167
0 0.708125 0.534167 0.068750 0.083333
0 0.055625 0.506250 0.063750 0.085833
0 0.430312 0.507083 0.063125 0.089167
0 0.745000 0.477083 0.065000 0.079167
0 0.624375 0.472500 0.051250 0.108333
0 0.279062 0.431250 0.056875 0.075833
0 0.786563 0.415417 0.054375 0.074167
0 0.200000 0.413333 0.058750 0.090000
0 0.559063 0.406250 0.068125 0.087500
0 0.459375 0.366250 0.071250 0.092500
0 0.840313 0.336667 0.058125 0.073333
0 0.594063 0.334167 0.058125 0.080000
0 0.965938 0.325000 0.068125 0.093333
0 0.771250 0.317500 0.066250 0.081667
0 0.321562 0.315833 0.061875 0.078333
0 0.024063 0.294167 0.048125 0.073333
0 0.430000 0.266250 0.062500 0.082500
0 0.640000 0.265000 0.052500 0.083333
0 0.851875 0.257500 0.068750 0.083333
0 0.144375 0.256667 0.057500 0.081667
0 0.683438 0.247500 0.046875 0.073333
0 0.740625 0.257083 0.081250 0.104167
0 0.963125 0.236667 0.056250 0.073333
0 0.070938 0.228750 0.068125 0.090833
0 0.015312 0.229167 0.030625 0.091667
0 0.935000 0.168333 0.057500 0.080000
0 0.982812 0.169167 0.034375 0.085000
0 0.681250 0.160417 0.066250 0.092500
0 0.360938 0.127083 0.064375 0.080833
0 0.088438 0.102917 0.060625 0.087500
0 0.235313 0.091667 0.060625 0.080000
0 0.725313 0.066667 0.061875 0.085000
0 0.155312 0.062083 0.063125 0.085833
0 0.431563 0.063333 0.078125 0.108333
0 0.924687 0.017917 0.059375 0.035833
0 0.752500 0.023750 0.052500 0.047500
0 0.668125 0.030833 0.066250 0.061667