0 0.613437 0.953750 0.060625 0.075833
0 0.790625 0.950417 0.056250 0.082500
0 0.467500 0.929167 0.076250 0.090000
0 0.825313 0.898333 0.068125 0.095000
0 0.167813 0.876250 0.060625 0.069167
0 0.355000 0.875417 0.065000 0.079167
0 0.135313 0.818333 0.056875 0.065000
0 0.242500 0.820000 0.070000 0.080000
0 0.805312 0.812500 0.056875 0.086667
0 0.660000 0.785833 0.058750 0.081667
0 0.107500 0.775000 0.071250 0.086667
0 0.979375 0.712500 0.041250 0.073333
0 0.753750 0.708750 0.060000 0.070833
0 0.401562 0.708333 0.059375 0.081667
0 0.188750 0.700000 0.080000 0.081667
0 0.821250 0.682083 0.060000 0.107500
0 0.307500 0.633750 0.067500 0.082500
0 0.177500 0.599167 0.063750 0.081667
0 0.266250 0.599583 0.076250 0.099167
0 0.038437 0.584583 0.064375 0.087500
0 0.462813 0.580000 0.066875 0.108333
0 0.406875 0.568750 0.068750 0.092500
0 0.520312 0.502917 0.056875 0.079167
0 0.695000 0.483333 0.062500 0.083333
0 0.252812 0.394167 0.060625 0.088333
0 0.741250 0.395833 0.060000 0.093333
0 0.393125 0.388750 0.056250 0.079167
0 0.576875 0.377083 0.066250 0.084167
0 0.330000 0.357500 0.061250 0.091667
0 0.929375 0.367083 0.060000 0.120833
0 0.826562 0.343750 0.054375 0.075833
0 0.615313 0.337500 0.065625 0.083333
0 0.112187 0.322917 0.079375 0.100833
0 0.873437 0.309583 0.060625 0.094167
0 0.804063 0.283750 0.074375 0.085833
0 0.499375 0.253333 0.072500 0.105000
0 0.557187 0.250833 0.061875 0.110000
0 0.176875 0.225000 0.061250 0.078333
0 0.476250 0.218750 0.062500 0.075833
0 0.625000 0.218750 0.056250 0.090833
0 0.419375 0.167500 0.066250 0.081667
0 0.548125 0.130417 0.055000 0.072500
0 0.141250 0.115417 0.067500 0.077500
0 0.933750 0.115000 0.062500 0.081667
0 0.762188 0.109167 0.061875 0.070000
0 0.262188 0.078750 0.055625 0.070833
0 0.595625 0.059167 0.066250 0.076667
0 0.979375 0.060417 0.041250 0.082500
0 0.511875 0.051667 0.061250 0.071667
0 0.408750 0.048750 0.065000 0.074167
0 0.936250 0.029167 0.086250 0.058333
0 0.145625 0.026667 0.061250 0.053333