0 0.212500 0.983333 0.047500 0.033333
0 0.716875 0.982500 0.062500 0.035000
0 0.154375 0.977500 0.062500 0.045000
0 0.867500 0.973750 0.057500 0.052500
0 0.781250 0.972500 0.058750 0.055000
0 0.579063 0.965000 0.055625 0.070000
0 0.257500 0.957083 0.057500 0.075833
0 0.924063 0.953750 0.064375 0.080833
0 0.036250 0.952083 0.065000 0.094167
0 0.516875 0.951250 0.062500 0.094167
0 0.361563 0.915833 0.051875 0.080000
0 0.974688 0.902083 0.050625 0.080833
0 0.313437 0.895417 0.050625 0.082500
0 0.749687 0.894167 0.063125 0.083333
0 0.851875 0.894167 0.053750 0.095000
0 0.577500 0.884583 0.060000 0.079167
0 0.396875 0.878333 0.056250 0.078333
0 0.254688 0.877500 0.055625 0.085000
0 0.747500 0.823750 0.048750 0.065833
0 0.327188 0.818750 0.069375 0.079167
0 0.023125 0.815417 0.046250 0.077500
0 0.597500 0.807500 0.055000 0.071667
0 0.118438 0.797083 0.066875 0.077500
0 0.979375 0.810000 0.041250 0.105000
0 0.490938 0.810833 0.053125 0.106667
0 0.264062 0.793750 0.058125 0.079167
0 0.908125 0.790833 0.062500 0.075000
0 0.075938 0.790417 0.055625 0.085833
0 0.795312 0.778333 0.051875 0.065000
0 0.375937 0.784583 0.078125 0.089167
0 0.687813 0.768750 0.064375 0.079167
0 0.847187 0.765833 0.053125 0.081667
0 0.216875 0.761667 0.048750 0.076667
0 0.919375 0.737500 0.061250 0.061667
0 0.574688 0.733750 0.060625 0.080833
0 0.660312 0.729583 0.055625 0.075833
0 0.974375 0.722500 0.051250 0.071667
0 0.278750 0.714167 0.065000 0.081667
0 0.530625 0.703750 0.065000 0.089167
0 0.367500 0.698750 0.065000 0.082500
0 0.775625 0.675000 0.066250 0.060000
0 0.922500 0.667500 0.068750 0.076667
0 0.848125 0.667500 0.057500 0.078333
0 0.241563 0.652500 0.055625 0.076667
0 0.989688 0.649167 0.020625 0.075000
0 0.176563 0.648750 0.069375 0.090833
0 0.712812 0.635833 0.060625 0.086667
0 0.320312 0.637917 0.085625 0.104167
0 0.026562 0.617500 0.053125 0.066667
0 0.466562 0.638750 0.093125 0.115833
0 0.621250 0.638333 0.082500 0.121667
0 0.882188 0.609583 0.056875 0.069167
0 0.958750 0.598750 0.057500 0.070833
0 0.397500 0.586250 0.048750 0.075833
0 0.262813 0.586667 0.063125 0.080000
0 0.825000 0.583333 0.066250 0.088333
0 0.220625 0.578750 0.057500 0.095833
0 0.011562 0.560000 0.023125 0.065000
0 0.517188 0.571667 0.048125 0.093333
0 0.674063 0.560833 0.064375 0.078333
0 0.314375 0.552500 0.051250 0.070000
0 0.151250 0.551250 0.060000 0.070833
0 0.463438 0.545000 0.060625 0.080000
0 0.559688 0.535000 0.053125 0.078333
0 0.985000 0.534583 0.030000 0.080833
0 0.803750 0.505417 0.053750 0.064167
0 0.623125 0.510000 0.058750 0.075000
0 0.917813 0.505000 0.066875 0.086667
0 0.203750 0.496250 0.058750 0.075833
0 0.108750 0.477917 0.061250 0.084167
0 0.542500 0.457500 0.062500 0.068333
0 0.840625 0.454583 0.053750 0.072500
0 0.969688 0.450417 0.060625 0.084167
0 0.785312 0.438750 0.058125 0.072500
0 0.707812 0.398333 0.044375 0.070000
0 0.103438 0.395000 0.056875 0.078333
0 0.363750 0.388750 0.067500 0.085833
0 0.618437 0.388333 0.068125 0.088333
0 0.052500 0.361250 0.052500 0.062500
0 0.915000 0.382500 0.117500 0.116667
0 0.295938 0.355417 0.054375 0.067500
0 0.437812 0.331667 0.053125 0.068333
0 0.954375 0.317083 0.060000 0.084167
0 0.793750 0.305833 0.057500 0.075000
0 0.568750 0.331667 0.096250 0.136667
0 0.033750 0.299167 0.055000 0.083333
0 0.736563 0.269583 0.050625 0.064167
0 0.891875 0.278333 0.080000 0.093333
0 0.116875 0.268333 0.058750 0.076667
0 0.822812 0.273333 0.061875 0.090000
0 0.522500 0.257500 0.060000 0.076667
0 0.460938 0.250833 0.055625 0.071667
0 0.593437 0.253750 0.075625 0.094167
0 0.290625 0.221667 0.062500 0.071667
0 0.631875 0.219167 0.055000 0.073333
0 0.353750 0.211667 0.058750 0.068333
0 0.421563 0.199167 0.055625 0.090000
0 0.176875 0.189167 0.056250 0.073333
0 0.842187 0.190000 0.053125 0.076667
0 0.783125 0.191250 0.058750 0.084167
0 0.894062 0.185000 0.051875 0.073333
0 0.949063 0.175000 0.054375 0.070000
0 0.453437 0.169167 0.059375 0.081667
0 0.126875 0.182500 0.062500 0.108333
0 0.025000 0.163750 0.050000 0.075833
0 0.664375 0.153333 0.068750 0.083333
0 0.980000 0.130833 0.040000 0.075000
0 0.213750 0.135000 0.051250 0.085000
0 0.257188 0.125417 0.038125 0.082500
0 0.548750 0.119167 0.060000 0.083333
0 0.488125 0.107500 0.056250 0.075000
0 0.191562 0.095000 0.064375 0.093333
0 0.607500 0.087083 0.062500 0.092500
0 0.435625 0.079167 0.072500 0.111667
0 0.084375 0.055833 0.046250 0.071667
0 0.706562 0.056667 0.050625 0.075000
0 0.244062 0.056250 0.051875 0.074167
0 0.651875 0.044583 0.055000 0.074167
0 0.882500 0.042083 0.057500 0.079167
0 0.946250 0.058750 0.065000 0.114167
0 0.030000 0.035000 0.047500 0.066667
0 0.473750 0.027917 0.052500 0.055833
0 0.371563 0.040000 0.064375 0.080000
0 0.293750 0.022500 0.063750 0.045000