0 0.970938 0.982083 0.058125 0.035833
0 0.374688 0.978333 0.036875 0.043333
0 0.492500 0.977083 0.050000 0.045833
0 0.715938 0.973750 0.064375 0.052500
0 0.288125 0.967500 0.055000 0.065000
0 0.018125 0.965833 0.036250 0.068333
0 0.687813 0.960417 0.059375 0.059167
0 0.798125 0.965000 0.057500 0.070000
0 0.339062 0.956250 0.050625 0.080833
0 0.813750 0.909167 0.068750 0.068333
0 0.290938 0.904583 0.044375 0.060833
0 0.461250 0.907083 0.055000 0.077500
0 0.240313 0.910000 0.054375 0.083333
0 0.066562 0.906667 0.059375 0.081667
0 0.378125 0.898333 0.063750 0.076667
0 0.939375 0.880833 0.061250 0.071667
0 0.626250 0.880000 0.050000 0.070000
0 0.156875 0.880000 0.061250 0.076667
0 0.293750 0.858750 0.055000 0.049167
0 0.532188 0.868750 0.059375 0.079167
0 0.455937 0.849583 0.063125 0.069167
0 0.103750 0.839583 0.051250 0.069167
0 0.796875 0.836667 0.061250 0.068333
0 0.021250 0.830833 0.042500 0.071667
0 0.866563 0.811667 0.051875 0.060000
0 0.060000 0.804583 0.040000 0.069167
0 0.217500 0.800000 0.060000 0.066667
0 0.929375 0.796250 0.061250 0.095833
0 0.105625 0.788750 0.083750 0.080833
0 0.015000 0.763750 0.030000 0.065833
0 0.178125 0.761250 0.052500 0.067500
0 0.978437 0.760000 0.043125 0.070000
0 0.820000 0.747917 0.081250 0.087500
0 0.475625 0.733750 0.061250 0.077500
0 0.365625 0.740833 0.058750 0.091667
0 0.757500 0.730000 0.045000 0.083333
0 0.532188 0.703333 0.058125 0.071667
0 0.661250 0.698333 0.047500 0.066667
0 0.613437 0.696250 0.053125 0.069167
0 0.803750 0.676667 0.063750 0.065000
0 0.886875 0.690833 0.068750 0.115000
0 0.320625 0.633333 0.068750 0.061667
0 0.879687 0.597500 0.061875 0.066667
0 0.192500 0.620417 0.057500 0.115833
0 0.457500 0.593333 0.052500 0.070000
0 0.710625 0.594583 0.088750 0.075833
0 0.020000 0.600000 0.040000 0.096667
0 0.796875 0.591250 0.060000 0.080833
0 0.227187 0.579167 0.050625 0.071667
0 0.734688 0.555833 0.056875 0.081667
0 0.615625 0.541250 0.043750 0.074167
0 0.831250 0.538750 0.061250 0.074167
0 0.903438 0.550000 0.051875 0.111667
0 0.551250 0.535833 0.067500 0.091667
0 0.352187 0.496250 0.066875 0.082500
0 0.256250 0.492917 0.048750 0.075833
0 0.409062 0.480000 0.046875 0.068333
0 0.152188 0.479167 0.049375 0.066667
0 0.100000 0.480417 0.050000 0.069167
0 0.217188 0.474167 0.061875 0.071667
0 0.982500 0.455000 0.035000 0.063333
0 0.741875 0.462917 0.055000 0.084167
0 0.445000 0.448750 0.040000 0.055833
0 0.586562 0.445417 0.054375 0.064167
0 0.656250 0.451667 0.050000 0.080000
0 0.941250 0.435000 0.057500 0.070000
0 0.037500 0.442917 0.075000 0.092500
0 0.889375 0.435833 0.053750 0.100000
0 0.395000 0.418750 0.055000 0.069167
0 0.340000 0.417917 0.057500 0.074167
0 0.285000 0.415000 0.047500 0.076667
0 0.211875 0.400000 0.051250 0.076667
0 0.481875 0.385000 0.063750 0.078333
0 0.417812 0.365417 0.055625 0.067500
0 0.024375 0.359167 0.038750 0.066667
0 0.360938 0.356250 0.055625 0.065833
0 0.599688 0.348750 0.045625 0.067500
0 0.157188 0.343750 0.048125 0.069167
0 0.659062 0.360833 0.074375 0.110000
0 0.738437 0.337083 0.049375 0.067500
0 0.514687 0.315000 0.048125 0.080000
0 0.046562 0.330000 0.064375 0.110000
0 0.415938 0.299167 0.061875 0.071667
0 0.713750 0.275000 0.051250 0.065000
0 0.949375 0.282083 0.058750 0.085833
0 0.333125 0.277500 0.063750 0.080000
0 0.160312 0.266250 0.061875 0.060833
0 0.095000 0.257083 0.058750 0.082500
0 0.818750 0.245833 0.053750 0.068333
0 0.563125 0.230000 0.051250 0.053333
0 0.343125 0.214583 0.070000 0.067500
0 0.730625 0.212500 0.055000 0.068333
0 0.819375 0.188333 0.062500 0.053333
0 0.396875 0.192500 0.071250 0.076667
0 0.728125 0.149167 0.067500 0.061667
0 0.922500 0.138333 0.057500 0.073333
0 0.816562 0.136667 0.059375 0.070000
0 0.215625 0.141250 0.053750 0.079167
0 0.330313 0.137500 0.049375 0.076667
0 0.271250 0.132500 0.055000 0.090000
0 0.058125 0.113333 0.086250 0.130000
0 0.241563 0.072083 0.051875 0.055833
0 0.146875 0.067083 0.051250 0.057500
0 0.505938 0.080833 0.059375 0.088333
0 0.405938 0.049167 0.069375 0.095000
0 0.723125 0.035000 0.063750 0.070000
0 0.609062 0.019167 0.060625 0.038333
0 0.543438 0.032917 0.051875 0.065833
0 0.467813 0.035417 0.054375 0.070833
0 0.314375 0.027500 0.053750 0.055000
0 0.239687 0.022500 0.083125 0.045000
0 0.013750 0.033750 0.027500 0.067500