0 0.101562 0.961250 0.073125 0.077500
0 0.444375 0.938333 0.067500 0.088333
0 0.576562 0.938750 0.068125 0.090833
0 0.312500 0.941667 0.066250 0.098333
0 0.245625 0.938333 0.058750 0.091667
0 0.953750 0.928333 0.066250 0.085000
0 0.180625 0.936250 0.071250 0.100833
0 0.047813 0.922083 0.065625 0.087500
0 0.630625 0.920417 0.065000 0.102500
0 0.373125 0.905833 0.071250 0.075000
0 0.511875 0.865000 0.067500 0.088333
0 0.220625 0.865000 0.073750 0.096667
0 0.597812 0.845000 0.069375 0.100000
0 0.070625 0.841667 0.070000 0.095000
0 0.365625 0.834583 0.076250 0.082500
0 0.276562 0.795000 0.095625 0.133333
0 0.720000 0.755000 0.083750 0.088333
0 0.917500 0.746667 0.066250 0.083333
0 0.945312 0.714167 0.071875 0.075000
0 0.561250 0.701667 0.066250 0.095000
0 0.637500 0.670000 0.076250 0.063333
0 0.029063 0.677500 0.058125 0.090000
0 0.173125 0.669167 0.066250 0.090000
0 0.838125 0.667500 0.075000 0.096667
0 0.780625 0.665833 0.070000 0.108333
0 0.961875 0.655833 0.076250 0.093333
0 0.338125 0.655833 0.060000 0.105000
0 0.235000 0.650833 0.063750 0.103333
0 0.380937 0.632500 0.048125 0.096667
0 0.644687 0.611250 0.083125 0.065833
0 0.728750 0.580000 0.068750 0.081667
0 0.122813 0.575833 0.053125 0.095000
0 0.084375 0.567083 0.067500 0.080833
0 0.808125 0.560833 0.067500 0.086667
0 0.438750 0.573333 0.113750 0.125000
0 0.024063 0.550417 0.048125 0.099167
0 0.257500 0.530000 0.071250 0.095000
0 0.568750 0.519167 0.076250 0.096667
0 0.066875 0.505833 0.066250 0.085000
0 0.169375 0.513333 0.070000 0.106667
0 0.909062 0.484583 0.064375 0.075833
0 0.767500 0.488333 0.068750 0.095000
0 0.942187 0.464167 0.066875 0.081667
0 0.685000 0.469167 0.068750 0.093333
0 0.088125 0.459167 0.071250 0.091667
0 0.022500 0.458333 0.045000 0.095000
0 0.455000 0.470000 0.073750 0.121667
0 0.298750 0.440833 0.066250 0.096667
0 0.875313 0.401250 0.068125 0.095833
0 0.379375 0.383750 0.072500 0.079167
0 0.570000 0.380833 0.066250 0.090000
0 0.171563 0.371250 0.050625 0.095833
0 0.752500 0.361667 0.066250 0.085000
0 0.116250 0.368750 0.057500 0.104167
0 0.980313 0.337500 0.039375 0.086667
0 0.367812 0.318750 0.075625 0.082500
0 0.847500 0.320000 0.073750 0.091667
0 0.722500 0.290833 0.063750 0.090000
0 0.154375 0.258333 0.080000 0.091667
0 0.308125 0.248333 0.050000 0.085000
0 0.675625 0.237083 0.072500 0.084167
0 0.948750 0.220000 0.078750 0.095000
0 0.457500 0.205833 0.063750 0.086667
0 0.550625 0.190833 0.068750 0.101667
0 0.735625 0.179583 0.072500 0.090833
0 0.050625 0.173333 0.072500 0.098333
0 0.289375 0.161667 0.072500 0.095000
0 0.681250 0.151667 0.062500 0.085000
0 0.510625 0.140417 0.076250 0.082500
0 0.859375 0.130833 0.062500 0.086667
0 0.623750 0.114583 0.063750 0.102500
0 0.454688 0.091250 0.059375 0.089167
0 0.666562 0.072917 0.075625 0.080833
0 0.372500 0.077500 0.063750 0.090000
0 0.563750 0.073333 0.063750 0.088333
0 0.294375 0.060833 0.072500 0.096667
0 0.970000 0.060000 0.060000 0.120000
0 0.807500 0.031250 0.071250 0.062500
0 0.649375 0.020833 0.067500 0.041667
0 0.221250 0.035417 0.068750 0.070833
0 0.110000 0.033750 0.071250 0.067500