0 0.113437 0.974167 0.064375 0.051667
0 0.495625 0.962083 0.063750 0.075833
0 0.829688 0.926667 0.058125 0.080000
0 0.055000 0.923750 0.072500 0.097500
0 0.287813 0.905833 0.066875 0.090000
0 0.507500 0.870000 0.060000 0.073333
0 0.381250 0.866250 0.062500 0.095833
0 0.037500 0.836667 0.071250 0.083333
0 0.172187 0.781250 0.058125 0.092500
0 0.131562 0.772083 0.054375 0.079167
0 0.955000 0.757083 0.060000 0.079167
0 0.443125 0.745417 0.063750 0.080833
0 0.802813 0.737500 0.084375 0.083333
0 0.745625 0.726667 0.058750 0.075000
0 0.312188 0.710833 0.074375 0.100000
0 0.627188 0.690833 0.078125 0.071667
0 0.925937 0.685000 0.069375 0.090000
0 0.855000 0.676667 0.057500 0.080000
0 0.144063 0.671667 0.061875 0.080000
0 0.472500 0.671250 0.071250 0.089167
0 0.802188 0.631667 0.063125 0.078333
0 0.230000 0.607917 0.057500 0.077500
0 0.616875 0.614583 0.093750 0.092500
0 0.464375 0.593750 0.058750 0.064167
0 0.062500 0.599583 0.060000 0.082500
0 0.122813 0.587917 0.056875 0.074167
0 0.586875 0.582083 0.060000 0.079167
0 0.196563 0.581250 0.054375 0.080833
0 0.101250 0.548750 0.075000 0.085833
0 0.747812 0.505833 0.090625 0.065000
0 0.473438 0.513333 0.066875 0.086667
0 0.135625 0.500000 0.058750 0.070000
0 0.330000 0.459583 0.061250 0.082500
0 0.511250 0.417500 0.065000 0.086667
0 0.766875 0.415417 0.068750 0.087500
0 0.366875 0.392083 0.063750 0.079167
0 0.027500 0.369583 0.055000 0.075833
0 0.545625 0.353750 0.060000 0.079167
0 0.452813 0.346667 0.061875 0.075000
0 0.906563 0.328333 0.100625 0.095000
0 0.540000 0.275417 0.060000 0.077500
0 0.148750 0.298333 0.085000 0.123333
0 0.869687 0.271250 0.060625 0.087500
0 0.634375 0.262083 0.068750 0.084167
0 0.479063 0.261250 0.064375 0.087500
0 0.390313 0.256250 0.059375 0.082500
0 0.743750 0.243750 0.048750 0.070833
0 0.975938 0.240000 0.048125 0.083333
0 0.102813 0.229583 0.068125 0.082500
0 0.327188 0.233750 0.065625 0.097500
0 0.785000 0.209167 0.076250 0.095000
0 0.450625 0.192083 0.082500 0.082500
0 0.165000 0.162083 0.057500 0.074167
0 0.273438 0.121250 0.059375 0.070833
0 0.091563 0.082083 0.073125 0.085833
0 0.443437 0.076250 0.060625 0.084167
0 0.163750 0.063750 0.065000 0.079167
0 0.340938 0.052083 0.049375 0.077500
0 0.397500 0.056667 0.058750 0.090000
0 0.714375 0.045833 0.065000 0.083333
0 0.559688 0.033750 0.065625 0.067500
0 0.303750 0.023750 0.055000 0.047500
0 0.090938 0.037083 0.071875 0.074167