0 0.467813 0.981250 0.063125 0.037500
0 0.054375 0.979583 0.063750 0.040833
0 0.054688 0.928750 0.074375 0.070833
0 0.545937 0.894583 0.070625 0.084167
0 0.886875 0.860417 0.063750 0.080833
0 0.257500 0.801667 0.067500 0.075000
0 0.363125 0.800833 0.056250 0.076667
0 0.731875 0.790833 0.058750 0.080000
0 0.424687 0.781250 0.065625 0.092500
0 0.622188 0.775000 0.048125 0.083333
0 0.146563 0.757500 0.060625 0.081667
0 0.692187 0.764583 0.078125 0.109167
0 0.467187 0.739167 0.063125 0.081667
0 0.322188 0.709167 0.045625 0.060000
0 0.355312 0.721667 0.064375 0.096667
0 0.075625 0.661250 0.058750 0.075833
0 0.846250 0.623333 0.055000 0.070000
0 0.610000 0.610833 0.057500 0.083333
0 0.665625 0.608333 0.068750 0.093333
0 0.354375 0.607500 0.063750 0.105000
0 0.545312 0.596667 0.059375 0.106667
0 0.577500 0.566667 0.062500 0.070000
0 0.894375 0.567500 0.068750 0.081667
0 0.505938 0.567500 0.058125 0.120000
0 0.016563 0.549583 0.033125 0.087500
0 0.539375 0.453333 0.068750 0.075000
0 0.269375 0.432500 0.050000 0.075000
0 0.031563 0.433333 0.063125 0.076667
0 0.158125 0.418333 0.071250 0.073333
0 0.105313 0.277083 0.063125 0.074167
0 0.305625 0.259583 0.073750 0.085833
0 0.030937 0.249167 0.061875 0.080000
0 0.440937 0.249167 0.063125 0.091667
0 0.520625 0.239167 0.067500 0.086667
0 0.981563 0.212083 0.036875 0.104167
0 0.872500 0.198333 0.066250 0.076667
0 0.665937 0.194583 0.053125 0.077500
0 0.414687 0.185000 0.080625 0.086667
0 0.799687 0.186250 0.095625 0.095833
0 0.727500 0.169583 0.053750 0.115833
0 0.148438 0.141250 0.074375 0.079167