0 0.266875 0.970833 0.053750 0.058333
0 0.199687 0.952917 0.054375 0.089167
0 0.285000 0.947500 0.055000 0.098333
0 0.123750 0.935417 0.056250 0.077500
0 0.494063 0.945000 0.065625 0.110000
0 0.850938 0.927917 0.075625 0.077500
0 0.649062 0.930833 0.076875 0.105000
0 0.358750 0.923333 0.060000 0.118333
0 0.220000 0.898750 0.058750 0.077500
0 0.812187 0.889167 0.061875 0.073333
0 0.666562 0.870417 0.043125 0.062500
0 0.071250 0.867083 0.053750 0.075833
0 0.741563 0.852917 0.054375 0.072500
0 0.845938 0.826250 0.080625 0.069167
0 0.325625 0.830000 0.071250 0.093333
0 0.951875 0.820833 0.068750 0.098333
0 0.798750 0.800833 0.073750 0.060000
0 0.119063 0.791250 0.056875 0.080833
0 0.224062 0.763750 0.068125 0.090833
0 0.046250 0.757500 0.060000 0.085000
0 0.801875 0.720000 0.053750 0.091667
0 0.727500 0.711667 0.057500 0.075000
0 0.155938 0.719167 0.061875 0.095000
0 0.854688 0.717083 0.050625 0.107500
0 0.104688 0.684167 0.064375 0.076667
0 0.345938 0.693750 0.070625 0.115833
0 0.715625 0.622500 0.073750 0.075000
0 0.544687 0.615000 0.053125 0.095000
0 0.018437 0.594167 0.036875 0.106667
0 0.058438 0.582500 0.066875 0.085000
0 0.782813 0.572917 0.069375 0.084167
0 0.140000 0.567500 0.055000 0.078333
0 0.622812 0.575833 0.088125 0.106667
0 0.465938 0.576250 0.075625 0.109167
0 0.708438 0.540833 0.060625 0.066667
0 0.568125 0.547083 0.060000 0.112500
0 0.233437 0.492500 0.075625 0.076667
0 0.935625 0.457917 0.068750 0.094167
0 0.083125 0.456250 0.076250 0.092500
0 0.380937 0.453750 0.069375 0.090833
0 0.032500 0.452500 0.065000 0.116667
0 0.295312 0.450833 0.069375 0.120000
0 0.742812 0.451667 0.086875 0.126667
0 0.195625 0.402917 0.066250 0.092500
0 0.440937 0.395417 0.061875 0.085833
0 0.572812 0.364583 0.069375 0.075833
0 0.138437 0.361667 0.066875 0.086667
0 0.687187 0.336250 0.066875 0.077500
0 0.063437 0.314583 0.054375 0.072500
0 0.500313 0.305417 0.070625 0.079167
0 0.938750 0.303333 0.078750 0.095000
0 0.430937 0.292500 0.059375 0.075000
0 0.767813 0.296667 0.073125 0.091667
0 0.152188 0.291667 0.043125 0.100000
0 0.311250 0.249167 0.062500 0.061667
0 0.608750 0.240000 0.055000 0.090000
0 0.039375 0.222500 0.063750 0.078333
0 0.245625 0.212083 0.070000 0.077500
0 0.425938 0.198750 0.063125 0.067500
0 0.427812 0.143750 0.056875 0.057500
0 0.510625 0.154583 0.062500 0.080833
0 0.875625 0.140833 0.063750 0.081667
0 0.784687 0.129167 0.061875 0.086667
0 0.367812 0.125417 0.061875 0.085833
0 0.616875 0.126250 0.070000 0.092500
0 0.698438 0.102083 0.069375 0.080833
0 0.771875 0.053333 0.060000 0.088333
0 0.858437 0.042083 0.069375 0.084167
0 0.568438 0.032083 0.064375 0.064167
0 0.390313 0.034167 0.079375 0.068333
0 0.050000 0.037083 0.057500 0.074167