0 0.559063 0.941250 0.064375 0.085833
0 0.100625 0.828750 0.065000 0.090833
0 0.919687 0.789583 0.081875 0.089167
0 0.052812 0.743333 0.056875 0.081667
0 0.788125 0.729583 0.071250 0.085833
0 0.970625 0.723750 0.058750 0.107500
0 0.791875 0.652500 0.061250 0.071667
0 0.674375 0.656250 0.077500 0.092500
0 0.315937 0.602917 0.073125 0.082500
0 0.236250 0.582083 0.071250 0.100833
0 0.929375 0.515833 0.060000 0.071667
0 0.169375 0.517500 0.066250 0.088333
0 0.083437 0.445833 0.055625 0.063333
0 0.449375 0.438750 0.058750 0.077500
0 0.754687 0.424167 0.064375 0.081667
0 0.657500 0.377917 0.068750 0.092500
0 0.783125 0.359583 0.070000 0.077500
0 0.425625 0.361667 0.065000 0.090000
0 0.085312 0.359167 0.084375 0.100000
0 0.206875 0.313333 0.061250 0.075000
0 0.598750 0.315833 0.065000 0.083333
0 0.341875 0.119167 0.055000 0.088333
0 0.941562 0.070417 0.073125 0.092500