0 0.073438 0.967917 0.079375 0.064167
0 0.162188 0.961250 0.085625 0.077500
0 0.889062 0.958750 0.071875 0.082500
0 0.695000 0.905417 0.067500 0.084167
0 0.101875 0.909167 0.078750 0.096667
0 0.440625 0.899167 0.076250 0.106667
0 0.981563 0.872500 0.036875 0.091667
0 0.873437 0.855000 0.079375 0.100000
0 0.357187 0.826250 0.068125 0.087500
0 0.677188 0.827500 0.073125 0.093333
0 0.799063 0.812917 0.069375 0.065833
0 0.973750 0.779583 0.052500 0.084167
0 0.572500 0.777917 0.073750 0.090833
0 0.886250 0.779583 0.117500 0.132500
0 0.792500 0.744583 0.060000 0.079167
0 0.237813 0.746667 0.066875 0.098333
0 0.115000 0.732500 0.072500 0.090000
0 0.699688 0.729583 0.081875 0.090833
0 0.305625 0.730833 0.078750 0.093333
0 0.651250 0.665417 0.063750 0.085833
0 0.035312 0.680417 0.070625 0.137500
0 0.452188 0.648750 0.088125 0.075833
0 0.793125 0.655000 0.088750 0.091667
0 0.300938 0.639167 0.075625 0.080000
0 0.717500 0.632083 0.060000 0.082500
0 0.607500 0.623750 0.092500 0.089167
0 0.503125 0.621667 0.067500 0.085000
0 0.136563 0.600833 0.076875 0.090000
0 0.055313 0.599167 0.089375 0.105000
0 0.413125 0.585833 0.092500 0.083333
0 0.651875 0.567083 0.078750 0.099167
0 0.564688 0.555833 0.080625 0.083333
0 0.920937 0.537083 0.065625 0.082500
0 0.847187 0.527500 0.090625 0.088333
0 0.387813 0.506667 0.094375 0.076667
0 0.092500 0.505000 0.085000 0.085000
0 0.278750 0.503333 0.066250 0.090000
0 0.025000 0.499583 0.050000 0.094167
0 0.746250 0.481667 0.068750 0.098333
0 0.673125 0.477500 0.066250 0.105000
0 0.885625 0.421667 0.081250 0.101667
0 0.565937 0.412500 0.064375 0.093333
0 0.022187 0.402083 0.044375 0.082500
0 0.243438 0.391667 0.064375 0.078333
0 0.048750 0.384583 0.083750 0.094167
0 0.792188 0.371667 0.065625 0.095000
0 0.625313 0.366667 0.061875 0.095000
0 0.463438 0.302083 0.074375 0.094167
0 0.545625 0.287917 0.066250 0.100833
0 0.024688 0.277917 0.049375 0.095833
0 0.456562 0.222917 0.076875 0.084167
0 0.103438 0.212917 0.079375 0.075833
0 0.959375 0.160833 0.071250 0.086667
0 0.475938 0.137083 0.075625 0.089167
0 0.330625 0.134167 0.067500 0.091667
0 0.638437 0.110417 0.079375 0.080833
0 0.906563 0.094583 0.096875 0.075833
0 0.172187 0.069167 0.071875 0.091667
0 0.100625 0.050833 0.065000 0.095000
0 0.624062 0.032917 0.081875 0.065833
0 0.548125 0.049583 0.070000 0.099167