0 0.327500 0.974167 0.077500 0.051667
0 0.889687 0.918750 0.073125 0.092500
0 0.670000 0.887917 0.081250 0.100833
0 0.305000 0.827500 0.075000 0.100000
0 0.683125 0.792917 0.081250 0.109167
0 0.431875 0.771250 0.060000 0.072500
0 0.135937 0.699167 0.066875 0.095000
0 0.251250 0.684583 0.080000 0.100833
0 0.589688 0.657500 0.106875 0.120000
0 0.732500 0.636667 0.086250 0.106667
0 0.182500 0.624167 0.073750 0.100000
0 0.436250 0.516667 0.055000 0.131667
0 0.308750 0.516667 0.131250 0.210000
0 0.114375 0.419167 0.068750 0.113333
0 0.167187 0.372917 0.081875 0.094167
0 0.500625 0.328333 0.076250 0.098333
0 0.542188 0.285833 0.075625 0.116667
0 0.212500 0.190417 0.061250 0.087500
0 0.040000 0.175417 0.066250 0.109167
0 0.105000 0.158333 0.067500 0.100000
0 0.539062 0.136250 0.056875 0.109167
0 0.455937 0.113333 0.099375 0.071667