0 0.083437 0.980833 0.095625 0.038333
0 0.430625 0.972917 0.065000 0.054167
0 0.648438 0.970833 0.081875 0.058333
0 0.722187 0.966667 0.063125 0.066667
0 0.493437 0.962917 0.068125 0.074167
0 0.374063 0.950833 0.064375 0.081667
0 0.018750 0.937917 0.037500 0.074167
0 0.120625 0.932917 0.073750 0.080833
0 0.888750 0.932083 0.070000 0.090833
0 0.205625 0.941667 0.096250 0.116667
0 0.546562 0.931250 0.111875 0.129167
0 0.081875 0.905833 0.082500 0.078333
0 0.232187 0.902500 0.078125 0.088333
0 0.605625 0.872917 0.060000 0.099167
0 0.307500 0.889167 0.097500 0.131667
0 0.521875 0.860833 0.065000 0.090000
0 0.861250 0.859583 0.067500 0.090833
0 0.439688 0.878750 0.098125 0.144167
0 0.101875 0.840417 0.091250 0.079167
0 0.712500 0.850417 0.095000 0.117500
0 0.377812 0.850000 0.088125 0.120000
0 0.942187 0.820417 0.063125 0.102500
0 0.271250 0.782917 0.076250 0.070833
0 0.576250 0.787500 0.060000 0.085000
0 0.362812 0.768750 0.075625 0.079167
0 0.141563 0.795000 0.116875 0.131667
0 0.511563 0.770000 0.066875 0.088333
0 0.445312 0.764167 0.089375 0.078333
0 0.204687 0.761667 0.058125 0.106667
0 0.632188 0.748750 0.070625 0.084167
0 0.716250 0.743333 0.085000 0.078333
0 0.022500 0.725833 0.045000 0.090000
0 0.282500 0.713333 0.071250 0.105000
0 0.180625 0.704167 0.060000 0.095000
0 0.458750 0.686667 0.075000 0.081667
0 0.555937 0.691250 0.075625 0.097500
0 0.851562 0.686667 0.065625 0.095000
0 0.122813 0.686250 0.061875 0.102500
0 0.635938 0.670417 0.074375 0.097500
0 0.353750 0.652500 0.071250 0.090000
0 0.035312 0.641250 0.070625 0.080833
0 0.900312 0.641667 0.070625 0.086667
0 0.208125 0.632500 0.063750 0.093333
0 0.272813 0.612500 0.071875 0.098333
0 0.156250 0.603750 0.060000 0.092500
0 0.467500 0.596250 0.082500 0.087500
0 0.968125 0.594167 0.063750 0.098333
0 0.583125 0.585833 0.070000 0.090000
0 0.135000 0.550833 0.063750 0.088333
0 0.250937 0.550417 0.066875 0.092500
0 0.201250 0.542083 0.063750 0.102500
0 0.531875 0.529583 0.078750 0.090833
0 0.930000 0.519167 0.080000 0.083333
0 0.856875 0.480417 0.068750 0.072500
0 0.050000 0.491250 0.068750 0.102500
0 0.375937 0.481250 0.071875 0.097500
0 0.683125 0.464167 0.053750 0.086667
0 0.175313 0.465833 0.091875 0.096667
0 0.743750 0.454583 0.075000 0.092500
0 0.586250 0.444583 0.056250 0.089167
0 0.535000 0.439167 0.065000 0.088333
0 0.436563 0.445000 0.061875 0.115000
0 0.893125 0.431250 0.076250 0.094167
0 0.225000 0.422083 0.072500 0.087500
0 0.361875 0.412083 0.102500 0.077500
0 0.796250 0.387500 0.058750 0.101667
0 0.167813 0.375417 0.081875 0.089167
0 0.701562 0.369583 0.066875 0.090833
0 0.272188 0.378333 0.096875 0.118333
0 0.630313 0.370833 0.056875 0.110000
0 0.521875 0.343333 0.086250 0.123333
0 0.439688 0.323333 0.096875 0.101667
0 0.061875 0.324583 0.066250 0.104167
0 0.223125 0.292083 0.111250 0.074167
0 0.944375 0.295417 0.071250 0.090833
0 0.623750 0.266250 0.066250 0.087500
0 0.436250 0.262917 0.092500 0.099167
0 0.473750 0.214583 0.072500 0.067500
0 0.706250 0.217917 0.055000 0.092500
0 0.927500 0.213333 0.071250 0.091667
0 0.277813 0.200000 0.110625 0.093333
0 0.813125 0.200000 0.057500 0.095000
0 0.658125 0.201667 0.055000 0.106667
0 0.109063 0.204167 0.119375 0.125000
0 0.036875 0.195417 0.060000 0.112500
0 0.387813 0.177500 0.098125 0.098333
0 0.527188 0.168333 0.073125 0.085000
0 0.475938 0.152917 0.083125 0.075833
0 0.170937 0.147083 0.066875 0.075833
0 0.873437 0.175833 0.073125 0.148333
0 0.604688 0.128333 0.066875 0.096667
0 0.313750 0.119583 0.058750 0.087500
0 0.950625 0.122917 0.098750 0.105833
0 0.235313 0.128750 0.098125 0.124167
0 0.761250 0.102083 0.067500 0.097500
0 0.283438 0.074167 0.064375 0.090000
0 0.389062 0.088750 0.088125 0.120833
0 0.487500 0.081667 0.127500 0.111667
0 0.684063 0.066667 0.071875 0.096667
0 0.926875 0.050833 0.141250 0.101667
0 0.829688 0.039583 0.085625 0.079167
0 0.635000 0.027500 0.068750 0.055000
0 0.432500 0.030833 0.100000 0.061667
0 0.200313 0.034583 0.074375 0.069167