0 0.174063 0.907083 0.078125 0.092500
0 0.939063 0.886250 0.083125 0.100833
0 0.561562 0.855833 0.079375 0.116667
0 0.852500 0.837083 0.065000 0.084167
0 0.792188 0.834167 0.073125 0.108333
0 0.312812 0.831667 0.075625 0.108333
0 0.029063 0.822500 0.058125 0.100000
0 0.965625 0.799167 0.068750 0.088333
0 0.517500 0.780417 0.080000 0.092500
0 0.605313 0.757500 0.071875 0.096667
0 0.171563 0.725000 0.085625 0.090000
0 0.805000 0.692083 0.080000 0.095833
0 0.904687 0.545417 0.079375 0.097500
0 0.198125 0.509167 0.081250 0.100000
0 0.811562 0.492083 0.074375 0.089167
0 0.233750 0.453333 0.077500 0.093333
0 0.683438 0.445000 0.078125 0.078333
0 0.182188 0.405000 0.131875 0.066667
0 0.634687 0.379583 0.079375 0.057500
0 0.635938 0.324167 0.108125 0.068333
0 0.793750 0.305000 0.080000 0.091667
0 0.512813 0.294583 0.138125 0.094167
0 0.605313 0.255833 0.090625 0.085000
0 0.500625 0.219583 0.073750 0.097500
0 0.780312 0.207917 0.073125 0.082500
0 0.658750 0.206250 0.083750 0.097500
0 0.158438 0.157917 0.070625 0.092500
0 0.221250 0.142083 0.072500 0.082500
0 0.601250 0.139583 0.070000 0.080833
0 0.275625 0.122917 0.070000 0.084167
0 0.875313 0.098750 0.075625 0.095833
0 0.642188 0.075833 0.063125 0.086667
0 0.558750 0.061250 0.085000 0.099167
0 0.836562 0.040417 0.080625 0.080833
0 0.098750 0.027083 0.063750 0.054167