0 0.530625 0.977917 0.063750 0.044167
0 0.125312 0.970417 0.093125 0.059167
0 0.901250 0.969167 0.155000 0.061667
0 0.440937 0.965833 0.120625 0.068333
0 0.312812 0.962917 0.068125 0.074167
0 0.588125 0.958333 0.072500 0.083333
0 0.676250 0.950000 0.072500 0.083333
0 0.046875 0.952500 0.093750 0.095000
0 0.767188 0.951250 0.100625 0.097500
0 0.970625 0.908333 0.058750 0.070000
0 0.625000 0.905833 0.061250 0.068333
0 0.806875 0.907917 0.070000 0.092500
0 0.218125 0.900833 0.066250 0.083333
0 0.280313 0.901250 0.064375 0.094167
0 0.430000 0.888750 0.057500 0.079167
0 0.889687 0.890000 0.100625 0.101667
0 0.554063 0.884167 0.064375 0.090000
0 0.692500 0.870000 0.098750 0.115000
0 0.970625 0.842917 0.058750 0.080833
0 0.486250 0.855000 0.070000 0.108333
0 0.615938 0.838333 0.066875 0.080000
0 0.130312 0.840833 0.066875 0.088333
0 0.775000 0.835833 0.068750 0.096667
0 0.830313 0.812500 0.063125 0.076667
0 0.908750 0.809583 0.067500 0.082500
0 0.292812 0.804583 0.064375 0.087500
0 0.064687 0.832500 0.078125 0.143333
0 0.733437 0.797083 0.061875 0.090833
0 0.377812 0.816667 0.104375 0.133333
0 0.598437 0.778750 0.065625 0.082500
0 0.522500 0.781667 0.061250 0.088333
0 0.954688 0.773333 0.066875 0.078333
0 0.168750 0.755417 0.076250 0.094167
0 0.700625 0.749167 0.056250 0.083333
0 0.777500 0.736667 0.065000 0.086667
0 0.081875 0.732500 0.078750 0.115000
0 0.958438 0.703333 0.081875 0.071667
0 0.446875 0.717500 0.098750 0.110000
0 0.346250 0.702500 0.062500 0.093333
0 0.840938 0.692917 0.071875 0.090833
0 0.604688 0.671667 0.079375 0.088333
0 0.556562 0.697083 0.098125 0.139167
0 0.238750 0.679583 0.093750 0.134167
0 0.792188 0.652917 0.059375 0.084167
0 0.143437 0.661667 0.140625 0.103333
0 0.715313 0.651667 0.100625 0.108333
0 0.310625 0.638750 0.066250 0.099167
0 0.484063 0.645833 0.073125 0.123333
0 0.905937 0.627917 0.101875 0.109167
0 0.391562 0.635833 0.089375 0.128333
0 0.554375 0.594167 0.057500 0.080000
0 0.831875 0.584167 0.066250 0.066667
0 0.973750 0.602083 0.052500 0.139167
0 0.439063 0.575833 0.079375 0.101667
0 0.765625 0.570833 0.072500 0.098333
0 0.602812 0.547083 0.065625 0.075833
0 0.910625 0.538333 0.076250 0.061667
0 0.496563 0.542500 0.060625 0.076667
0 0.356250 0.547083 0.061250 0.085833
0 0.278438 0.556667 0.100625 0.111667
0 0.665000 0.567500 0.072500 0.143333
0 0.113750 0.556250 0.108750 0.120833
0 0.188750 0.533333 0.080000 0.093333
0 0.844063 0.515000 0.059375 0.076667
0 0.031875 0.526667 0.063750 0.120000
0 0.251250 0.500000 0.055000 0.076667
0 0.900000 0.478750 0.070000 0.084167
0 0.471250 0.476667 0.058750 0.080000
0 0.543750 0.483750 0.070000 0.097500
0 0.398438 0.492500 0.100625 0.123333
0 0.114062 0.479167 0.070625 0.096667
0 0.957187 0.452500 0.069375 0.078333
0 0.858750 0.423333 0.071250 0.101667
0 0.637188 0.422917 0.079375 0.105833
0 0.213750 0.414583 0.067500 0.090833
0 0.136875 0.436250 0.092500 0.134167
0 0.467813 0.400833 0.064375 0.075000
0 0.072813 0.407500 0.059375 0.106667
0 0.913750 0.397083 0.062500 0.092500
0 0.530000 0.388333 0.072500 0.078333
0 0.392813 0.399583 0.096875 0.119167
0 0.141563 0.355417 0.066875 0.079167
0 0.345313 0.339583 0.049375 0.072500
0 0.426875 0.336250 0.063750 0.087500
0 0.087500 0.329583 0.056250 0.087500
0 0.276250 0.317500 0.068750 0.091667
0 0.867500 0.301250 0.062500 0.065833
0 0.923750 0.311667 0.058750 0.093333
0 0.556562 0.291667 0.060625 0.090000
0 0.130938 0.275417 0.061875 0.079167
0 0.811562 0.273750 0.076875 0.109167
0 0.721562 0.273750 0.104375 0.110833
0 0.475313 0.279167 0.088125 0.125000
0 0.327813 0.258333 0.063125 0.096667
0 0.878125 0.244583 0.058750 0.095833
0 0.972500 0.233750 0.055000 0.090833
0 0.761875 0.217500 0.066250 0.075000
0 0.181250 0.245833 0.086250 0.140000
0 0.215938 0.220417 0.064375 0.104167
0 0.559688 0.189583 0.066875 0.090833
0 0.398750 0.180000 0.063750 0.076667
0 0.697500 0.179583 0.065000 0.085833
0 0.629375 0.174583 0.061250 0.084167
0 0.266250 0.196250 0.070000 0.127500
0 0.878750 0.164167 0.070000 0.085000
0 0.943125 0.154167 0.055000 0.075000
0 0.348438 0.143333 0.071875 0.093333
0 0.772500 0.137083 0.081250 0.089167
0 0.985938 0.129167 0.028125 0.080000
0 0.168437 0.135833 0.078125 0.106667
0 0.100312 0.128750 0.063125 0.092500
0 0.573438 0.116667 0.095625 0.095000
0 0.915312 0.098750 0.099375 0.090833
0 0.847500 0.084167 0.065000 0.091667
0 0.500313 0.084167 0.070625 0.093333
0 0.402187 0.079583 0.079375 0.127500
0 0.635625 0.068333 0.075000 0.116667
0 0.175313 0.051667 0.066875 0.085000
0 0.268750 0.069583 0.070000 0.130833
0 0.974688 0.047917 0.050625 0.089167
0 0.935625 0.021667 0.066250 0.043333
0 0.720000 0.025000 0.063750 0.050000
0 0.531563 0.046250 0.115625 0.092500
0 0.036875 0.035417 0.073750 0.070833