0 0.832500 0.970833 0.066250 0.058333
0 0.286875 0.963333 0.061250 0.073333
0 0.354375 0.941667 0.070000 0.096667
0 0.916562 0.939167 0.070625 0.098333
0 0.217188 0.943750 0.105625 0.112500
0 0.452188 0.902083 0.065625 0.089167
0 0.551875 0.892500 0.073750 0.105000
0 0.050625 0.873750 0.072500 0.094167
0 0.398438 0.865417 0.074375 0.104167
0 0.122813 0.847917 0.068125 0.097500
0 0.022812 0.822500 0.045625 0.085000
0 0.929063 0.824583 0.070625 0.095833
0 0.821875 0.777917 0.067500 0.085833
0 0.127500 0.753750 0.066250 0.095833
0 0.888125 0.748333 0.068750 0.086667
0 0.427812 0.731250 0.091875 0.084167
0 0.699375 0.733750 0.071250 0.095833
0 0.622188 0.710417 0.078125 0.105833
0 0.373750 0.697500 0.058750 0.086667
0 0.505000 0.711250 0.090000 0.145833
0 0.786250 0.703750 0.075000 0.132500
0 0.111875 0.664167 0.070000 0.100000
0 0.438750 0.650417 0.070000 0.102500
0 0.682187 0.640000 0.074375 0.105000
0 0.976562 0.626250 0.046875 0.107500
0 0.196250 0.625417 0.098750 0.122500
0 0.342500 0.581250 0.070000 0.095833
0 0.568750 0.564583 0.085000 0.134167
0 0.642500 0.544583 0.071250 0.099167
0 0.221250 0.536250 0.065000 0.094167
0 0.730313 0.525417 0.071875 0.094167
0 0.907813 0.516250 0.070625 0.097500
0 0.804063 0.510417 0.059375 0.099167
0 0.498437 0.455417 0.068125 0.100833
0 0.414375 0.444167 0.078750 0.085000
0 0.704063 0.446250 0.078125 0.100833
0 0.556250 0.412083 0.065000 0.090833
0 0.800000 0.378750 0.070000 0.092500
0 0.871875 0.388750 0.090000 0.125833
0 0.348125 0.354583 0.065000 0.094167
0 0.730625 0.338333 0.071250 0.093333
0 0.960000 0.334583 0.070000 0.097500
0 0.146563 0.325417 0.069375 0.095833
0 0.502188 0.317917 0.070625 0.109167
0 0.862187 0.287500 0.064375 0.090000
0 0.677813 0.279583 0.064375 0.092500
0 0.353750 0.258333 0.067500 0.088333
0 0.110312 0.262500 0.061875 0.101667
0 0.972187 0.245000 0.055625 0.103333
0 0.912188 0.235417 0.061875 0.095833
0 0.548750 0.240000 0.078750 0.105000
0 0.807813 0.193750 0.076875 0.094167
0 0.019062 0.165417 0.038125 0.085833
0 0.482812 0.168750 0.066875 0.097500
0 0.395937 0.124167 0.071875 0.100000
0 0.651875 0.102917 0.072500 0.100833
0 0.718437 0.102083 0.060625 0.100833
0 0.274375 0.084167 0.083750 0.103333
0 0.045312 0.080417 0.068125 0.120833
0 0.554063 0.047083 0.066875 0.092500
0 0.654687 0.025833 0.070625 0.051667
0 0.316875 0.021667 0.073750 0.043333
0 0.090938 0.038750 0.059375 0.077500