0 0.464375 0.971250 0.068750 0.057500
0 0.637500 0.967917 0.061250 0.064167
0 0.962812 0.965417 0.074375 0.069167
0 0.579375 0.965000 0.053750 0.070000
0 0.118750 0.964167 0.072500 0.071667
0 0.319063 0.960833 0.084375 0.078333
0 0.880938 0.959583 0.061875 0.080833
0 0.810937 0.954583 0.068125 0.090833
0 0.509062 0.949583 0.086875 0.100833
0 0.177187 0.933333 0.084375 0.076667
0 0.732812 0.924167 0.075625 0.121667
0 0.585625 0.893750 0.062500 0.085833
0 0.651875 0.891667 0.071250 0.088333
0 0.054062 0.881667 0.068125 0.090000
0 0.925937 0.880000 0.083125 0.088333
0 0.510312 0.870833 0.079375 0.090000
0 0.270625 0.896250 0.103750 0.142500
0 0.390000 0.875000 0.070000 0.108333
0 0.805625 0.867083 0.096250 0.120833
0 0.296563 0.812083 0.053125 0.080833
0 0.237813 0.811667 0.060625 0.085000
0 0.436563 0.840833 0.100625 0.146667
0 0.350313 0.795833 0.064375 0.080000
0 0.116250 0.816250 0.086250 0.142500
0 0.625000 0.788750 0.096250 0.105833
0 0.978125 0.765000 0.043750 0.076667
0 0.727500 0.776250 0.066250 0.102500
0 0.917188 0.774167 0.071875 0.105000
0 0.040000 0.763750 0.080000 0.087500
0 0.535312 0.767083 0.100625 0.100833
0 0.425938 0.739583 0.074375 0.072500
0 0.182812 0.741667 0.066875 0.125000
0 0.279062 0.730000 0.075625 0.116667
0 0.368750 0.700000 0.061250 0.073333
0 0.131875 0.701667 0.057500 0.091667
0 0.202500 0.698333 0.065000 0.086667
0 0.479375 0.697083 0.057500 0.097500
0 0.323437 0.685000 0.068125 0.073333
0 0.970000 0.684583 0.060000 0.075833
0 0.785625 0.706667 0.103750 0.126667
0 0.028750 0.663750 0.057500 0.092500
0 0.692813 0.667500 0.073125 0.110000
0 0.606875 0.649167 0.077500 0.085000
0 0.416875 0.637500 0.095000 0.105000
0 0.780312 0.605833 0.060625 0.081667
0 0.315937 0.602500 0.075625 0.078333
0 0.481563 0.591250 0.060625 0.079167
0 0.863750 0.603333 0.091250 0.128333
0 0.605625 0.578750 0.088750 0.120833
0 0.694063 0.555417 0.061875 0.092500
0 0.250312 0.552917 0.076875 0.102500
0 0.032500 0.546250 0.065000 0.100833
0 0.920000 0.546667 0.067500 0.105000
0 0.125938 0.571250 0.113125 0.157500
0 0.528125 0.543333 0.082500 0.106667
0 0.179063 0.528750 0.063125 0.097500
0 0.867812 0.510833 0.068125 0.076667
0 0.441250 0.530000 0.067500 0.118333
0 0.322188 0.512500 0.063125 0.088333
0 0.982500 0.526667 0.035000 0.123333
0 0.785625 0.508750 0.065000 0.087500
0 0.144063 0.453750 0.061875 0.079167
0 0.383437 0.457917 0.121875 0.119167
0 0.044687 0.437917 0.079375 0.094167
0 0.639687 0.456667 0.110625 0.138333
0 0.830625 0.425833 0.092500 0.096667
0 0.248125 0.435000 0.081250 0.115000
0 0.435312 0.414167 0.073125 0.098333
0 0.710313 0.427083 0.086875 0.134167
0 0.540937 0.402917 0.064375 0.085833
0 0.924375 0.413750 0.103750 0.144167
0 0.218438 0.375833 0.059375 0.093333
0 0.126250 0.362083 0.106250 0.097500
0 0.362500 0.349583 0.078750 0.109167
0 0.515000 0.307083 0.086250 0.079167
0 0.758750 0.317917 0.095000 0.102500
0 0.966562 0.323333 0.066875 0.123333
0 0.424063 0.315833 0.091875 0.125000
0 0.679375 0.295417 0.062500 0.092500
0 0.836562 0.306250 0.094375 0.129167
0 0.018750 0.296667 0.037500 0.121667
0 0.576875 0.271250 0.063750 0.080833
0 0.316250 0.297500 0.105000 0.138333
0 0.086875 0.285833 0.078750 0.131667
0 0.922813 0.256250 0.061875 0.085833
0 0.429688 0.245417 0.075625 0.092500
0 0.266250 0.238333 0.097500 0.093333
0 0.702500 0.241250 0.082500 0.110833
0 0.146875 0.208750 0.088750 0.080833
0 0.553438 0.190000 0.058125 0.071667
0 0.036562 0.197917 0.073125 0.087500
0 0.841562 0.177917 0.098125 0.089167
0 0.630938 0.180417 0.066875 0.112500
0 0.450000 0.190000 0.101250 0.141667
0 0.975938 0.188750 0.048125 0.152500
0 0.765000 0.152917 0.083750 0.092500
0 0.910312 0.149583 0.078125 0.099167
0 0.341250 0.133333 0.093750 0.090000
0 0.099062 0.147083 0.080625 0.117500
0 0.576250 0.122917 0.070000 0.094167
0 0.031250 0.102500 0.062500 0.091667
0 0.633750 0.091667 0.063750 0.081667
0 0.477187 0.088333 0.114375 0.098333
0 0.212500 0.074167 0.100000 0.115000
0 0.143437 0.052917 0.080625 0.079167
0 0.847187 0.050417 0.059375 0.082500
0 0.402500 0.041667 0.068750 0.081667
0 0.918438 0.052917 0.066875 0.105833
0 0.695937 0.054167 0.094375 0.108333
0 0.499063 0.022083 0.138125 0.044167
0 0.321250 0.033333 0.082500 0.066667