0 0.910937 0.971667 0.065625 0.056667
0 0.115000 0.969583 0.072500 0.060833
0 0.671250 0.942500 0.067500 0.085000
0 0.743750 0.933750 0.066250 0.095833
0 0.563125 0.931667 0.066250 0.091667
0 0.403750 0.931250 0.108750 0.117500
0 0.785625 0.902083 0.068750 0.069167
0 0.048438 0.885417 0.078125 0.079167
0 0.637500 0.887917 0.072500 0.095833
0 0.833125 0.872500 0.073750 0.088333
0 0.900937 0.855833 0.063125 0.081667
0 0.106563 0.848750 0.076875 0.107500
0 0.850938 0.812083 0.079375 0.072500
0 0.780312 0.822083 0.064375 0.095833
0 0.280938 0.816250 0.061875 0.092500
0 0.747188 0.749583 0.054375 0.079167
0 0.694375 0.755833 0.070000 0.091667
0 0.921875 0.769167 0.082500 0.138333
0 0.620938 0.750417 0.081875 0.107500
0 0.868125 0.739583 0.053750 0.099167
0 0.960938 0.720417 0.078125 0.109167
0 0.801875 0.718750 0.086250 0.125833
0 0.716562 0.670000 0.061875 0.090000
0 0.902500 0.656250 0.058750 0.097500
0 0.164687 0.655000 0.074375 0.098333
0 0.624687 0.649167 0.074375 0.120000
0 0.979688 0.632500 0.040625 0.115000
0 0.850000 0.630000 0.067500 0.136667
0 0.142500 0.601250 0.045000 0.095833
0 0.701875 0.585833 0.052500 0.078333
0 0.195625 0.574583 0.063750 0.090833
0 0.333437 0.558333 0.054375 0.091667
0 0.101250 0.554583 0.082500 0.085833
0 0.634687 0.541667 0.084375 0.106667
0 0.777813 0.532500 0.061875 0.091667
0 0.195000 0.472083 0.066250 0.077500
0 0.699375 0.477917 0.070000 0.100833
0 0.278125 0.457917 0.063750 0.082500
0 0.634375 0.452917 0.071250 0.094167
0 0.121875 0.477500 0.093750 0.158333
0 0.336562 0.448333 0.065625 0.110000
0 0.828438 0.475000 0.096875 0.190000
0 0.486563 0.420000 0.078125 0.115000
0 0.110000 0.363750 0.056250 0.077500
0 0.209687 0.369583 0.101875 0.102500
0 0.779687 0.358333 0.065625 0.085000
0 0.168437 0.288333 0.059375 0.083333
0 0.804063 0.222083 0.074375 0.100833
0 0.028438 0.222083 0.056875 0.115833
0 0.090000 0.241667 0.091250 0.156667
0 0.640938 0.190000 0.078125 0.103333
0 0.225000 0.200833 0.122500 0.145000
0 0.700000 0.151250 0.110000 0.172500
0 0.898125 0.104583 0.063750 0.102500
0 0.533438 0.115000 0.096875 0.126667
0 0.751875 0.089167 0.091250 0.108333
0 0.022500 0.051667 0.045000 0.085000
0 0.750313 0.019167 0.061875 0.038333
0 0.672188 0.029167 0.058125 0.058333
0 0.129062 0.040833 0.070625 0.081667