0 0.250000 0.977917 0.076250 0.044167
0 0.128125 0.973333 0.067500 0.053333
0 0.416563 0.960417 0.071875 0.079167
0 0.826250 0.947500 0.097500 0.105000
0 0.295938 0.937500 0.101875 0.108333
0 0.065625 0.925417 0.072500 0.094167
0 0.200313 0.917083 0.068125 0.092500
0 0.960625 0.856250 0.073750 0.089167
0 0.306875 0.854583 0.102500 0.092500
0 0.223438 0.832500 0.069375 0.090000
0 0.819375 0.852917 0.163750 0.139167
0 0.410625 0.831667 0.103750 0.101667
0 0.691250 0.834167 0.136250 0.131667
0 0.601250 0.807500 0.081250 0.166667
0 0.023125 0.773750 0.046250 0.099167
0 0.915625 0.772083 0.080000 0.100833
0 0.358438 0.752917 0.088125 0.119167
0 0.972812 0.736667 0.054375 0.100000
0 0.240937 0.723333 0.076875 0.100000
0 0.629062 0.711667 0.084375 0.105000
0 0.061875 0.742083 0.080000 0.200833
0 0.494375 0.677917 0.062500 0.087500
0 0.332500 0.662917 0.083750 0.102500
0 0.952187 0.647083 0.095625 0.172500
0 0.458750 0.577500 0.060000 0.075000
0 0.356875 0.579583 0.067500 0.087500
0 0.042500 0.580417 0.067500 0.092500
0 0.189375 0.553750 0.066250 0.084167
0 0.760625 0.552500 0.066250 0.105000
0 0.317812 0.551250 0.083125 0.115833
0 0.555937 0.508750 0.075625 0.087500
0 0.105313 0.519167 0.093125 0.138333
0 0.709688 0.476250 0.069375 0.099167
0 0.966250 0.501667 0.067500 0.155000
0 0.144687 0.461250 0.059375 0.092500
0 0.329062 0.450833 0.060625 0.080000
0 0.537500 0.442917 0.080000 0.082500
0 0.863750 0.430833 0.088750 0.105000
0 0.748437 0.419167 0.063125 0.081667
0 0.094375 0.409167 0.073750 0.088333
0 0.145313 0.357500 0.068125 0.080000
0 0.307188 0.353750 0.066875 0.087500
0 0.524687 0.351250 0.065625 0.102500
0 0.022500 0.348333 0.045000 0.103333
0 0.921562 0.349167 0.109375 0.163333
0 0.835625 0.320417 0.067500 0.110833
0 0.175937 0.298333 0.068125 0.088333
0 0.483125 0.287500 0.065000 0.088333
0 0.307812 0.265000 0.056875 0.085000
0 0.874687 0.261667 0.061875 0.083333
0 0.952187 0.264583 0.079375 0.097500
0 0.035625 0.257917 0.071250 0.099167
0 0.477812 0.220417 0.060625 0.079167
0 0.135000 0.227500 0.070000 0.100000
0 0.353750 0.220417 0.066250 0.089167
0 0.204375 0.218750 0.060000 0.092500
0 0.756563 0.222917 0.095625 0.110833
0 0.260625 0.199167 0.066250 0.101667
0 0.915625 0.189583 0.071250 0.094167
0 0.311875 0.171250 0.056250 0.067500
0 0.412187 0.202917 0.081875 0.155833
0 0.976875 0.170833 0.046250 0.098333
0 0.553750 0.161667 0.070000 0.083333
0 0.071250 0.168750 0.070000 0.129167
0 0.717812 0.149167 0.061875 0.096667
0 0.619375 0.140000 0.066250 0.086667
0 0.465625 0.135833 0.070000 0.078333
0 0.022812 0.142083 0.045625 0.092500
0 0.212500 0.092500 0.057500 0.078333
0 0.942813 0.100417 0.064375 0.095833
0 0.527813 0.090833 0.074375 0.088333
0 0.149062 0.084583 0.068125 0.092500
0 0.651563 0.063750 0.074375 0.102500
0 0.821562 0.056667 0.064375 0.090000
0 0.765000 0.055833 0.107500 0.111667
0 0.706250 0.030833 0.066250 0.061667
0 0.576250 0.046250 0.063750 0.092500
0 0.526563 0.020833 0.066875 0.041667
0 0.457500 0.039583 0.070000 0.079167
0 0.388437 0.041250 0.066875 0.082500
0 0.224688 0.027083 0.063125 0.054167
0 0.076250 0.035417 0.086250 0.070833