0 0.320312 0.977500 0.054375 0.045000
0 0.537188 0.976667 0.054375 0.046667
0 0.809375 0.969167 0.057500 0.061667
0 0.478125 0.967500 0.058750 0.065000
0 0.932500 0.966667 0.053750 0.066667
0 0.225312 0.940000 0.055625 0.078333
0 0.355625 0.934583 0.063750 0.082500
0 0.739375 0.922083 0.061250 0.064167
0 0.287187 0.928333 0.063125 0.078333
0 0.809688 0.916667 0.065625 0.061667
0 0.176875 0.922917 0.061250 0.087500
0 0.565312 0.916250 0.061875 0.090833
0 0.889375 0.901667 0.058750 0.096667
0 0.661875 0.883750 0.057500 0.085833
0 0.435625 0.878333 0.055000 0.086667
0 0.392500 0.878333 0.057500 0.090000
0 0.497500 0.872500 0.058750 0.081667
0 0.241563 0.862500 0.069375 0.091667
0 0.098437 0.828750 0.046875 0.074167
0 0.835625 0.838750 0.083750 0.097500
0 0.588750 0.805417 0.067500 0.084167
0 0.520000 0.791250 0.056250 0.074167
0 0.328125 0.790417 0.065000 0.075833
0 0.783438 0.784583 0.075625 0.079167
0 0.972812 0.782083 0.054375 0.079167
0 0.875000 0.750000 0.056250 0.078333
0 0.036562 0.759167 0.073125 0.096667
0 0.237500 0.754583 0.072500 0.097500
0 0.929375 0.727917 0.053750 0.065833
0 0.144375 0.719583 0.053750 0.069167
0 0.752188 0.720000 0.051875 0.073333
0 0.569688 0.717083 0.059375 0.077500
0 0.465625 0.721250 0.057500 0.085833
0 0.096250 0.730417 0.063750 0.122500
0 0.203750 0.698333 0.063750 0.066667
0 0.023750 0.692083 0.047500 0.059167
0 0.359375 0.687083 0.070000 0.084167
0 0.662500 0.678333 0.057500 0.080000
0 0.972187 0.668750 0.053125 0.070833
0 0.050937 0.665000 0.059375 0.071667
0 0.851875 0.667500 0.061250 0.085000
0 0.434375 0.660000 0.063750 0.080000
0 0.572500 0.633333 0.056250 0.076667
0 0.144375 0.612500 0.053750 0.068333
0 0.922188 0.610000 0.048125 0.078333
0 0.388125 0.589583 0.058750 0.070833
0 0.030937 0.596667 0.061875 0.085000
0 0.810937 0.567500 0.065625 0.068333
0 0.171875 0.550000 0.061250 0.073333
0 0.638750 0.540000 0.055000 0.071667
0 0.469375 0.547083 0.077500 0.085833
0 0.230000 0.537917 0.052500 0.077500
0 0.099062 0.533333 0.056875 0.075000
0 0.583125 0.527500 0.055000 0.075000
0 0.014063 0.521250 0.028125 0.079167
0 0.914687 0.512083 0.060625 0.079167
0 0.274687 0.487500 0.061875 0.088333
0 0.135625 0.472083 0.058750 0.074167
0 0.025937 0.453333 0.051875 0.061667
0 0.205625 0.464583 0.071250 0.089167
0 0.978437 0.452917 0.043125 0.067500
0 0.677813 0.447500 0.048125 0.075000
0 0.636250 0.409583 0.062500 0.084167
0 0.057813 0.394583 0.058125 0.075833
0 0.977500 0.383750 0.045000 0.067500
0 0.735938 0.390000 0.071875 0.090000
0 0.133750 0.382083 0.085000 0.087500
0 0.207813 0.377083 0.064375 0.084167
0 0.379375 0.382500 0.076250 0.108333
0 0.461250 0.352917 0.086250 0.059167
0 0.297500 0.347500 0.052500 0.076667
0 0.569375 0.330833 0.063750 0.055000
0 0.686562 0.346250 0.049375 0.087500
0 0.870938 0.330833 0.059375 0.058333
0 0.778438 0.324583 0.048125 0.069167
0 0.105938 0.322083 0.054375 0.065833
0 0.963437 0.318333 0.051875 0.071667
0 0.508437 0.316250 0.050625 0.082500
0 0.452500 0.299583 0.060000 0.069167
0 0.167500 0.296667 0.042500 0.063333
0 0.313125 0.291667 0.061250 0.076667
0 0.239063 0.295417 0.056875 0.094167
0 0.563750 0.272500 0.057500 0.075000
0 0.624687 0.272083 0.059375 0.084167
0 0.867812 0.266250 0.045625 0.077500
0 0.822812 0.250833 0.053125 0.073333
0 0.371250 0.250000 0.061250 0.081667
0 0.912813 0.255000 0.074375 0.136667
0 0.105313 0.237500 0.083125 0.101667
0 0.228125 0.218333 0.053750 0.065000
0 0.522813 0.217917 0.056875 0.070833
0 0.023125 0.202083 0.046250 0.067500
0 0.165937 0.209583 0.060625 0.085833
0 0.671875 0.183333 0.061250 0.083333
0 0.947187 0.179583 0.061875 0.087500
0 0.295312 0.173333 0.049375 0.080000
0 0.586562 0.185000 0.076875 0.106667
0 0.400000 0.150417 0.052500 0.074167
0 0.077813 0.144167 0.055625 0.078333
0 0.457188 0.137500 0.048125 0.070000
0 0.343125 0.145417 0.057500 0.087500
0 0.022500 0.122083 0.045000 0.100833
0 0.746250 0.093333 0.048750 0.063333
0 0.799375 0.073750 0.062500 0.094167
0 0.353438 0.055417 0.049375 0.062500
0 0.695937 0.059583 0.056875 0.074167
0 0.969688 0.055833 0.060625 0.086667
0 0.477812 0.035000 0.059375 0.070000