0 0.512813 0.979583 0.078125 0.040833
0 0.428125 0.977500 0.061250 0.045000
0 0.046250 0.977083 0.061250 0.045833
0 0.748437 0.973333 0.060625 0.053333
0 0.190625 0.967500 0.055000 0.065000
0 0.594063 0.962917 0.058125 0.074167
0 0.120000 0.940833 0.066250 0.076667
0 0.386875 0.926667 0.056250 0.098333
0 0.033750 0.901667 0.060000 0.073333
0 0.801562 0.900417 0.066875 0.084167
0 0.651875 0.903750 0.055000 0.090833
0 0.720938 0.890417 0.056875 0.077500
0 0.202813 0.874583 0.071875 0.080833
0 0.563125 0.870833 0.065000 0.075000
0 0.920312 0.877917 0.074375 0.105833
0 0.156250 0.853750 0.057500 0.069167
0 0.296563 0.840000 0.068125 0.080000
0 0.861875 0.817500 0.058750 0.091667
0 0.686562 0.800000 0.063125 0.080000
0 0.500313 0.801667 0.105625 0.101667
0 0.116250 0.780417 0.063750 0.072500
0 0.806875 0.783750 0.058750 0.090833
0 0.932500 0.753750 0.055000 0.079167
0 0.366875 0.735833 0.078750 0.121667
0 0.869375 0.710000 0.058750 0.078333
0 0.611250 0.712083 0.052500 0.085833
0 0.682187 0.700417 0.064375 0.080833
0 0.028750 0.698333 0.057500 0.080000
0 0.161250 0.697500 0.062500 0.085000
0 0.734062 0.674167 0.058125 0.071667
0 0.976562 0.663333 0.046875 0.070000
0 0.821250 0.651667 0.050000 0.071667
0 0.100000 0.641250 0.067500 0.069167
0 0.202187 0.615417 0.054375 0.064167
0 0.754375 0.612917 0.062500 0.080833
0 0.274062 0.607500 0.064375 0.095000
0 0.341250 0.619583 0.067500 0.120833
0 0.904062 0.589583 0.059375 0.077500
0 0.607812 0.572917 0.059375 0.074167
0 0.043437 0.574583 0.060625 0.085833
0 0.147813 0.564583 0.061875 0.089167
0 0.843125 0.556667 0.062500 0.076667
0 0.777188 0.530833 0.049375 0.086667
0 0.505313 0.532917 0.048125 0.095833
0 0.385000 0.525000 0.073750 0.083333
0 0.234687 0.522500 0.063125 0.085000
0 0.707187 0.520000 0.059375 0.085000
0 0.097500 0.512917 0.057500 0.079167
0 0.562187 0.493750 0.056875 0.082500
0 0.823125 0.479583 0.061250 0.065833
0 0.639687 0.482917 0.068125 0.074167
0 0.875000 0.478333 0.060000 0.066667
0 0.029063 0.462500 0.055625 0.085000
0 0.970625 0.437500 0.058750 0.078333
0 0.275000 0.437917 0.060000 0.082500
0 0.154062 0.434583 0.065625 0.095833
0 0.614062 0.422917 0.053125 0.084167
0 0.730313 0.419167 0.074375 0.081667
0 0.432188 0.431667 0.085625 0.108333
0 0.079687 0.401250 0.058125 0.070833
0 0.851250 0.393333 0.060000 0.076667
0 0.809063 0.396250 0.054375 0.095833
0 0.671875 0.359583 0.055000 0.070833
0 0.764375 0.345833 0.055000 0.065000
0 0.501563 0.356667 0.056875 0.090000
0 0.565312 0.313750 0.059375 0.079167
0 0.101562 0.312917 0.061875 0.084167
0 0.364375 0.314583 0.057500 0.090833
0 0.960000 0.302083 0.078750 0.104167
0 0.723437 0.276667 0.070625 0.073333
0 0.463125 0.255833 0.061250 0.086667
0 0.885625 0.247500 0.058750 0.088333
0 0.195312 0.202083 0.071875 0.070833
0 0.932500 0.199583 0.087500 0.089167
0 0.708438 0.186667 0.060625 0.073333
0 0.529062 0.156250 0.051875 0.085833
0 0.124375 0.146250 0.063750 0.075833
0 0.466562 0.147500 0.059375 0.081667
0 0.828750 0.161250 0.078750 0.110833
0 0.594688 0.121667 0.059375 0.081667
0 0.314375 0.094167 0.051250 0.095000
0 0.451875 0.083333 0.057500 0.080000
0 0.959063 0.095417 0.060625 0.112500
0 0.381250 0.069167 0.060000 0.081667
0 0.089375 0.062917 0.061250 0.074167
0 0.248750 0.059167 0.067500 0.078333
0 0.735938 0.049167 0.055625 0.080000
0 0.805000 0.049167 0.063750 0.083333
0 0.878750 0.077500 0.081250 0.146667
0 0.670312 0.040417 0.078125 0.080833
0 0.520625 0.045833 0.068750 0.091667
0 0.166250 0.033750 0.067500 0.067500
0 0.034063 0.029583 0.068125 0.059167