0 0.056875 0.980833 0.060000 0.038333
0 0.436563 0.975833 0.064375 0.048333
0 0.638125 0.959167 0.071250 0.081667
0 0.779375 0.949167 0.062500 0.085000
0 0.322500 0.942083 0.065000 0.092500
0 0.195625 0.920833 0.063750 0.081667
0 0.538750 0.911667 0.060000 0.081667
0 0.721875 0.905833 0.063750 0.071667
0 0.083437 0.920833 0.101875 0.108333
0 0.396562 0.911667 0.069375 0.096667
0 0.921875 0.875833 0.068750 0.088333
0 0.983125 0.844583 0.033750 0.082500
0 0.644375 0.844583 0.067500 0.089167
0 0.195937 0.836667 0.063125 0.078333
0 0.480938 0.831250 0.064375 0.087500
0 0.741250 0.821250 0.073750 0.072500
0 0.103750 0.817917 0.062500 0.087500
0 0.040938 0.817500 0.064375 0.088333
0 0.857187 0.825417 0.096875 0.110833
0 0.368125 0.804583 0.061250 0.082500
0 0.549687 0.774167 0.071875 0.088333
0 0.948750 0.769167 0.061250 0.080000
0 0.812500 0.728333 0.060000 0.075000
0 0.308125 0.716250 0.061250 0.075833
0 0.985000 0.703333 0.030000 0.073333
0 0.234063 0.702917 0.061875 0.089167
0 0.472187 0.705417 0.051875 0.095833
0 0.753750 0.681250 0.057500 0.094167
0 0.586562 0.680833 0.065625 0.095000
0 0.153125 0.669167 0.066250 0.080000
0 0.529375 0.644583 0.067500 0.090833
0 0.098437 0.630000 0.071875 0.078333
0 0.290000 0.627500 0.066250 0.075000
0 0.819375 0.629167 0.065000 0.081667
0 0.901563 0.635000 0.064375 0.095000
0 0.421563 0.620833 0.060625 0.076667
0 0.971562 0.622500 0.056875 0.085000
0 0.218438 0.614583 0.059375 0.079167
0 0.685312 0.616250 0.075625 0.145833
0 0.353438 0.590000 0.061875 0.095000
0 0.596875 0.579583 0.053750 0.080833
0 0.766563 0.562500 0.063125 0.078333
0 0.876563 0.560000 0.058125 0.083333
0 0.632500 0.546250 0.065000 0.090833
0 0.839375 0.536667 0.050000 0.088333
0 0.555625 0.536667 0.057500 0.090000
0 0.033125 0.521250 0.063750 0.077500
0 0.959688 0.518333 0.063125 0.081667
0 0.514375 0.500417 0.065000 0.079167
0 0.227500 0.514583 0.090000 0.109167
0 0.389688 0.479167 0.055625 0.075000
0 0.105000 0.488750 0.060000 0.095833
0 0.781563 0.480000 0.063125 0.080000
0 0.687500 0.472500 0.097500 0.073333
0 0.171250 0.476250 0.052500 0.085833
0 0.304688 0.460417 0.059375 0.072500
0 0.591250 0.435417 0.053750 0.077500
0 0.373437 0.419583 0.071875 0.072500
0 0.536250 0.411250 0.056250 0.077500
0 0.466875 0.380000 0.063750 0.080000
0 0.289062 0.366250 0.058125 0.079167
0 0.209063 0.357917 0.054375 0.105833
0 0.776250 0.344167 0.070000 0.088333
0 0.986250 0.335417 0.027500 0.080833
0 0.596562 0.332083 0.063125 0.082500
0 0.937500 0.334167 0.063750 0.091667
0 0.159688 0.322917 0.064375 0.090833
0 0.015000 0.314583 0.030000 0.094167
0 0.398750 0.303333 0.057500 0.093333
0 0.075938 0.302083 0.056875 0.090833
0 0.330000 0.298750 0.060000 0.090833
0 0.254688 0.273333 0.065625 0.080000
0 0.461875 0.257917 0.061250 0.084167
0 0.797500 0.251250 0.065000 0.075833
0 0.918125 0.241667 0.060000 0.076667
0 0.600313 0.232500 0.064375 0.086667
0 0.663750 0.228333 0.047500 0.081667
0 0.980938 0.232083 0.038125 0.090833
0 0.160312 0.225000 0.070625 0.086667
0 0.370625 0.210417 0.065000 0.072500
0 0.725625 0.217500 0.060000 0.091667
0 0.520938 0.207500 0.051875 0.078333
0 0.062812 0.200417 0.069375 0.089167
0 0.480625 0.177083 0.061250 0.084167
0 0.834688 0.160000 0.065625 0.090000
0 0.948125 0.138333 0.062500 0.080000
0 0.600625 0.137917 0.066250 0.080833
0 0.694375 0.124583 0.058750 0.075833
0 0.025625 0.125833 0.051250 0.081667
0 0.515000 0.114167 0.072500 0.076667
0 0.982187 0.115417 0.035625 0.089167
0 0.168125 0.110833 0.085000 0.105000
0 0.089688 0.093333 0.063125 0.080000
0 0.801250 0.073333 0.052500 0.076667
0 0.372188 0.077083 0.054375 0.092500
0 0.248125 0.055833 0.065000 0.080000
0 0.871563 0.052917 0.060625 0.084167
0 0.707187 0.036250 0.056875 0.072500
0 0.629687 0.028333 0.056875 0.056667
0 0.505000 0.038333 0.055000 0.076667
0 0.325625 0.045833 0.062500 0.091667
0 0.190938 0.026667 0.065625 0.053333
0 0.060000 0.029167 0.061250 0.058333