0 0.555937 0.981250 0.055625 0.037500
0 0.311875 0.974167 0.058750 0.051667
0 0.033438 0.967500 0.058125 0.065000
0 0.379375 0.959583 0.061250 0.080833
0 0.918750 0.959167 0.087500 0.081667
0 0.085000 0.954167 0.052500 0.071667
0 0.982500 0.958750 0.035000 0.082500
0 0.614375 0.934583 0.070000 0.104167
0 0.112187 0.917917 0.035625 0.082500
0 0.054375 0.899167 0.062500 0.071667
0 0.179063 0.900000 0.064375 0.086667
0 0.821250 0.898333 0.121250 0.096667
0 0.679688 0.895417 0.056875 0.092500
0 0.353750 0.873750 0.061250 0.079167
0 0.890312 0.852083 0.061875 0.072500
0 0.642188 0.805833 0.058125 0.076667
0 0.764375 0.782083 0.058750 0.069167
0 0.978437 0.742917 0.043125 0.072500
0 0.682500 0.745833 0.062500 0.078333
0 0.375625 0.747500 0.065000 0.095000
0 0.237813 0.722083 0.060625 0.077500
0 0.087813 0.719167 0.054375 0.081667
0 0.751250 0.712500 0.073750 0.076667
0 0.885625 0.709167 0.052500 0.080000
0 0.025625 0.695833 0.051250 0.071667
0 0.958125 0.682500 0.066250 0.083333
0 0.332500 0.669583 0.057500 0.074167
0 0.567813 0.663333 0.061875 0.081667
0 0.789375 0.630000 0.063750 0.088333
0 0.959063 0.615000 0.054375 0.063333
0 0.361250 0.606667 0.055000 0.073333
0 0.119375 0.600833 0.062500 0.068333
0 0.849375 0.605417 0.063750 0.079167
0 0.909687 0.590000 0.050625 0.060000
0 0.240313 0.606667 0.071875 0.110000
0 0.555000 0.586250 0.060000 0.085833
0 0.683125 0.574167 0.063750 0.068333
0 0.338750 0.542500 0.071250 0.076667
0 0.979688 0.536667 0.040625 0.073333
0 0.926250 0.532500 0.060000 0.068333
0 0.832812 0.522500 0.066875 0.068333
0 0.098750 0.530833 0.062500 0.090000
0 0.271250 0.513750 0.053750 0.064167
0 0.190938 0.512083 0.066875 0.084167
0 0.544375 0.507083 0.067500 0.084167
0 0.770938 0.488333 0.055625 0.080000
0 0.385937 0.485000 0.070625 0.100000
0 0.688438 0.479583 0.111875 0.110833
0 0.242500 0.449583 0.055000 0.075833
0 0.751250 0.411250 0.070000 0.095833
0 0.460000 0.395000 0.052500 0.066667
0 0.925312 0.402917 0.063125 0.085833
0 0.822187 0.392083 0.065625 0.084167
0 0.215938 0.371667 0.050625 0.068333
0 0.315625 0.385417 0.078750 0.109167
0 0.045000 0.358750 0.063750 0.087500
0 0.487187 0.347500 0.053125 0.073333
0 0.570625 0.327500 0.063750 0.070000
0 0.951562 0.312917 0.058125 0.062500
0 0.659375 0.318333 0.071250 0.098333
0 0.330937 0.306250 0.051875 0.080833
0 0.386250 0.297917 0.060000 0.084167
0 0.455000 0.292917 0.066250 0.075833
0 0.508437 0.245417 0.045625 0.069167
0 0.753750 0.244167 0.066250 0.078333
0 0.108438 0.240000 0.059375 0.091667
0 0.631250 0.224167 0.067500 0.076667
0 0.253750 0.242917 0.067500 0.114167
0 0.461875 0.213750 0.050000 0.069167
0 0.973750 0.203750 0.052500 0.085833
0 0.886563 0.192917 0.081875 0.104167
0 0.032813 0.168333 0.065625 0.088333
0 0.260625 0.152083 0.070000 0.074167
0 0.367500 0.135417 0.048750 0.067500
0 0.707187 0.104583 0.064375 0.077500
0 0.149688 0.097500 0.050625 0.075000
0 0.212812 0.095000 0.066875 0.071667
0 0.432812 0.085417 0.089375 0.069167
0 0.850625 0.066667 0.090000 0.096667
0 0.967812 0.035000 0.060625 0.070000
0 0.794687 0.032083 0.053125 0.064167
0 0.499063 0.050000 0.096875 0.100000
0 0.399375 0.028333 0.058750 0.056667
0 0.259375 0.025000 0.068750 0.050000
0 0.180000 0.020833 0.046250 0.041667
0 0.134375 0.032500 0.053750 0.065000