0 0.892500 0.953750 0.048750 0.069167
0 0.519375 0.958750 0.081250 0.082500
0 0.318437 0.945417 0.061875 0.085833
0 0.207187 0.940417 0.059375 0.077500
0 0.726875 0.930833 0.057500 0.076667
0 0.792813 0.930417 0.068125 0.094167
0 0.037812 0.908750 0.066875 0.069167
0 0.486250 0.905833 0.047500 0.071667
0 0.937813 0.903333 0.065625 0.071667
0 0.410000 0.893750 0.057500 0.067500
0 0.581562 0.894167 0.070625 0.100000
0 0.256875 0.869583 0.070000 0.099167
0 0.883750 0.857917 0.050000 0.084167
0 0.781563 0.844167 0.050625 0.070000
0 0.326562 0.834167 0.078125 0.076667
0 0.522813 0.841250 0.064375 0.097500
0 0.612500 0.822083 0.062500 0.064167
0 0.215000 0.827500 0.057500 0.078333
0 0.710625 0.790833 0.061250 0.070000
0 0.565312 0.796250 0.045625 0.082500
0 0.782188 0.773750 0.063125 0.069167
0 0.390937 0.763333 0.083125 0.096667
0 0.658750 0.740000 0.055000 0.073333
0 0.219688 0.744167 0.066875 0.085000
0 0.840000 0.721250 0.060000 0.080833
0 0.711250 0.709167 0.061250 0.065000
0 0.768437 0.703333 0.059375 0.068333
0 0.104375 0.712917 0.082500 0.095833
0 0.381563 0.690833 0.088125 0.056667
0 0.660625 0.662083 0.047500 0.064167
0 0.057188 0.676667 0.070625 0.116667
0 0.393125 0.637917 0.098750 0.062500
0 0.107188 0.633333 0.055625 0.061667
0 0.696562 0.631667 0.053125 0.075000
0 0.574688 0.627083 0.050625 0.095833
0 0.499063 0.617083 0.055625 0.077500
0 0.938125 0.619167 0.077500 0.096667
0 0.795625 0.610000 0.061250 0.080000
0 0.243438 0.602083 0.061875 0.074167
0 0.312500 0.617917 0.093750 0.129167
0 0.062500 0.578750 0.087500 0.077500
0 0.397188 0.575833 0.088125 0.081667
0 0.680312 0.576667 0.080625 0.101667
0 0.979688 0.552500 0.040625 0.061667
0 0.830313 0.555000 0.056875 0.080000
0 0.109063 0.540833 0.053125 0.075000
0 0.246562 0.530833 0.081875 0.063333
0 0.615313 0.541667 0.068125 0.086667
0 0.929688 0.528333 0.063125 0.076667
0 0.429688 0.511250 0.089375 0.065833
0 0.315000 0.510000 0.058750 0.073333
0 0.030000 0.507917 0.053750 0.069167
0 0.732500 0.527917 0.096250 0.115833
0 0.075000 0.504583 0.043750 0.070833
0 0.660000 0.490833 0.057500 0.068333
0 0.527188 0.497917 0.079375 0.085833
0 0.767500 0.478333 0.063750 0.086667
0 0.393125 0.462917 0.065000 0.085833
0 0.153125 0.457083 0.062500 0.084167
0 0.050937 0.447083 0.051875 0.065833
0 0.679063 0.447500 0.065625 0.086667
0 0.516563 0.444167 0.098125 0.081667
0 0.095937 0.440000 0.049375 0.081667
0 0.707500 0.385833 0.050000 0.073333
0 0.563750 0.395833 0.082500 0.111667
0 0.979375 0.371250 0.041250 0.077500
0 0.643125 0.366667 0.047500 0.085000
0 0.238437 0.350833 0.064375 0.055000
0 0.495000 0.357083 0.060000 0.074167
0 0.684688 0.322917 0.060625 0.074167
0 0.293750 0.316667 0.051250 0.070000
0 0.804688 0.316250 0.053125 0.072500
0 0.141563 0.295417 0.065625 0.079167
0 0.752500 0.285000 0.055000 0.068333
0 0.580625 0.291667 0.096250 0.093333
0 0.344687 0.276250 0.056875 0.082500
0 0.076250 0.265833 0.073750 0.066667
0 0.699688 0.254583 0.056875 0.065833
0 0.431563 0.251250 0.058125 0.087500
0 0.837500 0.241667 0.057500 0.076667
0 0.533750 0.247500 0.061250 0.090000
0 0.908438 0.219167 0.061875 0.073333
0 0.371563 0.210417 0.065625 0.077500
0 0.167500 0.209167 0.060000 0.085000
0 0.333750 0.181250 0.050000 0.059167
0 0.635625 0.172083 0.060000 0.077500
0 0.082500 0.175417 0.055000 0.084167
0 0.871563 0.170417 0.046875 0.087500
0 0.583125 0.166667 0.056250 0.085000
0 0.823438 0.163750 0.063125 0.084167
0 0.523750 0.160833 0.063750 0.086667
0 0.433437 0.142917 0.095625 0.082500
0 0.930625 0.129583 0.072500 0.069167
0 0.186250 0.130417 0.052500 0.075833
0 0.295312 0.131667 0.058125 0.086667
0 0.681875 0.123750 0.050000 0.084167
0 0.104063 0.117083 0.069375 0.070833
0 0.045937 0.111250 0.051875 0.074167
0 0.248750 0.099167 0.053750 0.056667
0 0.601562 0.097083 0.055625 0.062500
0 0.794687 0.099167 0.060625 0.081667
0 0.065937 0.067083 0.059375 0.082500
0 0.515000 0.060417 0.071250 0.082500
0 0.436875 0.067083 0.093750 0.097500
0 0.914687 0.050833 0.063125 0.076667
0 0.016563 0.065417 0.033125 0.105833
0 0.688438 0.034583 0.061875 0.069167
0 0.323750 0.029167 0.048750 0.058333