0 0.452813 0.973750 0.080625 0.052500
0 0.750938 0.966667 0.078125 0.066667
0 0.082187 0.966250 0.070625 0.067500
0 0.325937 0.957917 0.071875 0.084167
0 0.823125 0.955000 0.110000 0.090000
0 0.945625 0.952500 0.068750 0.095000
0 0.606875 0.938333 0.096250 0.100000
0 0.149062 0.943333 0.079375 0.113333
0 0.471875 0.920417 0.062500 0.087500
0 0.405313 0.920000 0.070625 0.090000
0 0.280625 0.934583 0.110000 0.130833
0 0.888125 0.909167 0.063750 0.088333
0 0.040938 0.886250 0.081875 0.089167
0 0.728750 0.895417 0.087500 0.114167
0 0.225625 0.895833 0.081250 0.128333
0 0.765625 0.867917 0.063750 0.082500
0 0.929688 0.865833 0.053125 0.083333
0 0.666250 0.860417 0.082500 0.085833
0 0.168125 0.848750 0.062500 0.084167
0 0.553438 0.847917 0.121875 0.087500
0 0.974375 0.849167 0.051250 0.091667
0 0.105625 0.842917 0.062500 0.082500
0 0.452813 0.835833 0.060625 0.080000
0 0.342500 0.849583 0.060000 0.109167
0 0.935312 0.807500 0.056875 0.066667
0 0.874687 0.821250 0.065625 0.105833
0 0.240313 0.819167 0.071875 0.101667
0 0.045312 0.800000 0.063125 0.078333
0 0.820625 0.796250 0.060000 0.072500
0 0.348125 0.777083 0.025000 0.042500
0 0.386875 0.800833 0.060000 0.093333
0 0.758125 0.782500 0.052500 0.080000
0 0.981875 0.770000 0.036250 0.076667
0 0.636250 0.762083 0.061250 0.084167
0 0.912813 0.750833 0.074375 0.071667
0 0.316563 0.756667 0.063125 0.086667
0 0.690312 0.752083 0.081875 0.092500
0 0.253437 0.744583 0.063125 0.080833
0 0.583438 0.755000 0.071875 0.105000
0 0.366875 0.725000 0.058750 0.073333
0 0.123438 0.740000 0.071875 0.121667
0 0.865000 0.703750 0.072500 0.090833
0 0.526875 0.698333 0.093750 0.080000
0 0.302812 0.693750 0.060625 0.085833
0 0.935312 0.696667 0.065625 0.096667
0 0.964063 0.676250 0.071875 0.100833
0 0.649687 0.658333 0.090625 0.083333
0 0.443125 0.668750 0.105000 0.104167
0 0.153750 0.661250 0.125000 0.100833
0 0.701250 0.630417 0.056250 0.077500
0 0.276562 0.616667 0.050625 0.076667
0 0.589063 0.638333 0.084375 0.123333
0 0.525312 0.620000 0.049375 0.086667
0 0.230625 0.613750 0.043750 0.084167
0 0.352812 0.631250 0.083125 0.120833
0 0.971875 0.595417 0.056250 0.084167
0 0.813750 0.624583 0.100000 0.154167
0 0.159688 0.587917 0.069375 0.082500
0 0.080000 0.598750 0.082500 0.109167
0 0.907500 0.584167 0.086250 0.110000
0 0.023125 0.596250 0.046250 0.144167
0 0.618125 0.566667 0.088750 0.096667
0 0.830000 0.535833 0.066250 0.080000
0 0.104688 0.525417 0.059375 0.077500
0 0.750625 0.543333 0.080000 0.118333
0 0.515625 0.521667 0.062500 0.081667
0 0.378437 0.531667 0.081875 0.101667
0 0.186875 0.516667 0.093750 0.095000
0 0.297812 0.523333 0.073125 0.111667
0 0.035000 0.500000 0.070000 0.111667
0 0.586250 0.476667 0.091250 0.088333
0 0.677500 0.501250 0.098750 0.144167
0 0.147187 0.464167 0.050625 0.083333
0 0.951562 0.482917 0.075625 0.145833
0 0.068125 0.446250 0.056250 0.074167
0 0.875313 0.457083 0.073125 0.105833
0 0.505313 0.443750 0.071875 0.094167
0 0.435937 0.460417 0.111875 0.129167
0 0.347813 0.442083 0.061875 0.097500
0 0.122188 0.407500 0.065625 0.065000
0 0.259375 0.428333 0.097500 0.128333
0 0.729062 0.404583 0.108125 0.110833
0 0.466562 0.374167 0.056875 0.075000
0 0.823750 0.388750 0.083750 0.109167
0 0.619687 0.374167 0.058125 0.085000
0 0.179375 0.385000 0.070000 0.111667
0 0.933125 0.372917 0.126250 0.099167
0 0.509062 0.358333 0.059375 0.083333
0 0.070625 0.356250 0.082500 0.119167
0 0.648125 0.315000 0.062500 0.085000
0 0.281875 0.311250 0.063750 0.080833
0 0.426563 0.306250 0.061875 0.075833
0 0.485000 0.297083 0.057500 0.094167
0 0.606563 0.290417 0.063125 0.082500
0 0.537188 0.287500 0.058125 0.076667
0 0.186875 0.284167 0.068750 0.078333
0 0.719688 0.296667 0.079375 0.106667
0 0.875625 0.281667 0.081250 0.110000
0 0.109375 0.264167 0.057500 0.081667
0 0.043125 0.270000 0.076250 0.096667
0 0.948750 0.273333 0.068750 0.111667
0 0.303125 0.229583 0.085000 0.082500
0 0.678438 0.227083 0.095625 0.094167
0 0.761875 0.214167 0.075000 0.080000
0 0.482500 0.221250 0.098750 0.115833
0 0.369688 0.197500 0.055625 0.073333
0 0.942187 0.187917 0.085625 0.092500
0 0.840000 0.188333 0.090000 0.100000
0 0.583125 0.203333 0.096250 0.130000
0 0.128438 0.172917 0.053125 0.094167
0 0.068750 0.156667 0.090000 0.110000
0 0.984688 0.152917 0.030625 0.114167
0 0.343438 0.133750 0.058125 0.077500
0 0.283750 0.147500 0.062500 0.105000
0 0.757812 0.140833 0.091875 0.103333
0 0.525937 0.140833 0.064375 0.120000
0 0.815000 0.116250 0.072500 0.092500
0 0.426563 0.122917 0.064375 0.107500
0 0.905937 0.118333 0.105625 0.148333
0 0.727500 0.077917 0.085000 0.087500
0 0.034688 0.087917 0.069375 0.109167
0 0.100000 0.081667 0.071250 0.098333
0 0.575000 0.077083 0.065000 0.122500
0 0.150938 0.060833 0.061875 0.090000
0 0.318750 0.051667 0.058750 0.076667
0 0.197187 0.090000 0.100625 0.153333
0 0.857187 0.057083 0.079375 0.095833
0 0.981563 0.046667 0.036875 0.093333
0 0.754375 0.043750 0.131250 0.087500
0 0.662500 0.040000 0.076250 0.080000
0 0.543125 0.045833 0.181250 0.091667
0 0.413125 0.038750 0.117500 0.077500
0 0.059687 0.036667 0.059375 0.073333