0 0.702812 0.972500 0.054375 0.055000
0 0.400938 0.944583 0.069375 0.092500
0 0.790000 0.929583 0.057500 0.079167
0 0.070312 0.915000 0.070625 0.085000
0 0.396250 0.860417 0.052500 0.077500
0 0.063750 0.837500 0.057500 0.080000
0 0.940625 0.828750 0.057500 0.077500
0 0.444688 0.818333 0.069375 0.080000
0 0.897500 0.793750 0.057500 0.085833
0 0.562187 0.779167 0.066875 0.081667
0 0.394375 0.778333 0.063750 0.086667
0 0.179688 0.771667 0.054375 0.076667
0 0.275000 0.767917 0.067500 0.087500
0 0.842500 0.763750 0.068750 0.100833
0 0.378750 0.716667 0.067500 0.063333
0 0.933750 0.735833 0.075000 0.105000
0 0.682813 0.717500 0.066875 0.090000
0 0.521875 0.667917 0.058750 0.089167
0 0.120625 0.657500 0.053750 0.071667
0 0.173437 0.664583 0.069375 0.092500
0 0.367188 0.652917 0.056875 0.072500
0 0.582812 0.654167 0.070625 0.085000
0 0.063437 0.650000 0.073125 0.105000
0 0.646563 0.640833 0.063125 0.088333
0 0.971250 0.609583 0.057500 0.087500
0 0.692813 0.596667 0.066875 0.076667
0 0.424063 0.610000 0.094375 0.108333
0 0.128438 0.590000 0.060625 0.073333
0 0.227187 0.564583 0.058125 0.075833
0 0.865313 0.532083 0.053125 0.069167
0 0.471250 0.523750 0.070000 0.072500
0 0.160625 0.525417 0.076250 0.109167
0 0.206563 0.504583 0.051875 0.079167
0 0.727187 0.493333 0.063125 0.083333
0 0.897813 0.484167 0.061875 0.081667
0 0.349687 0.476667 0.066875 0.090000
0 0.131250 0.442500 0.056250 0.081667
0 0.934375 0.428333 0.056250 0.066667
0 0.583750 0.428750 0.055000 0.077500
0 0.631875 0.417917 0.052500 0.069167
0 0.451250 0.423333 0.070000 0.095000
0 0.654062 0.366667 0.064375 0.078333
0 0.163438 0.371250 0.068125 0.094167
0 0.562187 0.361667 0.061875 0.078333
0 0.367812 0.333750 0.058125 0.072500
0 0.459688 0.332083 0.064375 0.077500
0 0.645312 0.299167 0.064375 0.071667
0 0.109375 0.290000 0.071250 0.086667
0 0.537188 0.277083 0.065625 0.085833
0 0.733437 0.264167 0.055625 0.071667
0 0.473438 0.256250 0.048125 0.082500
0 0.415938 0.257917 0.066875 0.097500
0 0.310000 0.225417 0.053750 0.064167
0 0.652188 0.231667 0.065625 0.083333
0 0.809688 0.210833 0.069375 0.096667
0 0.159688 0.205417 0.070625 0.099167
0 0.032188 0.192083 0.064375 0.079167
0 0.359375 0.179583 0.058750 0.072500
0 0.551562 0.156250 0.056875 0.077500
0 0.915625 0.157500 0.062500 0.088333
0 0.107188 0.143333 0.063125 0.078333
0 0.261562 0.144583 0.061875 0.089167
0 0.502188 0.139583 0.091875 0.100833
0 0.314375 0.120000 0.061250 0.071667
0 0.879062 0.084583 0.063125 0.072500
0 0.299687 0.074583 0.083125 0.069167
0 0.214062 0.077083 0.064375 0.085833
0 0.488125 0.070833 0.055000 0.075000
0 0.543750 0.057917 0.065000 0.074167
0 0.915000 0.030000 0.092500 0.060000
0 0.514062 0.026250 0.060625 0.052500
0 0.357812 0.045417 0.040625 0.090833
0 0.276562 0.032917 0.066875 0.065833