0 0.636875 0.974583 0.090000 0.050833
0 0.272188 0.968333 0.064375 0.063333
0 0.365938 0.965000 0.128125 0.070000
0 0.981875 0.954583 0.036250 0.090833
0 0.073438 0.945000 0.075625 0.083333
0 0.675000 0.942917 0.060000 0.080833
0 0.209063 0.935833 0.055625 0.076667
0 0.552500 0.948333 0.127500 0.103333
0 0.760625 0.938333 0.085000 0.098333
0 0.904375 0.922500 0.082500 0.148333
0 0.826562 0.883333 0.065625 0.086667
0 0.086563 0.875417 0.056875 0.072500
0 0.144375 0.871667 0.071250 0.081667
0 0.639375 0.873750 0.091250 0.094167
0 0.040000 0.865833 0.055000 0.091667
0 0.323750 0.867917 0.092500 0.105833
0 0.793125 0.844167 0.070000 0.095000
0 0.229375 0.849167 0.083750 0.111667
0 0.977187 0.857500 0.045625 0.131667
0 0.478750 0.871250 0.122500 0.159167
0 0.403438 0.843333 0.083125 0.113333
0 0.458437 0.802917 0.056875 0.060833
0 0.162812 0.796250 0.068125 0.064167
0 0.899375 0.801250 0.090000 0.085833
0 0.573438 0.782500 0.096875 0.100000
0 0.085000 0.772500 0.073750 0.103333
0 0.740313 0.771667 0.089375 0.121667
0 0.026875 0.755417 0.053750 0.115833
0 0.832187 0.744583 0.093125 0.107500
0 0.684688 0.740833 0.071875 0.111667
0 0.252500 0.750000 0.083750 0.150000
0 0.374375 0.726250 0.108750 0.122500
0 0.162812 0.712917 0.111875 0.102500
0 0.596250 0.690417 0.080000 0.092500
0 0.313125 0.687917 0.065000 0.089167
0 0.933125 0.696667 0.065000 0.131667
0 0.672813 0.661250 0.063125 0.077500
0 0.877500 0.645000 0.092500 0.091667
0 0.747812 0.655833 0.069375 0.115000
0 0.475625 0.662500 0.122500 0.138333
0 0.090000 0.629167 0.076250 0.125000
0 0.323125 0.599167 0.103750 0.101667
0 0.613750 0.594167 0.072500 0.111667
0 0.531563 0.592917 0.070625 0.110833
0 0.390937 0.575000 0.049375 0.080000
0 0.439688 0.568750 0.056875 0.070833
0 0.819063 0.565417 0.069375 0.087500
0 0.687813 0.565833 0.081875 0.101667
0 0.164687 0.550417 0.091875 0.085833
0 0.296563 0.540417 0.099375 0.090833
0 0.763437 0.542500 0.065625 0.100000
0 0.096250 0.533333 0.063750 0.088333
0 0.927813 0.532917 0.086875 0.097500
0 0.655937 0.500417 0.068125 0.074167
0 0.831250 0.495417 0.060000 0.077500
0 0.221875 0.476250 0.056250 0.079167
0 0.449062 0.479583 0.066875 0.115833
0 0.031250 0.493750 0.062500 0.147500
0 0.973750 0.465417 0.052500 0.102500
0 0.164687 0.462917 0.063125 0.102500
0 0.757500 0.452917 0.053750 0.087500
0 0.560000 0.472917 0.097500 0.145833
0 0.058750 0.442500 0.037500 0.085000
0 0.881875 0.456667 0.075000 0.118333
0 0.111250 0.445000 0.063750 0.095000
0 0.299375 0.435000 0.097500 0.108333
0 0.695625 0.435417 0.078750 0.110833
0 0.621875 0.410833 0.065000 0.090000
0 0.748750 0.366250 0.058750 0.084167
0 0.826562 0.392083 0.076875 0.154167
0 0.018750 0.366667 0.037500 0.105000
0 0.369375 0.388333 0.101250 0.155000
0 0.143750 0.356667 0.060000 0.091667
0 0.283438 0.362917 0.078125 0.107500
0 0.684688 0.345000 0.060625 0.075000
0 0.066875 0.352500 0.081250 0.096667
0 0.907188 0.332500 0.071875 0.080000
0 0.474062 0.360417 0.069375 0.137500
0 0.407500 0.322083 0.067500 0.119167
0 0.594375 0.313333 0.076250 0.106667
0 0.191875 0.311667 0.072500 0.118333
0 0.074063 0.280833 0.098125 0.073333
0 0.961875 0.272083 0.062500 0.077500
0 0.342187 0.267500 0.080625 0.105000
0 0.759687 0.260833 0.078125 0.096667
0 0.844375 0.262083 0.058750 0.100833
0 0.692500 0.264583 0.071250 0.125833
0 0.514687 0.259583 0.070625 0.117500
0 0.026250 0.248750 0.052500 0.100833
0 0.116562 0.250833 0.058125 0.110000
0 0.200000 0.220417 0.078750 0.094167
0 0.577187 0.209167 0.070625 0.078333
0 0.269062 0.209583 0.064375 0.079167
0 0.429688 0.206667 0.059375 0.081667
0 0.106250 0.175833 0.058750 0.075000
0 0.622188 0.165000 0.061875 0.085000
0 0.769375 0.158750 0.060000 0.074167
0 0.510000 0.153750 0.065000 0.070833
0 0.895312 0.172917 0.084375 0.117500
0 0.350313 0.153333 0.085625 0.093333
0 0.828125 0.167917 0.086250 0.135833
0 0.305312 0.134167 0.059375 0.070000
0 0.968437 0.173333 0.063125 0.165000
0 0.223438 0.145417 0.085625 0.124167
0 0.560937 0.107083 0.088125 0.104167
0 0.758750 0.086667 0.110000 0.098333
0 0.525312 0.063333 0.063125 0.078333
0 0.028438 0.085833 0.056875 0.125000
0 0.453750 0.080000 0.066250 0.120000
0 0.354687 0.053750 0.051875 0.084167
0 0.618437 0.059583 0.070625 0.099167
0 0.399375 0.052917 0.061250 0.089167
0 0.955000 0.055000 0.090000 0.110000
0 0.810312 0.043750 0.074375 0.087500
0 0.681875 0.066667 0.091250 0.133333
0 0.471250 0.028750 0.120000 0.057500
0 0.221250 0.050417 0.138750 0.100833
0 0.095312 0.051250 0.076875 0.102500
0 0.036562 0.030417 0.053125 0.060833