0 0.582500 0.970417 0.112500 0.059167
0 0.092500 0.969583 0.077500 0.060833
0 0.406250 0.967917 0.070000 0.064167
0 0.148438 0.945000 0.065625 0.085000
0 0.924063 0.948750 0.084375 0.102500
0 0.494063 0.936667 0.068125 0.093333
0 0.332813 0.895000 0.063125 0.101667
0 0.269375 0.888750 0.068750 0.097500
0 0.795625 0.886667 0.076250 0.100000
0 0.622812 0.890000 0.085625 0.131667
0 0.407813 0.864167 0.076875 0.098333
0 0.719375 0.817917 0.082500 0.095833
0 0.905937 0.788333 0.085625 0.093333
0 0.186875 0.775000 0.072500 0.093333
0 0.970938 0.774167 0.058125 0.105000
0 0.297500 0.760833 0.067500 0.078333
0 0.059062 0.758333 0.074375 0.096667
0 0.129062 0.728333 0.063125 0.103333
0 0.752812 0.713750 0.071875 0.090833
0 0.544687 0.670417 0.053125 0.067500
0 0.298750 0.665000 0.107500 0.120000
0 0.666562 0.646250 0.079375 0.092500
0 0.973437 0.595833 0.053125 0.095000
0 0.607500 0.591667 0.082500 0.110000
0 0.141563 0.557917 0.070625 0.099167
0 0.366875 0.552917 0.076250 0.092500
0 0.548438 0.543750 0.075625 0.102500
0 0.834375 0.533750 0.071250 0.095833
0 0.687187 0.499167 0.073125 0.096667
0 0.966875 0.475000 0.066250 0.103333
0 0.366250 0.461250 0.068750 0.087500
0 0.783750 0.459167 0.073750 0.096667
0 0.582812 0.439167 0.076875 0.090000
0 0.909062 0.430417 0.083125 0.104167
0 0.057500 0.416667 0.071250 0.103333
0 0.018750 0.396667 0.037500 0.088333
0 0.338438 0.380833 0.078125 0.100000
0 0.949688 0.356667 0.100625 0.140000
0 0.627500 0.331250 0.075000 0.104167
0 0.515625 0.325833 0.075000 0.105000
0 0.175937 0.276250 0.074375 0.095833
0 0.057188 0.271667 0.059375 0.088333
0 0.688750 0.271250 0.073750 0.099167
0 0.983125 0.222500 0.033750 0.086667
0 0.854062 0.220833 0.079375 0.098333
0 0.395313 0.196250 0.073125 0.089167
0 0.885938 0.157917 0.074375 0.099167
0 0.127500 0.164167 0.077500 0.116667
0 0.970625 0.137500 0.058750 0.091667
0 0.761563 0.106250 0.076875 0.097500
0 0.912813 0.079167 0.075625 0.100000
0 0.131562 0.059167 0.066875 0.100000
0 0.333437 0.055000 0.075625 0.096667
0 0.942813 0.034167 0.083125 0.068333
0 0.864688 0.035000 0.074375 0.070000
0 0.562813 0.039583 0.069375 0.079167