0 0.341562 0.975000 0.056875 0.050000
0 0.599688 0.970417 0.040625 0.045833
0 0.134063 0.965417 0.049375 0.065833
0 0.414687 0.965833 0.058125 0.068333
0 0.755938 0.963333 0.053125 0.073333
0 0.860625 0.941667 0.061250 0.083333
0 0.962187 0.933750 0.061875 0.087500
0 0.601875 0.906667 0.058750 0.080000
0 0.418750 0.883333 0.058750 0.083333
0 0.914062 0.879583 0.049375 0.087500
0 0.662188 0.858333 0.069375 0.080000
0 0.479063 0.857500 0.068125 0.090000
0 0.983750 0.846667 0.032500 0.075000
0 0.863437 0.842083 0.056875 0.080833
0 0.607812 0.832917 0.044375 0.065833
0 0.436250 0.797083 0.055000 0.074167
0 0.788750 0.802917 0.057500 0.089167
0 0.016875 0.802083 0.033750 0.090833
0 0.663750 0.783750 0.067500 0.075833
0 0.391875 0.762083 0.048750 0.085833
0 0.500000 0.753333 0.067500 0.098333
0 0.231563 0.743750 0.063125 0.085833
0 0.170000 0.742500 0.065000 0.088333
0 0.967187 0.732500 0.055625 0.075000
0 0.357187 0.728750 0.054375 0.082500
0 0.123125 0.702917 0.056250 0.070833
0 0.678438 0.704583 0.070625 0.089167
0 0.887188 0.672500 0.054375 0.073333
0 0.516563 0.672500 0.060625 0.076667
0 0.357500 0.650000 0.065000 0.063333
0 0.937813 0.651250 0.053125 0.070833
0 0.723125 0.642917 0.065000 0.065833
0 0.622188 0.626667 0.060625 0.085000
0 0.403125 0.590417 0.057500 0.082500
0 0.905937 0.580000 0.066875 0.086667
0 0.753125 0.559583 0.055000 0.077500
0 0.487187 0.538333 0.048125 0.075000
0 0.205625 0.535000 0.055000 0.068333
0 0.526250 0.510417 0.052500 0.060833
0 0.376563 0.502917 0.060625 0.069167
0 0.680312 0.502500 0.060625 0.085000
0 0.766875 0.466250 0.085000 0.082500
0 0.971562 0.454583 0.056875 0.075833
0 0.579688 0.452083 0.076875 0.092500
0 0.164687 0.441250 0.053125 0.084167
0 0.021250 0.435417 0.042500 0.079167
0 0.756250 0.406667 0.066250 0.066667
0 0.840938 0.413750 0.060625 0.090833
0 0.126875 0.372500 0.061250 0.075000
0 0.135625 0.301667 0.052500 0.065000
0 0.710938 0.293750 0.059375 0.072500
0 0.775625 0.294167 0.083750 0.140000
0 0.183125 0.261667 0.057500 0.080000
0 0.302812 0.237500 0.046875 0.060000
0 0.443750 0.244583 0.056250 0.080833
0 0.970313 0.249167 0.059375 0.098333
0 0.533125 0.232917 0.075000 0.095833
0 0.703438 0.223750 0.064375 0.082500
0 0.824063 0.192500 0.081875 0.096667
0 0.752500 0.179167 0.057500 0.070000
0 0.021875 0.171250 0.043750 0.064167
0 0.571562 0.165833 0.056875 0.076667
0 0.483438 0.161667 0.063125 0.070000
0 0.270313 0.165000 0.066875 0.098333
0 0.796250 0.125000 0.043750 0.073333
0 0.904687 0.095417 0.054375 0.070833
0 0.614688 0.097917 0.065625 0.082500
0 0.743125 0.088333 0.066250 0.103333
0 0.145313 0.072500 0.069375 0.086667
0 0.359375 0.042500 0.053750 0.078333
0 0.781250 0.024583 0.073750 0.049167
0 0.645625 0.031250 0.065000 0.062500
0 0.093125 0.023333 0.050000 0.046667