0 0.327813 0.968750 0.061875 0.062500
0 0.687813 0.968333 0.051875 0.063333
0 0.047500 0.965417 0.057500 0.069167
0 0.982500 0.960000 0.035000 0.080000
0 0.598437 0.937500 0.055625 0.081667
0 0.316875 0.910000 0.053750 0.081667
0 0.219688 0.875417 0.056875 0.072500
0 0.125312 0.875417 0.055625 0.077500
0 0.540625 0.888333 0.087500 0.108333
0 0.688438 0.840417 0.068125 0.082500
0 0.877500 0.815000 0.065000 0.081667
0 0.100312 0.812083 0.070625 0.090833
0 0.359687 0.782083 0.060625 0.074167
0 0.205000 0.774167 0.070000 0.091667
0 0.691875 0.722917 0.062500 0.077500
0 0.470938 0.722917 0.059375 0.079167
0 0.816250 0.715000 0.062500 0.085000
0 0.296875 0.680833 0.067500 0.086667
0 0.608125 0.674583 0.068750 0.082500
0 0.523438 0.650833 0.069375 0.071667
0 0.114687 0.613750 0.071875 0.080833
0 0.307500 0.603750 0.057500 0.080833
0 0.598750 0.571250 0.067500 0.074167
0 0.371250 0.570417 0.058750 0.075833
0 0.919063 0.561667 0.064375 0.080000
0 0.172500 0.537917 0.062500 0.064167
0 0.489063 0.544167 0.063125 0.083333
0 0.551562 0.534583 0.065625 0.085833
0 0.417812 0.470833 0.066875 0.081667
0 0.870625 0.472500 0.053750 0.093333
0 0.118438 0.460000 0.076875 0.085000
0 0.056875 0.451250 0.065000 0.094167
0 0.212812 0.420000 0.060625 0.075000
0 0.924687 0.414583 0.066875 0.087500
0 0.737812 0.357083 0.054375 0.074167
0 0.829375 0.349167 0.065000 0.081667
0 0.183438 0.347083 0.074375 0.079167
0 0.251563 0.332917 0.054375 0.074167
0 0.018437 0.292917 0.036875 0.075833
0 0.581562 0.275000 0.059375 0.075000
0 0.070000 0.280000 0.081250 0.088333
0 0.942187 0.260417 0.073125 0.080833
0 0.647813 0.234583 0.105625 0.114167
0 0.282500 0.222917 0.062500 0.090833
0 0.197187 0.210417 0.070625 0.084167
0 0.123750 0.148333 0.096250 0.110000
0 0.622500 0.065000 0.053750 0.091667
0 0.583438 0.050000 0.063125 0.081667
0 0.251563 0.023333 0.073125 0.046667