0 0.544687 0.966667 0.098125 0.066667
0 0.146875 0.963333 0.062500 0.073333
0 0.202813 0.961250 0.054375 0.077500
0 0.375937 0.949167 0.053125 0.071667
0 0.863437 0.934167 0.048125 0.060000
0 0.748750 0.938333 0.060000 0.085000
0 0.806562 0.920417 0.060625 0.089167
0 0.436563 0.925417 0.083125 0.105833
0 0.570000 0.915417 0.092500 0.092500
0 0.357500 0.895417 0.055000 0.059167
0 0.639375 0.873750 0.067500 0.067500
0 0.117188 0.887917 0.096875 0.104167
0 0.865625 0.873750 0.101250 0.095833
0 0.347813 0.845417 0.064375 0.070833
0 0.550625 0.847917 0.055000 0.080833
0 0.083750 0.831667 0.053750 0.071667
0 0.409375 0.831250 0.061250 0.075833
0 0.185625 0.827083 0.076250 0.080833
0 0.822187 0.805000 0.048125 0.076667
0 0.872812 0.798333 0.059375 0.083333
0 0.474062 0.796667 0.074375 0.083333
0 0.954063 0.785417 0.059375 0.072500
0 0.780000 0.794167 0.057500 0.103333
0 0.587500 0.757500 0.106250 0.125000
0 0.945625 0.726250 0.057500 0.069167
0 0.887500 0.720833 0.055000 0.070000
0 0.235625 0.742500 0.086250 0.133333
0 0.823750 0.696667 0.057500 0.060000
0 0.200937 0.709583 0.061875 0.087500
0 0.103125 0.676667 0.046250 0.083333
0 0.050000 0.668333 0.060000 0.086667
0 0.231563 0.640833 0.053125 0.073333
0 0.757500 0.630417 0.060000 0.077500
0 0.838437 0.615000 0.053125 0.073333
0 0.498125 0.611250 0.053750 0.070833
0 0.914375 0.632500 0.098750 0.116667
0 0.443125 0.596667 0.050000 0.080000
0 0.315312 0.585833 0.068125 0.086667
0 0.563438 0.575833 0.059375 0.073333
0 0.723125 0.580417 0.051250 0.085833
0 0.670000 0.570000 0.051250 0.073333
0 0.050313 0.568333 0.066875 0.071667
0 0.476250 0.545000 0.066250 0.061667
0 0.371563 0.540833 0.089375 0.105000
0 0.868437 0.519583 0.069375 0.079167
0 0.637500 0.510417 0.058750 0.079167
0 0.770625 0.495417 0.061250 0.070833
0 0.269375 0.486250 0.062500 0.075833
0 0.218125 0.522917 0.096250 0.154167
0 0.485625 0.474583 0.073750 0.084167
0 0.022812 0.463750 0.045625 0.079167
0 0.772500 0.417083 0.057500 0.084167
0 0.410313 0.397500 0.045625 0.078333
0 0.925937 0.386250 0.054375 0.069167
0 0.821562 0.396250 0.064375 0.099167
0 0.106875 0.392500 0.062500 0.101667
0 0.544063 0.381667 0.070625 0.086667
0 0.687813 0.372083 0.053125 0.080833
0 0.424063 0.368750 0.070625 0.077500
0 0.619062 0.386250 0.080625 0.114167
0 0.742500 0.361250 0.055000 0.074167
0 0.180938 0.382083 0.116875 0.125833
0 0.869687 0.368750 0.093125 0.107500
0 0.482812 0.332083 0.059375 0.074167
0 0.900625 0.303750 0.100000 0.089167
0 0.189688 0.297917 0.069375 0.077500
0 0.368125 0.299583 0.058750 0.084167
0 0.536875 0.295000 0.061250 0.076667
0 0.263437 0.289167 0.070625 0.086667
0 0.568125 0.257500 0.056250 0.078333
0 0.879375 0.239583 0.047500 0.049167
0 0.488750 0.245000 0.070000 0.086667
0 0.348438 0.228750 0.060625 0.082500
0 0.259688 0.203750 0.056875 0.077500
0 0.915312 0.204583 0.063125 0.084167
0 0.696562 0.203750 0.060625 0.085833
0 0.409687 0.191667 0.066875 0.086667
0 0.550000 0.170833 0.055000 0.073333
0 0.487187 0.160833 0.066875 0.075000
0 0.168750 0.177083 0.067500 0.107500
0 0.059687 0.156667 0.074375 0.083333
0 0.308750 0.147083 0.066250 0.082500
0 0.409687 0.116667 0.075625 0.076667
0 0.519687 0.107083 0.066875 0.075833
0 0.290625 0.055000 0.055000 0.080000
0 0.965938 0.034167 0.053125 0.068333
0 0.610938 0.027917 0.060625 0.055833
0 0.555625 0.028333 0.063750 0.056667
0 0.118750 0.022500 0.060000 0.045000