0 0.437500 0.977500 0.105000 0.045000
0 0.938750 0.972500 0.060000 0.055000
0 0.755625 0.969167 0.063750 0.061667
0 0.195000 0.967917 0.052500 0.064167
0 0.860313 0.963750 0.055625 0.072500
0 0.249375 0.957083 0.061250 0.085833
0 0.433125 0.927083 0.058750 0.075833
0 0.823125 0.918750 0.061250 0.069167
0 0.354375 0.933333 0.103750 0.101667
0 0.060625 0.930000 0.121250 0.096667
0 0.980000 0.922500 0.040000 0.085000
0 0.503750 0.915417 0.060000 0.090833
0 0.757812 0.897083 0.059375 0.080833
0 0.149688 0.892917 0.058125 0.082500
0 0.586562 0.886250 0.054375 0.072500
0 0.699688 0.886250 0.056875 0.079167
0 0.259062 0.876667 0.060625 0.068333
0 0.458750 0.871667 0.057500 0.078333
0 0.645000 0.870000 0.057500 0.083333
0 0.070312 0.858750 0.059375 0.072500
0 0.347500 0.863333 0.103750 0.091667
0 0.017188 0.832917 0.034375 0.082500
0 0.948125 0.831250 0.065000 0.080833
0 0.860000 0.812500 0.062500 0.088333
0 0.092500 0.787917 0.060000 0.070833
0 0.636875 0.786667 0.048750 0.070000
0 0.915312 0.775833 0.063125 0.078333
0 0.675000 0.764583 0.042500 0.067500
0 0.620625 0.723750 0.061250 0.074167
0 0.504375 0.723750 0.057500 0.077500
0 0.935937 0.703750 0.060625 0.080833
0 0.651875 0.663750 0.092500 0.109167
0 0.848750 0.649167 0.060000 0.091667
0 0.283438 0.648333 0.088125 0.090000
0 0.141250 0.607917 0.063750 0.077500
0 0.530312 0.604167 0.066875 0.083333
0 0.617188 0.572500 0.061875 0.083333
0 0.964375 0.606250 0.071250 0.157500
0 0.678438 0.561667 0.056875 0.080000
0 0.275000 0.550833 0.055000 0.071667
0 0.098125 0.541250 0.057500 0.082500
0 0.789687 0.522500 0.073125 0.051667
0 0.612187 0.508333 0.070625 0.065000
0 0.627188 0.447917 0.055625 0.079167
0 0.279062 0.437083 0.059375 0.084167
0 0.970625 0.435417 0.058750 0.082500
0 0.472813 0.433333 0.056875 0.080000
0 0.892188 0.378750 0.054375 0.064167
0 0.799375 0.362917 0.063750 0.080833
0 0.559688 0.349583 0.049375 0.079167
0 0.419687 0.352500 0.063125 0.088333
0 0.208750 0.344583 0.056250 0.090833
0 0.962187 0.334583 0.058125 0.077500
0 0.606250 0.334167 0.070000 0.086667
0 0.163438 0.326667 0.055625 0.078333
0 0.102188 0.319167 0.061875 0.083333
0 0.357187 0.306667 0.055625 0.073333
0 0.241875 0.293333 0.047500 0.081667
0 0.190312 0.266250 0.063125 0.067500
0 0.923125 0.264167 0.071250 0.116667
0 0.816562 0.235417 0.070625 0.090833
0 0.604375 0.221250 0.053750 0.087500
0 0.688125 0.198333 0.066250 0.073333
0 0.176875 0.195417 0.061250 0.074167
0 0.100000 0.181667 0.085000 0.098333
0 0.502188 0.166667 0.056875 0.078333
0 0.336562 0.157917 0.056875 0.079167
0 0.636563 0.142917 0.059375 0.070833
0 0.678750 0.121250 0.060000 0.079167
0 0.281562 0.105833 0.064375 0.086667
0 0.831250 0.097917 0.072500 0.094167
0 0.054062 0.063333 0.059375 0.076667
0 0.537500 0.050000 0.057500 0.085000
0 0.938750 0.051250 0.068750 0.090833