0 0.436563 0.970417 0.068125 0.059167
0 0.508437 0.968333 0.059375 0.063333
0 0.330625 0.964583 0.077500 0.070833
0 0.930937 0.954583 0.138125 0.090833
0 0.576875 0.953333 0.068750 0.093333
0 0.429688 0.905000 0.059375 0.058333
0 0.789062 0.891667 0.065625 0.083333
0 0.240313 0.890417 0.076875 0.087500
0 0.533125 0.890417 0.067500 0.100833
0 0.655312 0.885000 0.105625 0.091667
0 0.866875 0.884167 0.086250 0.118333
0 0.964688 0.851667 0.070625 0.105000
0 0.607187 0.833750 0.104375 0.130833
0 0.813750 0.798333 0.070000 0.090000
0 0.709063 0.797917 0.068125 0.099167
0 0.142500 0.800417 0.088750 0.120833
0 0.982500 0.755000 0.035000 0.095000
0 0.235000 0.747917 0.076250 0.095833
0 0.643125 0.753750 0.090000 0.130833
0 0.043750 0.742500 0.087500 0.111667
0 0.917188 0.718750 0.060625 0.072500
0 0.709688 0.708750 0.134375 0.114167
0 0.116562 0.703750 0.085625 0.107500
0 0.814688 0.692083 0.089375 0.115833
0 0.970938 0.667917 0.058125 0.082500
0 0.893437 0.662917 0.056875 0.075833
0 0.252500 0.668750 0.071250 0.094167
0 0.115312 0.612083 0.061875 0.124167
0 0.865625 0.591667 0.062500 0.088333
0 0.975000 0.575833 0.050000 0.080000
0 0.920937 0.571667 0.054375 0.071667
0 0.233125 0.575417 0.078750 0.107500
0 0.685937 0.567500 0.073125 0.103333
0 0.741250 0.543333 0.077500 0.086667
0 0.151250 0.518333 0.066250 0.095000
0 0.810312 0.509583 0.073125 0.099167
0 0.256563 0.487083 0.069375 0.089167
0 0.743437 0.464583 0.075625 0.085833
0 0.973437 0.463750 0.053125 0.094167
0 0.410625 0.482500 0.125000 0.131667
0 0.668438 0.466250 0.076875 0.109167
0 0.175625 0.453333 0.070000 0.091667
0 0.938125 0.437083 0.055000 0.064167
0 0.309063 0.423333 0.093125 0.096667
0 0.810937 0.413750 0.066875 0.089167
0 0.221250 0.398750 0.068750 0.095833
0 0.022187 0.398333 0.044375 0.110000
0 0.983437 0.362083 0.033125 0.059167
0 0.434063 0.376250 0.113125 0.102500
0 0.933125 0.362083 0.068750 0.085833
0 0.866250 0.353333 0.067500 0.100000
0 0.127188 0.367917 0.080625 0.129167
0 0.661250 0.339583 0.065000 0.082500
0 0.479063 0.319167 0.073125 0.078333
0 0.800000 0.320000 0.067500 0.093333
0 0.374688 0.324583 0.076875 0.112500
0 0.022500 0.299583 0.045000 0.092500
0 0.905000 0.288333 0.061250 0.085000
0 0.568125 0.284583 0.068750 0.107500
0 0.339687 0.262083 0.074375 0.077500
0 0.713437 0.273750 0.094375 0.102500
0 0.479375 0.249167 0.058750 0.075000
0 0.642188 0.255000 0.085625 0.115000
0 0.416250 0.225833 0.077500 0.095000
0 0.827187 0.232500 0.156875 0.150000
0 0.610000 0.186667 0.075000 0.115000
0 0.432812 0.165417 0.063125 0.089167
0 0.332188 0.182083 0.119375 0.124167
0 0.228437 0.153333 0.106875 0.111667
0 0.513125 0.134167 0.066250 0.083333
0 0.885000 0.131667 0.062500 0.085000
0 0.678750 0.144167 0.075000 0.118333
0 0.748437 0.120417 0.095625 0.107500
0 0.821875 0.101250 0.100000 0.109167
0 0.030937 0.129167 0.061875 0.165000
0 0.313125 0.077500 0.076250 0.105000
0 0.955313 0.053333 0.069375 0.081667
0 0.469375 0.053333 0.067500 0.085000
0 0.891250 0.045833 0.083750 0.091667
0 0.735625 0.036250 0.125000 0.072500