0 0.387813 0.980417 0.105625 0.039167
0 0.493437 0.969583 0.064375 0.060833
0 0.907188 0.969167 0.074375 0.061667
0 0.218438 0.968333 0.069375 0.063333
0 0.811250 0.942083 0.062500 0.082500
0 0.362187 0.932083 0.066875 0.075833
0 0.159688 0.926667 0.074375 0.095000
0 0.636875 0.933750 0.122500 0.115833
0 0.217812 0.888750 0.069375 0.097500
0 0.863437 0.882500 0.069375 0.090000
0 0.777500 0.881250 0.068750 0.087500
0 0.587187 0.874583 0.070625 0.099167
0 0.075000 0.853750 0.071250 0.095833
0 0.479687 0.840833 0.065625 0.088333
0 0.688438 0.824583 0.066875 0.095833
0 0.926562 0.818333 0.071875 0.085000
0 0.756875 0.812500 0.068750 0.093333
0 0.018437 0.815000 0.036875 0.098333
0 0.246875 0.798750 0.096250 0.095833
0 0.539062 0.785000 0.074375 0.105000
0 0.885625 0.768750 0.122500 0.117500
0 0.315312 0.770417 0.086875 0.122500
0 0.684375 0.716250 0.063750 0.084167
0 0.841562 0.693750 0.093125 0.117500
0 0.776563 0.677083 0.065625 0.085833
0 0.339062 0.672917 0.081875 0.090833
0 0.152812 0.675000 0.069375 0.096667
0 0.882188 0.628750 0.074375 0.090833
0 0.687187 0.617500 0.068125 0.091667
0 0.513437 0.590000 0.065625 0.101667
0 0.591562 0.588333 0.078125 0.103333
0 0.230313 0.581250 0.098125 0.130833
0 0.089688 0.569583 0.065625 0.107500
0 0.430312 0.562917 0.080625 0.117500
0 0.942500 0.533333 0.070000 0.083333
0 0.833125 0.524583 0.075000 0.099167
0 0.972500 0.493750 0.055000 0.069167
0 0.181250 0.502500 0.067500 0.091667
0 0.514687 0.480000 0.071875 0.098333
0 0.381250 0.475833 0.075000 0.093333
0 0.055938 0.447500 0.068125 0.090000
0 0.910000 0.433750 0.077500 0.107500
0 0.323437 0.409167 0.066875 0.098333
0 0.586250 0.395000 0.075000 0.095000
0 0.803125 0.394583 0.073750 0.102500
0 0.984375 0.399167 0.031250 0.138333
0 0.250625 0.369167 0.076250 0.098333
0 0.663750 0.364167 0.075000 0.115000
0 0.481563 0.356667 0.073125 0.100000
0 0.384688 0.354167 0.069375 0.095000
0 0.879062 0.332083 0.088125 0.100833
0 0.341875 0.308333 0.062500 0.105000
0 0.957500 0.306250 0.085000 0.117500
0 0.088125 0.278333 0.087500 0.083333
0 0.246250 0.265833 0.072500 0.098333
0 0.640938 0.245417 0.089375 0.097500
0 0.708750 0.232083 0.063750 0.102500
0 0.984688 0.217083 0.030625 0.085833
0 0.361250 0.211667 0.055000 0.091667
0 0.184062 0.192917 0.073125 0.100833
0 0.255000 0.167500 0.067500 0.101667
0 0.479063 0.162083 0.068125 0.092500
0 0.063125 0.142917 0.072500 0.094167
0 0.655312 0.140417 0.066875 0.090833
0 0.978125 0.129583 0.043750 0.085833
0 0.872500 0.134583 0.070000 0.100833
0 0.590313 0.117500 0.073125 0.096667
0 0.307812 0.090417 0.078125 0.082500
0 0.709688 0.090417 0.074375 0.095833
0 0.385000 0.075833 0.072500 0.076667
0 0.234687 0.078333 0.058125 0.086667
0 0.127812 0.076667 0.094375 0.110000
0 0.030312 0.060417 0.060625 0.094167
0 0.653750 0.051250 0.062500 0.094167
0 0.927813 0.053333 0.073125 0.101667
0 0.863437 0.042083 0.054375 0.084167
0 0.597812 0.038750 0.065625 0.077500
0 0.419687 0.019167 0.070625 0.038333