0 0.065625 0.974167 0.066250 0.051667
0 0.476562 0.960000 0.059375 0.080000
0 0.899375 0.912083 0.068750 0.087500
0 0.631875 0.900000 0.083750 0.080000
0 0.469375 0.885833 0.063750 0.081667
0 0.771875 0.867917 0.078750 0.070833
0 0.941562 0.863750 0.050625 0.075833
0 0.843750 0.858750 0.058750 0.080833
0 0.602500 0.861250 0.107500 0.117500
0 0.727812 0.825833 0.048125 0.098333
0 0.771875 0.809167 0.055000 0.093333
0 0.222500 0.750417 0.065000 0.080833
0 0.136563 0.737500 0.061875 0.085000
0 0.782813 0.726250 0.063125 0.072500
0 0.373750 0.722917 0.075000 0.079167
0 0.978750 0.726667 0.042500 0.090000
0 0.950625 0.722917 0.043750 0.085833
0 0.900625 0.718333 0.052500 0.086667
0 0.441250 0.700000 0.062500 0.083333
0 0.051250 0.672083 0.070000 0.072500
0 0.927813 0.665417 0.051875 0.084167
0 0.790000 0.654583 0.062500 0.075833
0 0.276250 0.654583 0.058750 0.089167
0 0.975938 0.643750 0.048125 0.074167
0 0.698438 0.641667 0.070625 0.091667
0 0.354063 0.621667 0.065625 0.083333
0 0.529062 0.620833 0.094375 0.095000
0 0.077813 0.593333 0.056875 0.080000
0 0.477812 0.589167 0.061875 0.080000
0 0.056875 0.570000 0.058750 0.088333
0 0.642188 0.573333 0.078125 0.106667
0 0.583125 0.527083 0.068750 0.065833
0 0.021250 0.530000 0.042500 0.090000
0 0.262188 0.523333 0.066875 0.080000
0 0.402813 0.512083 0.064375 0.079167
0 0.953125 0.494167 0.057500 0.088333
0 0.600625 0.475000 0.060000 0.073333
0 0.541875 0.447083 0.058750 0.069167
0 0.075000 0.459167 0.080000 0.098333
0 0.925937 0.442917 0.089375 0.130833
0 0.182188 0.408750 0.070625 0.080833
0 0.611250 0.405417 0.056250 0.075833
0 0.702187 0.378333 0.050625 0.080000
0 0.742812 0.370000 0.045625 0.073333
0 0.093125 0.375833 0.083750 0.085000
0 0.542500 0.359583 0.057500 0.079167
0 0.149688 0.342917 0.060625 0.090833
0 0.333750 0.330000 0.065000 0.080000
0 0.018437 0.310833 0.036875 0.088333
0 0.462813 0.300417 0.058125 0.089167
0 0.847812 0.295417 0.061875 0.082500
0 0.767813 0.291250 0.068125 0.077500
0 0.728750 0.283750 0.050000 0.089167
0 0.670000 0.250417 0.062500 0.089167
0 0.953438 0.236667 0.060625 0.083333
0 0.280625 0.235833 0.070000 0.090000
0 0.875000 0.222500 0.060000 0.071667
0 0.926250 0.187083 0.057500 0.082500
0 0.501563 0.162500 0.066875 0.078333
0 0.315312 0.158750 0.068125 0.075833
0 0.701875 0.166667 0.087500 0.110000
0 0.572812 0.162500 0.089375 0.101667
0 0.812187 0.141667 0.066875 0.078333
0 0.539375 0.117917 0.058750 0.062500
0 0.394375 0.106667 0.061250 0.091667
0 0.490000 0.093333 0.047500 0.075000
0 0.884062 0.091667 0.075625 0.085000
0 0.549687 0.070417 0.071875 0.045833
0 0.971562 0.081667 0.056875 0.083333
0 0.641563 0.060833 0.065625 0.083333
0 0.247812 0.053333 0.058125 0.081667
0 0.156562 0.055000 0.063125 0.088333
0 0.869687 0.022917 0.096875 0.045833
0 0.556875 0.026250 0.073750 0.052500
0 0.510625 0.041667 0.052500 0.083333
0 0.374063 0.020000 0.065625 0.040000