0 0.260313 0.972083 0.069375 0.055833
0 0.466250 0.969583 0.071250 0.060833
0 0.355000 0.955000 0.068750 0.083333
0 0.477500 0.921250 0.095000 0.097500
0 0.318750 0.921667 0.065000 0.100000
0 0.634062 0.909583 0.064375 0.087500
0 0.784687 0.907917 0.063125 0.095833
0 0.828438 0.896250 0.058125 0.077500
0 0.575937 0.847083 0.069375 0.085833
0 0.094375 0.850833 0.078750 0.095000
0 0.973750 0.847917 0.052500 0.100833
0 0.879687 0.800417 0.081875 0.079167
0 0.344062 0.799167 0.078125 0.081667
0 0.267500 0.792500 0.075000 0.105000
0 0.467813 0.774583 0.066875 0.089167
0 0.176250 0.760417 0.060000 0.080833
0 0.528438 0.764583 0.069375 0.105833
0 0.347187 0.732917 0.075625 0.087500
0 0.711250 0.734583 0.072500 0.094167
0 0.606250 0.726667 0.068750 0.088333
0 0.889687 0.705000 0.071875 0.083333
0 0.984375 0.689583 0.031250 0.094167
0 0.122188 0.685833 0.071875 0.095000
0 0.766875 0.667500 0.081250 0.086667
0 0.675937 0.610417 0.070625 0.092500
0 0.886250 0.609583 0.067500 0.094167
0 0.174687 0.596667 0.079375 0.081667
0 0.812187 0.590000 0.061875 0.096667
0 0.017188 0.582917 0.034375 0.094167
0 0.317812 0.581250 0.071875 0.097500
0 0.853750 0.508333 0.066250 0.088333
0 0.432500 0.504167 0.062500 0.105000
0 0.680000 0.490833 0.070000 0.098333
0 0.374688 0.476250 0.074375 0.112500
0 0.581562 0.460833 0.071875 0.091667
0 0.249375 0.437500 0.075000 0.096667
0 0.319688 0.426667 0.063125 0.083333
0 0.183438 0.408333 0.079375 0.100000
0 0.045625 0.392917 0.071250 0.102500
0 0.345625 0.370417 0.083750 0.099167
0 0.648438 0.352500 0.064375 0.090000
0 0.420312 0.355000 0.064375 0.095000
0 0.493437 0.309583 0.069375 0.092500
0 0.418750 0.287917 0.072500 0.080833
0 0.624687 0.256667 0.080625 0.090000
0 0.038125 0.255833 0.076250 0.096667
0 0.226562 0.244167 0.063125 0.086667
0 0.908438 0.221667 0.068125 0.090000
0 0.558438 0.210000 0.069375 0.093333
0 0.664687 0.188750 0.065625 0.095833
0 0.110625 0.190000 0.072500 0.101667
0 0.281562 0.178750 0.078125 0.099167
0 0.927813 0.105417 0.063125 0.092500
0 0.103750 0.104583 0.071250 0.090833
0 0.805312 0.090000 0.080625 0.098333
0 0.070000 0.058750 0.080000 0.089167
0 0.919375 0.030417 0.080000 0.060833
0 0.829688 0.037917 0.066875 0.075833