0 0.527813 0.984583 0.053125 0.030833
0 0.143750 0.979583 0.056250 0.040833
0 0.915000 0.977083 0.090000 0.045833
0 0.098750 0.970417 0.047500 0.057500
0 0.616250 0.967917 0.055000 0.064167
0 0.564063 0.967083 0.051875 0.065833
0 0.346562 0.965833 0.068125 0.068333
0 0.273438 0.960000 0.083125 0.080000
0 0.408125 0.949167 0.047500 0.073333
0 0.841875 0.940833 0.051250 0.078333
0 0.151875 0.920833 0.047500 0.063333
0 0.898750 0.922083 0.062500 0.070833
0 0.960938 0.917083 0.061875 0.077500
0 0.546562 0.898333 0.050625 0.071667
0 0.354063 0.896667 0.069375 0.085000
0 0.874687 0.866250 0.054375 0.060833
0 0.132812 0.857917 0.059375 0.069167
0 0.717812 0.859583 0.048125 0.084167
0 0.953438 0.840000 0.058125 0.068333
0 0.212500 0.838333 0.048750 0.065000
0 0.811875 0.846250 0.072500 0.110833
0 0.450000 0.830833 0.058750 0.080000
0 0.753750 0.821250 0.061250 0.075833
0 0.069375 0.800833 0.065000 0.080000
0 0.133750 0.791250 0.058750 0.079167
0 0.514375 0.777500 0.047500 0.070000
0 0.744062 0.778750 0.066875 0.075833
0 0.968437 0.764583 0.063125 0.080833
0 0.870313 0.776250 0.088125 0.125833
0 0.579375 0.754167 0.065000 0.083333
0 0.803125 0.749167 0.080000 0.088333
0 0.420938 0.736667 0.065625 0.065000
0 0.465938 0.739167 0.053125 0.083333
0 0.291875 0.728750 0.057500 0.067500
0 0.345625 0.705833 0.050000 0.073333
0 0.128125 0.708333 0.062500 0.078333
0 0.948750 0.700417 0.058750 0.067500
0 0.725000 0.689583 0.063750 0.079167
0 0.791250 0.685000 0.066250 0.075000
0 0.492500 0.670833 0.061250 0.070000
0 0.244375 0.677083 0.058750 0.082500
0 0.416875 0.670000 0.070000 0.088333
0 0.913750 0.646667 0.062500 0.071667
0 0.355625 0.623333 0.055000 0.075000
0 0.591250 0.616667 0.056250 0.078333
0 0.785000 0.607083 0.100000 0.077500
0 0.909375 0.593750 0.063750 0.055833
0 0.228750 0.588333 0.053750 0.068333
0 0.406250 0.582917 0.051250 0.067500
0 0.667813 0.580000 0.054375 0.065000
0 0.971875 0.580000 0.056250 0.081667
0 0.868125 0.548750 0.052500 0.069167
0 0.552813 0.537500 0.056875 0.063333
0 0.749687 0.550000 0.069375 0.106667
0 0.806250 0.513333 0.073750 0.071667
0 0.389062 0.502500 0.094375 0.113333
0 0.806875 0.459167 0.047500 0.043333
0 0.967812 0.430000 0.064375 0.078333
0 0.859375 0.428333 0.108750 0.110000
0 0.772188 0.415000 0.068125 0.086667
0 0.387500 0.391667 0.048750 0.068333
0 0.328750 0.393333 0.053750 0.078333
0 0.668750 0.387083 0.061250 0.090833
0 0.985938 0.365833 0.028125 0.076667
0 0.532188 0.373333 0.109375 0.098333
0 0.855938 0.340833 0.070625 0.098333
0 0.733125 0.320833 0.052500 0.063333
0 0.256875 0.326667 0.052500 0.075000
0 0.400625 0.311250 0.057500 0.072500
0 0.662500 0.297500 0.048750 0.080000
0 0.546875 0.300833 0.061250 0.086667
0 0.104688 0.297083 0.040625 0.080833
0 0.064375 0.295000 0.057500 0.076667
0 0.487500 0.292083 0.056250 0.085833
0 0.020938 0.281250 0.041875 0.089167
0 0.204375 0.283333 0.057500 0.095000
0 0.874062 0.255833 0.066875 0.070000
0 0.349687 0.250833 0.058125 0.076667
0 0.946250 0.249167 0.071250 0.086667
0 0.130000 0.240417 0.068750 0.087500
0 0.589375 0.225000 0.080000 0.111667
0 0.980625 0.205000 0.038750 0.075000
0 0.835625 0.196250 0.052500 0.067500
0 0.683750 0.186667 0.061250 0.081667
0 0.776875 0.163333 0.067500 0.050000
0 0.288125 0.156250 0.055000 0.077500
0 0.035937 0.175000 0.071875 0.120000
0 0.974688 0.123750 0.050625 0.080833
0 0.380000 0.125000 0.083750 0.088333
0 0.221562 0.108750 0.051875 0.059167
0 0.778125 0.108750 0.066250 0.070833
0 0.936875 0.105000 0.048750 0.068333
0 0.089375 0.110833 0.066250 0.088333
0 0.525937 0.079583 0.050625 0.074167
0 0.638125 0.051667 0.070000 0.081667
0 0.023438 0.055000 0.046875 0.096667
0 0.758750 0.042500 0.061250 0.073333
0 0.423750 0.057917 0.096250 0.107500
0 0.574375 0.029583 0.057500 0.059167
0 0.226875 0.028333 0.052500 0.056667
0 0.084687 0.038333 0.064375 0.076667