0 0.281250 0.981667 0.057500 0.036667
0 0.971250 0.980833 0.052500 0.038333
0 0.027500 0.971667 0.055000 0.056667
0 0.602187 0.967500 0.058125 0.065000
0 0.341562 0.963333 0.060625 0.073333
0 0.684688 0.954583 0.063125 0.079167
0 0.162812 0.935833 0.061875 0.081667
0 0.314375 0.910833 0.056250 0.073333
0 0.030000 0.910833 0.060000 0.081667
0 0.924063 0.896250 0.058125 0.077500
0 0.581562 0.880417 0.058125 0.080833
0 0.531563 0.878750 0.049375 0.080833
0 0.448437 0.873750 0.056875 0.077500
0 0.193125 0.878333 0.061250 0.093333
0 0.749687 0.860833 0.065625 0.080000
0 0.271250 0.858750 0.073750 0.089167
0 0.075000 0.858750 0.071250 0.117500
0 0.909375 0.837083 0.060000 0.077500
0 0.825625 0.845417 0.073750 0.102500
0 0.016250 0.826667 0.032500 0.076667
0 0.524375 0.810417 0.063750 0.062500
0 0.595625 0.807083 0.057500 0.082500
0 0.409687 0.804583 0.068125 0.079167
0 0.257812 0.776250 0.063125 0.072500
0 0.886563 0.761667 0.069375 0.076667
0 0.485938 0.750000 0.049375 0.068333
0 0.176563 0.752500 0.055625 0.075000
0 0.539062 0.747500 0.049375 0.071667
0 0.240313 0.742917 0.046875 0.062500
0 0.029687 0.746667 0.059375 0.075000
0 0.625000 0.743750 0.060000 0.077500
0 0.105000 0.752083 0.066250 0.094167
0 0.364687 0.741667 0.061875 0.080000
0 0.751563 0.735000 0.066875 0.090000
0 0.444375 0.706667 0.057500 0.101667
0 0.105938 0.670417 0.061875 0.064167
0 0.515312 0.674583 0.058125 0.079167
0 0.342813 0.673750 0.058125 0.079167
0 0.412813 0.668333 0.065625 0.083333
0 0.639687 0.658750 0.073125 0.084167
0 0.710938 0.659167 0.081875 0.106667
0 0.880313 0.662500 0.079375 0.115000
0 0.576250 0.620833 0.067500 0.085000
0 0.189688 0.631667 0.081875 0.108333
0 0.823438 0.615000 0.054375 0.080000
0 0.443750 0.606250 0.062500 0.070833
0 0.254688 0.605833 0.060625 0.090000
0 0.947500 0.597917 0.061250 0.082500
0 0.320000 0.592917 0.053750 0.072500
0 0.760000 0.592917 0.052500 0.080833
0 0.671562 0.582500 0.066875 0.086667
0 0.103438 0.580833 0.060625 0.088333
0 0.610313 0.560833 0.055625 0.076667
0 0.907813 0.540417 0.059375 0.069167
0 0.200937 0.548333 0.043125 0.086667
0 0.460938 0.534583 0.053125 0.067500
0 0.782500 0.533333 0.053750 0.076667
0 0.358750 0.526667 0.063750 0.065000
0 0.721562 0.526250 0.066875 0.080833
0 0.094687 0.500417 0.064375 0.067500
0 0.582500 0.499167 0.057500 0.075000
0 0.304688 0.490000 0.050625 0.070000
0 0.976875 0.490833 0.046250 0.075000
0 0.660937 0.489167 0.064375 0.083333
0 0.518750 0.480833 0.063750 0.068333
0 0.870000 0.479583 0.057500 0.077500
0 0.810312 0.469583 0.059375 0.075833
0 0.028438 0.464583 0.056875 0.072500
0 0.411562 0.467083 0.071875 0.114167
0 0.946250 0.430000 0.052500 0.048333
0 0.899375 0.426667 0.051250 0.063333
0 0.709375 0.429167 0.058750 0.071667
0 0.444375 0.425833 0.052500 0.065000
0 0.148438 0.426667 0.051875 0.073333
0 0.654687 0.388333 0.053125 0.068333
0 0.345938 0.403750 0.054375 0.105833
0 0.920937 0.378333 0.055625 0.071667
0 0.974688 0.375000 0.050625 0.075000
0 0.397188 0.372917 0.056875 0.072500
0 0.057813 0.369167 0.076875 0.086667
0 0.200313 0.363333 0.056875 0.078333
0 0.867188 0.352083 0.054375 0.082500
0 0.132500 0.351250 0.070000 0.084167
0 0.688750 0.330000 0.057500 0.070000
0 0.824063 0.347917 0.070625 0.117500
0 0.949688 0.321667 0.060625 0.085000
0 0.341875 0.297917 0.065000 0.075833
0 0.576250 0.297083 0.065000 0.085833
0 0.848437 0.287500 0.058125 0.073333
0 0.193438 0.282083 0.053125 0.065833
0 0.756563 0.279583 0.059375 0.090833
0 0.040625 0.277083 0.070000 0.087500
0 0.712187 0.262083 0.056875 0.072500
0 0.137187 0.264167 0.063125 0.091667
0 0.797813 0.256250 0.063125 0.089167
0 0.376563 0.242083 0.056875 0.075833
0 0.454062 0.239583 0.061875 0.075833
0 0.936250 0.237917 0.061250 0.085833
0 0.319375 0.215000 0.055000 0.068333
0 0.517500 0.230417 0.053750 0.104167
0 0.577812 0.209167 0.058125 0.076667
0 0.181875 0.206667 0.060000 0.080000
0 0.860313 0.208333 0.091875 0.088333
0 0.015625 0.187917 0.031250 0.074167
0 0.984688 0.178333 0.030625 0.093333
0 0.315000 0.153750 0.046250 0.062500
0 0.262813 0.156250 0.054375 0.072500
0 0.906875 0.155417 0.058750 0.075833
0 0.717812 0.164167 0.065625 0.100000
0 0.839688 0.132083 0.065625 0.069167
0 0.742500 0.114583 0.052500 0.072500
0 0.337813 0.122500 0.053125 0.088333
0 0.619375 0.097917 0.048750 0.059167
0 0.167813 0.115417 0.089375 0.104167
0 0.286875 0.088333 0.057500 0.075000
0 0.541250 0.089167 0.061250 0.080000
0 0.479687 0.095000 0.074375 0.118333
0 0.865000 0.061667 0.050000 0.068333
0 0.965625 0.058750 0.047500 0.067500
0 0.119375 0.052917 0.063750 0.079167
0 0.236250 0.041250 0.070000 0.069167
0 0.910937 0.032917 0.054375 0.065833
0 0.690312 0.035833 0.063125 0.071667
0 0.655312 0.020000 0.054375 0.040000
0 0.589688 0.032917 0.063125 0.065833
0 0.529375 0.023750 0.066250 0.047500
0 0.308437 0.026667 0.065625 0.053333