0 0.190000 0.972500 0.071250 0.055000
0 0.351875 0.972083 0.083750 0.055833
0 0.910312 0.957083 0.069375 0.085833
0 0.039688 0.956250 0.079375 0.084167
0 0.980938 0.955417 0.038125 0.084167
0 0.570937 0.937917 0.066875 0.087500
0 0.771250 0.902083 0.058750 0.077500
0 0.110000 0.904167 0.058750 0.101667
0 0.178125 0.894583 0.060000 0.092500
0 0.032813 0.881250 0.065625 0.080833
0 0.570312 0.848750 0.070625 0.070833
0 0.233750 0.851250 0.060000 0.082500
0 0.050937 0.809167 0.066875 0.078333
0 0.152188 0.810833 0.070625 0.096667
0 0.581875 0.769167 0.065000 0.081667
0 0.717187 0.771250 0.064375 0.087500
0 0.508750 0.770417 0.065000 0.085833
0 0.125625 0.733333 0.071250 0.095000
0 0.847812 0.708333 0.071875 0.103333
0 0.779687 0.693333 0.065625 0.095000
0 0.358125 0.678333 0.065000 0.085000
0 0.894687 0.642500 0.078125 0.081667
0 0.740000 0.636667 0.063750 0.073333
0 0.514062 0.638333 0.065625 0.090000
0 0.236563 0.617083 0.065625 0.089167
0 0.814375 0.600000 0.070000 0.095000
0 0.703750 0.594583 0.117500 0.095833
0 0.435937 0.573333 0.061875 0.085000
0 0.593750 0.553333 0.063750 0.083333
0 0.230937 0.521667 0.065625 0.083333
0 0.771250 0.512083 0.060000 0.090833
0 0.833125 0.490833 0.062500 0.093333
0 0.149062 0.466250 0.068125 0.095833
0 0.282187 0.431667 0.089375 0.080000
0 0.190938 0.418333 0.061875 0.081667
0 0.839375 0.373750 0.063750 0.087500
0 0.152188 0.348333 0.059375 0.083333
0 0.524687 0.323750 0.065625 0.082500
0 0.141250 0.250417 0.060000 0.087500
0 0.521250 0.243333 0.060000 0.076667
0 0.708750 0.209583 0.066250 0.090833
0 0.878437 0.190000 0.063125 0.086667
0 0.954375 0.192500 0.071250 0.096667
0 0.146250 0.145833 0.065000 0.091667
0 0.973125 0.107500 0.053750 0.095000
0 0.823750 0.103750 0.066250 0.092500
0 0.892188 0.077500 0.065625 0.095000
0 0.855625 0.024167 0.065000 0.048333
0 0.790312 0.042083 0.063125 0.084167
0 0.401875 0.042500 0.066250 0.085000
0 0.330000 0.033750 0.070000 0.067500
0 0.129375 0.041250 0.067500 0.082500