0 0.429063 0.979583 0.065625 0.040833
0 0.187812 0.974583 0.058125 0.050833
0 0.887813 0.959167 0.056875 0.070000
0 0.640312 0.956667 0.055625 0.086667
0 0.824688 0.950417 0.051875 0.084167
0 0.957500 0.941667 0.066250 0.073333
0 0.130000 0.925417 0.068750 0.077500
0 0.450937 0.902500 0.064375 0.061667
0 0.226875 0.897917 0.057500 0.077500
0 0.075313 0.862083 0.053125 0.079167
0 0.153438 0.860417 0.054375 0.079167
0 0.449688 0.848333 0.071875 0.058333
0 0.522188 0.832917 0.068125 0.059167
0 0.798125 0.837500 0.060000 0.088333
0 0.877812 0.834583 0.065625 0.092500
0 0.640938 0.824583 0.049375 0.079167
0 0.366563 0.827500 0.065625 0.085000
0 0.720625 0.817917 0.051250 0.080833
0 0.198437 0.793750 0.050625 0.082500
0 0.595000 0.792500 0.047500 0.101667
0 0.251250 0.763750 0.061250 0.087500
0 0.384375 0.745417 0.051250 0.067500
0 0.317812 0.751250 0.058125 0.079167
0 0.848125 0.747917 0.058750 0.079167
0 0.555937 0.761667 0.070625 0.108333
0 0.752812 0.729167 0.050625 0.071667
0 0.496563 0.725833 0.051875 0.075000
0 0.915625 0.692500 0.051250 0.093333
0 0.840625 0.682083 0.082500 0.080833
0 0.561250 0.669167 0.051250 0.065000
0 0.369688 0.665000 0.066875 0.081667
0 0.976250 0.661667 0.047500 0.090000
0 0.034688 0.627917 0.069375 0.104167
0 0.811250 0.595000 0.056250 0.070000
0 0.623125 0.587083 0.048750 0.057500
0 0.979062 0.541250 0.041875 0.080833
0 0.064687 0.519167 0.025625 0.038333
0 0.323125 0.551250 0.073750 0.104167
0 0.608125 0.517500 0.056250 0.063333
0 0.728750 0.504583 0.061250 0.089167
0 0.948125 0.493750 0.061250 0.079167
0 0.236563 0.512083 0.053125 0.115833
0 0.024063 0.487500 0.048125 0.068333
0 0.545000 0.475417 0.061250 0.075833
0 0.417812 0.469167 0.050625 0.063333
0 0.764062 0.474167 0.051875 0.088333
0 0.986250 0.434167 0.027500 0.065000
0 0.621250 0.437500 0.062500 0.078333
0 0.929375 0.422917 0.057500 0.074167
0 0.210625 0.401667 0.047500 0.060000
0 0.760938 0.377500 0.060625 0.085000
0 0.626875 0.360000 0.047500 0.063333
0 0.347813 0.337500 0.045625 0.078333
0 0.273438 0.325417 0.049375 0.074167
0 0.136563 0.303750 0.048125 0.067500
0 0.449062 0.298333 0.050625 0.071667
0 0.020625 0.302500 0.041250 0.080000
0 0.872188 0.303750 0.054375 0.090833
0 0.407813 0.287917 0.060625 0.105833
0 0.153750 0.245833 0.062500 0.063333
0 0.429375 0.195833 0.043750 0.076667
0 0.116250 0.209167 0.071250 0.113333
0 0.049063 0.204167 0.079375 0.115000
0 0.931562 0.161250 0.060625 0.074167
0 0.521250 0.159583 0.056250 0.074167
0 0.221562 0.142083 0.050625 0.064167
0 0.609062 0.145000 0.064375 0.090000
0 0.751250 0.127083 0.067500 0.092500
0 0.439688 0.115417 0.056875 0.089167
0 0.505625 0.090000 0.070000 0.091667
0 0.965625 0.081250 0.052500 0.079167
0 0.643437 0.038333 0.060625 0.076667
0 0.566875 0.024167 0.053750 0.048333
0 0.243750 0.030833 0.047500 0.061667
0 0.189062 0.032500 0.056875 0.065000