0 0.102500 0.979167 0.062500 0.041667
0 0.637813 0.978750 0.050625 0.042500
0 0.148125 0.977500 0.053750 0.045000
0 0.755313 0.965417 0.056875 0.069167
0 0.439375 0.952500 0.057500 0.078333
0 0.504062 0.950417 0.070625 0.094167
0 0.369688 0.951667 0.056875 0.096667
0 0.161875 0.927083 0.046250 0.057500
0 0.087188 0.930000 0.046875 0.081667
0 0.290312 0.930417 0.061875 0.084167
0 0.618125 0.929167 0.063750 0.086667
0 0.544687 0.924583 0.058125 0.084167
0 0.775625 0.910000 0.053750 0.086667
0 0.022812 0.901667 0.045625 0.096667
0 0.820000 0.857500 0.038750 0.043333
0 0.465625 0.863333 0.057500 0.073333
0 0.650312 0.848333 0.048125 0.068333
0 0.419063 0.854167 0.056875 0.088333
0 0.734688 0.838750 0.054375 0.072500
0 0.606563 0.832083 0.053125 0.082500
0 0.324062 0.830833 0.056875 0.085000
0 0.695312 0.815833 0.059375 0.075000
0 0.166250 0.819167 0.055000 0.081667
0 0.981250 0.803750 0.037500 0.065833
0 0.025937 0.811667 0.051875 0.100000
0 0.541562 0.797083 0.046875 0.072500
0 0.397500 0.800417 0.065000 0.085833
0 0.499688 0.787917 0.060625 0.072500
0 0.922813 0.792083 0.058125 0.082500
0 0.836875 0.783750 0.075000 0.097500
0 0.271250 0.773750 0.057500 0.079167
0 0.722500 0.755417 0.063750 0.082500
0 0.888125 0.750417 0.093750 0.074167
0 0.982500 0.735417 0.035000 0.069167
0 0.100000 0.767917 0.103750 0.142500
0 0.461562 0.736667 0.063125 0.096667
0 0.783125 0.742500 0.071250 0.110000
0 0.667188 0.726667 0.070625 0.083333
0 0.203125 0.729167 0.071250 0.088333
0 0.591250 0.712917 0.051250 0.067500
0 0.311250 0.707500 0.058750 0.060000
0 0.423438 0.711250 0.064375 0.079167
0 0.056563 0.687917 0.061875 0.077500
0 0.344062 0.672083 0.060625 0.062500
0 0.923438 0.683333 0.070625 0.093333
0 0.305625 0.645417 0.063750 0.067500
0 0.982500 0.647500 0.035000 0.073333
0 0.520000 0.647917 0.040000 0.080833
0 0.602500 0.625000 0.053750 0.073333
0 0.786563 0.627917 0.064375 0.080833
0 0.661875 0.624583 0.068750 0.084167
0 0.110312 0.619583 0.051875 0.074167
0 0.447188 0.612500 0.065625 0.073333
0 0.971875 0.597917 0.056250 0.072500
0 0.936875 0.586667 0.058750 0.083333
0 0.880000 0.571667 0.062500 0.078333
0 0.823438 0.573333 0.075625 0.118333
0 0.322813 0.553333 0.058125 0.081667
0 0.047500 0.559167 0.053750 0.118333
0 0.118750 0.525833 0.058750 0.080000
0 0.146563 0.511667 0.046875 0.055000
0 0.664687 0.527917 0.089375 0.092500
0 0.258750 0.525833 0.055000 0.095000
0 0.760000 0.512917 0.055000 0.075833
0 0.944688 0.501250 0.081875 0.074167
0 0.805625 0.500833 0.053750 0.073333
0 0.019688 0.495833 0.039375 0.095000
0 0.451562 0.494167 0.055625 0.111667
0 0.205313 0.466250 0.079375 0.059167
0 0.382500 0.479583 0.065000 0.107500
0 0.622500 0.457083 0.055000 0.074167
0 0.068125 0.427083 0.061250 0.079167
0 0.390625 0.414583 0.072500 0.057500
0 0.550625 0.433333 0.051250 0.098333
0 0.952812 0.413333 0.058125 0.070000
0 0.312500 0.412500 0.061250 0.075000
0 0.883125 0.410833 0.063750 0.111667
0 0.738750 0.395000 0.041250 0.081667
0 0.608125 0.394583 0.061250 0.084167
0 0.213750 0.385417 0.061250 0.072500
0 0.686250 0.390833 0.072500 0.108333
0 0.482812 0.378750 0.075625 0.109167
0 0.840938 0.355000 0.046875 0.070000
0 0.968750 0.358333 0.058750 0.080000
0 0.410625 0.340000 0.057500 0.065000
0 0.575000 0.331250 0.060000 0.055833
0 0.029375 0.332083 0.057500 0.075833
0 0.892813 0.324167 0.056875 0.075000
0 0.308437 0.331667 0.075625 0.095000
0 0.229687 0.317500 0.058125 0.108333
0 0.365312 0.298750 0.045625 0.074167
0 0.956250 0.267500 0.058750 0.078333
0 0.751250 0.263750 0.060000 0.079167
0 0.523750 0.277917 0.066250 0.114167
0 0.678750 0.252500 0.061250 0.076667
0 0.600625 0.245000 0.057500 0.078333
0 0.821562 0.243750 0.075625 0.109167
0 0.346250 0.220417 0.057500 0.072500
0 0.438125 0.240000 0.076250 0.113333
0 0.173125 0.194583 0.052500 0.067500
0 0.531250 0.191667 0.055000 0.080000
0 0.107500 0.182917 0.056250 0.080833
0 0.038125 0.185833 0.063750 0.103333
0 0.619062 0.186667 0.055625 0.110000
0 0.401875 0.171250 0.062500 0.080833
0 0.974375 0.169167 0.051250 0.090000
0 0.608437 0.119167 0.041875 0.088333
0 0.673750 0.105833 0.060000 0.065000
0 0.365938 0.104583 0.060625 0.080833
0 0.209687 0.115000 0.080625 0.103333
0 0.510625 0.096250 0.056250 0.070833
0 0.017812 0.095833 0.035625 0.070000
0 0.304688 0.108750 0.063125 0.097500
0 0.741563 0.087917 0.050625 0.074167
0 0.446562 0.070417 0.061875 0.080833
0 0.655937 0.065833 0.058125 0.075000
0 0.072188 0.090000 0.063125 0.128333
0 0.933125 0.019583 0.057500 0.039167
0 0.789062 0.035417 0.068125 0.070833
0 0.350938 0.038750 0.113125 0.077500
0 0.249688 0.029167 0.056875 0.058333