0 0.406875 0.979167 0.077500 0.041667
0 0.297500 0.975833 0.058750 0.048333
0 0.794687 0.965417 0.074375 0.069167
0 0.350938 0.962500 0.066875 0.075000
0 0.238125 0.960417 0.061250 0.079167
0 0.144687 0.951667 0.060625 0.065000
0 0.090938 0.931250 0.064375 0.077500
0 0.508125 0.901250 0.063750 0.082500
0 0.906563 0.893333 0.069375 0.090000
0 0.325937 0.886667 0.061875 0.105000
0 0.575625 0.883750 0.067500 0.102500
0 0.955000 0.828750 0.058750 0.085833
0 0.080312 0.850417 0.078125 0.132500
0 0.621875 0.810833 0.068750 0.083333
0 0.696875 0.802083 0.071250 0.100833
0 0.270000 0.798750 0.085000 0.107500
0 0.638125 0.739583 0.052500 0.070833
0 0.968125 0.701250 0.063750 0.084167
0 0.618125 0.672500 0.061250 0.085000
0 0.105625 0.674167 0.072500 0.088333
0 0.199687 0.637917 0.063125 0.084167
0 0.556250 0.631667 0.072500 0.073333
0 0.890938 0.640000 0.068125 0.093333
0 0.267500 0.612083 0.062500 0.079167
0 0.142187 0.617083 0.079375 0.100833
0 0.480000 0.607083 0.058750 0.094167
0 0.843750 0.600000 0.056250 0.083333
0 0.641563 0.587917 0.063125 0.080833
0 0.348750 0.592917 0.066250 0.090833
0 0.426875 0.579583 0.065000 0.079167
0 0.707500 0.566250 0.067500 0.084167
0 0.122813 0.553333 0.060625 0.081667
0 0.560625 0.541667 0.071250 0.103333
0 0.300625 0.526250 0.053750 0.092500
0 0.767813 0.515417 0.060625 0.079167
0 0.357500 0.498750 0.061250 0.074167
0 0.264375 0.499583 0.050000 0.089167
0 0.420625 0.495000 0.070000 0.086667
0 0.023750 0.480000 0.047500 0.085000
0 0.607812 0.450417 0.065625 0.075833
0 0.060937 0.459583 0.070625 0.095833
0 0.523750 0.461667 0.095000 0.106667
0 0.940312 0.451667 0.086875 0.105000
0 0.319063 0.436667 0.065625 0.083333
0 0.530312 0.407500 0.059375 0.078333
0 0.282187 0.411667 0.050625 0.100000
0 0.740938 0.408333 0.070625 0.096667
0 0.234063 0.403333 0.068125 0.090000
0 0.352187 0.381250 0.054375 0.067500
0 0.662188 0.377083 0.073125 0.099167
0 0.595938 0.369583 0.080625 0.090833
0 0.462187 0.370000 0.076875 0.103333
0 0.149688 0.336250 0.071875 0.090833
0 0.064375 0.339167 0.090000 0.118333
0 0.731250 0.315833 0.058750 0.080000
0 0.666875 0.298333 0.055000 0.068333
0 0.495000 0.301250 0.086250 0.090833
0 0.578750 0.287500 0.057500 0.066667
0 0.794063 0.295000 0.070625 0.093333
0 0.349687 0.292917 0.056875 0.089167
0 0.249688 0.302083 0.069375 0.122500
0 0.409062 0.244583 0.070625 0.079167
0 0.697500 0.244583 0.075000 0.099167
0 0.298125 0.236667 0.050000 0.086667
0 0.566250 0.222083 0.062500 0.070833
0 0.969375 0.223750 0.061250 0.089167
0 0.325313 0.176250 0.053125 0.077500
0 0.513750 0.171667 0.062500 0.090000
0 0.433125 0.177500 0.098750 0.106667
0 0.788438 0.185833 0.140625 0.151667
0 0.024063 0.104583 0.048125 0.075833
0 0.064687 0.084583 0.059375 0.072500
0 0.971562 0.109167 0.056875 0.123333
0 0.853125 0.091250 0.086250 0.099167
0 0.783750 0.082917 0.076250 0.099167
0 0.487812 0.086250 0.065625 0.117500
0 0.346250 0.057917 0.062500 0.084167
0 0.719375 0.059583 0.072500 0.089167
0 0.196875 0.033333 0.121250 0.066667
0 0.109063 0.046250 0.066875 0.092500