0 0.623125 0.986250 0.053750 0.027500
0 0.959063 0.971250 0.081875 0.057500
0 0.151250 0.967917 0.068750 0.064167
0 0.386250 0.965417 0.076250 0.069167
0 0.218750 0.949167 0.071250 0.090000
0 0.286875 0.940417 0.065000 0.085833
0 0.758437 0.928333 0.093125 0.096667
0 0.392188 0.898750 0.065625 0.069167
0 0.541250 0.910833 0.066250 0.096667
0 0.719375 0.898333 0.067500 0.081667
0 0.337187 0.888750 0.066875 0.079167
0 0.609062 0.899583 0.065625 0.112500
0 0.960000 0.882500 0.073750 0.083333
0 0.192500 0.860833 0.066250 0.090000
0 0.659687 0.858750 0.064375 0.087500
0 0.282187 0.849167 0.066875 0.091667
0 0.331562 0.818750 0.065625 0.059167
0 0.409375 0.823333 0.070000 0.091667
0 0.248750 0.810000 0.066250 0.090000
0 0.030312 0.794167 0.060625 0.086667
0 0.868437 0.794583 0.064375 0.100833
0 0.935625 0.771667 0.067500 0.091667
0 0.098750 0.763333 0.061250 0.078333
0 0.826562 0.768750 0.061875 0.094167
0 0.546875 0.748333 0.072500 0.111667
0 0.493125 0.696250 0.065000 0.064167
0 0.368125 0.693333 0.067500 0.098333
0 0.962812 0.690833 0.074375 0.110000
0 0.751563 0.677500 0.069375 0.083333
0 0.605625 0.672500 0.075000 0.093333
0 0.171250 0.650833 0.066250 0.093333
0 0.105000 0.643333 0.055000 0.098333
0 0.015312 0.636250 0.030625 0.087500
0 0.497500 0.628750 0.072500 0.082500
0 0.723437 0.630833 0.078125 0.093333
0 0.056875 0.631667 0.061250 0.096667
0 0.924375 0.597500 0.070000 0.090000
0 0.414062 0.582917 0.106875 0.095833
0 0.312500 0.575000 0.068750 0.095000
0 0.366250 0.557917 0.060000 0.095833
0 0.530625 0.557500 0.070000 0.096667
0 0.017188 0.543750 0.034375 0.099167
0 0.932500 0.496667 0.068750 0.091667
0 0.486250 0.472500 0.078750 0.070000
0 0.076250 0.458750 0.068750 0.087500
0 0.221250 0.449583 0.068750 0.089167
0 0.721250 0.438333 0.063750 0.095000
0 0.425625 0.430000 0.075000 0.091667
0 0.145625 0.412500 0.060000 0.096667
0 0.299375 0.407500 0.065000 0.093333
0 0.561875 0.406667 0.067500 0.101667
0 0.064062 0.377917 0.069375 0.097500
0 0.970000 0.369583 0.060000 0.082500
0 0.912813 0.360833 0.068125 0.103333
0 0.200625 0.355833 0.060000 0.093333
0 0.396875 0.339167 0.075000 0.086667
0 0.683125 0.346667 0.072500 0.121667
0 0.045937 0.336250 0.066875 0.105833
0 0.275625 0.297500 0.067500 0.076667
0 0.771250 0.294167 0.061250 0.086667
0 0.981563 0.289583 0.036875 0.079167
0 0.103750 0.250833 0.071250 0.096667
0 0.255000 0.232917 0.082500 0.102500
0 0.970625 0.228333 0.058750 0.101667
0 0.844688 0.178333 0.065625 0.090000
0 0.619375 0.177917 0.078750 0.099167
0 0.875000 0.132083 0.063750 0.100833
0 0.655937 0.116250 0.063125 0.077500
0 0.940000 0.112500 0.063750 0.096667
0 0.546562 0.086667 0.083125 0.078333
0 0.200937 0.120833 0.060625 0.150000
0 0.255000 0.092500 0.053750 0.098333
0 0.404375 0.080833 0.065000 0.080000
0 0.928750 0.022917 0.073750 0.045833
0 0.683125 0.043750 0.067500 0.087500
0 0.543750 0.027500 0.073750 0.055000
0 0.464375 0.039583 0.072500 0.079167
0 0.263125 0.025417 0.112500 0.050833
0 0.130625 0.022917 0.062500 0.045833