0 0.145937 0.982500 0.079375 0.035000
0 0.623750 0.978750 0.075000 0.042500
0 0.926562 0.977917 0.063125 0.044167
0 0.775312 0.977500 0.089375 0.045000
0 0.852500 0.973750 0.063750 0.052500
0 0.301250 0.960833 0.068750 0.078333
0 0.400625 0.958333 0.073750 0.083333
0 0.209687 0.957500 0.088125 0.085000
0 0.689063 0.949583 0.065625 0.095833
0 0.477812 0.941667 0.060625 0.083333
0 0.868437 0.937917 0.059375 0.079167
0 0.049375 0.937500 0.055000 0.080000
0 0.599375 0.937500 0.050000 0.081667
0 0.535312 0.947500 0.080625 0.105000
0 0.108125 0.938333 0.050000 0.093333
0 0.795000 0.916667 0.060000 0.070000
0 0.975313 0.922917 0.049375 0.084167
0 0.722187 0.921667 0.061875 0.091667
0 0.160625 0.915000 0.050000 0.083333
0 0.642188 0.889583 0.074375 0.059167
0 0.333750 0.902917 0.070000 0.092500
0 0.842500 0.891667 0.055000 0.085000
0 0.259688 0.888333 0.043125 0.090000
0 0.014687 0.873333 0.029375 0.080000
0 0.935937 0.870833 0.061875 0.086667
0 0.492500 0.851250 0.067500 0.059167
0 0.415938 0.859167 0.051875 0.076667
0 0.365625 0.868333 0.051250 0.095000
0 0.107500 0.854583 0.058750 0.075833
0 0.571562 0.868750 0.076875 0.105833
0 0.785937 0.850417 0.055625 0.072500
0 0.742500 0.837083 0.070000 0.075833
0 0.281875 0.837500 0.062500 0.076667
0 0.205313 0.848750 0.069375 0.114167
0 0.145625 0.828333 0.046250 0.081667
0 0.890625 0.811667 0.071250 0.111667
0 0.560625 0.769583 0.065000 0.079167
0 0.248125 0.755833 0.058750 0.068333
0 0.488750 0.780417 0.088750 0.120833
0 0.839375 0.764583 0.073750 0.092500
0 0.653750 0.757917 0.058750 0.079167
0 0.413125 0.765417 0.067500 0.107500
0 0.612187 0.748333 0.051875 0.080000
0 0.335313 0.747917 0.093125 0.090833
0 0.977500 0.741667 0.045000 0.095000
0 0.748750 0.750417 0.063750 0.119167
0 0.032188 0.729167 0.064375 0.103333
0 0.506875 0.710833 0.060000 0.071667
0 0.825313 0.702917 0.070625 0.079167
0 0.555312 0.699167 0.059375 0.076667
0 0.899687 0.698750 0.065625 0.092500
0 0.607812 0.682917 0.044375 0.064167
0 0.701562 0.687500 0.074375 0.105000
0 0.946875 0.670417 0.047500 0.085833
0 0.099375 0.672500 0.070000 0.090000
0 0.265937 0.667917 0.061875 0.087500
0 0.436875 0.675000 0.071250 0.110000
0 0.320625 0.668333 0.077500 0.116667
0 0.157812 0.649583 0.064375 0.090833
0 0.490625 0.633333 0.056250 0.068333
0 0.606875 0.627083 0.046250 0.064167
0 0.035625 0.646250 0.071250 0.115833
0 0.542813 0.627083 0.055625 0.085833
0 0.823750 0.615833 0.077500 0.070000
0 0.667500 0.597500 0.063750 0.076667
0 0.210938 0.596667 0.061875 0.083333
0 0.076875 0.581250 0.070000 0.099167
0 0.281562 0.577083 0.069375 0.094167
0 0.430312 0.558333 0.061875 0.076667
0 0.146563 0.565000 0.065625 0.090000
0 0.905625 0.566667 0.096250 0.105000
0 0.333750 0.548333 0.058750 0.078333
0 0.836562 0.528333 0.059375 0.081667
0 0.765312 0.537917 0.090625 0.105833
0 0.505625 0.535833 0.075000 0.115000
0 0.607187 0.500000 0.051875 0.070000
0 0.979688 0.498333 0.040625 0.068333
0 0.673438 0.506250 0.081875 0.085833
0 0.214688 0.510417 0.091875 0.104167
0 0.342187 0.501250 0.059375 0.087500
0 0.573438 0.509583 0.073125 0.119167
0 0.491250 0.470417 0.058750 0.074167
0 0.117813 0.476667 0.084375 0.090000
0 0.038125 0.471667 0.066250 0.098333
0 0.875938 0.467917 0.078125 0.094167
0 0.423750 0.465000 0.083750 0.106667
0 0.954063 0.455417 0.065625 0.100833
0 0.790312 0.445000 0.061875 0.081667
0 0.307812 0.439583 0.098125 0.115833
0 0.980938 0.421667 0.038125 0.081667
0 0.054375 0.411250 0.086250 0.077500
0 0.924063 0.409583 0.058125 0.085833
0 0.606875 0.402917 0.050000 0.084167
0 0.702500 0.400000 0.056250 0.108333
0 0.077813 0.365417 0.066875 0.062500
0 0.497500 0.385000 0.075000 0.103333
0 0.214062 0.392500 0.084375 0.118333
0 0.426563 0.380417 0.063125 0.102500
0 0.020938 0.381667 0.041875 0.105000
0 0.130000 0.361250 0.065000 0.069167
0 0.348125 0.377500 0.080000 0.128333
0 0.977187 0.336667 0.045625 0.088333
0 0.645312 0.357500 0.059375 0.138333
0 0.948750 0.319583 0.076250 0.072500
0 0.298750 0.319167 0.065000 0.086667
0 0.586875 0.299167 0.063750 0.071667
0 0.420000 0.317500 0.070000 0.108333
0 0.192500 0.300000 0.083750 0.091667
0 0.513437 0.295417 0.094375 0.099167
0 0.713437 0.295417 0.071875 0.112500
0 0.156875 0.269583 0.063750 0.082500
0 0.865938 0.264167 0.064375 0.080000
0 0.228750 0.256667 0.046250 0.080000
0 0.930000 0.251667 0.068750 0.071667
0 0.599063 0.246667 0.061875 0.071667
0 0.787500 0.265000 0.077500 0.110000
0 0.021875 0.266250 0.043750 0.122500
0 0.530625 0.245833 0.053750 0.083333
0 0.082187 0.264167 0.068125 0.120000
0 0.275938 0.242500 0.053125 0.085000
0 0.981563 0.241667 0.036875 0.095000
0 0.335938 0.235417 0.071875 0.084167
0 0.392813 0.237083 0.055625 0.090833
0 0.679688 0.232083 0.089375 0.124167
0 0.583750 0.205000 0.056250 0.073333
0 0.235000 0.190000 0.093750 0.080000
0 0.757500 0.190417 0.071250 0.085833
0 0.438750 0.184167 0.072500 0.078333
0 0.517188 0.182500 0.066875 0.076667
0 0.832500 0.170417 0.078750 0.092500
0 0.034688 0.163750 0.069375 0.080833
0 0.948125 0.162083 0.096250 0.087500
0 0.725938 0.155833 0.058125 0.078333
0 0.355000 0.159167 0.080000 0.098333
0 0.125312 0.185417 0.080625 0.150833
0 0.202813 0.134583 0.073125 0.067500
0 0.610000 0.132500 0.063750 0.073333
0 0.890312 0.129583 0.080625 0.074167
0 0.683438 0.123750 0.060625 0.069167
0 0.460938 0.104167 0.074375 0.055000
0 0.045312 0.110833 0.063125 0.078333
0 0.283750 0.133750 0.068750 0.129167
0 0.505938 0.115417 0.084375 0.094167
0 0.804063 0.097500 0.063125 0.078333
0 0.404687 0.089167 0.055625 0.068333
0 0.897813 0.079583 0.103125 0.080833
0 0.122188 0.075000 0.059375 0.078333
0 0.732500 0.063750 0.065000 0.084167
0 0.973125 0.072917 0.053750 0.109167
0 0.315625 0.061250 0.075000 0.087500
0 0.185625 0.052917 0.053750 0.074167
0 0.472500 0.050417 0.061250 0.085833
0 0.589063 0.055833 0.085625 0.098333
0 0.908438 0.027500 0.081875 0.055000
0 0.841250 0.030000 0.057500 0.060000
0 0.773438 0.033750 0.054375 0.067500
0 0.660625 0.036250 0.100000 0.072500
0 0.554375 0.029167 0.091250 0.058333
0 0.396875 0.035000 0.067500 0.070000
0 0.244375 0.033333 0.107500 0.066667
0 0.101250 0.037917 0.091250 0.075833