0 0.598125 0.965833 0.061250 0.068333
0 0.909375 0.965000 0.071250 0.070000
0 0.442500 0.945833 0.075000 0.088333
0 0.844688 0.939167 0.073125 0.083333
0 0.182812 0.942083 0.073125 0.115833
0 0.253750 0.923333 0.065000 0.080000
0 0.316875 0.903333 0.066250 0.078333
0 0.531563 0.891667 0.060625 0.083333
0 0.701562 0.895417 0.058125 0.099167
0 0.794375 0.886667 0.061250 0.106667
0 0.430937 0.873333 0.134375 0.111667
0 0.945625 0.857917 0.063750 0.092500
0 0.029063 0.855000 0.058125 0.095000
0 0.649062 0.843333 0.068125 0.093333
0 0.314375 0.831667 0.073750 0.076667
0 0.373750 0.798333 0.070000 0.090000
0 0.557500 0.767500 0.065000 0.095000
0 0.669687 0.758750 0.069375 0.079167
0 0.753437 0.780833 0.090625 0.128333
0 0.613437 0.748333 0.056875 0.108333
0 0.420000 0.731667 0.062500 0.075000
0 0.026562 0.730833 0.053125 0.081667
0 0.181875 0.725417 0.067500 0.077500
0 0.097187 0.722917 0.065625 0.082500
0 0.809375 0.689167 0.068750 0.106667
0 0.978750 0.671250 0.042500 0.095833
0 0.158438 0.661667 0.068125 0.093333
0 0.258437 0.666667 0.095625 0.115000
0 0.085625 0.652500 0.071250 0.100000
0 0.386250 0.627500 0.080000 0.068333
0 0.758750 0.630000 0.065000 0.086667
0 0.582187 0.621667 0.065625 0.075000
0 0.480000 0.654167 0.075000 0.155000
0 0.023438 0.609583 0.046875 0.082500
0 0.903438 0.596250 0.078125 0.079167
0 0.163438 0.577083 0.070625 0.075833
0 0.304375 0.585833 0.087500 0.121667
0 0.467187 0.547083 0.071875 0.080833
0 0.582812 0.544167 0.114375 0.110000
0 0.883125 0.525833 0.075000 0.078333
0 0.553125 0.475833 0.071250 0.085000
0 0.625625 0.464167 0.073750 0.071667
0 0.919375 0.468333 0.068750 0.085000
0 0.133437 0.469583 0.056875 0.104167
0 0.022812 0.440000 0.045625 0.086667
0 0.792500 0.435000 0.070000 0.080000
0 0.172813 0.437917 0.059375 0.100833
0 0.465000 0.424167 0.065000 0.085000
0 0.351875 0.429167 0.076250 0.095000
0 0.286875 0.406250 0.065000 0.087500
0 0.212812 0.408333 0.069375 0.096667
0 0.631563 0.395000 0.073125 0.086667
0 0.730938 0.372917 0.063125 0.089167
0 0.163438 0.338333 0.066875 0.061667
0 0.098437 0.343750 0.060625 0.100833
0 0.041875 0.344583 0.058750 0.102500
0 0.871875 0.329167 0.090000 0.085000
0 0.355625 0.324583 0.083750 0.082500
0 0.761250 0.325417 0.067500 0.094167
0 0.226562 0.313750 0.069375 0.094167
0 0.439688 0.316667 0.066875 0.110000
0 0.484687 0.293333 0.063125 0.088333
0 0.930625 0.289583 0.067500 0.090833
0 0.699063 0.289583 0.116875 0.112500
0 0.390937 0.248750 0.076875 0.077500
0 0.304063 0.235833 0.069375 0.100000
0 0.063750 0.225000 0.085000 0.123333
0 0.686562 0.220000 0.113125 0.115000
0 0.476562 0.191667 0.075625 0.090000
0 0.186875 0.167917 0.056250 0.077500
0 0.943125 0.171667 0.068750 0.093333
0 0.238750 0.133750 0.065000 0.077500
0 0.398750 0.150000 0.062500 0.113333
0 0.727500 0.129167 0.065000 0.088333
0 0.452188 0.130417 0.064375 0.112500
0 0.905625 0.105833 0.066250 0.093333
0 0.837500 0.093333 0.067500 0.076667
0 0.157500 0.097500 0.070000 0.098333
0 0.324688 0.077500 0.056875 0.103333
0 0.282187 0.083750 0.054375 0.137500
0 0.460938 0.053333 0.073125 0.081667
0 0.733750 0.033333 0.065000 0.066667
0 0.539375 0.034167 0.063750 0.068333