0 0.120000 0.979167 0.065000 0.041667
0 0.016250 0.960000 0.032500 0.080000
0 0.875000 0.956250 0.066250 0.087500
0 0.941562 0.900833 0.060625 0.083333
0 0.094687 0.900000 0.065625 0.083333
0 0.243125 0.870000 0.051250 0.063333
0 0.770000 0.876667 0.072500 0.093333
0 0.348125 0.877500 0.076250 0.101667
0 0.859375 0.834583 0.051250 0.069167
0 0.523125 0.843333 0.062500 0.086667
0 0.122813 0.834167 0.065625 0.093333
0 0.460313 0.794583 0.065625 0.087500
0 0.031875 0.785417 0.063750 0.097500
0 0.233750 0.765833 0.065000 0.073333
0 0.869687 0.726667 0.071875 0.101667
0 0.971875 0.707083 0.056250 0.084167
0 0.476562 0.711667 0.081875 0.095000
0 0.243125 0.646667 0.056250 0.071667
0 0.775625 0.643333 0.058750 0.078333
0 0.686562 0.607917 0.061875 0.085833
0 0.982500 0.577083 0.035000 0.084167
0 0.254375 0.557083 0.078750 0.100833
0 0.805312 0.541667 0.065625 0.095000
0 0.104063 0.534583 0.090625 0.120833
0 0.961562 0.522500 0.076875 0.106667
0 0.635000 0.506667 0.076250 0.086667
0 0.464687 0.496667 0.086875 0.098333
0 0.982812 0.417917 0.034375 0.079167
0 0.388750 0.417917 0.065000 0.089167
0 0.595625 0.411667 0.076250 0.078333
0 0.760000 0.419167 0.071250 0.096667
0 0.161875 0.372917 0.066250 0.099167
0 0.931562 0.360417 0.068125 0.094167
0 0.551875 0.313750 0.077500 0.097500
0 0.646875 0.301667 0.058750 0.078333
0 0.132500 0.282083 0.058750 0.062500
0 0.214375 0.263333 0.067500 0.076667
0 0.449062 0.269583 0.069375 0.092500
0 0.912188 0.236667 0.070625 0.081667
0 0.757812 0.227083 0.068125 0.089167
0 0.561875 0.192500 0.076250 0.095000
0 0.117188 0.174583 0.078125 0.074167
0 0.833750 0.167083 0.060000 0.084167
0 0.290938 0.166250 0.064375 0.082500
0 0.026250 0.162083 0.052500 0.084167
0 0.903750 0.126667 0.068750 0.098333
0 0.745313 0.120833 0.074375 0.086667
0 0.058125 0.109583 0.051250 0.067500
0 0.650625 0.089583 0.055000 0.064167
0 0.546250 0.065417 0.068750 0.072500
0 0.307188 0.059583 0.073125 0.102500
0 0.757188 0.018333 0.065625 0.036667
0 0.162812 0.042083 0.076875 0.084167
0 0.077500 0.030417 0.060000 0.060833