0 0.490625 0.981250 0.065000 0.037500
0 0.765625 0.977917 0.040000 0.044167
0 0.570625 0.963750 0.065000 0.072500
0 0.427187 0.955833 0.054375 0.080000
0 0.653125 0.942500 0.063750 0.071667
0 0.769375 0.903333 0.070000 0.081667
0 0.895938 0.900833 0.053125 0.086667
0 0.970000 0.907917 0.060000 0.102500
0 0.830000 0.888333 0.051250 0.081667
0 0.093750 0.885000 0.051250 0.075000
0 0.562500 0.870000 0.076250 0.058333
0 0.210000 0.877500 0.058750 0.076667
0 0.663125 0.847500 0.077500 0.088333
0 0.750000 0.833333 0.066250 0.081667
0 0.924063 0.832500 0.056875 0.086667
0 0.452188 0.830417 0.053125 0.085833
0 0.498750 0.817500 0.062500 0.073333
0 0.173750 0.807917 0.058750 0.082500
0 0.045625 0.756667 0.047500 0.071667
0 0.122813 0.752500 0.060625 0.076667
0 0.256875 0.777083 0.083750 0.127500
0 0.448750 0.728750 0.053750 0.075833
0 0.492500 0.725417 0.047500 0.079167
0 0.606250 0.690833 0.058750 0.066667
0 0.128750 0.660833 0.068750 0.066667
0 0.895625 0.655000 0.055000 0.071667
0 0.252500 0.652500 0.056250 0.068333
0 0.969688 0.646667 0.060625 0.075000
0 0.471875 0.641667 0.061250 0.065000
0 0.545000 0.644583 0.056250 0.079167
0 0.704375 0.645000 0.060000 0.085000
0 0.411875 0.592500 0.065000 0.080000
0 0.582500 0.572500 0.046250 0.063333
0 0.797500 0.559167 0.063750 0.068333
0 0.135000 0.555000 0.073750 0.068333
0 0.016563 0.551667 0.033125 0.068333
0 0.646875 0.548333 0.057500 0.068333
0 0.830625 0.497500 0.071250 0.075000
0 0.365625 0.464167 0.062500 0.071667
0 0.751250 0.445417 0.076250 0.080833
0 0.247188 0.430833 0.066875 0.076667
0 0.571250 0.427500 0.058750 0.076667
0 0.467813 0.426667 0.063125 0.075000
0 0.966250 0.422500 0.056250 0.083333
0 0.889062 0.422917 0.061875 0.087500
0 0.327813 0.423333 0.064375 0.088333
0 0.118750 0.409167 0.068750 0.073333
0 0.629375 0.395000 0.062500 0.068333
0 0.813438 0.393333 0.061875 0.085000
0 0.263125 0.335833 0.070000 0.066667
0 0.069375 0.338333 0.060000 0.071667
0 0.847187 0.338750 0.054375 0.090833
0 0.343750 0.320000 0.070000 0.085000
0 0.031563 0.283333 0.063125 0.076667
0 0.367500 0.260833 0.061250 0.073333
0 0.552500 0.234167 0.058750 0.076667
0 0.481875 0.198333 0.062500 0.078333
0 0.855000 0.184583 0.061250 0.072500
0 0.175000 0.176667 0.056250 0.065000
0 0.613125 0.170000 0.050000 0.065000
0 0.245312 0.158333 0.054375 0.071667
0 0.743750 0.141667 0.058750 0.071667
0 0.662500 0.129167 0.068750 0.080000
0 0.512500 0.123333 0.071250 0.068333
0 0.921875 0.119167 0.070000 0.080000
0 0.078750 0.101667 0.056250 0.061667
0 0.844688 0.094583 0.059375 0.062500
0 0.608437 0.073750 0.061875 0.074167
0 0.285625 0.059167 0.057500 0.080000
0 0.492500 0.046250 0.066250 0.080833
0 0.835000 0.018750 0.051250 0.037500
0 0.787188 0.040000 0.055625 0.080000
0 0.671250 0.027083 0.058750 0.054167
0 0.215625 0.022083 0.065000 0.044167