0 0.846562 0.987083 0.058125 0.025833
0 0.498750 0.987083 0.046250 0.025833
0 0.349062 0.975417 0.064375 0.049167
0 0.555000 0.970417 0.058750 0.059167
0 0.027500 0.957500 0.055000 0.085000
0 0.801875 0.950417 0.072500 0.087500
0 0.988437 0.922083 0.023125 0.069167
0 0.893750 0.903333 0.066250 0.075000
0 0.624375 0.905833 0.067500 0.090000
0 0.446562 0.903750 0.059375 0.090833
0 0.945625 0.895833 0.058750 0.096667
0 0.518125 0.886667 0.077500 0.091667
0 0.377812 0.874167 0.065625 0.090000
0 0.793125 0.868750 0.075000 0.090833
0 0.232500 0.835833 0.066250 0.090000
0 0.730938 0.827917 0.063125 0.090833
0 0.668750 0.805000 0.068750 0.098333
0 0.982187 0.784167 0.035625 0.070000
0 0.924375 0.776667 0.067500 0.088333
0 0.325625 0.780000 0.067500 0.095000
0 0.792500 0.773333 0.063750 0.088333
0 0.138437 0.761250 0.059375 0.084167
0 0.045000 0.770000 0.070000 0.103333
0 0.088750 0.754167 0.056250 0.103333
0 0.119688 0.682917 0.071875 0.082500
0 0.330625 0.670833 0.062500 0.090000
0 0.445000 0.647500 0.063750 0.083333
0 0.750000 0.625000 0.066250 0.075000
0 0.820000 0.610000 0.058750 0.085000
0 0.020313 0.568333 0.040625 0.081667
0 0.453750 0.562500 0.061250 0.080000
0 0.778750 0.530000 0.066250 0.098333
0 0.433750 0.495000 0.072500 0.086667
0 0.910625 0.487500 0.062500 0.083333
0 0.726562 0.480833 0.071875 0.105000
0 0.025937 0.450833 0.051875 0.086667
0 0.523438 0.444167 0.073125 0.100000
0 0.665000 0.426667 0.068750 0.098333
0 0.182500 0.425833 0.066250 0.096667
0 0.094375 0.410000 0.052500 0.078333
0 0.955625 0.410833 0.067500 0.083333
0 0.491563 0.382917 0.070625 0.089167
0 0.564375 0.360000 0.065000 0.088333
0 0.978437 0.332500 0.043125 0.116667
0 0.801250 0.320417 0.061250 0.092500
0 0.245938 0.306667 0.073125 0.098333
0 0.118125 0.297500 0.057500 0.080000
0 0.749375 0.298333 0.067500 0.095000
0 0.189688 0.278333 0.060625 0.078333
0 0.670625 0.278750 0.067500 0.085833
0 0.603125 0.275833 0.060000 0.091667
0 0.572187 0.245000 0.068125 0.090000
0 0.828750 0.239167 0.066250 0.093333
0 0.982812 0.218333 0.034375 0.068333
0 0.392500 0.201250 0.058750 0.090833
0 0.890000 0.194167 0.063750 0.090000
0 0.293750 0.193333 0.076250 0.091667
0 0.450937 0.201250 0.061875 0.109167
0 0.369063 0.165833 0.053125 0.078333
0 0.073750 0.169167 0.065000 0.085000
0 0.738750 0.142500 0.061250 0.076667
0 0.530312 0.132083 0.060625 0.087500
0 0.671875 0.128333 0.060000 0.085000
0 0.036250 0.124167 0.056250 0.076667
0 0.607500 0.118333 0.065000 0.073333
0 0.943750 0.113333 0.073750 0.091667
0 0.847500 0.083333 0.063750 0.075000
0 0.553438 0.079167 0.065625 0.081667
0 0.263750 0.076667 0.071250 0.098333
0 0.617500 0.053333 0.061250 0.090000
0 0.730000 0.028750 0.063750 0.057500
0 0.520000 0.030417 0.062500 0.060833
0 0.106875 0.024583 0.055000 0.049167
0 0.015938 0.019583 0.031875 0.039167