0 0.331250 0.962083 0.075000 0.075833
0 0.137813 0.959583 0.060625 0.080833
0 0.808750 0.959167 0.076250 0.081667
0 0.230000 0.955417 0.066250 0.089167
0 0.568438 0.926667 0.071875 0.100000
0 0.388437 0.907917 0.061875 0.082500
0 0.646875 0.867083 0.072500 0.095833
0 0.260937 0.862083 0.051875 0.102500
0 0.019062 0.832500 0.038125 0.106667
0 0.168125 0.812917 0.090000 0.089167
0 0.477500 0.783333 0.075000 0.071667
0 0.084062 0.787500 0.074375 0.100000
0 0.723125 0.740000 0.070000 0.091667
0 0.965938 0.725833 0.068125 0.093333
0 0.390313 0.720417 0.066875 0.085833
0 0.449062 0.685000 0.073125 0.100000
0 0.313750 0.667083 0.065000 0.084167
0 0.796562 0.635833 0.071875 0.098333
0 0.654375 0.622083 0.062500 0.092500
0 0.723750 0.615417 0.075000 0.092500
0 0.375312 0.603333 0.078125 0.100000
0 0.481250 0.599583 0.063750 0.095833
0 0.196250 0.555833 0.068750 0.081667
0 0.276875 0.542500 0.073750 0.088333
0 0.723750 0.530417 0.057500 0.074167
0 0.420625 0.537500 0.070000 0.091667
0 0.671250 0.531250 0.055000 0.097500
0 0.130312 0.490000 0.066875 0.086667
0 0.913750 0.469583 0.076250 0.085833
0 0.725625 0.451250 0.072500 0.095833
0 0.831250 0.440000 0.070000 0.090000
0 0.456562 0.427500 0.060625 0.091667
0 0.646250 0.427500 0.072500 0.096667
0 0.145313 0.403750 0.068125 0.090833
0 0.217812 0.394167 0.065625 0.088333
0 0.327188 0.403750 0.045625 0.119167
0 0.282813 0.417500 0.095625 0.160000
0 0.028438 0.374167 0.055625 0.083333
0 0.373437 0.399583 0.069375 0.145833
0 0.568750 0.364583 0.067500 0.084167
0 0.759375 0.359167 0.066250 0.091667
0 0.085938 0.358333 0.066875 0.096667
0 0.606250 0.347917 0.063750 0.094167
0 0.482812 0.341250 0.078125 0.080833
0 0.201563 0.297083 0.075625 0.092500
0 0.311875 0.281667 0.072500 0.091667
0 0.122188 0.275833 0.071875 0.098333
0 0.450625 0.260833 0.060000 0.100000
0 0.577187 0.242500 0.073125 0.095000
0 0.351562 0.238333 0.070625 0.091667
0 0.728750 0.239583 0.076250 0.095833
0 0.915312 0.225417 0.071875 0.097500
0 0.165937 0.192083 0.071875 0.097500
0 0.800937 0.192083 0.075625 0.099167
0 0.399062 0.165000 0.074375 0.101667
0 0.526563 0.113333 0.051875 0.083333
0 0.224688 0.099583 0.060625 0.080833
0 0.750938 0.096667 0.076875 0.101667
0 0.468438 0.073333 0.066875 0.090000
0 0.153438 0.074167 0.078125 0.095000
0 0.035625 0.067083 0.071250 0.109167
0 0.863750 0.061250 0.073750 0.099167
0 0.072500 0.030000 0.071250 0.060000