0 0.697500 0.967917 0.085000 0.059167
0 0.932187 0.968750 0.063125 0.062500
0 0.107813 0.968750 0.076875 0.062500
0 0.339062 0.957500 0.066875 0.085000
0 0.355312 0.915000 0.064375 0.066667
0 0.034688 0.892500 0.069375 0.078333
0 0.758437 0.888750 0.061875 0.097500
0 0.286562 0.857083 0.066875 0.074167
0 0.494063 0.857500 0.073125 0.083333
0 0.842812 0.844167 0.064375 0.105000
0 0.658438 0.835833 0.060625 0.100000
0 0.162188 0.812917 0.088125 0.059167
0 0.272500 0.781250 0.075000 0.080833
0 0.735000 0.775417 0.065000 0.094167
0 0.160312 0.759583 0.094375 0.067500
0 0.585625 0.747917 0.063750 0.085833
0 0.900312 0.732083 0.075625 0.077500
0 0.113125 0.720833 0.095000 0.075000
0 0.335313 0.715000 0.074375 0.093333
0 0.974688 0.710000 0.050625 0.086667
0 0.491250 0.700000 0.078750 0.080000
0 0.437812 0.676250 0.059375 0.069167
0 0.124375 0.666667 0.082500 0.060000
0 0.687500 0.670417 0.086250 0.074167
0 0.328437 0.659583 0.068125 0.079167
0 0.047813 0.661667 0.061875 0.130000
0 0.221250 0.637083 0.078750 0.094167
0 0.984375 0.620417 0.031250 0.075833
0 0.296875 0.616250 0.061250 0.072500
0 0.419375 0.608333 0.056250 0.078333
0 0.699063 0.603333 0.079375 0.070000
0 0.084375 0.602917 0.076250 0.075833
0 0.791250 0.600833 0.076250 0.085000
0 0.548438 0.597083 0.076875 0.092500
0 0.873750 0.586250 0.065000 0.077500
0 0.513125 0.583333 0.058750 0.080000
0 0.666875 0.573333 0.082500 0.105000
0 0.190312 0.537083 0.055625 0.085833
0 0.131875 0.532500 0.073750 0.091667
0 0.933438 0.529167 0.059375 0.093333
0 0.063125 0.524167 0.058750 0.103333
0 0.646250 0.515833 0.080000 0.088333
0 0.440625 0.505417 0.060000 0.087500
0 0.847500 0.480000 0.067500 0.078333
0 0.579063 0.466250 0.063125 0.085833
0 0.785625 0.457500 0.075000 0.076667
0 0.975313 0.451667 0.049375 0.083333
0 0.248438 0.441667 0.063125 0.078333
0 0.525312 0.436667 0.060625 0.083333
0 0.027187 0.424583 0.054375 0.092500
0 0.403125 0.403333 0.067500 0.086667
0 0.505938 0.389583 0.076875 0.077500
0 0.174063 0.397917 0.109375 0.095833
0 0.096875 0.393333 0.063750 0.108333
0 0.620625 0.372083 0.080000 0.090833
0 0.239687 0.350833 0.058125 0.068333
0 0.157188 0.357083 0.064375 0.085833
0 0.818125 0.342083 0.068750 0.082500
0 0.936875 0.333333 0.067500 0.085000
0 0.614375 0.305000 0.058750 0.086667
0 0.562187 0.283750 0.056875 0.089167
0 0.482500 0.227083 0.097500 0.060833
0 0.028750 0.225000 0.057500 0.085000
0 0.217188 0.212917 0.071875 0.079167
0 0.089063 0.233333 0.093125 0.120000
0 0.747188 0.207083 0.075625 0.075833
0 0.678438 0.195000 0.059375 0.093333
0 0.576875 0.165000 0.058750 0.088333
0 0.844375 0.125000 0.066250 0.090000
0 0.915000 0.094583 0.066250 0.090833
0 0.703125 0.068333 0.056250 0.080000
0 0.541875 0.050417 0.062500 0.095833
0 0.150312 0.046250 0.070625 0.092500