0 0.693750 0.958750 0.071250 0.082500
0 0.298750 0.958750 0.058750 0.082500
0 0.194688 0.949583 0.045625 0.100833
0 0.913438 0.902917 0.068125 0.100833
0 0.182812 0.839583 0.058125 0.082500
0 0.250937 0.825417 0.065625 0.089167
0 0.542813 0.814167 0.061875 0.103333
0 0.916875 0.803750 0.063750 0.089167
0 0.397500 0.803333 0.067500 0.095000
0 0.026875 0.772500 0.053750 0.076667
0 0.867500 0.736667 0.066250 0.101667
0 0.695000 0.710417 0.063750 0.092500
0 0.925000 0.695833 0.060000 0.090000
0 0.345000 0.681250 0.060000 0.079167
0 0.244062 0.686250 0.061875 0.090833
0 0.648438 0.650417 0.059375 0.090833
0 0.180312 0.648750 0.061875 0.100833
0 0.758437 0.620417 0.056875 0.095833
0 0.703750 0.609583 0.055000 0.089167
0 0.214062 0.590833 0.080625 0.110000
0 0.550000 0.567917 0.061250 0.089167
0 0.416875 0.579583 0.056250 0.125833
0 0.453125 0.563333 0.066250 0.100000
0 0.370000 0.559583 0.056250 0.109167
0 0.488750 0.523750 0.061250 0.075833
0 0.233125 0.505417 0.056250 0.092500
0 0.519687 0.485417 0.058125 0.084167
0 0.278750 0.491250 0.056250 0.104167
0 0.642500 0.458750 0.071250 0.092500
0 0.170937 0.424583 0.061875 0.090833
0 0.068750 0.419167 0.065000 0.086667
0 0.754062 0.397500 0.065625 0.080000
0 0.665000 0.399583 0.063750 0.094167
0 0.387188 0.403333 0.066875 0.111667
0 0.298438 0.395417 0.085625 0.112500
0 0.889687 0.357083 0.065625 0.084167
0 0.137500 0.353333 0.065000 0.086667
0 0.352500 0.356667 0.050000 0.096667
0 0.562187 0.347917 0.064375 0.087500
0 0.889375 0.273750 0.068750 0.080833
0 0.425312 0.270833 0.048125 0.115000
0 0.374688 0.254167 0.050625 0.121667
0 0.215625 0.224583 0.065000 0.092500
0 0.601875 0.190833 0.062500 0.095000
0 0.883750 0.178333 0.058750 0.096667
0 0.248750 0.170833 0.058750 0.106667
0 0.149062 0.141667 0.059375 0.083333
0 0.038750 0.142917 0.065000 0.095833
0 0.841250 0.105417 0.058750 0.094167
0 0.035937 0.092083 0.071875 0.115833
0 0.760938 0.055000 0.068125 0.085000
0 0.940937 0.039583 0.065625 0.079167
0 0.356875 0.036667 0.065000 0.073333