0 0.575313 0.977500 0.075625 0.045000
0 0.430000 0.976250 0.088750 0.047500
0 0.030937 0.974583 0.056875 0.050833
0 0.699375 0.970833 0.073750 0.058333
0 0.911563 0.960833 0.049375 0.061667
0 0.839688 0.965000 0.055625 0.070000
0 0.352500 0.960833 0.058750 0.071667
0 0.227187 0.960417 0.050625 0.077500
0 0.161875 0.957500 0.058750 0.085000
0 0.786250 0.952083 0.053750 0.095833
0 0.093750 0.951250 0.053750 0.094167
0 0.047188 0.936667 0.050625 0.081667
0 0.517813 0.930833 0.075625 0.078333
0 0.466875 0.930417 0.061250 0.080833
0 0.831250 0.911667 0.067500 0.083333
0 0.109687 0.892917 0.060625 0.054167
0 0.910000 0.896667 0.052500 0.066667
0 0.572500 0.896667 0.061250 0.088333
0 0.459688 0.872500 0.054375 0.081667
0 0.206563 0.867917 0.056875 0.072500
0 0.971875 0.866667 0.053750 0.075000
0 0.393125 0.884583 0.072500 0.115833
0 0.305937 0.867500 0.059375 0.088333
0 0.711250 0.865000 0.067500 0.105000
0 0.862187 0.837500 0.055625 0.073333
0 0.024688 0.848333 0.049375 0.106667
0 0.422812 0.823333 0.058125 0.073333
0 0.146563 0.840417 0.054375 0.109167
0 0.075938 0.816667 0.055625 0.073333
0 0.646250 0.828750 0.053750 0.104167
0 0.786875 0.828750 0.071250 0.109167
0 0.212188 0.800000 0.056875 0.075000
0 0.342500 0.807917 0.063750 0.100833
0 0.254375 0.787083 0.051250 0.065833
0 0.605000 0.791667 0.085000 0.086667
0 0.134063 0.766667 0.068125 0.053333
0 0.945000 0.774167 0.056250 0.085000
0 0.736875 0.760833 0.072500 0.073333
0 0.868750 0.767917 0.075000 0.105833
0 0.473750 0.752917 0.051250 0.079167
0 0.577500 0.732917 0.042500 0.062500
0 0.258125 0.725000 0.047500 0.061667
0 0.921875 0.730417 0.050000 0.080833
0 0.312188 0.736667 0.060625 0.101667
0 0.168125 0.710833 0.050000 0.066667
0 0.204375 0.716250 0.051250 0.080833
0 0.670000 0.697917 0.055000 0.069167
0 0.596875 0.698333 0.057500 0.076667
0 0.028438 0.695833 0.056875 0.073333
0 0.978750 0.692917 0.042500 0.070833
0 0.505313 0.671250 0.050625 0.054167
0 0.790312 0.681667 0.058125 0.076667
0 0.077500 0.671250 0.053750 0.057500
0 0.368437 0.675000 0.056875 0.070000
0 0.438437 0.671667 0.056875 0.071667
0 0.649375 0.662083 0.051250 0.069167
0 0.893750 0.672917 0.061250 0.097500
0 0.570937 0.647083 0.051875 0.065833
0 0.290625 0.645833 0.063750 0.080000
0 0.115000 0.648333 0.040000 0.096667
0 0.171875 0.621250 0.052500 0.065833
0 0.953438 0.633333 0.056875 0.091667
0 0.859375 0.626667 0.063750 0.080000
0 0.215625 0.635417 0.065000 0.114167
0 0.806875 0.611250 0.061250 0.082500
0 0.411875 0.594583 0.047500 0.072500
0 0.342813 0.587083 0.059375 0.080833
0 0.574063 0.598750 0.084375 0.120833
0 0.119375 0.570417 0.040000 0.079167
0 0.884687 0.563750 0.039375 0.070833
0 0.224375 0.552917 0.057500 0.065833
0 0.445937 0.559167 0.071875 0.081667
0 0.022187 0.570000 0.044375 0.105000
0 0.982187 0.554167 0.035625 0.075000
0 0.769375 0.529167 0.063750 0.080000
0 0.388437 0.522917 0.058125 0.069167
0 0.288750 0.545000 0.067500 0.116667
0 0.476250 0.518750 0.060000 0.067500
0 0.860313 0.520417 0.054375 0.084167
0 0.580313 0.512917 0.056875 0.075833
0 0.075625 0.513750 0.051250 0.079167
0 0.935312 0.500000 0.066875 0.070000
0 0.695312 0.503333 0.061875 0.081667
0 0.633750 0.496250 0.080000 0.090833
0 0.140937 0.480417 0.061875 0.075833
0 0.795000 0.490417 0.068750 0.104167
0 0.914062 0.459583 0.064375 0.067500
0 0.247500 0.464583 0.055000 0.079167
0 0.396250 0.466250 0.075000 0.095833
0 0.200937 0.450000 0.045625 0.070000
0 0.317812 0.440417 0.050625 0.062500
0 0.043125 0.433750 0.057500 0.069167
0 0.686250 0.427500 0.057500 0.068333
0 0.542188 0.454583 0.075625 0.127500
0 0.479063 0.436667 0.060625 0.098333
0 0.072188 0.408333 0.069375 0.061667
0 0.753125 0.410833 0.061250 0.091667
0 0.150000 0.401250 0.082500 0.092500
0 0.217812 0.393333 0.041875 0.078333
0 0.955937 0.391667 0.061875 0.083333
0 0.414687 0.379583 0.048125 0.075833
0 0.828750 0.375833 0.065000 0.080000
0 0.637500 0.371250 0.062500 0.102500
0 0.343125 0.353750 0.042500 0.069167
0 0.741875 0.346667 0.056250 0.068333
0 0.478750 0.350833 0.080000 0.080000
0 0.282500 0.362083 0.067500 0.104167
0 0.564063 0.342500 0.061875 0.068333
0 0.023750 0.342083 0.047500 0.079167
0 0.908438 0.352500 0.041875 0.105000
0 0.096250 0.344167 0.067500 0.118333
0 0.865625 0.323333 0.076250 0.083333
0 0.970938 0.310417 0.058125 0.077500
0 0.375625 0.303333 0.043750 0.063333
0 0.199375 0.308333 0.055000 0.085000
0 0.642188 0.290833 0.055625 0.056667
0 0.791562 0.296250 0.050625 0.075833
0 0.110000 0.277917 0.053750 0.062500
0 0.317812 0.274167 0.066875 0.065000
0 0.180625 0.272083 0.052500 0.074167
0 0.450313 0.267083 0.050625 0.065833
0 0.050937 0.264583 0.051875 0.072500
0 0.520625 0.264167 0.056250 0.075000
0 0.710938 0.265417 0.063125 0.079167
0 0.817500 0.261250 0.047500 0.084167
0 0.568750 0.252500 0.052500 0.066667
0 0.943125 0.242500 0.066250 0.103333
0 0.632188 0.232083 0.054375 0.084167
0 0.880313 0.236250 0.064375 0.100833
0 0.052812 0.198750 0.053125 0.057500
0 0.313125 0.190000 0.063750 0.061667
0 0.752500 0.187083 0.055000 0.075833
0 0.371563 0.190417 0.060625 0.087500
0 0.562813 0.184167 0.058125 0.078333
0 0.491875 0.182083 0.057500 0.074167
0 0.434063 0.192083 0.061875 0.109167
0 0.130938 0.184167 0.070625 0.093333
0 0.206563 0.189583 0.100625 0.109167
0 0.978125 0.166250 0.043750 0.070833
0 0.869687 0.168333 0.080625 0.106667
0 0.600625 0.145000 0.046250 0.068333
0 0.317812 0.124583 0.076875 0.075833
0 0.277187 0.120000 0.063125 0.073333
0 0.677813 0.130417 0.069375 0.097500
0 0.939375 0.128750 0.061250 0.107500
0 0.062812 0.110417 0.078125 0.085833
0 0.220312 0.099583 0.068125 0.069167
0 0.844063 0.095000 0.079375 0.076667
0 0.750000 0.097917 0.093750 0.109167
0 0.611875 0.080000 0.057500 0.076667
0 0.504375 0.085417 0.061250 0.097500
0 0.571875 0.065417 0.052500 0.065833
0 0.426875 0.081250 0.065000 0.099167
0 0.327813 0.050000 0.044375 0.070000
0 0.679688 0.048750 0.050625 0.070833
0 0.926562 0.044167 0.070625 0.083333
0 0.283125 0.042500 0.046250 0.081667
0 0.850625 0.018750 0.057500 0.037500
0 0.798438 0.051667 0.056875 0.103333
0 0.748750 0.021250 0.041250 0.042500
0 0.554688 0.027500 0.058125 0.055000
0 0.375625 0.022083 0.058750 0.044167
0 0.167187 0.040000 0.058125 0.080000
0 0.092813 0.032500 0.058125 0.065000