0 0.324375 0.959167 0.068750 0.081667
0 0.041250 0.957500 0.082500 0.085000
0 0.421250 0.944583 0.058750 0.080833
0 0.739375 0.938333 0.058750 0.076667
0 0.574063 0.939167 0.109375 0.091667
0 0.036562 0.904583 0.059375 0.072500
0 0.924687 0.915833 0.095625 0.116667
0 0.097812 0.895833 0.073125 0.088333
0 0.739375 0.856250 0.065000 0.080833
0 0.551250 0.856250 0.088750 0.089167
0 0.893125 0.851667 0.086250 0.085000
0 0.415625 0.844167 0.062500 0.070000
0 0.174063 0.825833 0.051875 0.070000
0 0.665625 0.840417 0.061250 0.100833
0 0.487187 0.830417 0.054375 0.084167
0 0.746875 0.787917 0.056250 0.057500
0 0.078750 0.794167 0.065000 0.073333
0 0.554688 0.786667 0.054375 0.063333
0 0.360625 0.808750 0.087500 0.114167
0 0.893750 0.776667 0.067500 0.076667
0 0.954063 0.754583 0.056875 0.074167
0 0.769375 0.725417 0.061250 0.062500
0 0.831875 0.727917 0.063750 0.084167
0 0.542813 0.720417 0.055625 0.092500
0 0.888750 0.701250 0.053750 0.075833
0 0.600313 0.708333 0.061875 0.090000
0 0.235313 0.710000 0.065625 0.095000
0 0.079375 0.707917 0.063750 0.094167
0 0.435312 0.700000 0.063125 0.093333
0 0.972187 0.677083 0.055625 0.087500
0 0.750938 0.661667 0.081875 0.070000
0 0.328437 0.693333 0.074375 0.133333
0 0.282187 0.665000 0.076875 0.086667
0 0.680000 0.650417 0.057500 0.075833
0 0.836250 0.652500 0.066250 0.083333
0 0.914062 0.644583 0.088125 0.069167
0 0.183438 0.649583 0.078125 0.102500
0 0.114062 0.617083 0.054375 0.079167
0 0.778750 0.599583 0.063750 0.070833
0 0.722812 0.598333 0.058125 0.073333
0 0.495312 0.596667 0.065625 0.098333
0 0.662188 0.568750 0.056875 0.082500
0 0.129688 0.542917 0.059375 0.080833
0 0.790625 0.529583 0.093750 0.094167
0 0.699688 0.518750 0.064375 0.092500
0 0.575625 0.540417 0.097500 0.142500
0 0.854688 0.510833 0.068125 0.085000
0 0.267500 0.517917 0.066250 0.099167
0 0.942813 0.497500 0.064375 0.088333
0 0.486563 0.495000 0.069375 0.090000
0 0.415000 0.472917 0.067500 0.087500
0 0.614062 0.477500 0.073125 0.100000
0 0.200313 0.458750 0.065625 0.092500
0 0.330625 0.478750 0.092500 0.140833
0 0.775312 0.447500 0.076875 0.098333
0 0.873750 0.425833 0.067500 0.085000
0 0.047813 0.429583 0.064375 0.094167
0 0.125312 0.438333 0.089375 0.131667
0 0.246250 0.413750 0.063750 0.085833
0 0.495312 0.380417 0.065625 0.065833
0 0.080000 0.367500 0.070000 0.080000
0 0.956250 0.363750 0.087500 0.105833
0 0.566875 0.364167 0.075000 0.130000
0 0.450625 0.335833 0.071250 0.075000
0 0.649687 0.351250 0.074375 0.114167
0 0.741250 0.305417 0.072500 0.100833
0 0.370000 0.283333 0.102500 0.116667
0 0.054375 0.249583 0.070000 0.087500
0 0.687813 0.243750 0.081875 0.079167
0 0.543750 0.244167 0.098750 0.123333
0 0.407813 0.211667 0.071875 0.088333
0 0.948750 0.198750 0.067500 0.092500
0 0.045625 0.185000 0.063750 0.068333
0 0.500000 0.179583 0.087500 0.104167
0 0.376563 0.114583 0.059375 0.089167
0 0.017500 0.114583 0.035000 0.095833
0 0.060937 0.096250 0.053125 0.072500
0 0.444375 0.092917 0.070000 0.082500
0 0.921562 0.056250 0.063125 0.097500
0 0.162500 0.044583 0.058750 0.079167
0 0.977500 0.045417 0.045000 0.090833
0 0.813125 0.036667 0.067500 0.073333
0 0.749062 0.024583 0.065625 0.049167
0 0.519062 0.031250 0.065625 0.062500
0 0.403750 0.026667 0.071250 0.053333
0 0.276250 0.045833 0.070000 0.091667
0 0.073750 0.032917 0.048750 0.065833