0 0.193750 0.972083 0.053750 0.055833
0 0.784375 0.967083 0.056250 0.065833
0 0.699063 0.953333 0.060625 0.083333
0 0.065312 0.946250 0.064375 0.084167
0 0.471250 0.928750 0.065000 0.079167
0 0.619687 0.921667 0.053125 0.070000
0 0.283750 0.920417 0.071250 0.089167
0 0.140000 0.920417 0.080000 0.094167
0 0.672188 0.896667 0.058125 0.100000
0 0.047188 0.873333 0.066875 0.073333
0 0.929688 0.869583 0.050625 0.075833
0 0.280625 0.840000 0.073750 0.071667
0 0.629062 0.843333 0.069375 0.090000
0 0.978437 0.840000 0.043125 0.086667
0 0.465000 0.838333 0.065000 0.095000
0 0.771250 0.813750 0.063750 0.087500
0 0.512813 0.795833 0.070625 0.100000
0 0.823125 0.741667 0.060000 0.071667
0 0.390000 0.744167 0.062500 0.080000
0 0.476562 0.723750 0.059375 0.075833
0 0.126250 0.719167 0.055000 0.070000
0 0.692813 0.733750 0.081875 0.104167
0 0.566562 0.713333 0.065625 0.080000
0 0.889375 0.682917 0.060000 0.080833
0 0.020625 0.661250 0.041250 0.067500
0 0.301250 0.667083 0.061250 0.080833
0 0.949063 0.644167 0.063125 0.078333
0 0.812187 0.637500 0.064375 0.086667
0 0.278125 0.595833 0.062500 0.076667
0 0.727812 0.568333 0.054375 0.065000
0 0.129375 0.549167 0.057500 0.085000
0 0.260313 0.526667 0.063125 0.070000
0 0.042188 0.506250 0.055625 0.082500
0 0.572500 0.502500 0.067500 0.081667
0 0.893125 0.503750 0.061250 0.085833
0 0.087188 0.484167 0.065625 0.075000
0 0.396875 0.475833 0.065000 0.085000
0 0.819375 0.461667 0.061250 0.078333
0 0.670937 0.467083 0.068125 0.090833
0 0.505938 0.457917 0.066875 0.072500
0 0.449062 0.427917 0.068125 0.057500
0 0.200000 0.439167 0.057500 0.080000
0 0.852500 0.441250 0.065000 0.087500
0 0.612500 0.415000 0.065000 0.086667
0 0.559688 0.415417 0.054375 0.087500
0 0.103438 0.401667 0.090625 0.111667
0 0.980938 0.380417 0.038125 0.082500
0 0.769687 0.375833 0.058125 0.085000
0 0.655000 0.369167 0.077500 0.085000
0 0.519687 0.356667 0.078125 0.081667
0 0.034688 0.346250 0.069375 0.070833
0 0.822812 0.352500 0.055625 0.088333
0 0.145937 0.337083 0.079375 0.119167
0 0.717812 0.312083 0.060625 0.070833
0 0.440312 0.311250 0.063125 0.100833
0 0.380625 0.298333 0.057500 0.076667
0 0.057813 0.287083 0.056875 0.084167
0 0.783438 0.282083 0.074375 0.087500
0 0.495937 0.255833 0.070625 0.081667
0 0.118438 0.230000 0.066875 0.083333
0 0.023438 0.226667 0.046875 0.085000
0 0.970938 0.209583 0.056875 0.072500
0 0.618750 0.217917 0.068750 0.090833
0 0.504062 0.196667 0.058125 0.076667
0 0.383750 0.195000 0.061250 0.081667
0 0.236563 0.182083 0.074375 0.100833
0 0.711562 0.175833 0.064375 0.093333
0 0.168125 0.140833 0.061250 0.070000
0 0.035000 0.099583 0.057500 0.079167
0 0.180938 0.083750 0.064375 0.072500
0 0.315312 0.087500 0.064375 0.081667
0 0.825313 0.073333 0.059375 0.081667
0 0.882188 0.071250 0.068125 0.082500
0 0.519062 0.048750 0.069375 0.090833
0 0.802500 0.032917 0.066250 0.065833
0 0.695625 0.033750 0.063750 0.067500
0 0.389062 0.025000 0.055625 0.050000
0 0.333437 0.021667 0.059375 0.043333
0 0.054688 0.028333 0.058125 0.056667