0 0.186250 0.984167 0.057500 0.031667
0 0.265313 0.977917 0.059375 0.044167
0 0.551250 0.976250 0.082500 0.047500
0 0.355000 0.975417 0.048750 0.049167
0 0.475313 0.962500 0.054375 0.075000
0 0.751250 0.954583 0.051250 0.070833
0 0.965313 0.938750 0.054375 0.072500
0 0.845313 0.934583 0.056875 0.074167
0 0.208437 0.933750 0.054375 0.072500
0 0.622188 0.947500 0.069375 0.105000
0 0.340938 0.929167 0.071875 0.081667
0 0.102188 0.907917 0.058125 0.075833
0 0.542188 0.912083 0.085625 0.095833
0 0.917500 0.889583 0.061250 0.057500
0 0.442188 0.891250 0.089375 0.107500
0 0.223125 0.866250 0.081250 0.062500
0 0.297500 0.872083 0.063750 0.082500
0 0.787500 0.885833 0.077500 0.116667
0 0.618750 0.856667 0.060000 0.076667
0 0.979688 0.844167 0.040625 0.073333
0 0.935937 0.839583 0.076875 0.070833
0 0.731250 0.828750 0.050000 0.072500
0 0.664375 0.796250 0.060000 0.080833
0 0.016563 0.795833 0.033125 0.083333
0 0.312500 0.791250 0.048750 0.077500
0 0.433125 0.767917 0.056250 0.069167
0 0.934688 0.766667 0.090625 0.091667
0 0.797813 0.764583 0.060625 0.090833
0 0.271250 0.757917 0.060000 0.077500
0 0.335000 0.758750 0.061250 0.084167
0 0.495312 0.748750 0.059375 0.079167
0 0.574375 0.732917 0.062500 0.082500
0 0.062187 0.735417 0.074375 0.090833
0 0.196250 0.732917 0.062500 0.087500
0 0.254688 0.720833 0.053125 0.070000
0 0.400000 0.720417 0.057500 0.080833
0 0.744062 0.708333 0.061875 0.080000
0 0.312500 0.694583 0.055000 0.069167
0 0.149375 0.677500 0.065000 0.088333
0 0.860313 0.660000 0.050625 0.070000
0 0.266875 0.647083 0.060000 0.079167
0 0.718437 0.630000 0.049375 0.070000
0 0.027500 0.647083 0.055000 0.107500
0 0.966875 0.625417 0.056250 0.067500
0 0.551562 0.614583 0.056875 0.077500
0 0.891250 0.606667 0.052500 0.073333
0 0.335625 0.619583 0.076250 0.099167
0 0.811875 0.607917 0.061250 0.094167
0 0.762500 0.592500 0.058750 0.068333
0 0.363125 0.585417 0.047500 0.065833
0 0.168750 0.585417 0.051250 0.070833
0 0.256563 0.574583 0.054375 0.074167
0 0.895625 0.557083 0.067500 0.067500
0 0.680312 0.559167 0.061875 0.080000
0 0.971562 0.533750 0.056875 0.070833
0 0.021875 0.536667 0.043750 0.085000
0 0.622812 0.515000 0.054375 0.081667
0 0.563125 0.500833 0.063750 0.081667
0 0.749062 0.488750 0.054375 0.074167
0 0.976562 0.466667 0.046875 0.061667
0 0.879375 0.457500 0.053750 0.075000
0 0.137500 0.440000 0.057500 0.056667
0 0.538125 0.437083 0.046250 0.067500
0 0.807500 0.430833 0.047500 0.065000
0 0.350625 0.425833 0.058750 0.070000
0 0.623437 0.411667 0.056875 0.073333
0 0.300312 0.407917 0.048125 0.102500
0 0.967187 0.391250 0.065625 0.077500
0 0.515312 0.379167 0.056875 0.061667
0 0.465625 0.379167 0.051250 0.081667
0 0.154062 0.373333 0.056875 0.071667
0 0.904062 0.367083 0.053125 0.067500
0 0.256875 0.372083 0.061250 0.077500
0 0.365000 0.366250 0.056250 0.075833
0 0.720625 0.314167 0.060000 0.068333
0 0.416875 0.317917 0.063750 0.084167
0 0.781563 0.309583 0.056875 0.069167
0 0.950313 0.312917 0.060625 0.079167
0 0.329688 0.306250 0.054375 0.079167
0 0.637188 0.323750 0.079375 0.115833
0 0.245625 0.306250 0.063750 0.080833
0 0.616563 0.252917 0.055625 0.050833
0 0.857812 0.256667 0.068125 0.081667
0 0.226250 0.249583 0.055000 0.079167
0 0.659687 0.237917 0.051875 0.064167
0 0.938438 0.240417 0.056875 0.077500
0 0.388437 0.244583 0.063125 0.085833
0 0.296563 0.227083 0.060625 0.074167
0 0.980000 0.230417 0.040000 0.095833
0 0.187812 0.217083 0.056875 0.080833
0 0.023438 0.208750 0.046875 0.097500
0 0.085312 0.203750 0.066875 0.089167
0 0.648750 0.185417 0.065000 0.070833
0 0.584063 0.186667 0.058125 0.076667
0 0.831875 0.178333 0.062500 0.076667
0 0.278750 0.159167 0.070000 0.073333
0 0.930937 0.151667 0.063125 0.085000
0 0.771563 0.130417 0.064375 0.080833
0 0.685000 0.128333 0.062500 0.078333
0 0.291875 0.120000 0.063750 0.080000
0 0.376250 0.129583 0.078750 0.105833
0 0.049063 0.117500 0.060625 0.085000
0 0.199375 0.110833 0.061250 0.075000
0 0.975313 0.104167 0.049375 0.085000
0 0.310000 0.085000 0.062500 0.083333
0 0.643750 0.078333 0.052500 0.071667
0 0.584063 0.067500 0.064375 0.080000
0 0.432812 0.048750 0.056875 0.067500
0 0.251563 0.048750 0.063125 0.080833
0 0.829375 0.041250 0.058750 0.080833
0 0.982812 0.032500 0.034375 0.065000
0 0.866563 0.047083 0.065625 0.094167
0 0.550000 0.025000 0.043750 0.050000
0 0.495312 0.032917 0.053125 0.065833
0 0.195625 0.035000 0.056250 0.070000