0 0.185000 0.972917 0.068750 0.054167
0 0.044062 0.960000 0.068125 0.080000
0 0.857812 0.934583 0.068125 0.090833
0 0.615625 0.941667 0.081250 0.116667
0 0.120000 0.922083 0.070000 0.080833
0 0.896875 0.872917 0.071250 0.095833
0 0.373437 0.841250 0.056875 0.085833
0 0.559063 0.842917 0.071875 0.090833
0 0.169687 0.838750 0.059375 0.084167
0 0.240313 0.809583 0.071875 0.092500
0 0.334688 0.810833 0.068125 0.101667
0 0.971250 0.781250 0.057500 0.070833
0 0.693750 0.769167 0.065000 0.100000
0 0.898438 0.750417 0.061875 0.124167
0 0.820937 0.734583 0.088125 0.099167
0 0.604688 0.712083 0.066875 0.087500
0 0.509375 0.693750 0.080000 0.120833
0 0.377188 0.642500 0.069375 0.098333
0 0.316875 0.632083 0.065000 0.092500
0 0.286562 0.586250 0.061875 0.085833
0 0.529062 0.587500 0.076875 0.096667
0 0.071563 0.575833 0.060625 0.086667
0 0.811875 0.560417 0.078750 0.099167
0 0.245312 0.547083 0.084375 0.134167
0 0.708125 0.512500 0.081250 0.086667
0 0.928438 0.501250 0.073125 0.092500
0 0.535937 0.485000 0.064375 0.081667
0 0.023750 0.420417 0.047500 0.084167
0 0.471562 0.420000 0.070625 0.093333
0 0.952812 0.327917 0.069375 0.095833
0 0.330313 0.312083 0.075625 0.107500
0 0.759687 0.301667 0.074375 0.108333
0 0.251563 0.282917 0.071875 0.092500
0 0.853437 0.245833 0.066875 0.093333
0 0.973750 0.243333 0.052500 0.100000
0 0.143437 0.197083 0.064375 0.087500
0 0.055625 0.194167 0.063750 0.088333
0 0.932187 0.204167 0.081875 0.116667
0 0.593125 0.184583 0.071250 0.090833
0 0.789062 0.182500 0.066875 0.095000
0 0.390937 0.157500 0.065625 0.090000
0 0.215938 0.155417 0.074375 0.097500
0 0.679375 0.143333 0.062500 0.083333
0 0.021250 0.133750 0.042500 0.095833
0 0.636875 0.050417 0.075000 0.092500