0 0.365312 0.980000 0.051875 0.040000
0 0.210938 0.974583 0.064375 0.050833
0 0.912188 0.970000 0.066875 0.060000
0 0.278438 0.957917 0.058125 0.084167
0 0.498437 0.956667 0.058125 0.086667
0 0.396562 0.932917 0.055625 0.074167
0 0.942813 0.935000 0.055625 0.080000
0 0.019375 0.925833 0.038750 0.068333
0 0.885938 0.922917 0.073125 0.067500
0 0.332500 0.928750 0.062500 0.092500
0 0.579688 0.916250 0.058125 0.077500
0 0.759687 0.917500 0.065625 0.083333
0 0.169063 0.916667 0.059375 0.086667
0 0.982500 0.915833 0.035000 0.091667
0 0.123125 0.899583 0.055000 0.079167
0 0.220000 0.891667 0.052500 0.066667
0 0.492500 0.876250 0.056250 0.075833
0 0.957812 0.851667 0.058125 0.056667
0 0.415625 0.856250 0.061250 0.082500
0 0.024063 0.850417 0.048125 0.074167
0 0.882500 0.847500 0.071250 0.090000
0 0.666562 0.829167 0.053125 0.066667
0 0.256563 0.842500 0.084375 0.113333
0 0.811250 0.832917 0.070000 0.095833
0 0.060625 0.817500 0.050000 0.075000
0 0.104063 0.814167 0.059375 0.073333
0 0.690625 0.767917 0.060000 0.072500
0 0.302500 0.768750 0.085000 0.085833
0 0.377188 0.760000 0.048125 0.070000
0 0.749687 0.754583 0.056875 0.070833
0 0.966250 0.761667 0.065000 0.086667
0 0.223438 0.755417 0.068125 0.074167
0 0.850313 0.753750 0.071875 0.089167
0 0.436875 0.744583 0.057500 0.074167
0 0.153438 0.734583 0.061875 0.089167
0 0.569688 0.710000 0.046875 0.073333
0 0.104063 0.688333 0.043125 0.055000
0 0.901875 0.699167 0.060000 0.080000
0 0.208125 0.688333 0.060000 0.070000
0 0.405625 0.684583 0.056250 0.077500
0 0.622500 0.676667 0.057500 0.066667
0 0.340000 0.679583 0.053750 0.072500
0 0.963125 0.662917 0.061250 0.075833
0 0.058750 0.642917 0.073750 0.089167
0 0.187188 0.593333 0.063125 0.096667
0 0.024375 0.581250 0.048750 0.082500
0 0.619375 0.574583 0.060000 0.075833
0 0.373437 0.565000 0.059375 0.078333
0 0.088750 0.556250 0.053750 0.077500
0 0.964063 0.552500 0.059375 0.086667
0 0.679375 0.542917 0.068750 0.082500
0 0.433750 0.529167 0.061250 0.080000
0 0.344687 0.515417 0.053125 0.072500
0 0.225312 0.514167 0.051875 0.075000
0 0.575625 0.515417 0.052500 0.079167
0 0.042500 0.515000 0.053750 0.086667
0 0.860938 0.498750 0.053125 0.069167
0 0.510000 0.499167 0.072500 0.078333
0 0.667813 0.480833 0.050625 0.076667
0 0.625000 0.472500 0.058750 0.075000
0 0.418125 0.457917 0.096250 0.094167
0 0.259688 0.449167 0.051875 0.081667
0 0.772500 0.455417 0.072500 0.100833
0 0.501875 0.429167 0.053750 0.063333
0 0.099062 0.437917 0.070625 0.087500
0 0.345625 0.438750 0.082500 0.092500
0 0.947500 0.436250 0.086250 0.092500
0 0.227500 0.417917 0.060000 0.077500
0 0.445000 0.397917 0.066250 0.064167
0 0.850625 0.408750 0.063750 0.090833
0 0.893125 0.392083 0.046250 0.079167
0 0.102188 0.368750 0.061875 0.067500
0 0.715938 0.355833 0.066875 0.075000
0 0.626875 0.353750 0.060000 0.085833
0 0.788750 0.324167 0.051250 0.068333
0 0.567500 0.311667 0.067500 0.081667
0 0.458437 0.317500 0.070625 0.093333
0 0.137187 0.299583 0.053125 0.072500
0 0.241250 0.287083 0.060000 0.072500
0 0.666250 0.273750 0.055000 0.074167
0 0.416875 0.270833 0.081250 0.088333
0 0.510000 0.260833 0.067500 0.071667
0 0.352500 0.257500 0.050000 0.071667
0 0.856563 0.249583 0.058125 0.067500
0 0.609062 0.239167 0.058125 0.078333
0 0.034688 0.220417 0.051875 0.069167
0 0.300938 0.218750 0.061875 0.072500
0 0.437812 0.216250 0.051875 0.074167
0 0.154375 0.202917 0.058750 0.079167
0 0.490312 0.193750 0.056875 0.067500
0 0.891250 0.194583 0.056250 0.072500
0 0.567187 0.197083 0.064375 0.084167
0 0.812187 0.173333 0.059375 0.083333
0 0.200937 0.157917 0.049375 0.067500
0 0.751563 0.156667 0.053125 0.078333
0 0.288750 0.149167 0.063750 0.063333
0 0.059062 0.151250 0.070625 0.087500
0 0.436250 0.139167 0.060000 0.078333
0 0.532500 0.133333 0.062500 0.083333
0 0.988125 0.120000 0.023750 0.063333
0 0.663438 0.119167 0.055625 0.083333
0 0.865313 0.119167 0.066875 0.085000
0 0.599688 0.092083 0.066875 0.067500
0 0.448750 0.087917 0.053750 0.064167
0 0.261875 0.084167 0.058750 0.081667
0 0.933438 0.042500 0.039375 0.056667
0 0.213438 0.040833 0.055625 0.063333
0 0.021875 0.045833 0.043750 0.078333
0 0.363438 0.069167 0.080625 0.133333
0 0.842812 0.029583 0.069375 0.059167
0 0.404687 0.020000 0.059375 0.040000
0 0.294063 0.029167 0.070625 0.058333
0 0.064375 0.026667 0.063750 0.053333