0 0.820000 0.901250 0.082500 0.114167
0 0.029687 0.802917 0.059375 0.085833
0 0.510000 0.795417 0.071250 0.102500
0 0.864688 0.785000 0.083125 0.118333
0 0.238125 0.758750 0.083750 0.102500
0 0.586250 0.715417 0.077500 0.109167
0 0.457813 0.658333 0.078125 0.091667
0 0.769375 0.640000 0.075000 0.083333
0 0.829688 0.652500 0.068125 0.111667
0 0.644687 0.631250 0.076875 0.084167
0 0.675625 0.557500 0.078750 0.091667
0 0.908438 0.512083 0.064375 0.077500
0 0.757500 0.524167 0.070000 0.103333
0 0.512188 0.498333 0.084375 0.098333
0 0.974688 0.464583 0.050625 0.115833
0 0.652500 0.450000 0.086250 0.105000
0 0.575000 0.404583 0.090000 0.112500
0 0.168125 0.331667 0.080000 0.091667
0 0.683438 0.334583 0.085625 0.109167
0 0.861250 0.311667 0.068750 0.078333
0 0.976250 0.287917 0.047500 0.104167
0 0.722812 0.262500 0.093125 0.093333
0 0.594375 0.241667 0.070000 0.101667
0 0.068125 0.230000 0.082500 0.101667
0 0.827500 0.213750 0.073750 0.105833
0 0.667500 0.167917 0.081250 0.099167
0 0.383750 0.046667 0.066250 0.093333