0 0.095625 0.977083 0.055000 0.045833
0 0.621875 0.975833 0.056250 0.048333
0 0.056563 0.971667 0.049375 0.056667
0 0.551250 0.970000 0.060000 0.060000
0 0.855938 0.960000 0.070625 0.080000
0 0.484375 0.952917 0.112500 0.094167
0 0.121563 0.949583 0.059375 0.090833
0 0.164687 0.940833 0.053125 0.083333
0 0.390937 0.947500 0.061875 0.098333
0 0.609688 0.934583 0.056875 0.075833
0 0.859375 0.907083 0.068750 0.072500
0 0.034375 0.858750 0.068750 0.057500
0 0.543125 0.870000 0.075000 0.088333
0 0.790937 0.877917 0.079375 0.115833
0 0.709375 0.870833 0.065000 0.105000
0 0.620313 0.849583 0.060625 0.062500
0 0.215625 0.861667 0.078750 0.086667
0 0.108438 0.846250 0.054375 0.084167
0 0.287187 0.863333 0.061875 0.121667
0 0.435625 0.862917 0.110000 0.127500
0 0.339375 0.828333 0.078750 0.103333
0 0.610938 0.804583 0.061875 0.072500
0 0.377812 0.802500 0.069375 0.078333
0 0.937187 0.807500 0.069375 0.105000
0 0.259062 0.790833 0.060625 0.076667
0 0.066562 0.787500 0.058125 0.075000
0 0.176875 0.803750 0.073750 0.112500
0 0.805937 0.759583 0.056875 0.079167
0 0.705625 0.758750 0.061250 0.082500
0 0.122500 0.750417 0.055000 0.072500
0 0.507812 0.762917 0.061875 0.100833
0 0.095937 0.720833 0.044375 0.055000
0 0.344375 0.728333 0.062500 0.081667
0 0.195625 0.716667 0.062500 0.076667
0 0.848125 0.691667 0.057500 0.063333
0 0.284687 0.697917 0.053125 0.077500
0 0.761250 0.683750 0.070000 0.057500
0 0.572187 0.684583 0.056875 0.082500
0 0.636563 0.701667 0.056875 0.126667
0 0.507500 0.655833 0.066250 0.086667
0 0.412187 0.636667 0.061875 0.080000
0 0.235937 0.631667 0.055625 0.083333
0 0.856875 0.620000 0.063750 0.061667
0 0.340000 0.623333 0.058750 0.075000
0 0.062812 0.633750 0.064375 0.097500
0 0.750625 0.619583 0.082500 0.079167
0 0.966875 0.642083 0.066250 0.145833
0 0.676562 0.593333 0.060625 0.076667
0 0.286875 0.579583 0.050000 0.067500
0 0.090938 0.568750 0.053125 0.075833
0 0.747812 0.555833 0.054375 0.066667
0 0.814375 0.560417 0.056250 0.082500
0 0.470313 0.562500 0.093125 0.091667
0 0.380625 0.549583 0.052500 0.077500
0 0.715313 0.525833 0.059375 0.063333
0 0.149062 0.522083 0.059375 0.075833
0 0.917188 0.549583 0.081875 0.144167
0 0.558125 0.510000 0.080000 0.091667
0 0.863437 0.497083 0.053125 0.075833
0 0.467500 0.486667 0.060000 0.060000
0 0.640312 0.500000 0.075625 0.106667
0 0.534375 0.459167 0.052500 0.073333
0 0.678750 0.442917 0.052500 0.050833
0 0.096875 0.467083 0.045000 0.099167
0 0.747500 0.447917 0.062500 0.067500
0 0.396562 0.466250 0.053125 0.112500
0 0.300312 0.439583 0.076875 0.119167
0 0.536250 0.411667 0.062500 0.065000
0 0.076563 0.412500 0.058125 0.080000
0 0.454688 0.395000 0.070625 0.100000
0 0.178125 0.407917 0.075000 0.127500
0 0.797813 0.389167 0.073125 0.096667
0 0.770000 0.360417 0.067500 0.057500
0 0.685000 0.370833 0.062500 0.083333
0 0.483438 0.360417 0.048125 0.077500
0 0.981875 0.351250 0.036250 0.064167
0 0.587187 0.350417 0.066875 0.065833
0 0.400938 0.352083 0.060625 0.074167
0 0.036562 0.312083 0.073125 0.077500
0 0.874375 0.331250 0.068750 0.125833
0 0.217500 0.325833 0.067500 0.115000
0 0.980625 0.289583 0.038750 0.072500
0 0.702500 0.291250 0.055000 0.084167
0 0.783750 0.288750 0.081250 0.082500
0 0.592187 0.262500 0.081875 0.081667
0 0.391250 0.261667 0.087500 0.086667
0 0.295625 0.259167 0.075000 0.086667
0 0.799687 0.236667 0.071875 0.068333
0 0.459062 0.236250 0.095625 0.079167
0 0.692813 0.223333 0.056875 0.080000
0 0.543125 0.206667 0.056250 0.070000
0 0.056563 0.225000 0.094375 0.113333
0 0.208437 0.205000 0.058125 0.076667
0 0.866563 0.197917 0.059375 0.070833
0 0.356563 0.196667 0.064375 0.081667
0 0.283125 0.180833 0.056250 0.075000
0 0.626875 0.181667 0.046250 0.080000
0 0.924063 0.192917 0.064375 0.104167
0 0.143750 0.171250 0.052500 0.077500
0 0.659062 0.171667 0.054375 0.088333
0 0.214688 0.151250 0.061875 0.059167
0 0.391250 0.150000 0.081250 0.080000
0 0.046562 0.147083 0.059375 0.079167
0 0.824063 0.120417 0.065625 0.079167
0 0.677500 0.118333 0.055000 0.075000
0 0.486563 0.117917 0.040625 0.074167
0 0.531250 0.121250 0.060000 0.082500
0 0.751250 0.130000 0.065000 0.113333
0 0.439375 0.102500 0.067500 0.070000
0 0.562813 0.095833 0.049375 0.095000
0 0.679375 0.059167 0.056250 0.068333
0 0.770938 0.052917 0.059375 0.077500
0 0.070625 0.056250 0.055000 0.090833
0 0.016250 0.055417 0.032500 0.094167
0 0.610000 0.046667 0.062500 0.083333
0 0.228750 0.046250 0.060000 0.089167
0 0.529375 0.025833 0.097500 0.051667
0 0.143125 0.056667 0.091250 0.113333