0 0.310312 0.960833 0.074375 0.078333
0 0.259375 0.955833 0.066250 0.088333
0 0.889062 0.948750 0.080625 0.102500
0 0.196563 0.936250 0.070625 0.082500
0 0.133437 0.873750 0.060625 0.099167
0 0.186875 0.854167 0.068750 0.101667
0 0.913438 0.855417 0.085625 0.117500
0 0.280313 0.825833 0.075625 0.088333
0 0.388125 0.813333 0.068750 0.090000
0 0.626563 0.795833 0.063125 0.093333
0 0.658438 0.756667 0.069375 0.078333
0 0.235313 0.756667 0.069375 0.088333
0 0.910000 0.731667 0.077500 0.100000
0 0.295625 0.710000 0.075000 0.103333
0 0.692813 0.678333 0.073125 0.088333
0 0.145313 0.644583 0.051875 0.132500
0 0.722500 0.613750 0.068750 0.077500
0 0.197187 0.567083 0.076875 0.090833
0 0.307188 0.553750 0.071875 0.097500
0 0.734375 0.539583 0.071250 0.085833
0 0.402187 0.480417 0.074375 0.092500
0 0.201250 0.470000 0.072500 0.106667
0 0.268437 0.466250 0.074375 0.100833
0 0.133437 0.479167 0.058125 0.131667
0 0.324375 0.414583 0.060000 0.112500
0 0.459688 0.400833 0.071875 0.096667
0 0.368125 0.389167 0.070000 0.095000
0 0.264062 0.372500 0.064375 0.088333
0 0.233750 0.344583 0.063750 0.097500
0 0.305000 0.312917 0.072500 0.117500
0 0.560312 0.313333 0.069375 0.138333
0 0.392813 0.286667 0.063125 0.096667
0 0.440312 0.257083 0.063125 0.099167
0 0.274687 0.260000 0.076875 0.108333
0 0.841875 0.224583 0.082500 0.100833
0 0.326875 0.191250 0.070000 0.085833
0 0.200937 0.180000 0.061875 0.105000
0 0.398438 0.147083 0.070625 0.080833
0 0.806250 0.124583 0.062500 0.095833
0 0.410938 0.038750 0.080625 0.077500