0 0.657188 0.964167 0.068125 0.071667
0 0.890312 0.932083 0.066875 0.097500
0 0.772188 0.902917 0.064375 0.110833
0 0.389688 0.884583 0.071875 0.089167
0 0.867500 0.876250 0.103750 0.105833
0 0.653438 0.835000 0.074375 0.085000
0 0.263750 0.808333 0.075000 0.086667
0 0.455313 0.795417 0.073125 0.104167
0 0.925625 0.783750 0.070000 0.094167
0 0.383125 0.774167 0.071250 0.110000
0 0.262188 0.728333 0.076875 0.093333
0 0.448750 0.721250 0.081250 0.087500
0 0.952500 0.661250 0.077500 0.099167
0 0.396875 0.656250 0.060000 0.104167
0 0.756250 0.631250 0.073750 0.102500
0 0.494063 0.619583 0.043125 0.085833
0 0.446250 0.618750 0.060000 0.117500
0 0.836562 0.609167 0.083125 0.103333
0 0.291875 0.538333 0.068750 0.103333
0 0.540625 0.522083 0.071250 0.097500
0 0.070625 0.510417 0.075000 0.095833
0 0.920000 0.488333 0.070000 0.095000
0 0.811250 0.454583 0.071250 0.102500
0 0.662500 0.445417 0.077500 0.100833
0 0.884687 0.410833 0.071875 0.098333
0 0.178125 0.378750 0.075000 0.089167
0 0.379688 0.350417 0.070625 0.099167
0 0.495625 0.347500 0.071250 0.100000
0 0.275625 0.339583 0.073750 0.099167
0 0.932187 0.305000 0.074375 0.108333
0 0.577187 0.269167 0.064375 0.091667
0 0.460000 0.269167 0.076250 0.095000
0 0.965313 0.261250 0.069375 0.097500
0 0.744375 0.240417 0.072500 0.094167
0 0.864375 0.233333 0.076250 0.100000
0 0.309375 0.181250 0.068750 0.094167
0 0.509062 0.155000 0.090625 0.095000
0 0.651875 0.149583 0.057500 0.094167
0 0.554688 0.107500 0.079375 0.086667
0 0.359063 0.100833 0.070625 0.091667
0 0.622500 0.033750 0.057500 0.067500
0 0.559063 0.035833 0.065625 0.071667