0 0.276562 0.975833 0.056875 0.048333
0 0.410000 0.965833 0.076250 0.068333
0 0.173437 0.962917 0.081875 0.074167
0 0.489687 0.953333 0.073125 0.093333
0 0.574688 0.952500 0.093125 0.095000
0 0.656563 0.947500 0.054375 0.095000
0 0.855000 0.943333 0.100000 0.113333
0 0.803125 0.933750 0.063750 0.094167
0 0.308750 0.900417 0.065000 0.085833
0 0.544375 0.887083 0.066250 0.075833
0 0.390937 0.886250 0.066875 0.084167
0 0.227500 0.871250 0.057500 0.080833
0 0.170000 0.875833 0.067500 0.108333
0 0.443750 0.852500 0.062500 0.078333
0 0.657813 0.853333 0.065625 0.088333
0 0.502500 0.841250 0.058750 0.079167
0 0.587187 0.831667 0.074375 0.088333
0 0.335938 0.823333 0.071875 0.083333
0 0.832500 0.828750 0.110000 0.119167
0 0.704688 0.776667 0.075625 0.088333
0 0.818438 0.767083 0.099375 0.085833
0 0.489375 0.770833 0.098750 0.111667
0 0.278125 0.755833 0.076250 0.101667
0 0.179063 0.742500 0.084375 0.098333
0 0.067187 0.736250 0.068125 0.087500
0 0.464375 0.712500 0.082500 0.100000
0 0.587500 0.702917 0.068750 0.090833
0 0.803438 0.688750 0.065625 0.089167
0 0.860938 0.682500 0.065625 0.101667
0 0.530000 0.670417 0.061250 0.089167
0 0.633750 0.672917 0.067500 0.104167
0 0.761250 0.634167 0.066250 0.080000
0 0.018437 0.630417 0.036875 0.094167
0 0.899062 0.628333 0.071875 0.093333
0 0.701250 0.623333 0.072500 0.083333
0 0.974375 0.622917 0.051250 0.097500
0 0.119375 0.588750 0.083750 0.104167
0 0.618750 0.577917 0.070000 0.087500
0 0.723750 0.566667 0.062500 0.081667
0 0.961562 0.556250 0.076875 0.107500
0 0.018750 0.545417 0.037500 0.097500
0 0.795937 0.537083 0.070625 0.089167
0 0.588437 0.506250 0.066875 0.097500
0 0.682500 0.495000 0.063750 0.083333
0 0.491250 0.511667 0.067500 0.118333
0 0.157812 0.501667 0.128125 0.125000
0 0.979688 0.491667 0.040625 0.111667
0 0.534687 0.450833 0.100625 0.103333
0 0.785000 0.443750 0.076250 0.095833
0 0.310000 0.435417 0.092500 0.110833
0 0.924687 0.430833 0.080625 0.143333
0 0.073125 0.399583 0.073750 0.097500
0 0.844063 0.389583 0.069375 0.080833
0 0.733750 0.392083 0.083750 0.120833
0 0.279062 0.365417 0.086875 0.104167
0 0.125312 0.354167 0.063125 0.091667
0 0.799687 0.335000 0.070625 0.088333
0 0.894687 0.302083 0.069375 0.092500
0 0.609375 0.285000 0.063750 0.091667
0 0.039688 0.300417 0.066875 0.124167
0 0.159375 0.275000 0.080000 0.100000
0 0.718750 0.266667 0.060000 0.093333
0 0.770312 0.260833 0.065625 0.086667
0 0.666250 0.252500 0.072500 0.085000
0 0.037187 0.203750 0.063125 0.085833
0 0.122500 0.187917 0.072500 0.109167
0 0.912500 0.177917 0.066250 0.094167
0 0.676250 0.170000 0.057500 0.083333
0 0.331250 0.170000 0.097500 0.098333
0 0.246562 0.150417 0.075625 0.087500
0 0.179688 0.136250 0.064375 0.085833
0 0.626250 0.112083 0.071250 0.087500
0 0.965000 0.115000 0.070000 0.108333
0 0.543125 0.123333 0.110000 0.156667
0 0.223438 0.065000 0.076875 0.095000
0 0.590938 0.061667 0.060625 0.093333
0 0.958438 0.029583 0.068125 0.059167
0 0.828438 0.038333 0.079375 0.076667
0 0.362500 0.022500 0.065000 0.045000
0 0.304063 0.031250 0.065625 0.062500
0 0.146250 0.044167 0.092500 0.088333
0 0.075625 0.019167 0.065000 0.038333