0 0.182188 0.982083 0.050625 0.035833
0 0.093750 0.980000 0.048750 0.040000
0 0.823750 0.974167 0.066250 0.051667
0 0.286250 0.950417 0.051250 0.067500
0 0.054375 0.951250 0.058750 0.077500
0 0.232187 0.946667 0.050625 0.080000
0 0.946562 0.942917 0.053125 0.074167
0 0.482187 0.926667 0.056875 0.085000
0 0.202187 0.919167 0.065625 0.090000
0 0.687187 0.904583 0.064375 0.075833
0 0.857187 0.907500 0.083125 0.110000
0 0.026562 0.891250 0.053125 0.085833
0 0.764375 0.876250 0.050000 0.072500
0 0.529687 0.875000 0.053125 0.078333
0 0.262813 0.874167 0.060625 0.080000
0 0.077500 0.858333 0.056250 0.075000
0 0.565937 0.860417 0.053125 0.080833
0 0.163125 0.850833 0.060000 0.093333
0 0.898125 0.843750 0.060000 0.084167
0 0.967500 0.843750 0.065000 0.092500
0 0.375000 0.832917 0.056250 0.075833
0 0.184062 0.825833 0.061875 0.078333
0 0.023125 0.810833 0.046250 0.063333
0 0.115937 0.812917 0.064375 0.080833
0 0.830000 0.795000 0.062500 0.078333
0 0.526875 0.789167 0.066250 0.083333
0 0.227500 0.769583 0.055000 0.067500
0 0.629062 0.773333 0.058125 0.076667
0 0.303438 0.782083 0.066875 0.094167
0 0.409687 0.771667 0.059375 0.081667
0 0.467500 0.760833 0.060000 0.075000
0 0.112500 0.747917 0.052500 0.055833
0 0.351875 0.734583 0.050000 0.070833
0 0.564063 0.727083 0.046875 0.080833
0 0.040625 0.711667 0.048750 0.063333
0 0.815000 0.715833 0.056250 0.076667
0 0.172187 0.709583 0.045625 0.064167
0 0.226250 0.680833 0.052500 0.068333
0 0.287813 0.689583 0.065625 0.092500
0 0.594063 0.677500 0.050625 0.076667
0 0.980000 0.674583 0.040000 0.074167
0 0.440937 0.674583 0.056875 0.077500
0 0.503437 0.652500 0.051875 0.063333
0 0.769687 0.663333 0.064375 0.088333
0 0.318750 0.634167 0.057500 0.073333
0 0.647500 0.630000 0.082500 0.075000
0 0.555625 0.621250 0.076250 0.057500
0 0.721875 0.610417 0.062500 0.095833
0 0.926250 0.596667 0.060000 0.076667
0 0.105625 0.593750 0.052500 0.079167
0 0.291250 0.568750 0.050000 0.070833
0 0.395313 0.564583 0.060625 0.077500
0 0.052812 0.562500 0.066875 0.078333
0 0.601250 0.534583 0.053750 0.074167
0 0.523125 0.517917 0.052500 0.064167
0 0.146250 0.516250 0.065000 0.080833
0 0.056250 0.495833 0.060000 0.065000
0 0.326562 0.497083 0.081875 0.112500
0 0.627500 0.465417 0.057500 0.072500
0 0.500938 0.464583 0.063125 0.074167
0 0.053125 0.435417 0.058750 0.069167
0 0.012500 0.434583 0.025000 0.072500
0 0.548750 0.433333 0.050000 0.075000
0 0.157188 0.427500 0.044375 0.065000
0 0.397188 0.424583 0.058125 0.072500
0 0.454062 0.416250 0.050625 0.070833
0 0.674687 0.407083 0.059375 0.084167
0 0.305625 0.392083 0.047500 0.080833
0 0.970000 0.381667 0.052500 0.075000
0 0.093750 0.378750 0.043750 0.075833
0 0.025313 0.359583 0.050625 0.075833
0 0.823125 0.357917 0.055000 0.084167
0 0.745938 0.345833 0.054375 0.065000
0 0.500938 0.346667 0.048125 0.073333
0 0.168437 0.337917 0.058125 0.070833
0 0.060000 0.324583 0.063750 0.072500
0 0.577500 0.330417 0.066250 0.087500
0 0.970313 0.298750 0.059375 0.084167
0 0.488750 0.291250 0.058750 0.069167
0 0.340313 0.304167 0.083125 0.105000
0 0.050625 0.267500 0.061250 0.070000
0 0.541875 0.251250 0.050000 0.064167
0 0.833125 0.251667 0.053750 0.066667
0 0.444063 0.251250 0.060625 0.082500
0 0.714688 0.240000 0.056875 0.065000
0 0.379063 0.238750 0.048125 0.062500
0 0.970625 0.222083 0.057500 0.075833
0 0.628125 0.224167 0.046250 0.080000
0 0.308437 0.212917 0.053125 0.069167
0 0.505938 0.194583 0.055625 0.072500
0 0.656250 0.172500 0.057500 0.070000
0 0.363438 0.172500 0.049375 0.075000
0 0.270937 0.148750 0.048125 0.074167
0 0.927188 0.152917 0.056875 0.084167
0 0.817187 0.132083 0.053125 0.054167
0 0.319375 0.136667 0.048750 0.083333
0 0.406250 0.117083 0.060000 0.087500
0 0.985000 0.096250 0.030000 0.075833
0 0.673750 0.100833 0.071250 0.103333
0 0.285938 0.082083 0.049375 0.065833
0 0.148125 0.083333 0.061250 0.086667
0 0.495000 0.072500 0.056250 0.073333
0 0.730938 0.062500 0.059375 0.075000
0 0.948438 0.048750 0.059375 0.072500
0 0.223750 0.049583 0.060000 0.079167
0 0.777500 0.063333 0.058750 0.108333
0 0.415000 0.025417 0.051250 0.050833
0 0.249062 0.026667 0.063125 0.053333
0 0.141875 0.016667 0.048750 0.033333
0 0.028125 0.032083 0.056250 0.064167