0 0.101875 0.976250 0.057500 0.047500
0 0.491250 0.963750 0.071250 0.072500
0 0.976562 0.942917 0.046875 0.114167
0 0.701875 0.918333 0.060000 0.081667
0 0.388125 0.904167 0.065000 0.095000
0 0.322500 0.912500 0.061250 0.116667
0 0.953750 0.894583 0.078750 0.095833
0 0.447813 0.883750 0.064375 0.077500
0 0.808125 0.887500 0.070000 0.096667
0 0.895625 0.840833 0.072500 0.110000
0 0.645625 0.817500 0.070000 0.096667
0 0.576250 0.813333 0.058750 0.091667
0 0.968750 0.810417 0.062500 0.089167
0 0.237500 0.812500 0.048750 0.093333
0 0.101250 0.798333 0.068750 0.078333
0 0.740625 0.756667 0.067500 0.091667
0 0.534375 0.739167 0.065000 0.090000
0 0.074375 0.728750 0.070000 0.092500
0 0.201250 0.735000 0.073750 0.118333
0 0.934375 0.717500 0.062500 0.106667
0 0.387500 0.696667 0.071250 0.088333
0 0.275938 0.686667 0.080625 0.085000
0 0.842812 0.717917 0.053125 0.182500
0 0.470625 0.670833 0.067500 0.096667
0 0.975000 0.674583 0.050000 0.109167
0 0.782813 0.664583 0.059375 0.099167
0 0.116875 0.653750 0.088750 0.082500
0 0.720000 0.657917 0.068750 0.102500
0 0.351875 0.614167 0.057500 0.106667
0 0.176875 0.576667 0.062500 0.088333
0 0.546875 0.577917 0.065000 0.094167
0 0.696562 0.564167 0.065625 0.086667
0 0.486250 0.549167 0.073750 0.096667
0 0.632500 0.535833 0.061250 0.100000
0 0.943125 0.520833 0.077500 0.096667
0 0.986563 0.475000 0.026875 0.080000
0 0.131875 0.474167 0.067500 0.083333
0 0.553750 0.439167 0.071250 0.093333
0 0.888125 0.419167 0.055000 0.096667
0 0.828125 0.422500 0.067500 0.103333
0 0.980000 0.384583 0.040000 0.095833
0 0.517500 0.360833 0.068750 0.093333
0 0.353750 0.355833 0.066250 0.110000
0 0.748750 0.333333 0.071250 0.088333
0 0.129375 0.349167 0.070000 0.150000
0 0.957187 0.317083 0.064375 0.092500
0 0.032188 0.289167 0.064375 0.096667
0 0.618125 0.276667 0.077500 0.088333
0 0.547188 0.267083 0.058125 0.095833
0 0.893750 0.257500 0.066250 0.090000
0 0.516563 0.252083 0.054375 0.117500
0 0.099687 0.243333 0.073125 0.106667
0 0.801875 0.225833 0.060000 0.080000
0 0.133437 0.215000 0.055625 0.105000
0 0.456250 0.207500 0.066250 0.110000
0 0.642188 0.180417 0.071875 0.094167
0 0.015625 0.160000 0.031250 0.090000
0 0.696250 0.141667 0.061250 0.105000
0 0.600313 0.137917 0.064375 0.100833
0 0.891875 0.147083 0.050000 0.125833
0 0.246250 0.116667 0.066250 0.091667
0 0.976562 0.116250 0.046875 0.105833
0 0.038125 0.119167 0.063750 0.115000
0 0.167500 0.105833 0.076250 0.093333
0 0.933438 0.107500 0.055625 0.108333
0 0.475625 0.078333 0.077500 0.101667
0 0.720625 0.047917 0.075000 0.095833
0 0.403125 0.045417 0.070000 0.090833