0 0.101250 0.981250 0.075000 0.037500
0 0.377500 0.977083 0.071250 0.045833
0 0.918438 0.945417 0.088125 0.074167
0 0.980000 0.949167 0.040000 0.086667
0 0.823438 0.937083 0.074375 0.097500
0 0.237500 0.934167 0.066250 0.103333
0 0.017812 0.930000 0.035625 0.095000
0 0.311250 0.927500 0.068750 0.096667
0 0.565625 0.909583 0.061250 0.112500
0 0.519687 0.902500 0.061875 0.128333
0 0.425938 0.882083 0.080625 0.102500
0 0.150938 0.866667 0.088125 0.085000
0 0.485000 0.860417 0.062500 0.132500
0 0.890000 0.835000 0.066250 0.098333
0 0.666250 0.815000 0.066250 0.095000
0 0.186250 0.775000 0.076250 0.085000
0 0.584688 0.777500 0.061875 0.096667
0 0.267500 0.775417 0.068750 0.094167
0 0.855000 0.733333 0.103750 0.061667
0 0.667500 0.731667 0.081250 0.081667
0 0.782188 0.725417 0.073125 0.082500
0 0.049375 0.723333 0.073750 0.080000
0 0.091875 0.736250 0.078750 0.119167
0 0.488438 0.703333 0.071875 0.091667
0 0.409687 0.673333 0.066875 0.095000
0 0.190625 0.671250 0.082500 0.090833
0 0.021250 0.624583 0.042500 0.070833
0 0.874375 0.627500 0.073750 0.086667
0 0.510000 0.600000 0.068750 0.091667
0 0.582500 0.555417 0.063750 0.072500
0 0.134063 0.531667 0.083125 0.091667
0 0.980313 0.523333 0.039375 0.085000
0 0.278125 0.519167 0.077500 0.096667
0 0.350625 0.511250 0.062500 0.092500
0 0.570625 0.483750 0.068750 0.084167
0 0.653438 0.496667 0.149375 0.175000
0 0.308125 0.426667 0.082500 0.091667
0 0.125625 0.405000 0.072500 0.095000
0 0.663438 0.390000 0.065625 0.091667
0 0.550625 0.363750 0.110000 0.097500
0 0.038125 0.345833 0.067500 0.103333
0 0.098125 0.340833 0.067500 0.106667
0 0.567500 0.296250 0.078750 0.095833
0 0.823125 0.263750 0.122500 0.079167
0 0.690000 0.261667 0.080000 0.078333
0 0.040625 0.256667 0.081250 0.068333
0 0.538750 0.251250 0.078750 0.092500
0 0.191250 0.242917 0.066250 0.104167
0 0.805937 0.217500 0.115625 0.073333
0 0.123125 0.205833 0.087500 0.093333
0 0.836875 0.173333 0.082500 0.071667
0 0.282813 0.159583 0.065625 0.077500
0 0.015625 0.130833 0.031250 0.090000
0 0.132188 0.109167 0.069375 0.088333
0 0.556875 0.087917 0.080000 0.079167
0 0.092813 0.028750 0.069375 0.057500