0 0.809063 0.969167 0.091875 0.061667
0 0.033438 0.958750 0.066875 0.082500
0 0.877500 0.955833 0.070000 0.081667
0 0.099062 0.951667 0.084375 0.096667
0 0.964375 0.929167 0.063750 0.090000
0 0.486250 0.929583 0.065000 0.092500
0 0.775000 0.916667 0.063750 0.081667
0 0.368437 0.916250 0.086875 0.100833
0 0.484063 0.878750 0.099375 0.084167
0 0.419375 0.859167 0.061250 0.090000
0 0.065937 0.850000 0.074375 0.095000
0 0.919063 0.865000 0.075625 0.146667
0 0.772813 0.827083 0.064375 0.094167
0 0.863437 0.812917 0.073125 0.110833
0 0.344687 0.791667 0.056875 0.090000
0 0.692813 0.784583 0.073125 0.089167
0 0.885625 0.768333 0.073750 0.088333
0 0.085000 0.752917 0.082500 0.070833
0 0.799687 0.735000 0.068125 0.095000
0 0.505625 0.724167 0.075000 0.106667
0 0.385625 0.713333 0.066250 0.090000
0 0.234687 0.695000 0.055625 0.078333
0 0.320000 0.697917 0.063750 0.089167
0 0.661250 0.670833 0.056250 0.078333
0 0.075625 0.678333 0.087500 0.100000
0 0.176875 0.660417 0.063750 0.112500
0 0.425312 0.645833 0.058125 0.088333
0 0.734375 0.637083 0.061250 0.085833
0 0.281250 0.632500 0.065000 0.098333
0 0.027187 0.586667 0.054375 0.073333
0 0.600313 0.573750 0.060625 0.077500
0 0.457500 0.576667 0.053750 0.083333
0 0.094062 0.568333 0.069375 0.095000
0 0.499063 0.556250 0.063125 0.077500
0 0.414062 0.557083 0.060625 0.087500
0 0.234375 0.565000 0.085000 0.103333
0 0.051562 0.518750 0.066875 0.082500
0 0.640000 0.520833 0.062500 0.091667
0 0.871875 0.483750 0.068750 0.092500
0 0.105938 0.477500 0.066875 0.093333
0 0.399687 0.470833 0.065625 0.093333
0 0.505625 0.459583 0.070000 0.084167
0 0.556562 0.463333 0.051875 0.105000
0 0.170937 0.459167 0.075625 0.105000
0 0.925000 0.434167 0.075000 0.078333
0 0.056250 0.425833 0.055000 0.095000
0 0.110312 0.409583 0.056875 0.069167
0 0.445625 0.412083 0.063750 0.079167
0 0.657500 0.401250 0.072500 0.084167
0 0.370625 0.399167 0.065000 0.091667
0 0.017500 0.395417 0.035000 0.094167
0 0.606563 0.374583 0.060625 0.074167
0 0.530625 0.376250 0.058750 0.089167
0 0.964063 0.366250 0.071875 0.109167
0 0.696875 0.358333 0.065000 0.098333
0 0.425938 0.348750 0.075625 0.092500
0 0.139375 0.342500 0.055000 0.095000
0 0.040000 0.332083 0.060000 0.090833
0 0.285000 0.321667 0.065000 0.083333
0 0.837187 0.317500 0.064375 0.093333
0 0.983437 0.300833 0.033125 0.065000
0 0.198437 0.276250 0.064375 0.085833
0 0.735313 0.297917 0.088125 0.137500
0 0.108125 0.268750 0.063750 0.080833
0 0.445625 0.270417 0.072500 0.085833
0 0.798438 0.242917 0.071875 0.080833
0 0.923750 0.243333 0.065000 0.085000
0 0.290000 0.236667 0.068750 0.088333
0 0.858125 0.204583 0.072500 0.077500
0 0.171875 0.198333 0.103750 0.095000
0 0.442500 0.184167 0.080000 0.100000
0 0.808125 0.165000 0.067500 0.083333
0 0.511875 0.169167 0.061250 0.091667
0 0.566875 0.144167 0.068750 0.083333
0 0.981563 0.144583 0.036875 0.092500
0 0.652500 0.130833 0.060000 0.068333
0 0.131562 0.130417 0.074375 0.105833
0 0.071875 0.111250 0.062500 0.082500
0 0.446562 0.108333 0.065625 0.078333
0 0.870313 0.109167 0.066875 0.085000
0 0.933750 0.105833 0.062500 0.090000
0 0.976562 0.053333 0.046875 0.081667
0 0.810937 0.037083 0.069375 0.074167
0 0.554063 0.057500 0.074375 0.115000
0 0.418125 0.048750 0.095000 0.097500
0 0.168750 0.034583 0.072500 0.069167
0 0.028438 0.027083 0.056875 0.054167