0 0.059687 0.972917 0.055625 0.054167
0 0.178437 0.968333 0.061875 0.063333
0 0.973125 0.962500 0.053750 0.061667
0 0.377812 0.965000 0.049375 0.070000
0 0.660000 0.956250 0.098750 0.087500
0 0.325313 0.951250 0.065625 0.080833
0 0.561250 0.949583 0.073750 0.100833
0 0.934688 0.924583 0.054375 0.065833
0 0.242188 0.928333 0.061875 0.081667
0 0.488750 0.922917 0.075000 0.080833
0 0.740000 0.939583 0.085000 0.120833
0 0.975313 0.903750 0.048125 0.067500
0 0.915625 0.899167 0.063750 0.075000
0 0.396562 0.885833 0.053125 0.071667
0 0.056563 0.887083 0.085625 0.095833
0 0.614062 0.883333 0.074375 0.130000
0 0.383125 0.852083 0.056250 0.067500
0 0.693750 0.875417 0.102500 0.119167
0 0.527500 0.847500 0.052500 0.075000
0 0.286562 0.866667 0.083125 0.116667
0 0.127812 0.852500 0.056875 0.093333
0 0.184375 0.848333 0.102500 0.091667
0 0.797813 0.836250 0.063125 0.112500
0 0.965625 0.832083 0.065000 0.109167
0 0.894062 0.821250 0.084375 0.090833
0 0.150938 0.777083 0.060625 0.070833
0 0.976562 0.759167 0.046875 0.046667
0 0.468750 0.794167 0.102500 0.148333
0 0.020313 0.755833 0.040625 0.073333
0 0.584063 0.770000 0.114375 0.105000
0 0.337813 0.763750 0.041875 0.094167
0 0.069062 0.773333 0.083125 0.118333
0 0.647500 0.757083 0.070000 0.092500
0 0.390313 0.744167 0.065625 0.105000
0 0.888125 0.734583 0.093750 0.104167
0 0.279062 0.735000 0.076875 0.133333
0 0.212812 0.717083 0.073125 0.105833
0 0.722187 0.752500 0.084375 0.178333
0 0.946250 0.699167 0.063750 0.081667
0 0.492812 0.694583 0.049375 0.075833
0 0.147187 0.719167 0.065625 0.128333
0 0.759687 0.691667 0.064375 0.081667
0 0.070625 0.695000 0.080000 0.100000
0 0.985000 0.685000 0.030000 0.113333
0 0.830625 0.673333 0.078750 0.111667
0 0.300312 0.642917 0.039375 0.069167
0 0.612812 0.672500 0.069375 0.143333
0 0.500625 0.630417 0.047500 0.084167
0 0.417812 0.638333 0.070625 0.125000
0 0.745938 0.624583 0.063125 0.100833
0 0.244375 0.616250 0.052500 0.084167
0 0.040625 0.607500 0.058750 0.073333
0 0.930625 0.619167 0.088750 0.100000
0 0.110312 0.600833 0.056875 0.068333
0 0.804375 0.596250 0.048750 0.069167
0 0.179688 0.617917 0.084375 0.112500
0 0.578750 0.598750 0.088750 0.075833
0 0.473750 0.589583 0.053750 0.080833
0 0.314063 0.584583 0.056875 0.080833
0 0.383437 0.578333 0.059375 0.086667
0 0.450937 0.551250 0.040625 0.090833
0 0.519687 0.528750 0.046875 0.067500
0 0.081562 0.538750 0.071875 0.099167
0 0.338438 0.526250 0.085625 0.089167
0 0.206250 0.524583 0.065000 0.087500
0 0.932500 0.513333 0.052500 0.066667
0 0.861250 0.551250 0.092500 0.147500
0 0.975625 0.499167 0.048750 0.061667
0 0.589375 0.518333 0.090000 0.111667
0 0.667813 0.527917 0.075625 0.142500
0 0.756250 0.514583 0.062500 0.117500
0 0.144687 0.498333 0.053125 0.086667
0 0.043125 0.487917 0.066250 0.067500
0 0.330937 0.465000 0.060625 0.061667
0 0.642813 0.457917 0.073125 0.085833
0 0.527188 0.458333 0.055625 0.091667
0 0.255937 0.453750 0.059375 0.082500
0 0.780937 0.441667 0.068125 0.065000
0 0.095937 0.442500 0.049375 0.073333
0 0.460938 0.445417 0.075625 0.097500
0 0.906250 0.431667 0.067500 0.091667
0 0.404375 0.420000 0.055000 0.078333
0 0.289687 0.422917 0.049375 0.084167
0 0.723125 0.425000 0.055000 0.090000
0 0.970313 0.417917 0.059375 0.099167
0 0.573125 0.397917 0.072500 0.082500
0 0.374063 0.396250 0.054375 0.082500
0 0.639687 0.388333 0.070625 0.081667
0 0.180000 0.410000 0.093750 0.125000
0 0.036250 0.393750 0.065000 0.105833
0 0.779062 0.371250 0.063125 0.077500
0 0.297500 0.357917 0.090000 0.077500
0 0.941875 0.344583 0.061250 0.069167
0 0.108438 0.359583 0.058125 0.104167
0 0.984375 0.347500 0.031250 0.090000
0 0.867188 0.356250 0.090625 0.125833
0 0.602187 0.327917 0.066875 0.082500
0 0.177187 0.324583 0.064375 0.079167
0 0.020938 0.332083 0.041875 0.095833
0 0.420000 0.316667 0.078750 0.086667
0 0.712187 0.308333 0.091875 0.083333
0 0.533750 0.309583 0.082500 0.089167
0 0.928750 0.281667 0.062500 0.051667
0 0.476875 0.294583 0.066250 0.117500
0 0.045937 0.282083 0.054375 0.097500
0 0.344375 0.294583 0.092500 0.125833
0 0.268437 0.275833 0.058125 0.098333
0 0.775937 0.273750 0.056875 0.095833
0 0.131875 0.254583 0.065000 0.079167
0 0.628125 0.250417 0.060000 0.084167
0 0.855938 0.252917 0.089375 0.099167
0 0.208437 0.243333 0.050625 0.083333
0 0.425000 0.241667 0.113750 0.081667
0 0.916250 0.225833 0.063750 0.070000
0 0.567187 0.233750 0.095625 0.099167
0 0.669063 0.228333 0.066875 0.091667
0 0.351250 0.217500 0.056250 0.075000
0 0.310312 0.190000 0.056875 0.073333
0 0.079375 0.192083 0.067500 0.080833
0 0.730313 0.188750 0.071875 0.084167
0 0.250312 0.178750 0.045625 0.067500
0 0.970625 0.196250 0.058750 0.124167
0 0.186562 0.175000 0.068125 0.096667
0 0.791875 0.165000 0.067500 0.083333
0 0.428125 0.150417 0.065000 0.082500
0 0.843750 0.150000 0.065000 0.086667
0 0.497812 0.161250 0.079375 0.109167
0 0.581250 0.140000 0.057500 0.101667
0 0.665000 0.136667 0.072500 0.101667
0 0.109375 0.131667 0.056250 0.098333
0 0.306250 0.107083 0.046250 0.075833
0 0.764375 0.107917 0.058750 0.082500
0 0.169687 0.109583 0.091875 0.090833
0 0.361563 0.102083 0.075625 0.084167
0 0.832500 0.079583 0.065000 0.064167
0 0.025000 0.094167 0.050000 0.110000
0 0.528125 0.069583 0.056250 0.070833
0 0.933125 0.097083 0.133750 0.129167
0 0.622812 0.056250 0.090625 0.099167
0 0.979688 0.019583 0.040625 0.039167
0 0.864688 0.039583 0.061875 0.079167
0 0.766563 0.024167 0.054375 0.048333
0 0.699063 0.050417 0.078125 0.100833
0 0.403125 0.046667 0.078750 0.093333
0 0.258125 0.036250 0.056250 0.072500
0 0.150312 0.028333 0.050625 0.056667
0 0.071250 0.056250 0.065000 0.112500