0 0.169375 0.979167 0.071250 0.041667
0 0.608125 0.978750 0.088750 0.042500
0 0.252188 0.973333 0.063125 0.053333
0 0.100625 0.966667 0.065000 0.066667
0 0.769687 0.963333 0.078125 0.073333
0 0.674687 0.952500 0.059375 0.083333
0 0.047813 0.947083 0.094375 0.082500
0 0.959375 0.932500 0.067500 0.086667
0 0.427500 0.925000 0.063750 0.091667
0 0.607187 0.887917 0.069375 0.090833
0 0.025313 0.854583 0.050625 0.099167
0 0.300938 0.827500 0.059375 0.081667
0 0.076875 0.817500 0.065000 0.093333
0 0.657500 0.812083 0.066250 0.084167
0 0.352187 0.812500 0.060625 0.093333
0 0.209375 0.820417 0.067500 0.109167
0 0.890000 0.794167 0.053750 0.080000
0 0.048125 0.761250 0.087500 0.089167
0 0.715000 0.750833 0.063750 0.086667
0 0.467500 0.745417 0.068750 0.100833
0 0.643125 0.719167 0.116250 0.118333
0 0.820625 0.699167 0.070000 0.096667
0 0.550000 0.654167 0.072500 0.083333
0 0.735625 0.646667 0.065000 0.088333
0 0.480938 0.647500 0.066875 0.090000
0 0.574375 0.583750 0.077500 0.092500
0 0.252188 0.557083 0.099375 0.104167
0 0.861563 0.559583 0.081875 0.112500
0 0.944688 0.546667 0.088125 0.128333
0 0.565625 0.522083 0.072500 0.085833
0 0.500313 0.524167 0.054375 0.090000
0 0.353125 0.505833 0.060000 0.086667
0 0.767188 0.520833 0.086875 0.126667
0 0.198437 0.513333 0.099375 0.116667
0 0.128125 0.495833 0.077500 0.088333
0 0.453750 0.484167 0.061250 0.090000
0 0.673750 0.491667 0.088750 0.121667
0 0.983437 0.450000 0.033125 0.093333
0 0.102500 0.432917 0.068750 0.094167
0 0.830625 0.409167 0.070000 0.086667
0 0.441875 0.380833 0.067500 0.090000
0 0.280313 0.425000 0.075625 0.180000
0 0.614062 0.375417 0.071875 0.104167
0 0.898438 0.355833 0.063125 0.086667
0 0.175625 0.341250 0.067500 0.089167
0 0.061250 0.329167 0.066250 0.090000
0 0.372500 0.315833 0.068750 0.086667
0 0.259375 0.312500 0.075000 0.090000
0 0.582812 0.297083 0.073125 0.100833
0 0.975625 0.290417 0.048750 0.109167
0 0.761875 0.251250 0.067500 0.094167
0 0.647500 0.230833 0.063750 0.093333
0 0.517813 0.221667 0.073125 0.088333
0 0.850000 0.200000 0.076250 0.091667
0 0.984375 0.191250 0.031250 0.087500
0 0.278438 0.190833 0.078125 0.101667
0 0.356250 0.177500 0.071250 0.100000
0 0.156875 0.171667 0.070000 0.098333
0 0.070000 0.155833 0.088750 0.120000
0 0.845625 0.106667 0.062500 0.085000
0 0.960938 0.107500 0.076875 0.100000
0 0.244688 0.082917 0.066875 0.087500
0 0.575000 0.053333 0.066250 0.081667
0 0.188750 0.052500 0.055000 0.083333
0 0.147187 0.054583 0.053125 0.089167
0 0.667500 0.056667 0.098750 0.101667
0 0.973125 0.030417 0.053750 0.060833
0 0.475000 0.052917 0.080000 0.105833
0 0.407813 0.022500 0.061875 0.045000
0 0.299375 0.047917 0.065000 0.095833