0 0.590000 0.976667 0.058750 0.046667
0 0.935937 0.962917 0.060625 0.074167
0 0.881250 0.935417 0.057500 0.092500
0 0.397500 0.923750 0.058750 0.080833
0 0.516563 0.925833 0.068125 0.088333
0 0.976875 0.929167 0.046250 0.106667
0 0.726875 0.916667 0.067500 0.086667
0 0.444688 0.905417 0.063125 0.097500
0 0.048750 0.903750 0.061250 0.097500
0 0.866563 0.889583 0.064375 0.080833
0 0.960000 0.878333 0.057500 0.070000
0 0.593437 0.887083 0.069375 0.095833
0 0.084375 0.853333 0.066250 0.088333
0 0.792188 0.849167 0.060625 0.088333
0 0.325313 0.838333 0.068125 0.091667
0 0.201563 0.825417 0.059375 0.090833
0 0.738750 0.796667 0.060000 0.081667
0 0.968750 0.781250 0.062500 0.090833
0 0.673750 0.748750 0.061250 0.084167
0 0.305937 0.742917 0.064375 0.085833
0 0.445625 0.745000 0.067500 0.093333
0 0.383437 0.727083 0.054375 0.087500
0 0.821875 0.707500 0.065000 0.093333
0 0.888437 0.683333 0.069375 0.088333
0 0.633437 0.682083 0.051875 0.094167
0 0.581562 0.672083 0.063125 0.092500
0 0.438750 0.657500 0.058750 0.105000
0 0.553750 0.635000 0.073750 0.078333
0 0.304688 0.635833 0.063125 0.095000
0 0.937500 0.623750 0.056250 0.075833
0 0.481250 0.602500 0.067500 0.083333
0 0.883437 0.591667 0.061875 0.086667
0 0.671875 0.580833 0.065000 0.086667
0 0.620625 0.578333 0.061250 0.086667
0 0.253437 0.572500 0.068125 0.085000
0 0.454375 0.541250 0.058750 0.082500
0 0.858125 0.505000 0.068750 0.091667
0 0.145313 0.503333 0.074375 0.101667
0 0.672813 0.484167 0.061875 0.083333
0 0.207187 0.482917 0.058125 0.089167
0 0.776563 0.403750 0.061875 0.075833
0 0.375625 0.380417 0.067500 0.089167
0 0.833125 0.369167 0.057500 0.085000
0 0.551250 0.370417 0.067500 0.089167
0 0.648438 0.364583 0.065625 0.085833
0 0.710625 0.343333 0.051250 0.095000
0 0.134063 0.292083 0.066875 0.092500
0 0.864375 0.277083 0.062500 0.090833
0 0.617812 0.268333 0.060625 0.075000
0 0.481875 0.275833 0.067500 0.091667
0 0.260000 0.262083 0.067500 0.095833
0 0.552813 0.136667 0.060625 0.081667
0 0.623125 0.132083 0.068750 0.104167
0 0.724375 0.117500 0.065000 0.088333
0 0.190312 0.064583 0.071875 0.104167
0 0.950937 0.047083 0.066875 0.094167
0 0.332188 0.044167 0.070625 0.088333