0 0.227500 0.962917 0.071250 0.074167
0 0.379688 0.936667 0.076875 0.098333
0 0.944063 0.922083 0.069375 0.099167
0 0.703750 0.919583 0.076250 0.115833
0 0.024375 0.897917 0.048750 0.079167
0 0.854062 0.876250 0.066875 0.110833
0 0.912500 0.863750 0.062500 0.105833
0 0.711875 0.820000 0.072500 0.101667
0 0.500313 0.807917 0.066875 0.090833
0 0.611250 0.787083 0.067500 0.100833
0 0.932187 0.771250 0.086875 0.085833
0 0.044375 0.766667 0.075000 0.090000
0 0.405313 0.724583 0.061875 0.107500
0 0.735000 0.708333 0.072500 0.101667
0 0.037812 0.693333 0.075625 0.088333
0 0.348438 0.693333 0.063125 0.103333
0 0.130938 0.645000 0.064375 0.081667
0 0.972812 0.652500 0.054375 0.148333
0 0.278438 0.595000 0.071875 0.100000
0 0.944063 0.573750 0.073125 0.109167
0 0.539062 0.548333 0.075625 0.105000
0 0.180625 0.540833 0.072500 0.095000
0 0.071875 0.497083 0.081250 0.079167
0 0.121875 0.515000 0.065000 0.135000
0 0.864375 0.482083 0.075000 0.107500
0 0.935937 0.465000 0.071875 0.103333
0 0.615625 0.435417 0.081250 0.104167
0 0.199687 0.386667 0.066875 0.093333
0 0.780625 0.351667 0.071250 0.091667
0 0.279687 0.352083 0.074375 0.099167
0 0.025313 0.338333 0.050625 0.090000
0 0.418438 0.315833 0.070625 0.101667
0 0.176875 0.300417 0.083750 0.094167
0 0.892188 0.285417 0.074375 0.102500
0 0.369688 0.273750 0.066875 0.097500
0 0.568750 0.272917 0.073750 0.100833
0 0.807187 0.245833 0.075625 0.105000
0 0.203750 0.224167 0.065000 0.080000
0 0.101562 0.229583 0.075625 0.099167
0 0.712500 0.231250 0.086250 0.110833
0 0.480312 0.178750 0.071875 0.105833
0 0.232813 0.157917 0.066875 0.119167
0 0.296563 0.155417 0.070625 0.122500
0 0.546250 0.139167 0.068750 0.096667
0 0.659687 0.138750 0.073125 0.104167
0 0.075625 0.081250 0.077500 0.099167
0 0.442812 0.045000 0.068125 0.090000