0 0.495937 0.978750 0.056875 0.042500
0 0.251563 0.974583 0.055625 0.050833
0 0.095000 0.962500 0.055000 0.075000
0 0.922813 0.931250 0.055625 0.072500
0 0.590000 0.935000 0.061250 0.081667
0 0.671875 0.940833 0.080000 0.101667
0 0.484063 0.926250 0.045625 0.072500
0 0.060000 0.925000 0.048750 0.073333
0 0.138750 0.917917 0.051250 0.064167
0 0.378125 0.909167 0.061250 0.066667
0 0.483438 0.853333 0.054375 0.068333
0 0.232187 0.863333 0.066875 0.091667
0 0.047813 0.836667 0.066875 0.081667
0 0.083750 0.813333 0.040000 0.036667
0 0.672813 0.811667 0.056875 0.065000
0 0.574063 0.789583 0.064375 0.082500
0 0.712812 0.781250 0.059375 0.079167
0 0.864688 0.780833 0.064375 0.081667
0 0.229375 0.765000 0.055000 0.068333
0 0.152500 0.752917 0.057500 0.052500
0 0.036562 0.747500 0.049375 0.075000
0 0.903438 0.720000 0.059375 0.076667
0 0.719375 0.714167 0.071250 0.070000
0 0.091563 0.700833 0.050625 0.066667
0 0.355938 0.690000 0.055625 0.078333
0 0.015312 0.659583 0.030625 0.084167
0 0.699375 0.651667 0.061250 0.076667
0 0.642500 0.644583 0.057500 0.079167
0 0.229687 0.644167 0.049375 0.080000
0 0.179063 0.649583 0.066875 0.102500
0 0.335938 0.632083 0.044375 0.069167
0 0.984062 0.605833 0.031875 0.068333
0 0.575625 0.607917 0.056250 0.080833
0 0.036875 0.585000 0.050000 0.060000
0 0.487187 0.590000 0.061875 0.088333
0 0.375312 0.577917 0.051875 0.080833
0 0.083750 0.567083 0.048750 0.075833
0 0.162500 0.562917 0.045000 0.077500
0 0.131875 0.560000 0.045000 0.075000
0 0.859062 0.559583 0.056875 0.079167
0 0.720000 0.542083 0.051250 0.075833
0 0.348438 0.505833 0.050625 0.056667
0 0.743750 0.494583 0.050000 0.057500
0 0.973125 0.486250 0.053750 0.087500
0 0.118125 0.477083 0.078750 0.089167
0 0.621250 0.471667 0.060000 0.086667
0 0.426875 0.456250 0.052500 0.069167
0 0.360938 0.453333 0.049375 0.070000
0 0.263437 0.450833 0.051875 0.078333
0 0.174063 0.450833 0.049375 0.078333
0 0.038750 0.432083 0.056250 0.070833
0 0.310312 0.425833 0.050625 0.075000
0 0.810625 0.412083 0.050000 0.065833
0 0.575937 0.431250 0.075625 0.104167
0 0.875313 0.406667 0.068125 0.078333
0 0.645938 0.415417 0.065625 0.100833
0 0.406250 0.384167 0.053750 0.078333
0 0.249062 0.371667 0.045625 0.080000
0 0.587187 0.351667 0.061875 0.056667
0 0.356563 0.352500 0.055625 0.071667
0 0.716875 0.342917 0.058750 0.070833
0 0.140625 0.338333 0.048750 0.090000
0 0.520000 0.326667 0.052500 0.073333
0 0.425312 0.310417 0.063125 0.077500
0 0.655000 0.309583 0.056250 0.089167
0 0.920312 0.289583 0.074375 0.050833
0 0.542500 0.283750 0.055000 0.062500
0 0.333125 0.276667 0.060000 0.068333
0 0.622188 0.271250 0.056875 0.069167
0 0.493125 0.260833 0.055000 0.068333
0 0.976250 0.237500 0.047500 0.078333
0 0.548438 0.212917 0.058125 0.075833
0 0.122813 0.212917 0.058125 0.075833
0 0.898125 0.211250 0.061250 0.077500
0 0.462187 0.200833 0.063125 0.071667
0 0.499063 0.151250 0.060625 0.074167
0 0.674687 0.137500 0.059375 0.075000
0 0.868437 0.132083 0.064375 0.077500
0 0.451875 0.119167 0.058750 0.073333
0 0.167187 0.118750 0.065625 0.085833
0 0.052187 0.106250 0.054375 0.080833
0 0.740313 0.094583 0.065625 0.082500
0 0.543750 0.075417 0.062500 0.077500
0 0.919375 0.069583 0.067500 0.087500
0 0.219688 0.046250 0.055625 0.075833
0 0.775625 0.041667 0.061250 0.083333
0 0.684688 0.018750 0.056875 0.037500
0 0.582187 0.027083 0.054375 0.054167
0 0.445625 0.037083 0.045000 0.074167
0 0.170625 0.029583 0.055000 0.059167
0 0.036875 0.032500 0.057500 0.065000