0 0.127188 0.960000 0.074375 0.080000
0 0.213750 0.928333 0.080000 0.080000
0 0.354375 0.919167 0.083750 0.096667
0 0.714063 0.904167 0.075625 0.095000
0 0.918750 0.897500 0.063750 0.101667
0 0.057188 0.865417 0.071875 0.092500
0 0.280313 0.852500 0.065625 0.101667
0 0.919375 0.842917 0.083750 0.090833
0 0.189062 0.840000 0.070625 0.086667
0 0.756250 0.817500 0.072500 0.091667
0 0.343125 0.777083 0.071250 0.084167
0 0.668125 0.774167 0.073750 0.108333
0 0.140937 0.755417 0.073125 0.097500
0 0.334375 0.727500 0.065000 0.076667
0 0.153750 0.652917 0.071250 0.099167
0 0.640938 0.570000 0.074375 0.095000
0 0.039375 0.531250 0.072500 0.084167
0 0.210000 0.502917 0.078750 0.102500
0 0.120000 0.489583 0.067500 0.087500
0 0.296875 0.463750 0.073750 0.090833
0 0.193125 0.370000 0.076250 0.100000
0 0.846875 0.364583 0.077500 0.097500
0 0.300312 0.357500 0.069375 0.090000
0 0.673438 0.335417 0.079375 0.095833
0 0.940312 0.335833 0.078125 0.105000
0 0.406250 0.325000 0.071250 0.098333
0 0.235937 0.317917 0.063125 0.107500
0 0.119688 0.312083 0.096875 0.127500
0 0.510938 0.283333 0.064375 0.103333
0 0.694063 0.263750 0.074375 0.105833
0 0.785625 0.215417 0.071250 0.090833
0 0.417812 0.187083 0.068125 0.094167
0 0.030625 0.181667 0.061250 0.088333
0 0.508750 0.082500 0.067500 0.098333
0 0.727500 0.069167 0.067500 0.095000
0 0.386562 0.052500 0.071875 0.100000