0 0.620625 0.978750 0.066250 0.042500
0 0.102500 0.961250 0.061250 0.077500
0 0.277500 0.957917 0.065000 0.084167
0 0.925625 0.934583 0.058750 0.079167
0 0.863437 0.935833 0.063125 0.083333
0 0.703125 0.906250 0.053750 0.095833
0 0.640000 0.899167 0.060000 0.086667
0 0.562187 0.867083 0.066875 0.084167
0 0.834688 0.848333 0.071875 0.093333
0 0.709063 0.820833 0.068125 0.075000
0 0.280000 0.825417 0.061250 0.104167
0 0.135000 0.815000 0.068750 0.090000
0 0.372812 0.801250 0.070625 0.089167
0 0.112812 0.771250 0.064375 0.087500
0 0.706250 0.763333 0.065000 0.083333
0 0.888750 0.750000 0.080000 0.128333
0 0.731563 0.718333 0.064375 0.085000
0 0.053750 0.721250 0.065000 0.092500
0 0.496875 0.717500 0.057500 0.115000
0 0.849063 0.687500 0.060625 0.085000
0 0.556562 0.684167 0.065625 0.083333
0 0.840313 0.650417 0.069375 0.074167
0 0.166250 0.655000 0.065000 0.090000
0 0.765625 0.644167 0.067500 0.091667
0 0.319688 0.639167 0.073125 0.091667
0 0.417500 0.629167 0.066250 0.086667
0 0.253750 0.631667 0.055000 0.098333
0 0.655937 0.617083 0.064375 0.099167
0 0.930625 0.589167 0.080000 0.083333
0 0.752188 0.571250 0.066875 0.087500
0 0.626250 0.555417 0.061250 0.090833
0 0.485312 0.550833 0.051875 0.083333
0 0.854375 0.549583 0.066250 0.085833
0 0.438125 0.542917 0.066250 0.099167
0 0.366563 0.533750 0.084375 0.089167
0 0.547813 0.537917 0.066875 0.099167
0 0.812187 0.533333 0.060625 0.095000
0 0.139375 0.523333 0.067500 0.101667
0 0.696562 0.470417 0.073125 0.092500
0 0.850313 0.433333 0.071875 0.083333
0 0.402813 0.424583 0.070625 0.080833
0 0.065000 0.354583 0.056250 0.075833
0 0.370000 0.355000 0.058750 0.083333
0 0.974688 0.334583 0.050625 0.084167
0 0.696875 0.331667 0.071250 0.103333
0 0.283125 0.326667 0.076250 0.093333
0 0.935937 0.317917 0.055625 0.090833
0 0.530625 0.303750 0.062500 0.084167
0 0.421563 0.302917 0.068125 0.085833
0 0.186562 0.304167 0.065625 0.091667
0 0.015625 0.300833 0.031250 0.095000
0 0.098437 0.278750 0.064375 0.075833
0 0.771250 0.280417 0.067500 0.090833
0 0.499375 0.266250 0.061250 0.080833
0 0.244062 0.252083 0.061875 0.082500
0 0.133125 0.250833 0.071250 0.096667
0 0.598750 0.237500 0.070000 0.076667
0 0.969063 0.215417 0.061875 0.084167
0 0.442188 0.208750 0.066875 0.094167
0 0.196250 0.206667 0.062500 0.093333
0 0.328750 0.188333 0.067500 0.090000
0 0.468125 0.176250 0.062500 0.090833
0 0.755313 0.170000 0.065625 0.091667
0 0.395937 0.130833 0.066875 0.085000
0 0.234063 0.126250 0.069375 0.092500
0 0.970313 0.118333 0.059375 0.085000
0 0.707187 0.122917 0.059375 0.095833
0 0.307812 0.080417 0.063125 0.090833
0 0.613437 0.083750 0.056875 0.099167
0 0.403125 0.063333 0.061250 0.068333
0 0.655937 0.073333 0.066875 0.096667
0 0.348125 0.058333 0.061250 0.100000
0 0.570625 0.026667 0.076250 0.053333
0 0.479687 0.025833 0.064375 0.051667
0 0.116250 0.045000 0.082500 0.090000