0 0.878125 0.973750 0.070000 0.052500
0 0.686875 0.964583 0.065000 0.070833
0 0.598750 0.941667 0.067500 0.081667
0 0.183125 0.921667 0.070000 0.088333
0 0.535625 0.907083 0.073750 0.077500
0 0.334062 0.903750 0.071875 0.127500
0 0.134063 0.840417 0.069375 0.075833
0 0.216562 0.811250 0.058125 0.075833
0 0.913750 0.779583 0.066250 0.074167
0 0.761875 0.789167 0.067500 0.096667
0 0.058125 0.777500 0.083750 0.086667
0 0.557500 0.764167 0.072500 0.086667
0 0.151875 0.716250 0.057500 0.079167
0 0.364375 0.672500 0.067500 0.100000
0 0.650937 0.654583 0.073125 0.072500
0 0.337813 0.607917 0.096875 0.099167
0 0.364063 0.537917 0.071875 0.077500
0 0.550937 0.574583 0.075625 0.157500
0 0.790000 0.527500 0.058750 0.076667
0 0.316875 0.500417 0.060000 0.080833
0 0.850938 0.499167 0.065625 0.095000
0 0.691875 0.467500 0.105000 0.093333
0 0.371563 0.455833 0.063125 0.076667
0 0.829063 0.408333 0.065625 0.075000
0 0.433437 0.335417 0.066875 0.082500
0 0.878125 0.338333 0.071250 0.093333
0 0.779062 0.328750 0.069375 0.099167
0 0.054688 0.295417 0.060625 0.079167
0 0.944375 0.276250 0.075000 0.094167
0 0.289375 0.257917 0.068750 0.090833
0 0.166875 0.241667 0.062500 0.075000
0 0.513750 0.200833 0.056250 0.068333
0 0.341250 0.197917 0.055000 0.077500
0 0.708438 0.233333 0.076875 0.151667
0 0.675937 0.191667 0.069375 0.081667
0 0.371875 0.173333 0.060000 0.083333
0 0.232813 0.160833 0.051875 0.073333
0 0.081875 0.157917 0.063750 0.075833
0 0.345000 0.116667 0.060000 0.063333
0 0.652500 0.124167 0.065000 0.081667
0 0.892188 0.109583 0.084375 0.069167
0 0.751563 0.093333 0.063125 0.058333
0 0.699375 0.104167 0.047500 0.088333
0 0.813750 0.092083 0.065000 0.092500
0 0.083125 0.084167 0.082500 0.088333
0 0.556562 0.075833 0.080625 0.083333
0 0.121250 0.037083 0.071250 0.074167