0 0.922813 0.915000 0.059375 0.085000
0 0.443437 0.923333 0.071875 0.101667
0 0.239375 0.870833 0.067500 0.103333
0 0.927188 0.777917 0.059375 0.095833
0 0.870000 0.779167 0.072500 0.103333
0 0.530000 0.767500 0.073750 0.100000
0 0.211250 0.565833 0.063750 0.093333
0 0.542500 0.535000 0.073750 0.101667
0 0.837187 0.532500 0.070625 0.103333
0 0.146250 0.533333 0.066250 0.108333
0 0.649062 0.542917 0.083125 0.132500
0 0.711875 0.539583 0.062500 0.134167
0 0.773125 0.442500 0.067500 0.080000
0 0.241250 0.395000 0.066250 0.091667
0 0.923750 0.370000 0.066250 0.078333
0 0.373125 0.337500 0.072500 0.096667
0 0.466875 0.335833 0.082500 0.100000
0 0.276250 0.281667 0.061250 0.101667
0 0.016875 0.226667 0.033750 0.081667
0 0.977187 0.226250 0.045625 0.095833
0 0.664062 0.209583 0.075625 0.107500
0 0.296875 0.177500 0.080000 0.090000
0 0.380000 0.105833 0.078750 0.110000
0 0.169375 0.083333 0.067500 0.091667
0 0.103125 0.074167 0.057500 0.086667
0 0.308125 0.031250 0.070000 0.062500
0 0.208125 0.026250 0.067500 0.052500