0 0.825625 0.979583 0.060000 0.040833
0 0.493125 0.974167 0.082500 0.051667
0 0.407813 0.972500 0.044375 0.055000
0 0.937500 0.970000 0.062500 0.060000
0 0.774062 0.960833 0.055625 0.078333
0 0.301875 0.957083 0.053750 0.077500
0 0.137813 0.944167 0.061875 0.075000
0 0.648438 0.952917 0.080625 0.094167
0 0.258437 0.939167 0.063125 0.083333
0 0.094375 0.915833 0.055000 0.081667
0 0.882812 0.917083 0.059375 0.090833
0 0.724688 0.922083 0.080625 0.107500
0 0.411562 0.900000 0.063125 0.063333
0 0.016250 0.910000 0.032500 0.086667
0 0.978750 0.885000 0.042500 0.073333
0 0.556562 0.884167 0.068125 0.098333
0 0.262188 0.866667 0.059375 0.068333
0 0.175937 0.877083 0.088125 0.094167
0 0.325313 0.864167 0.066875 0.095000
0 0.840313 0.853333 0.056875 0.076667
0 0.673125 0.843333 0.072500 0.088333
0 0.077500 0.838333 0.060000 0.083333
0 0.971562 0.824583 0.056875 0.070833
0 0.597812 0.828750 0.055625 0.082500
0 0.772188 0.825000 0.059375 0.118333
0 0.143437 0.804167 0.069375 0.090000
0 0.238437 0.782500 0.060625 0.075000
0 0.442500 0.797083 0.068750 0.109167
0 0.025625 0.779583 0.051250 0.079167
0 0.525000 0.782917 0.078750 0.087500
0 0.730625 0.775000 0.045000 0.101667
0 0.369688 0.780417 0.073125 0.119167
0 0.802188 0.756250 0.069375 0.110833
0 0.931562 0.735417 0.050625 0.075833
0 0.486250 0.747083 0.066250 0.109167
0 0.630313 0.745833 0.094375 0.123333
0 0.296875 0.722917 0.065000 0.079167
0 0.223125 0.722917 0.062500 0.099167
0 0.083750 0.721250 0.073750 0.102500
0 0.863437 0.722917 0.063125 0.120833
0 0.375625 0.695833 0.056250 0.075000
0 0.435312 0.685833 0.064375 0.070000
0 0.975625 0.687500 0.048750 0.098333
0 0.563438 0.686667 0.059375 0.121667
0 0.152188 0.663750 0.059375 0.084167
0 0.734688 0.679167 0.076875 0.118333
0 0.350313 0.655833 0.051875 0.075000
0 0.235625 0.655833 0.058750 0.076667
0 0.042813 0.647083 0.059375 0.075833
0 0.511563 0.653333 0.056875 0.101667
0 0.650000 0.634167 0.086250 0.083333
0 0.776563 0.628750 0.054375 0.075833
0 0.441250 0.619583 0.058750 0.070833
0 0.847187 0.618750 0.060625 0.077500
0 0.892500 0.625833 0.072500 0.095000
0 0.686562 0.589167 0.051875 0.070000
0 0.518437 0.584167 0.056875 0.066667
0 0.384688 0.598750 0.073125 0.095833
0 0.576562 0.593750 0.064375 0.087500
0 0.969063 0.595833 0.054375 0.096667
0 0.173125 0.572917 0.051250 0.067500
0 0.060625 0.582500 0.076250 0.128333
0 0.121563 0.555833 0.063125 0.101667
0 0.841562 0.542500 0.063125 0.091667
0 0.307500 0.532083 0.062500 0.084167
0 0.917188 0.531250 0.066875 0.099167
0 0.724063 0.513750 0.061875 0.087500
0 0.164375 0.500417 0.080000 0.087500
0 0.985625 0.495833 0.028750 0.081667
0 0.434688 0.500417 0.074375 0.092500
0 0.252500 0.500417 0.096250 0.092500
0 0.792500 0.483750 0.053750 0.085833
0 0.648750 0.491667 0.063750 0.101667
0 0.357500 0.471667 0.061250 0.065000
0 0.567187 0.493333 0.060625 0.111667
0 0.525937 0.483333 0.046875 0.101667
0 0.734062 0.431250 0.058125 0.079167
0 0.946562 0.414167 0.085625 0.075000
0 0.370000 0.412083 0.072500 0.084167
0 0.263125 0.400833 0.061250 0.063333
0 0.844063 0.416667 0.066875 0.096667
0 0.330625 0.395417 0.048750 0.080833
0 0.745000 0.383333 0.055000 0.061667
0 0.415312 0.380417 0.054375 0.075833
0 0.813438 0.376250 0.053125 0.074167
0 0.545937 0.362917 0.056875 0.079167
0 0.171875 0.380417 0.068750 0.119167
0 0.476250 0.350833 0.056250 0.073333
0 0.024375 0.366250 0.048750 0.132500
0 0.647500 0.365417 0.071250 0.135833
0 0.249062 0.332500 0.076875 0.096667
0 0.688438 0.318333 0.046875 0.090000
0 0.454688 0.307083 0.061875 0.067500
0 0.813750 0.302917 0.068750 0.070833
0 0.596250 0.302083 0.081250 0.089167
0 0.394688 0.300417 0.078125 0.112500
0 0.769062 0.282500 0.065625 0.106667
0 0.317188 0.267500 0.056875 0.086667
0 0.182188 0.279583 0.070625 0.114167
0 0.134375 0.227917 0.061250 0.075833
0 0.064062 0.229167 0.066875 0.078333
0 0.533750 0.239583 0.061250 0.102500
0 0.852500 0.222917 0.061250 0.070833
0 0.618750 0.223750 0.060000 0.094167
0 0.467187 0.205417 0.054375 0.074167
0 0.386250 0.207917 0.078750 0.089167
0 0.917188 0.196667 0.048125 0.071667
0 0.684063 0.217917 0.079375 0.119167
0 0.295312 0.187083 0.055625 0.062500
0 0.215000 0.180833 0.065000 0.068333
0 0.530625 0.172500 0.048750 0.061667
0 0.742812 0.190417 0.081875 0.115833
0 0.836875 0.159583 0.070000 0.070833
0 0.990938 0.152083 0.018125 0.057500
0 0.968125 0.187083 0.063750 0.130833
0 0.595000 0.156667 0.058750 0.080000
0 0.048438 0.147500 0.060625 0.085000
0 0.891250 0.130417 0.085000 0.074167
0 0.358125 0.136250 0.075000 0.085833
0 0.145313 0.132500 0.051875 0.085000
0 0.290000 0.107083 0.045000 0.082500
0 0.105313 0.123333 0.066875 0.115000
0 0.243125 0.107083 0.086250 0.100833
0 0.465313 0.101667 0.086875 0.100000
0 0.510625 0.072500 0.047500 0.071667
0 0.937187 0.090000 0.068125 0.108333
0 0.182812 0.065417 0.081875 0.077500
0 0.729688 0.066250 0.058125 0.082500
0 0.573750 0.063750 0.051250 0.077500
0 0.630625 0.059167 0.061250 0.086667
0 0.396250 0.044167 0.057500 0.071667
0 0.981563 0.064167 0.036875 0.115000
0 0.885000 0.036667 0.091250 0.073333
0 0.812187 0.027083 0.073125 0.054167
0 0.695625 0.025833 0.061250 0.051667
0 0.530312 0.019583 0.050625 0.039167
0 0.346875 0.037083 0.063750 0.074167
0 0.112812 0.024583 0.045625 0.049167
0 0.038437 0.047500 0.076875 0.095000