0 0.051875 0.980417 0.066250 0.039167
0 0.120000 0.970833 0.063750 0.058333
0 0.756250 0.962917 0.060000 0.074167
0 0.229063 0.961667 0.056875 0.076667
0 0.670000 0.938750 0.057500 0.084167
0 0.415312 0.932083 0.054375 0.089167
0 0.814375 0.918333 0.057500 0.090000
0 0.932187 0.882917 0.056875 0.072500
0 0.771875 0.872500 0.080000 0.110000
0 0.579375 0.875000 0.063750 0.126667
0 0.845000 0.850833 0.065000 0.105000
0 0.865000 0.796667 0.090000 0.073333
0 0.087188 0.782917 0.060625 0.085833
0 0.161875 0.774583 0.060000 0.082500
0 0.217500 0.751250 0.070000 0.090833
0 0.064375 0.745000 0.063750 0.080000
0 0.953750 0.739583 0.092500 0.074167
0 0.811562 0.724167 0.086875 0.086667
0 0.280000 0.720000 0.067500 0.083333
0 0.020313 0.708333 0.040625 0.086667
0 0.694688 0.696667 0.074375 0.080000
0 0.639375 0.680417 0.056250 0.080833
0 0.342500 0.683750 0.062500 0.090833
0 0.747500 0.650833 0.093750 0.073333
0 0.300938 0.647083 0.074375 0.087500
0 0.533750 0.639167 0.063750 0.078333
0 0.918750 0.618750 0.060000 0.099167
0 0.621563 0.598750 0.089375 0.065833
0 0.280313 0.596667 0.076875 0.061667
0 0.376875 0.581667 0.065000 0.085000
0 0.618125 0.531250 0.096250 0.080833
0 0.037500 0.513750 0.053750 0.075833
0 0.261875 0.511250 0.082500 0.084167
0 0.801875 0.461250 0.103750 0.055833
0 0.449688 0.455000 0.064375 0.090000
0 0.978437 0.438333 0.043125 0.085000
0 0.200625 0.431667 0.062500 0.098333
0 0.703438 0.418333 0.069375 0.096667
0 0.537188 0.400000 0.070625 0.080000
0 0.883437 0.357917 0.068125 0.092500
0 0.177500 0.355417 0.071250 0.094167
0 0.775000 0.333750 0.122500 0.064167
0 0.355312 0.305417 0.058125 0.084167
0 0.312188 0.310000 0.045625 0.096667
0 0.540000 0.291667 0.078750 0.076667
0 0.237813 0.289583 0.058125 0.092500
0 0.357812 0.245833 0.083125 0.061667
0 0.113437 0.235833 0.065625 0.090000
0 0.622500 0.221250 0.143750 0.087500
0 0.195937 0.203333 0.089375 0.076667
0 0.809375 0.192917 0.067500 0.074167
0 0.479063 0.147083 0.068125 0.082500
0 0.247812 0.136250 0.063125 0.099167
0 0.623750 0.120000 0.063750 0.086667
0 0.808750 0.110000 0.067500 0.103333
0 0.297187 0.090000 0.064375 0.088333
0 0.387188 0.067917 0.066875 0.080833
0 0.468750 0.041250 0.051250 0.070833
0 0.747500 0.047917 0.071250 0.090833