0 0.226250 0.980833 0.061250 0.038333
0 0.842500 0.977917 0.073750 0.044167
0 0.631875 0.973750 0.088750 0.052500
0 0.952187 0.954583 0.058125 0.074167
0 0.431875 0.946667 0.057500 0.078333
0 0.163438 0.933750 0.056875 0.089167
0 0.571875 0.935417 0.093750 0.099167
0 0.744375 0.919583 0.066250 0.072500
0 0.219688 0.913333 0.063125 0.076667
0 0.074688 0.903750 0.053125 0.069167
0 0.633125 0.907083 0.065000 0.079167
0 0.959063 0.897083 0.059375 0.064167
0 0.263125 0.898333 0.060000 0.068333
0 0.120000 0.881250 0.057500 0.070833
0 0.513125 0.870000 0.058750 0.088333
0 0.771250 0.853333 0.072500 0.058333
0 0.427500 0.850000 0.050000 0.071667
0 0.576250 0.851250 0.070000 0.080833
0 0.937813 0.833333 0.058125 0.065000
0 0.081562 0.830833 0.051875 0.068333
0 0.842187 0.832917 0.061875 0.087500
0 0.153125 0.825417 0.058750 0.072500
0 0.641250 0.822083 0.047500 0.072500
0 0.702500 0.813333 0.071250 0.070000
0 0.292812 0.818333 0.061875 0.081667
0 0.759062 0.795000 0.043125 0.061667
0 0.214375 0.800417 0.072500 0.080833
0 0.483750 0.792917 0.058750 0.075833
0 0.881250 0.766250 0.051250 0.070833
0 0.387813 0.770000 0.063125 0.083333
0 0.804688 0.764583 0.058125 0.077500
0 0.154062 0.750417 0.045625 0.075833
0 0.044375 0.732917 0.072500 0.085833
0 0.223438 0.721667 0.068125 0.076667
0 0.454688 0.727917 0.093125 0.109167
0 0.909375 0.707917 0.050000 0.077500
0 0.828438 0.702500 0.045625 0.073333
0 0.667813 0.687500 0.051875 0.066667
0 0.378750 0.688750 0.081250 0.084167
0 0.252188 0.646250 0.059375 0.077500
0 0.604375 0.634583 0.048750 0.069167
0 0.874375 0.634167 0.055000 0.076667
0 0.790625 0.637083 0.061250 0.085833
0 0.413438 0.618333 0.049375 0.066667
0 0.657813 0.610833 0.053125 0.071667
0 0.163125 0.605833 0.072500 0.086667
0 0.834688 0.604583 0.056875 0.085833
0 0.463750 0.597083 0.055000 0.070833
0 0.045000 0.585417 0.047500 0.070833
0 0.947500 0.589167 0.070000 0.083333
0 0.725000 0.580000 0.093750 0.091667
0 0.619375 0.564583 0.048750 0.074167
0 0.327500 0.557083 0.063750 0.060833
0 0.889687 0.562917 0.056875 0.082500
0 0.125000 0.555417 0.055000 0.074167
0 0.426563 0.538333 0.064375 0.083333
0 0.665625 0.502917 0.061250 0.074167
0 0.727187 0.498333 0.059375 0.070000
0 0.023125 0.499167 0.046250 0.083333
0 0.982500 0.492917 0.035000 0.092500
0 0.134687 0.478333 0.060625 0.073333
0 0.424687 0.463750 0.060625 0.067500
0 0.764687 0.456250 0.060625 0.080833
0 0.586562 0.450833 0.060625 0.075000
0 0.044062 0.426250 0.050625 0.074167
0 0.419375 0.407500 0.061250 0.070000
0 0.873125 0.425417 0.080000 0.117500
0 0.986875 0.399167 0.026250 0.085000
0 0.732187 0.387083 0.055625 0.064167
0 0.357500 0.393333 0.060000 0.080000
0 0.570312 0.384583 0.049375 0.064167
0 0.480000 0.384583 0.050000 0.080833
0 0.805000 0.402083 0.085000 0.119167
0 0.221562 0.376250 0.061875 0.077500
0 0.933750 0.358333 0.062500 0.076667
0 0.077500 0.334167 0.046250 0.073333
0 0.489375 0.300417 0.060000 0.075833
0 0.713437 0.307917 0.075625 0.097500
0 0.563750 0.277917 0.058750 0.069167
0 0.133125 0.265000 0.052500 0.048333
0 0.346562 0.281667 0.068125 0.090000
0 0.772188 0.270833 0.059375 0.076667
0 0.870938 0.269583 0.050625 0.075833
0 0.038750 0.278333 0.050000 0.096667
0 0.276875 0.268333 0.061250 0.085000
0 0.932500 0.264583 0.061250 0.090833
0 0.420000 0.265417 0.071250 0.094167
0 0.980938 0.240833 0.038125 0.071667
0 0.505625 0.233750 0.057500 0.067500
0 0.750938 0.219583 0.056875 0.064167
0 0.074375 0.216667 0.050000 0.066667
0 0.314375 0.210000 0.055000 0.063333
0 0.228125 0.202083 0.050000 0.072500
0 0.693750 0.208750 0.063750 0.087500
0 0.019375 0.192500 0.038750 0.075000
0 0.126250 0.187500 0.060000 0.075000
0 0.372500 0.179167 0.051250 0.073333
0 0.450937 0.176667 0.063125 0.073333
0 0.820000 0.169583 0.056250 0.074167
0 0.188750 0.143333 0.066250 0.073333
0 0.388437 0.102917 0.061875 0.077500
0 0.651250 0.095000 0.052500 0.076667
0 0.295312 0.080833 0.060625 0.086667
0 0.870625 0.071667 0.065000 0.083333
0 0.148750 0.063750 0.065000 0.094167
0 0.350313 0.037500 0.068125 0.066667