0 0.171563 0.978333 0.065625 0.043333
0 0.784375 0.977500 0.117500 0.045000
0 0.209063 0.973333 0.036875 0.053333
0 0.246875 0.968750 0.041250 0.062500
0 0.336875 0.965417 0.092500 0.069167
0 0.079062 0.962500 0.065625 0.063333
0 0.401250 0.964583 0.056250 0.070833
0 0.506875 0.962917 0.062500 0.074167
0 0.455625 0.962500 0.062500 0.075000
0 0.907813 0.958333 0.083125 0.083333
0 0.557500 0.949167 0.056250 0.101667
0 0.128125 0.937917 0.076250 0.094167
0 0.693125 0.944167 0.063750 0.111667
0 0.767188 0.921667 0.059375 0.088333
0 0.619687 0.919167 0.058125 0.091667
0 0.053125 0.912917 0.060000 0.079167
0 0.207500 0.905000 0.061250 0.076667
0 0.489375 0.895000 0.067500 0.076667
0 0.963125 0.907083 0.070000 0.137500
0 0.398125 0.872917 0.065000 0.074167
0 0.187812 0.870000 0.065625 0.110000
0 0.720000 0.856250 0.056250 0.092500
0 0.548750 0.860833 0.098750 0.101667
0 0.786563 0.847083 0.056875 0.084167
0 0.433125 0.834167 0.052500 0.075000
0 0.855625 0.830417 0.062500 0.084167
0 0.650312 0.835833 0.068125 0.098333
0 0.047813 0.824583 0.051875 0.085833
0 0.016250 0.842500 0.032500 0.130000
0 0.251563 0.816250 0.061875 0.082500
0 0.376250 0.816667 0.043750 0.095000
0 0.094687 0.820000 0.050625 0.103333
0 0.327813 0.800000 0.078125 0.100000
0 0.478438 0.786667 0.056875 0.083333
0 0.943438 0.801667 0.085625 0.120000
0 0.690937 0.779167 0.069375 0.078333
0 0.190000 0.765833 0.033750 0.063333
0 0.224688 0.772500 0.050625 0.088333
0 0.147813 0.762083 0.051875 0.070833
0 0.615313 0.766667 0.065625 0.086667
0 0.702500 0.723750 0.067500 0.067500
0 0.413750 0.728333 0.082500 0.080000
0 0.281875 0.726667 0.066250 0.088333
0 0.984375 0.741667 0.031250 0.128333
0 0.760938 0.742083 0.068125 0.130833
0 0.885938 0.734583 0.080625 0.117500
0 0.167500 0.705833 0.058750 0.065000
0 0.834375 0.715000 0.077500 0.101667
0 0.546875 0.698333 0.060000 0.070000
0 0.639375 0.713333 0.065000 0.101667
0 0.959375 0.700833 0.068750 0.078333
0 0.355312 0.684167 0.063125 0.086667
0 0.041875 0.670417 0.066250 0.077500
0 0.611875 0.664167 0.053750 0.068333
0 0.515312 0.668333 0.050625 0.081667
0 0.296250 0.660833 0.061250 0.073333
0 0.689375 0.660833 0.058750 0.091667
0 0.475000 0.670417 0.056250 0.110833
0 0.742500 0.635000 0.060000 0.068333
0 0.410000 0.638333 0.062500 0.090000
0 0.947500 0.618333 0.070000 0.086667
0 0.173125 0.615000 0.060000 0.086667
0 0.352812 0.604583 0.073125 0.075833
0 0.808125 0.597500 0.063750 0.088333
0 0.858437 0.581667 0.049375 0.065000
0 0.446250 0.575000 0.050000 0.060000
0 0.030625 0.584167 0.061250 0.078333
0 0.670937 0.599167 0.066875 0.115000
0 0.536250 0.586250 0.073750 0.104167
0 0.220000 0.579583 0.076250 0.094167
0 0.780937 0.570417 0.060625 0.084167
0 0.129375 0.565417 0.061250 0.074167
0 0.968437 0.557500 0.059375 0.063333
0 0.713125 0.547083 0.057500 0.092500
0 0.905000 0.544167 0.045000 0.101667
0 0.276562 0.548333 0.086875 0.125000
0 0.063750 0.519583 0.045000 0.067500
0 0.601250 0.520833 0.065000 0.075000
0 0.392500 0.526250 0.070000 0.107500
0 0.484063 0.507500 0.055625 0.081667
0 0.021562 0.502917 0.043125 0.085833
0 0.860313 0.497917 0.060625 0.082500
0 0.979062 0.489167 0.041875 0.088333
0 0.329375 0.488333 0.065000 0.086667
0 0.146563 0.484167 0.061875 0.078333
0 0.783750 0.477083 0.061250 0.082500
0 0.882188 0.460833 0.059375 0.053333
0 0.598437 0.455833 0.064375 0.055000
0 0.465938 0.462083 0.061875 0.074167
0 0.534375 0.451250 0.053750 0.075833
0 0.943750 0.464167 0.061250 0.121667
0 0.357187 0.445417 0.093125 0.089167
0 0.268750 0.438333 0.055000 0.080000
0 0.813438 0.430833 0.053125 0.076667
0 0.197500 0.416667 0.067500 0.076667
0 0.030312 0.413333 0.060625 0.071667
0 0.712812 0.402083 0.038125 0.072500
0 0.744375 0.432500 0.037500 0.138333
0 0.660937 0.402917 0.053125 0.080833
0 0.546250 0.407083 0.071250 0.102500
0 0.089688 0.402083 0.053125 0.097500
0 0.127188 0.393750 0.054375 0.084167
0 0.875625 0.394583 0.056250 0.094167
0 0.601875 0.365417 0.061250 0.045833
0 0.379063 0.368750 0.040625 0.070833
0 0.338125 0.370000 0.045000 0.073333
0 0.985625 0.355833 0.028750 0.071667
0 0.022812 0.361250 0.045625 0.082500
0 0.250625 0.360417 0.053750 0.082500
0 0.784687 0.357917 0.063125 0.082500
0 0.399062 0.313750 0.058125 0.045833
0 0.664062 0.339583 0.068125 0.099167
0 0.183125 0.331667 0.073750 0.083333
0 0.441250 0.335833 0.067500 0.106667
0 0.279687 0.322500 0.055625 0.086667
0 0.886875 0.302500 0.063750 0.071667
0 0.528438 0.304167 0.073125 0.076667
0 0.110937 0.300833 0.044375 0.080000
0 0.067500 0.290000 0.072500 0.065000
0 0.801875 0.291667 0.058750 0.075000
0 0.602500 0.297083 0.073750 0.094167
0 0.718437 0.301667 0.088125 0.110000
0 0.309688 0.293333 0.056875 0.105000
0 0.977500 0.272083 0.045000 0.092500
0 0.766875 0.268333 0.053750 0.085000
0 0.372188 0.268333 0.063125 0.088333
0 0.435625 0.254167 0.061250 0.080000
0 0.240937 0.262917 0.061875 0.099167
0 0.659687 0.251250 0.069375 0.090833
0 0.854062 0.235417 0.063125 0.080833
0 0.149688 0.242500 0.063125 0.096667
0 0.567187 0.241250 0.084375 0.097500
0 0.190312 0.231667 0.051875 0.078333
0 0.281875 0.216667 0.045000 0.075000
0 0.499688 0.206667 0.085625 0.066667
0 0.030625 0.212917 0.061250 0.094167
0 0.700937 0.197500 0.060625 0.080000
0 0.125312 0.184167 0.058125 0.058333
0 0.412500 0.194583 0.057500 0.090833
0 0.582187 0.187917 0.063125 0.079167
0 0.350938 0.197917 0.059375 0.104167
0 0.745000 0.175833 0.057500 0.078333
0 0.966250 0.172083 0.067500 0.074167
0 0.798125 0.180000 0.066250 0.091667
0 0.335938 0.168750 0.040625 0.070833
0 0.218125 0.172083 0.056250 0.079167
0 0.915000 0.187083 0.071250 0.119167
0 0.286250 0.152500 0.072500 0.076667
0 0.053437 0.150417 0.073125 0.082500
0 0.472813 0.145000 0.079375 0.073333
0 0.632500 0.134167 0.055000 0.056667
0 0.840938 0.140417 0.069375 0.072500
0 0.975938 0.135000 0.048125 0.075000
0 0.121875 0.133750 0.055000 0.072500
0 0.020625 0.122500 0.041250 0.076667
0 0.239687 0.124167 0.058125 0.083333
0 0.782188 0.094583 0.054375 0.057500
0 0.585625 0.104583 0.062500 0.077500
0 0.729688 0.090000 0.053125 0.065000
0 0.328437 0.092083 0.061875 0.079167
0 0.643750 0.087500 0.046250 0.076667
0 0.400313 0.086250 0.053125 0.094167
0 0.843437 0.076250 0.054375 0.079167
0 0.479063 0.074583 0.064375 0.082500
0 0.364375 0.061667 0.056250 0.066667
0 0.556562 0.070000 0.063125 0.088333
0 0.805000 0.052917 0.037500 0.072500
0 0.024375 0.054583 0.048750 0.075833
0 0.755000 0.049583 0.060000 0.080833
0 0.923438 0.046667 0.068125 0.076667
0 0.143437 0.047917 0.051875 0.087500
0 0.269375 0.042083 0.050000 0.077500
0 0.969688 0.038333 0.060625 0.076667
0 0.886563 0.017500 0.063125 0.035000
0 0.543750 0.016250 0.050000 0.032500
0 0.428438 0.024167 0.051875 0.048333
0 0.345000 0.023333 0.055000 0.046667
0 0.292187 0.020833 0.061875 0.041667
0 0.200937 0.037500 0.073125 0.075000
0 0.076250 0.033333 0.057500 0.066667