0 0.245625 0.845000 0.082500 0.085000
0 0.802188 0.804583 0.071875 0.087500
0 0.320312 0.803333 0.064375 0.095000
0 0.368437 0.807500 0.066875 0.110000
0 0.106250 0.775833 0.071250 0.090000
0 0.642500 0.760833 0.068750 0.086667
0 0.266875 0.753333 0.065000 0.085000
0 0.851562 0.754583 0.073125 0.095833
0 0.771250 0.743333 0.073750 0.088333
0 0.943125 0.743333 0.065000 0.095000
0 0.084375 0.717083 0.076250 0.104167
0 0.495000 0.697500 0.063750 0.086667
0 0.881875 0.681667 0.075000 0.081667
0 0.423750 0.686667 0.066250 0.091667
0 0.024063 0.675833 0.048125 0.076667
0 0.451250 0.602500 0.066250 0.086667
0 0.795625 0.575000 0.087500 0.088333
0 0.060000 0.516667 0.103750 0.091667
0 0.189062 0.497083 0.071875 0.089167
0 0.751875 0.493333 0.075000 0.098333
0 0.965000 0.463333 0.056250 0.078333
0 0.702500 0.453333 0.071250 0.095000
0 0.269375 0.447500 0.065000 0.090000
0 0.840625 0.430000 0.070000 0.078333
0 0.176875 0.425000 0.070000 0.088333
0 0.673125 0.382500 0.062500 0.096667
0 0.558125 0.373750 0.075000 0.102500
0 0.617188 0.366667 0.055625 0.095000
0 0.828750 0.345000 0.068750 0.081667
0 0.498750 0.340833 0.068750 0.096667
0 0.589375 0.287917 0.102500 0.077500
0 0.116250 0.284167 0.066250 0.090000
0 0.956250 0.265833 0.076250 0.093333
0 0.465313 0.242500 0.105625 0.100000
0 0.812500 0.233333 0.058750 0.085000
0 0.040000 0.200000 0.068750 0.101667
0 0.630000 0.184167 0.073750 0.090000
0 0.693750 0.156667 0.066250 0.091667
0 0.788125 0.130833 0.082500 0.076667
0 0.590000 0.124167 0.073750 0.093333
0 0.835000 0.058333 0.063750 0.095000
0 0.777500 0.042083 0.061250 0.084167
0 0.705000 0.042917 0.068750 0.085833
0 0.494375 0.027083 0.072500 0.054167
0 0.315000 0.037917 0.063750 0.075833