0 0.259062 0.973333 0.073125 0.053333
0 0.555000 0.970417 0.053750 0.059167
0 0.815312 0.970000 0.071875 0.060000
0 0.466250 0.969167 0.066250 0.061667
0 0.919375 0.953750 0.105000 0.092500
0 0.651875 0.915000 0.077500 0.098333
0 0.165625 0.906667 0.070000 0.095000
0 0.299375 0.892500 0.070000 0.093333
0 0.815000 0.875000 0.076250 0.098333
0 0.970625 0.862917 0.058750 0.100833
0 0.097187 0.850000 0.073125 0.095000
0 0.262813 0.815417 0.074375 0.094167
0 0.194062 0.806667 0.070625 0.088333
0 0.872188 0.816667 0.066875 0.110000
0 0.575625 0.796667 0.067500 0.095000
0 0.031875 0.795417 0.057500 0.094167
0 0.345938 0.705417 0.064375 0.090833
0 0.410625 0.698750 0.060000 0.092500
0 0.660000 0.674167 0.068750 0.090000
0 0.043750 0.676250 0.083750 0.140833
0 0.535000 0.653333 0.053750 0.101667
0 0.943125 0.652083 0.113750 0.104167
0 0.800312 0.574167 0.058125 0.083333
0 0.596250 0.561667 0.061250 0.081667
0 0.865313 0.599167 0.110625 0.168333
0 0.321875 0.556667 0.070000 0.101667
0 0.423750 0.535000 0.061250 0.088333
0 0.977812 0.522500 0.044375 0.090000
0 0.667188 0.499167 0.073125 0.090000
0 0.595000 0.465417 0.066250 0.085833
0 0.265625 0.455833 0.067500 0.090000
0 0.689688 0.446250 0.069375 0.097500
0 0.899375 0.432917 0.060000 0.079167
0 0.023750 0.409167 0.047500 0.093333
0 0.541250 0.395417 0.081250 0.107500
0 0.431250 0.368333 0.091250 0.125000
0 0.312188 0.332083 0.074375 0.095833
0 0.844688 0.335000 0.071875 0.106667
0 0.973750 0.333333 0.052500 0.121667
0 0.079375 0.244167 0.067500 0.090000
0 0.223125 0.238333 0.066250 0.088333
0 0.592187 0.242500 0.076875 0.103333
0 0.148125 0.231667 0.062500 0.091667
0 0.969063 0.218333 0.061875 0.098333
0 0.520000 0.181667 0.068750 0.091667
0 0.260313 0.198333 0.085625 0.128333
0 0.911875 0.167500 0.055000 0.095000
0 0.855938 0.163333 0.063125 0.090000
0 0.588125 0.138333 0.072500 0.091667
0 0.222500 0.088750 0.063750 0.092500
0 0.116250 0.066667 0.073750 0.088333
0 0.425000 0.078750 0.068750 0.122500
0 0.742500 0.056667 0.068750 0.088333
0 0.812813 0.030833 0.063125 0.061667
0 0.630000 0.032083 0.078750 0.064167
0 0.339375 0.036250 0.065000 0.072500
0 0.049688 0.026250 0.068125 0.052500