0 0.407187 0.965833 0.060625 0.068333
0 0.764062 0.959167 0.068125 0.081667
0 0.349687 0.954167 0.068125 0.085000
0 0.658438 0.927500 0.059375 0.081667
0 0.897500 0.920417 0.062500 0.094167
0 0.419063 0.913750 0.099375 0.102500
0 0.076875 0.905000 0.075000 0.098333
0 0.574063 0.814583 0.065625 0.084167
0 0.289375 0.757500 0.066250 0.093333
0 0.055000 0.697083 0.056250 0.074167
0 0.780937 0.713333 0.116875 0.111667
0 0.205000 0.693750 0.071250 0.085833
0 0.241250 0.657500 0.060000 0.081667
0 0.105938 0.625000 0.066875 0.071667
0 0.337187 0.624583 0.063125 0.089167
0 0.596562 0.610000 0.069375 0.093333
0 0.180625 0.611667 0.076250 0.096667
0 0.958438 0.585000 0.064375 0.105000
0 0.048125 0.530833 0.067500 0.065000
0 0.826875 0.464583 0.085000 0.095833
0 0.410313 0.460417 0.065625 0.100833
0 0.069062 0.441250 0.089375 0.082500
0 0.957812 0.399167 0.084375 0.095000
0 0.061562 0.370417 0.063125 0.100833
0 0.925312 0.342917 0.059375 0.082500
0 0.793438 0.303333 0.061875 0.098333
0 0.852812 0.295417 0.078125 0.105833
0 0.753437 0.278333 0.053125 0.098333
0 0.859375 0.187917 0.072500 0.099167
0 0.067500 0.130000 0.072500 0.096667
0 0.761563 0.048333 0.059375 0.096667
0 0.186562 0.045417 0.070625 0.090833