0 0.803125 0.978750 0.056250 0.042500
0 0.186875 0.976667 0.073750 0.046667
0 0.941562 0.966250 0.049375 0.067500
0 0.872500 0.962500 0.082500 0.075000
0 0.278125 0.962083 0.053750 0.075833
0 0.539062 0.947500 0.056875 0.070000
0 0.444063 0.955000 0.103125 0.090000
0 0.979375 0.932917 0.041250 0.087500
0 0.486875 0.916250 0.056250 0.074167
0 0.722187 0.917083 0.070625 0.087500
0 0.203750 0.895000 0.073750 0.105000
0 0.345938 0.860000 0.056875 0.073333
0 0.091250 0.895000 0.102500 0.153333
0 0.898125 0.851250 0.066250 0.069167
0 0.412187 0.839583 0.059375 0.082500
0 0.310000 0.805417 0.056250 0.072500
0 0.980625 0.789583 0.038750 0.069167
0 0.866875 0.790000 0.048750 0.076667
0 0.119063 0.790833 0.060625 0.081667
0 0.207500 0.794167 0.068750 0.096667
0 0.604062 0.780833 0.058125 0.075000
0 0.946875 0.770833 0.082500 0.110000
0 0.364687 0.754167 0.051875 0.078333
0 0.506250 0.746250 0.047500 0.067500
0 0.272813 0.739167 0.061875 0.086667
0 0.832187 0.705417 0.063125 0.082500
0 0.394375 0.695000 0.045000 0.063333
0 0.193750 0.708750 0.088750 0.095833
0 0.757500 0.686667 0.055000 0.070000
0 0.912188 0.685417 0.071875 0.090833
0 0.219062 0.663750 0.058125 0.085833
0 0.142500 0.664167 0.057500 0.088333
0 0.076250 0.651250 0.062500 0.072500
0 0.610625 0.647917 0.048750 0.074167
0 0.961875 0.630000 0.057500 0.073333
0 0.565000 0.629167 0.052500 0.076667
0 0.362500 0.635833 0.085000 0.130000
0 0.495625 0.613333 0.057500 0.090000
0 0.731563 0.609167 0.064375 0.085000
0 0.836562 0.571250 0.053125 0.072500
0 0.032188 0.560417 0.060625 0.064167
0 0.480938 0.545417 0.054375 0.065833
0 0.981250 0.539167 0.037500 0.073333
0 0.777188 0.517500 0.060625 0.065000
0 0.692813 0.511667 0.064375 0.075000
0 0.465938 0.489583 0.058125 0.060833
0 0.846250 0.493333 0.055000 0.070000
0 0.568438 0.486667 0.059375 0.078333
0 0.079687 0.450417 0.059375 0.074167
0 0.305312 0.452500 0.068125 0.088333
0 0.193750 0.442917 0.061250 0.079167
0 0.772813 0.434583 0.085625 0.089167
0 0.875313 0.435417 0.086875 0.100833
0 0.983437 0.412500 0.033125 0.065000
0 0.691250 0.419167 0.063750 0.105000
0 0.577812 0.412083 0.095625 0.092500
0 0.329688 0.394167 0.056875 0.073333
0 0.422187 0.386250 0.063125 0.079167
0 0.501875 0.375833 0.066250 0.086667
0 0.630938 0.361250 0.049375 0.065833
0 0.847812 0.370417 0.061875 0.089167
0 0.765000 0.371250 0.071250 0.095833
0 0.019375 0.349167 0.038750 0.070000
0 0.965000 0.361250 0.070000 0.110833
0 0.062187 0.348750 0.050625 0.087500
0 0.723437 0.337083 0.084375 0.075833
0 0.228750 0.328750 0.065000 0.070833
0 0.157500 0.343333 0.106250 0.126667
0 0.838437 0.311250 0.046875 0.067500
0 0.650937 0.306250 0.059375 0.070833
0 0.931562 0.294167 0.066875 0.108333
0 0.743750 0.267917 0.056250 0.069167
0 0.656875 0.246250 0.058750 0.077500
0 0.700313 0.227917 0.053125 0.062500
0 0.120625 0.231250 0.068750 0.087500
0 0.640625 0.176250 0.058750 0.069167
0 0.962500 0.135833 0.061250 0.065000
0 0.764062 0.110833 0.084375 0.120000
0 0.956250 0.075417 0.060000 0.054167
0 0.861250 0.075833 0.043750 0.085000
0 0.429688 0.066667 0.069375 0.090000
0 0.363750 0.056250 0.060000 0.085833
0 0.949063 0.024583 0.060625 0.049167
0 0.297500 0.020833 0.067500 0.041667
0 0.197187 0.030000 0.066875 0.060000