0 0.894062 0.972500 0.060625 0.055000
0 0.157812 0.971250 0.066875 0.057500
0 0.113750 0.944583 0.048750 0.074167
0 0.613437 0.933333 0.071875 0.080000
0 0.070938 0.930417 0.056875 0.090833
0 0.922813 0.913333 0.075625 0.075000
0 0.275000 0.890417 0.071250 0.075833
0 0.119063 0.867083 0.051875 0.077500
0 0.448437 0.857500 0.071875 0.088333
0 0.755625 0.832500 0.066250 0.081667
0 0.246875 0.826250 0.065000 0.070833
0 0.353125 0.811667 0.061250 0.080000
0 0.162812 0.815000 0.068125 0.088333
0 0.245312 0.764167 0.071875 0.075000
0 0.685937 0.759583 0.073125 0.085833
0 0.474062 0.724167 0.064375 0.075000
0 0.133437 0.690000 0.066875 0.090000
0 0.212500 0.676667 0.090000 0.098333
0 0.818125 0.656250 0.066250 0.067500
0 0.222500 0.594167 0.067500 0.070000
0 0.090313 0.599583 0.066875 0.089167
0 0.662500 0.579583 0.055000 0.100833
0 0.942500 0.562083 0.053750 0.075833
0 0.218438 0.517500 0.060625 0.078333
0 0.282813 0.507917 0.064375 0.085833
0 0.553750 0.504167 0.065000 0.085000
0 0.624375 0.484167 0.055000 0.078333
0 0.156875 0.457917 0.056250 0.075833
0 0.684375 0.439167 0.070000 0.085000
0 0.807500 0.355417 0.066250 0.072500
0 0.248750 0.357083 0.070000 0.079167
0 0.051562 0.347083 0.079375 0.070833
0 0.190938 0.341250 0.074375 0.077500
0 0.742500 0.321250 0.070000 0.090833
0 0.619062 0.302917 0.054375 0.084167
0 0.545000 0.289583 0.052500 0.077500
0 0.870938 0.289583 0.060625 0.082500
0 0.688750 0.269167 0.071250 0.088333
0 0.286875 0.261667 0.077500 0.086667
0 0.713750 0.208333 0.057500 0.073333
0 0.307812 0.194583 0.068125 0.074167
0 0.659375 0.166250 0.065000 0.094167
0 0.334688 0.129167 0.069375 0.081667
0 0.719688 0.127917 0.060625 0.084167
0 0.277187 0.095833 0.066875 0.086667
0 0.130000 0.094583 0.072500 0.099167
0 0.498750 0.080833 0.063750 0.083333
0 0.869062 0.043333 0.071875 0.086667
0 0.584688 0.032917 0.059375 0.065833
0 0.111250 0.019583 0.096250 0.039167