0 0.647188 0.962500 0.064375 0.075000
0 0.513125 0.959583 0.061250 0.080833
0 0.107813 0.959583 0.056875 0.080833
0 0.457188 0.959167 0.063125 0.081667
0 0.569688 0.913333 0.069375 0.095000
0 0.368125 0.904167 0.068750 0.100000
0 0.926562 0.892083 0.069375 0.095833
0 0.266875 0.884167 0.053750 0.083333
0 0.187812 0.899167 0.096875 0.155000
0 0.844688 0.849167 0.064375 0.075000
0 0.979375 0.839583 0.041250 0.072500
0 0.787500 0.828333 0.061250 0.073333
0 0.647813 0.822083 0.061875 0.090833
0 0.302812 0.799583 0.039375 0.069167
0 0.703750 0.792500 0.070000 0.071667
0 0.427500 0.804167 0.072500 0.095000
0 0.852187 0.783750 0.061875 0.072500
0 0.170000 0.781250 0.070000 0.075833
0 0.078437 0.773750 0.056875 0.075833
0 0.812813 0.774167 0.053125 0.095000
0 0.573750 0.758750 0.061250 0.079167
0 0.517188 0.760000 0.074375 0.096667
0 0.952187 0.741250 0.058125 0.089167
0 0.312188 0.724167 0.073125 0.090000
0 0.054688 0.697500 0.058125 0.106667
0 0.782188 0.715000 0.059375 0.148333
0 0.017812 0.695000 0.035625 0.116667
0 0.135625 0.621667 0.057500 0.071667
0 0.232500 0.621250 0.053750 0.077500
0 0.018125 0.585000 0.036250 0.080000
0 0.801562 0.595000 0.048125 0.101667
0 0.746563 0.578750 0.054375 0.070833
0 0.450000 0.598750 0.082500 0.112500
0 0.276250 0.585417 0.050000 0.105833
0 0.684688 0.586250 0.090625 0.115833
0 0.321875 0.572917 0.046250 0.092500
0 0.857500 0.562500 0.053750 0.083333
0 0.538125 0.560417 0.050000 0.107500
0 0.250000 0.548333 0.056250 0.085000
0 0.086250 0.541667 0.070000 0.080000
0 0.501250 0.551250 0.046250 0.105833
0 0.163438 0.530417 0.054375 0.085833
0 0.211250 0.514583 0.056250 0.082500
0 0.792188 0.501667 0.066875 0.083333
0 0.639062 0.507500 0.074375 0.111667
0 0.570625 0.479167 0.056250 0.070000
0 0.083125 0.468750 0.056250 0.080833
0 0.486563 0.469583 0.100625 0.110833
0 0.236250 0.461250 0.068750 0.095833
0 0.394375 0.455417 0.058750 0.105833
0 0.028750 0.449167 0.051250 0.098333
0 0.622812 0.422917 0.056875 0.065833
0 0.810000 0.437917 0.048750 0.104167
0 0.563750 0.410417 0.057500 0.067500
0 0.169687 0.412083 0.061875 0.079167
0 0.675000 0.417083 0.056250 0.095833
0 0.104063 0.407083 0.084375 0.080833
0 0.827500 0.370833 0.062500 0.135000
0 0.407500 0.341667 0.071250 0.083333
0 0.130000 0.340833 0.062500 0.085000
0 0.185938 0.359583 0.063125 0.130833
0 0.901563 0.348750 0.064375 0.119167
0 0.244688 0.355833 0.090625 0.140000
0 0.468750 0.301667 0.065000 0.091667
0 0.762500 0.293333 0.070000 0.083333
0 0.381875 0.290833 0.063750 0.081667
0 0.080625 0.305833 0.050000 0.113333
0 0.040313 0.291667 0.051875 0.093333
0 0.954688 0.278750 0.053125 0.077500
0 0.120625 0.260000 0.055000 0.070000
0 0.638750 0.253750 0.067500 0.084167
0 0.150312 0.216250 0.045625 0.097500
0 0.876250 0.205000 0.063750 0.098333
0 0.578750 0.195000 0.060000 0.085000
0 0.718437 0.195000 0.063125 0.093333
0 0.980000 0.194583 0.040000 0.104167
0 0.633437 0.172917 0.056875 0.075833
0 0.283750 0.181667 0.078750 0.105000
0 0.211875 0.150000 0.068750 0.088333
0 0.584375 0.112083 0.070000 0.079167
0 0.285625 0.103333 0.056250 0.091667
0 0.755625 0.086250 0.050000 0.064167
0 0.341562 0.105417 0.065625 0.149167
0 0.616875 0.067083 0.082500 0.110833
0 0.401250 0.076667 0.080000 0.133333
0 0.276250 0.031667 0.075000 0.063333
0 0.145313 0.035000 0.066875 0.070000