0 0.773125 0.902500 0.101250 0.110000
0 0.201875 0.891250 0.073750 0.099167
0 0.504687 0.773333 0.081875 0.110000
0 0.831562 0.732083 0.084375 0.109167
0 0.352812 0.680417 0.076875 0.092500
0 0.596562 0.665000 0.069375 0.111667
0 0.675000 0.650000 0.072500 0.100000
0 0.501875 0.635833 0.072500 0.096667
0 0.883125 0.606667 0.080000 0.098333
0 0.609062 0.562500 0.079375 0.085000
0 0.689063 0.520417 0.081875 0.097500
0 0.765000 0.440417 0.091250 0.095833
0 0.175937 0.361667 0.086875 0.146667
0 0.485938 0.294167 0.075625 0.096667
0 0.751563 0.277917 0.061875 0.085833
0 0.055000 0.232083 0.078750 0.104167
0 0.255937 0.121250 0.076875 0.110833
0 0.343750 0.124167 0.102500 0.126667
0 0.973125 0.072083 0.053750 0.080833
0 0.615625 0.027500 0.068750 0.055000
0 0.137500 0.060417 0.081250 0.120833