0 0.450313 0.978333 0.073125 0.043333
0 0.383750 0.967500 0.063750 0.065000
0 0.815312 0.963333 0.076875 0.073333
0 0.141250 0.962917 0.060000 0.074167
0 0.206250 0.941667 0.068750 0.086667
0 0.679688 0.924583 0.069375 0.092500
0 0.899687 0.924167 0.070625 0.093333
0 0.775000 0.915417 0.047500 0.090833
0 0.029375 0.914167 0.058750 0.105000
0 0.965625 0.904167 0.068750 0.100000
0 0.605000 0.894583 0.073750 0.102500
0 0.140313 0.877083 0.061875 0.095833
0 0.360938 0.889167 0.094375 0.123333
0 0.253437 0.833333 0.058125 0.068333
0 0.052187 0.802500 0.065625 0.076667
0 0.847812 0.778750 0.070625 0.082500
0 0.614062 0.787500 0.075625 0.103333
0 0.699063 0.766250 0.074375 0.094167
0 0.258125 0.747500 0.073750 0.103333
0 0.064062 0.735417 0.071875 0.089167
0 0.822187 0.712083 0.063125 0.087500
0 0.431563 0.700417 0.050625 0.074167
0 0.206563 0.707083 0.074375 0.094167
0 0.901250 0.690417 0.103750 0.099167
0 0.775000 0.681667 0.063750 0.100000
0 0.362812 0.670417 0.096875 0.094167
0 0.484375 0.657917 0.065000 0.085833
0 0.724375 0.625000 0.067500 0.098333
0 0.075938 0.613333 0.069375 0.095000
0 0.303125 0.587083 0.072500 0.090833
0 0.634375 0.574167 0.063750 0.086667
0 0.170000 0.579167 0.057500 0.098333
0 0.955000 0.562917 0.067500 0.089167
0 0.363438 0.563333 0.064375 0.090000
0 0.091875 0.527917 0.065000 0.082500
0 0.751875 0.531667 0.075000 0.101667
0 0.978750 0.512500 0.042500 0.086667
0 0.621563 0.490000 0.084375 0.090000
0 0.014375 0.478333 0.028750 0.073333
0 0.915625 0.487083 0.070000 0.092500
0 0.213750 0.480417 0.063750 0.082500
0 0.697187 0.486250 0.073125 0.099167
0 0.524687 0.467917 0.075625 0.089167
0 0.383437 0.463333 0.061875 0.085000
0 0.109375 0.457083 0.070000 0.084167
0 0.514062 0.394167 0.074375 0.070000
0 0.040313 0.401250 0.080625 0.109167
0 0.758750 0.389583 0.067500 0.107500
0 0.230313 0.381250 0.100625 0.115833
0 0.695937 0.361667 0.066875 0.096667
0 0.805312 0.309583 0.063125 0.082500
0 0.133125 0.322083 0.102500 0.107500
0 0.638125 0.311250 0.066250 0.094167
0 0.918438 0.283333 0.066875 0.088333
0 0.339062 0.270417 0.069375 0.079167
0 0.197187 0.246250 0.055625 0.097500
0 0.258437 0.244583 0.064375 0.099167
0 0.486875 0.269583 0.083750 0.162500
0 0.778750 0.222917 0.070000 0.094167
0 0.694063 0.216250 0.086875 0.105833
0 0.067812 0.194583 0.063125 0.097500
0 0.438125 0.201667 0.097500 0.115000
0 0.887500 0.185000 0.066250 0.091667
0 0.553438 0.168750 0.065625 0.094167
0 0.973437 0.119583 0.053125 0.085833
0 0.676562 0.116250 0.066875 0.089167
0 0.325937 0.148333 0.085625 0.155000
0 0.032188 0.117083 0.064375 0.105833
0 0.765938 0.106250 0.070625 0.099167
0 0.836875 0.089167 0.070000 0.086667
0 0.936250 0.021667 0.086250 0.043333
0 0.848125 0.032917 0.087500 0.065833
0 0.688750 0.026250 0.065000 0.052500
0 0.619375 0.020417 0.066250 0.040833
0 0.175937 0.030833 0.069375 0.061667