0 0.596875 0.981250 0.071250 0.037500
0 0.413750 0.975417 0.067500 0.049167
0 0.156250 0.961250 0.063750 0.077500
0 0.503750 0.954583 0.095000 0.090833
0 0.930000 0.915417 0.068750 0.107500
0 0.350625 0.912917 0.075000 0.135833
0 0.133437 0.894583 0.076875 0.099167
0 0.386875 0.872083 0.057500 0.100833
0 0.883125 0.853333 0.057500 0.066667
0 0.829375 0.875833 0.076250 0.118333
0 0.550625 0.855000 0.063750 0.096667
0 0.435000 0.856667 0.082500 0.108333
0 0.023750 0.849583 0.047500 0.095833
0 0.473750 0.817917 0.072500 0.104167
0 0.204063 0.801667 0.060625 0.078333
0 0.949688 0.807917 0.098125 0.095833
0 0.315000 0.798333 0.071250 0.093333
0 0.606250 0.784583 0.063750 0.090833
0 0.721250 0.764583 0.073750 0.110833
0 0.872500 0.759583 0.068750 0.107500
0 0.519375 0.740833 0.062500 0.098333
0 0.455625 0.727083 0.073750 0.107500
0 0.045625 0.712917 0.057500 0.082500
0 0.208750 0.705000 0.075000 0.088333
0 0.642188 0.704167 0.065625 0.095000
0 0.564375 0.698333 0.057500 0.091667
0 0.314063 0.676667 0.055625 0.061667
0 0.418438 0.672083 0.063125 0.099167
0 0.831562 0.655833 0.061875 0.086667
0 0.910937 0.645000 0.063125 0.093333
0 0.384375 0.636667 0.053750 0.120000
0 0.498125 0.603333 0.065000 0.083333
0 0.759687 0.618750 0.080625 0.130833
0 0.339062 0.571667 0.070625 0.096667
0 0.649687 0.591250 0.091875 0.142500
0 0.692187 0.573333 0.094375 0.108333
0 0.195000 0.569167 0.071250 0.100000
0 0.970313 0.543750 0.059375 0.082500
0 0.109687 0.533750 0.058125 0.079167
0 0.752500 0.523333 0.070000 0.071667
0 0.284687 0.529167 0.071875 0.111667
0 0.020938 0.475417 0.041875 0.087500
0 0.566875 0.470000 0.071250 0.110000
0 0.220312 0.455833 0.069375 0.088333
0 0.460938 0.426667 0.075625 0.081667
0 0.680625 0.421667 0.063750 0.075000
0 0.820000 0.419583 0.065000 0.105833
0 0.936250 0.387500 0.055000 0.083333
0 0.597812 0.378333 0.069375 0.080000
0 0.875313 0.371250 0.049375 0.074167
0 0.981875 0.350833 0.036250 0.091667
0 0.478750 0.354167 0.093750 0.106667
0 0.713437 0.342500 0.065625 0.088333
0 0.232813 0.330833 0.064375 0.093333
0 0.577812 0.305833 0.079375 0.080000
0 0.036562 0.309167 0.073125 0.103333
0 0.769062 0.291667 0.058125 0.076667
0 0.911250 0.252500 0.065000 0.091667
0 0.090313 0.259167 0.065625 0.106667
0 0.627812 0.228333 0.056875 0.073333
0 0.963750 0.231667 0.072500 0.095000
0 0.032500 0.218333 0.052500 0.096667
0 0.350625 0.212500 0.065000 0.088333
0 0.557500 0.153750 0.058750 0.079167
0 0.937500 0.136667 0.066250 0.071667
0 0.645938 0.132917 0.059375 0.077500
0 0.463125 0.140417 0.070000 0.094167
0 0.272188 0.136250 0.068125 0.092500
0 0.130000 0.120417 0.058750 0.079167
0 0.389062 0.101667 0.059375 0.083333
0 0.840313 0.092917 0.066875 0.094167
0 0.755313 0.083750 0.069375 0.089167
0 0.900625 0.082917 0.065000 0.104167
0 0.958438 0.025000 0.058125 0.050000
0 0.555937 0.035000 0.076875 0.070000
0 0.480625 0.021667 0.076250 0.043333
0 0.037187 0.050417 0.074375 0.100833