0 0.044375 0.963333 0.068750 0.073333
0 0.178437 0.960417 0.070625 0.079167
0 0.325000 0.932083 0.073750 0.087500
0 0.086875 0.937083 0.070000 0.104167
0 0.536250 0.926250 0.073750 0.097500
0 0.432500 0.919583 0.077500 0.125833
0 0.246250 0.905417 0.086250 0.115833
0 0.700937 0.890833 0.085625 0.088333
0 0.931875 0.894583 0.075000 0.097500
0 0.502188 0.884167 0.066875 0.096667
0 0.365312 0.875833 0.070625 0.103333
0 0.795000 0.839583 0.060000 0.107500
0 0.156562 0.819583 0.068125 0.092500
0 0.853437 0.818333 0.070625 0.121667
0 0.277813 0.805000 0.079375 0.096667
0 0.926250 0.796667 0.070000 0.095000
0 0.567500 0.742917 0.066250 0.094167
0 0.223438 0.707083 0.069375 0.094167
0 0.295312 0.702083 0.075625 0.090833
0 0.836562 0.692500 0.080625 0.090000
0 0.915000 0.683333 0.077500 0.093333
0 0.419687 0.651250 0.068125 0.075833
0 0.757188 0.627500 0.063125 0.088333
0 0.282500 0.620417 0.067500 0.084167
0 0.692187 0.619583 0.061875 0.099167
0 0.973750 0.616250 0.052500 0.110833
0 0.902813 0.586250 0.079375 0.089167
0 0.019062 0.600000 0.038125 0.118333
0 0.410625 0.571667 0.055000 0.105000
0 0.257812 0.560000 0.070625 0.096667
0 0.457188 0.568750 0.060625 0.130833
0 0.194062 0.542083 0.069375 0.102500
0 0.301875 0.506250 0.085000 0.084167
0 0.942187 0.511667 0.081875 0.096667
0 0.624062 0.531250 0.080625 0.154167
0 0.045000 0.477083 0.065000 0.092500
0 0.474062 0.464167 0.060625 0.080000
0 0.402500 0.482500 0.095000 0.123333
0 0.923438 0.444167 0.075625 0.075000
0 0.687813 0.445000 0.069375 0.091667
0 0.355938 0.440417 0.071875 0.092500
0 0.155000 0.421250 0.083750 0.097500
0 0.911250 0.375417 0.063750 0.075833
0 0.431875 0.346250 0.062500 0.074167
0 0.728437 0.342500 0.075625 0.105000
0 0.201563 0.289167 0.076875 0.100000
0 0.558438 0.260833 0.071875 0.088333
0 0.970938 0.258750 0.058125 0.089167
0 0.434063 0.250833 0.068125 0.095000
0 0.675312 0.243750 0.068125 0.099167
0 0.849063 0.225833 0.068125 0.098333
0 0.361250 0.221250 0.065000 0.089167
0 0.778438 0.227917 0.069375 0.110833
0 0.035000 0.202917 0.070000 0.100833
0 0.223438 0.198750 0.071875 0.097500
0 0.736563 0.196667 0.063125 0.098333
0 0.886250 0.158333 0.070000 0.095000
0 0.281562 0.154167 0.114375 0.098333
0 0.080625 0.137083 0.063750 0.095833
0 0.947187 0.119583 0.070625 0.085833
0 0.785000 0.120833 0.068750 0.090000
0 0.147187 0.120417 0.064375 0.092500
0 0.638437 0.110833 0.064375 0.086667
0 0.203750 0.102917 0.067500 0.087500
0 0.370937 0.073750 0.063125 0.085833
0 0.037500 0.064167 0.066250 0.085000
0 0.095937 0.057500 0.046875 0.076667
0 0.718437 0.051667 0.069375 0.093333
0 0.920937 0.025833 0.053125 0.051667
0 0.861875 0.049583 0.070000 0.099167
0 0.801250 0.022500 0.065000 0.045000
0 0.509687 0.042083 0.074375 0.084167