0 0.476250 0.979167 0.068750 0.041667
0 0.167187 0.972917 0.084375 0.054167
0 0.660312 0.950000 0.083125 0.100000
0 0.894062 0.927917 0.098125 0.105833
0 0.135625 0.917083 0.092500 0.127500
0 0.899687 0.863750 0.069375 0.095833
0 0.405313 0.788333 0.048125 0.075000
0 0.628437 0.787083 0.074375 0.092500
0 0.706562 0.737500 0.070625 0.100000
0 0.893125 0.739583 0.076250 0.105833
0 0.769062 0.708750 0.073125 0.099167
0 0.075313 0.699583 0.075625 0.107500
0 0.722812 0.644167 0.059375 0.101667
0 0.437188 0.549167 0.071875 0.083333
0 0.762188 0.486667 0.061875 0.085000
0 0.063125 0.500417 0.087500 0.147500
0 0.705313 0.475833 0.070625 0.100000
0 0.894062 0.462917 0.065625 0.077500
0 0.545625 0.475417 0.083750 0.104167
0 0.023125 0.412083 0.046250 0.060833
0 0.648125 0.415000 0.070000 0.083333
0 0.354063 0.412083 0.069375 0.089167
0 0.484375 0.397500 0.071250 0.100000
0 0.982187 0.343333 0.035625 0.088333
0 0.875000 0.344583 0.072500 0.092500
0 0.331562 0.324583 0.071875 0.109167
0 0.854375 0.272083 0.067500 0.082500
0 0.950313 0.247083 0.073125 0.097500
0 0.517500 0.197500 0.075000 0.093333
0 0.897188 0.195833 0.073125 0.105000
0 0.021562 0.190000 0.043125 0.110000
0 0.682813 0.181667 0.074375 0.100000
0 0.278438 0.175000 0.079375 0.110000
0 0.611250 0.161250 0.057500 0.087500
0 0.075313 0.163333 0.065625 0.100000
0 0.776875 0.153333 0.101250 0.116667
0 0.217812 0.127083 0.100625 0.095833
0 0.956875 0.031250 0.068750 0.062500
0 0.883437 0.034167 0.071875 0.068333
0 0.527188 0.032500 0.066875 0.065000
0 0.367500 0.039167 0.067500 0.078333
0 0.041250 0.037083 0.072500 0.074167