0 0.350938 0.984167 0.056875 0.031667
0 0.405000 0.975833 0.053750 0.048333
0 0.546250 0.971250 0.085000 0.057500
0 0.135937 0.970833 0.055625 0.058333
0 0.976250 0.956250 0.047500 0.069167
0 0.192500 0.954583 0.061250 0.084167
0 0.297500 0.947500 0.061250 0.081667
0 0.750938 0.943750 0.079375 0.085833
0 0.411250 0.922917 0.052500 0.069167
0 0.065937 0.925000 0.073125 0.090000
0 0.959063 0.912917 0.045625 0.082500
0 0.658750 0.922500 0.092500 0.101667
0 0.869687 0.901250 0.059375 0.079167
0 0.465938 0.890000 0.056875 0.078333
0 0.232813 0.882500 0.075625 0.065000
0 0.720313 0.880833 0.063125 0.080000
0 0.083750 0.844167 0.048750 0.061667
0 0.692500 0.830417 0.063750 0.074167
0 0.790937 0.831667 0.051875 0.081667
0 0.743750 0.822500 0.046250 0.081667
0 0.567500 0.820000 0.057500 0.076667
0 0.503125 0.812917 0.061250 0.084167
0 0.931875 0.818333 0.068750 0.096667
0 0.868750 0.814583 0.043750 0.092500
0 0.821562 0.802917 0.064375 0.125833
0 0.165937 0.780417 0.060625 0.097500
0 0.113437 0.764167 0.060625 0.075000
0 0.016875 0.771250 0.033750 0.094167
0 0.656250 0.762083 0.058750 0.079167
0 0.220312 0.762083 0.061875 0.079167
0 0.982500 0.761667 0.035000 0.085000
0 0.056250 0.747500 0.060000 0.086667
0 0.296563 0.738750 0.055625 0.070833
0 0.912188 0.726667 0.068125 0.095000
0 0.554375 0.723750 0.067500 0.099167
0 0.470625 0.708333 0.056250 0.081667
0 0.384375 0.704167 0.060000 0.088333
0 0.854062 0.690417 0.051875 0.070833
0 0.232187 0.686250 0.051875 0.074167
0 0.150000 0.666250 0.046250 0.077500
0 0.016563 0.647083 0.033125 0.074167
0 0.426563 0.645417 0.055625 0.077500
0 0.281562 0.646667 0.085625 0.095000
0 0.818125 0.622083 0.055000 0.072500
0 0.559375 0.622500 0.062500 0.085000
0 0.345313 0.610833 0.049375 0.066667
0 0.454688 0.600000 0.059375 0.066667
0 0.932813 0.593333 0.059375 0.086667
0 0.407813 0.560833 0.055625 0.085000
0 0.130000 0.557917 0.062500 0.080833
0 0.666875 0.552500 0.056250 0.081667
0 0.602500 0.550000 0.062500 0.083333
0 0.205000 0.535417 0.058750 0.072500
0 0.850000 0.522083 0.062500 0.075833
0 0.512188 0.513750 0.040625 0.060833
0 0.353750 0.517917 0.073750 0.090833
0 0.297500 0.505417 0.056250 0.065833
0 0.454062 0.500000 0.056875 0.075000
0 0.629375 0.474583 0.060000 0.082500
0 0.188438 0.468750 0.058125 0.080833
0 0.705000 0.461667 0.066250 0.085000
0 0.580000 0.445833 0.076250 0.101667
0 0.508125 0.435000 0.060000 0.083333
0 0.399375 0.419583 0.056250 0.070833
0 0.855625 0.422083 0.063750 0.077500
0 0.023750 0.447500 0.047500 0.135000
0 0.670312 0.408750 0.058125 0.092500
0 0.055938 0.407500 0.081875 0.091667
0 0.170313 0.392083 0.056875 0.064167
0 0.336875 0.402917 0.067500 0.089167
0 0.982812 0.394583 0.034375 0.079167
0 0.926562 0.386667 0.059375 0.073333
0 0.272188 0.367083 0.055625 0.069167
0 0.119375 0.366667 0.052500 0.075000
0 0.215938 0.355000 0.055625 0.071667
0 0.618437 0.356667 0.061875 0.078333
0 0.337500 0.339583 0.057500 0.054167
0 0.387188 0.331250 0.053125 0.065833
0 0.159688 0.317083 0.073125 0.102500
0 0.081562 0.315000 0.076875 0.116667
0 0.621563 0.280417 0.053125 0.074167
0 0.386875 0.262500 0.043750 0.058333
0 0.471250 0.265833 0.052500 0.066667
0 0.549375 0.223333 0.058750 0.073333
0 0.905000 0.200833 0.060000 0.078333
0 0.102500 0.194167 0.065000 0.068333
0 0.845313 0.197500 0.056875 0.080000
0 0.216562 0.187083 0.046875 0.075833
0 0.727812 0.172917 0.059375 0.075833
0 0.446250 0.182917 0.075000 0.100833
0 0.960625 0.167917 0.057500 0.072500
0 0.370312 0.168333 0.068125 0.080000
0 0.626250 0.182917 0.063750 0.112500
0 0.983750 0.155417 0.032500 0.082500
0 0.550000 0.144167 0.050000 0.078333
0 0.174063 0.140417 0.059375 0.094167
0 0.264375 0.118750 0.055000 0.062500
0 0.912813 0.128333 0.066875 0.086667
0 0.382188 0.101667 0.070625 0.078333
0 0.055000 0.088750 0.052500 0.069167
0 0.656250 0.079167 0.058750 0.081667
0 0.970625 0.070833 0.058750 0.091667
0 0.313125 0.060000 0.052500 0.070000
0 0.015312 0.067500 0.030625 0.085000
0 0.474375 0.067500 0.055000 0.095000
0 0.260937 0.047500 0.051875 0.081667
0 0.307188 0.014167 0.069375 0.028333
0 0.158438 0.041250 0.064375 0.082500