0 0.142500 0.980417 0.057500 0.039167
0 0.421875 0.920417 0.071250 0.089167
0 0.285313 0.907917 0.045625 0.079167
0 0.256875 0.840833 0.061250 0.085000
0 0.906563 0.830833 0.070625 0.106667
0 0.047188 0.810833 0.071875 0.093333
0 0.231250 0.768750 0.067500 0.084167
0 0.370625 0.749583 0.072500 0.095833
0 0.697187 0.725000 0.045625 0.066667
0 0.521875 0.735833 0.073750 0.096667
0 0.974063 0.643750 0.051875 0.095833
0 0.470938 0.612917 0.063125 0.074167
0 0.531875 0.609167 0.063750 0.098333
0 0.875313 0.606667 0.078125 0.108333
0 0.215625 0.599167 0.071250 0.095000
0 0.278438 0.558750 0.033125 0.044167
0 0.941250 0.535833 0.067500 0.091667
0 0.306875 0.513750 0.062500 0.089167
0 0.766563 0.451250 0.076875 0.087500
0 0.017188 0.442917 0.034375 0.087500
0 0.858750 0.446250 0.091250 0.122500
0 0.242812 0.395000 0.064375 0.096667
0 0.809375 0.385417 0.081250 0.099167
0 0.511250 0.380000 0.078750 0.106667
0 0.305000 0.375833 0.070000 0.115000
0 0.160000 0.360833 0.076250 0.106667
0 0.759375 0.316667 0.073750 0.101667
0 0.225625 0.279167 0.075000 0.098333
0 0.475313 0.259167 0.070625 0.096667
0 0.709375 0.254167 0.076250 0.103333
0 0.764687 0.180000 0.069375 0.120000
0 0.378750 0.099583 0.072500 0.109167