0 0.961250 0.972083 0.065000 0.055833
0 0.877812 0.958750 0.096875 0.082500
0 0.508125 0.928333 0.066250 0.091667
0 0.099687 0.916250 0.069375 0.077500
0 0.913438 0.915000 0.060625 0.086667
0 0.852187 0.908333 0.058125 0.078333
0 0.047188 0.872500 0.023125 0.033333
0 0.326562 0.867083 0.063125 0.080833
0 0.084062 0.841250 0.033125 0.039167
0 0.488438 0.815417 0.065625 0.084167
0 0.980625 0.805417 0.038750 0.075833
0 0.726562 0.797917 0.074375 0.105833
0 0.064687 0.783333 0.064375 0.093333
0 0.129062 0.749167 0.031875 0.045000
0 0.404375 0.754167 0.057500 0.083333
0 0.911250 0.746667 0.063750 0.095000
0 0.171250 0.724167 0.058750 0.088333
0 0.549687 0.715417 0.065625 0.082500
0 0.485312 0.687083 0.060625 0.087500
0 0.644375 0.667917 0.060000 0.082500
0 0.367500 0.658750 0.056250 0.084167
0 0.704063 0.652917 0.059375 0.084167
0 0.055938 0.672083 0.094375 0.125833
0 0.306875 0.600833 0.065000 0.086667
0 0.885312 0.582500 0.049375 0.080000
0 0.933125 0.606250 0.076250 0.130833
0 0.227500 0.574167 0.060000 0.081667
0 0.823438 0.575833 0.070625 0.125000
0 0.660000 0.547500 0.057500 0.073333
0 0.029687 0.550417 0.059375 0.117500
0 0.690625 0.520417 0.071250 0.082500
0 0.394688 0.512083 0.065625 0.080833
0 0.216250 0.501667 0.080000 0.078333
0 0.334062 0.480833 0.056875 0.071667
0 0.692813 0.463750 0.058125 0.062500
0 0.636875 0.456667 0.053750 0.080000
0 0.978437 0.455417 0.043125 0.082500
0 0.778125 0.438333 0.053750 0.068333
0 0.161562 0.440833 0.063125 0.093333
0 0.286875 0.429167 0.058750 0.083333
0 0.835313 0.428333 0.059375 0.088333
0 0.237500 0.418333 0.053750 0.093333
0 0.344375 0.397917 0.068750 0.087500
0 0.925000 0.393750 0.067500 0.087500
0 0.717812 0.375000 0.060625 0.093333
0 0.592187 0.360417 0.060625 0.089167
0 0.473125 0.344583 0.061250 0.087500
0 0.140625 0.332500 0.060000 0.081667
0 0.962500 0.329167 0.062500 0.076667
0 0.285313 0.335417 0.065625 0.092500
0 0.888750 0.321250 0.060000 0.080833
0 0.224375 0.309583 0.055000 0.080833
0 0.407813 0.289167 0.070625 0.085000
0 0.530625 0.267500 0.056250 0.095000
0 0.148438 0.253333 0.069375 0.078333
0 0.087500 0.250833 0.053750 0.073333
0 0.588437 0.255833 0.058125 0.090000
0 0.861563 0.219583 0.061875 0.077500
0 0.102500 0.166250 0.057500 0.092500
0 0.746563 0.161250 0.058125 0.097500
0 0.589375 0.153333 0.065000 0.095000
0 0.641875 0.133750 0.055000 0.085833
0 0.283750 0.132083 0.067500 0.090833
0 0.054062 0.129583 0.050625 0.094167
0 0.365625 0.107500 0.061250 0.085000
0 0.087188 0.077500 0.055625 0.071667
0 0.616250 0.053750 0.062500 0.079167
0 0.956250 0.051250 0.057500 0.094167
0 0.798438 0.032500 0.051875 0.065000
0 0.549687 0.040417 0.061875 0.080833
0 0.143125 0.046667 0.056250 0.093333
0 0.105625 0.024167 0.066250 0.048333