0 0.906250 0.971250 0.068750 0.057500
0 0.789687 0.965000 0.056875 0.066667
0 0.261250 0.964583 0.070000 0.070833
0 0.040313 0.963333 0.048125 0.073333
0 0.141875 0.926250 0.060000 0.075833
0 0.571250 0.937083 0.100000 0.102500
0 0.931562 0.925417 0.056875 0.087500
0 0.362812 0.940417 0.093125 0.119167
0 0.482187 0.912917 0.066875 0.077500
0 0.271562 0.895417 0.053125 0.069167
0 0.034688 0.895000 0.058125 0.073333
0 0.101562 0.887917 0.063125 0.074167
0 0.872500 0.893750 0.063750 0.092500
0 0.972812 0.876667 0.054375 0.081667
0 0.156875 0.845833 0.060000 0.080000
0 0.484063 0.839167 0.060625 0.085000
0 0.217500 0.816250 0.060000 0.077500
0 0.845313 0.816667 0.056875 0.085000
0 0.444688 0.804167 0.061875 0.075000
0 0.736875 0.812500 0.090000 0.131667
0 0.114687 0.776667 0.055625 0.076667
0 0.254375 0.772083 0.057500 0.079167
0 0.535312 0.763333 0.068125 0.076667
0 0.019688 0.757083 0.039375 0.080833
0 0.470000 0.741250 0.061250 0.069167
0 0.678438 0.733333 0.058125 0.073333
0 0.067187 0.736250 0.053125 0.080833
0 0.343438 0.730000 0.070625 0.073333
0 0.894687 0.686667 0.045625 0.075000
0 0.223125 0.677083 0.055000 0.067500
0 0.106250 0.671667 0.060000 0.068333
0 0.629687 0.677083 0.064375 0.082500
0 0.501563 0.620833 0.061875 0.081667
0 0.691562 0.611250 0.063125 0.089167
0 0.897813 0.610000 0.069375 0.095000
0 0.044687 0.595000 0.056875 0.070000
0 0.238437 0.600417 0.083125 0.085833
0 0.845625 0.586667 0.057500 0.073333
0 0.112187 0.592500 0.054375 0.085000
0 0.750625 0.587083 0.067500 0.090833
0 0.551562 0.537500 0.056875 0.083333
0 0.485312 0.534583 0.069375 0.089167
0 0.254375 0.523750 0.058750 0.075833
0 0.687500 0.514583 0.062500 0.090833
0 0.847187 0.503750 0.054375 0.072500
0 0.030625 0.511250 0.061250 0.105833
0 0.510312 0.486250 0.053125 0.072500
0 0.303438 0.495000 0.056875 0.091667
0 0.228125 0.463750 0.062500 0.079167
0 0.626875 0.456667 0.058750 0.075000
0 0.033438 0.431250 0.066875 0.080833
0 0.824063 0.427500 0.075625 0.081667
0 0.675625 0.418750 0.057500 0.075833
0 0.364375 0.401667 0.058750 0.071667
0 0.834688 0.382083 0.058125 0.065833
0 0.731563 0.361667 0.055625 0.076667
0 0.194688 0.375833 0.071875 0.118333
0 0.466875 0.353333 0.093750 0.101667
0 0.370312 0.329167 0.064375 0.075000
0 0.249062 0.333333 0.068125 0.090000
0 0.103438 0.308750 0.065625 0.079167
0 0.886250 0.282500 0.088750 0.096667
0 0.434063 0.284583 0.088125 0.100833
0 0.070000 0.264167 0.065000 0.070000
0 0.690625 0.265833 0.066250 0.083333
0 0.505938 0.264167 0.063125 0.093333
0 0.022500 0.251250 0.045000 0.069167
0 0.975000 0.257917 0.050000 0.087500
0 0.267500 0.242500 0.072500 0.071667
0 0.804063 0.262083 0.076875 0.120833
0 0.536875 0.226667 0.053750 0.088333
0 0.742188 0.220833 0.056875 0.080000
0 0.394375 0.204583 0.052500 0.070833
0 0.059687 0.198333 0.064375 0.071667
0 0.661563 0.174167 0.053125 0.065000
0 0.334062 0.175833 0.056875 0.076667
0 0.508125 0.167917 0.047500 0.064167
0 0.831562 0.163750 0.054375 0.070833
0 0.256875 0.162083 0.048750 0.070833
0 0.013750 0.165000 0.027500 0.078333
0 0.445937 0.146250 0.095625 0.082500
0 0.881875 0.128750 0.047500 0.074167
0 0.054688 0.128750 0.065625 0.077500
0 0.790312 0.122500 0.059375 0.073333
0 0.181250 0.112083 0.068750 0.082500
0 0.968437 0.109167 0.053125 0.080000
0 0.831250 0.097083 0.056250 0.070833
0 0.455937 0.077083 0.098125 0.075833
0 0.232500 0.065417 0.057500 0.064167
0 0.742812 0.067083 0.059375 0.079167
0 0.037500 0.053750 0.057500 0.082500
0 0.103750 0.053333 0.062500 0.093333
0 0.871250 0.043333 0.056250 0.086667
0 0.815312 0.030000 0.069375 0.060000
0 0.349375 0.034167 0.065000 0.068333
0 0.143750 0.035000 0.055000 0.070000