0 0.430312 0.976250 0.064375 0.047500
0 0.751875 0.973333 0.066250 0.053333
0 0.183125 0.963750 0.077500 0.072500
0 0.642188 0.902917 0.071875 0.097500
0 0.897500 0.879167 0.066250 0.086667
0 0.400313 0.833750 0.068125 0.090833
0 0.271562 0.765000 0.073125 0.105000
0 0.080625 0.740833 0.066250 0.078333
0 0.871875 0.739583 0.065000 0.089167
0 0.017500 0.709167 0.035000 0.095000
0 0.519375 0.687083 0.073750 0.085833
0 0.182500 0.646250 0.052500 0.082500
0 0.669063 0.650000 0.070625 0.105000
0 0.323437 0.635417 0.080625 0.107500
0 0.049063 0.611250 0.050625 0.075833
0 0.841562 0.612917 0.090625 0.099167
0 0.527813 0.577083 0.058125 0.085833
0 0.595000 0.561667 0.063750 0.103333
0 0.548750 0.445417 0.102500 0.127500
0 0.977500 0.391667 0.045000 0.081667
0 0.925937 0.382500 0.070625 0.081667
0 0.752500 0.395833 0.075000 0.108333
0 0.455625 0.372500 0.072500 0.108333
0 0.570000 0.321250 0.065000 0.099167
0 0.961562 0.297083 0.061875 0.075833
0 0.900312 0.214167 0.073125 0.076667
0 0.143437 0.166250 0.068125 0.089167
0 0.657188 0.153750 0.058125 0.119167
0 0.487187 0.127917 0.075625 0.097500
0 0.932187 0.109583 0.073125 0.085833
0 0.815625 0.035417 0.080000 0.070833
0 0.450313 0.043750 0.080625 0.087500
0 0.203437 0.034167 0.091875 0.068333