0 0.164062 0.973750 0.068125 0.052500
0 0.127500 0.922500 0.057500 0.083333
0 0.964688 0.905417 0.070625 0.084167
0 0.015000 0.867083 0.030000 0.074167
0 0.781250 0.856667 0.071250 0.093333
0 0.489375 0.789583 0.082500 0.092500
0 0.686250 0.772083 0.067500 0.095833
0 0.174687 0.692500 0.064375 0.085000
0 0.797500 0.683750 0.072500 0.070833
0 0.925937 0.692917 0.080625 0.094167
0 0.270625 0.646250 0.068750 0.085833
0 0.830000 0.618750 0.075000 0.079167
0 0.248125 0.546667 0.075000 0.083333
0 0.838750 0.534583 0.078750 0.084167
0 0.815000 0.472917 0.067500 0.092500
0 0.567187 0.447917 0.071875 0.092500
0 0.795000 0.417500 0.062500 0.083333
0 0.274062 0.420000 0.073125 0.088333
0 0.873125 0.402083 0.070000 0.087500
0 0.738125 0.384583 0.063750 0.094167
0 0.611563 0.382500 0.075625 0.095000
0 0.550312 0.344167 0.079375 0.080000
0 0.083750 0.354583 0.072500 0.100833
0 0.081562 0.224167 0.064375 0.091667
0 0.025000 0.188750 0.050000 0.085833
0 0.687500 0.171250 0.072500 0.080833
0 0.768437 0.161250 0.063125 0.080833
0 0.487500 0.037500 0.056250 0.075000
0 0.435625 0.031250 0.051250 0.062500