0 0.340000 0.954583 0.075000 0.090833
0 0.426250 0.942917 0.072500 0.085833
0 0.188125 0.900000 0.072500 0.108333
0 0.515625 0.892917 0.087500 0.107500
0 0.447500 0.860833 0.066250 0.096667
0 0.668750 0.840417 0.070000 0.090833
0 0.281250 0.792500 0.076250 0.098333
0 0.900625 0.588333 0.081250 0.086667
0 0.228437 0.568333 0.071875 0.083333
0 0.294063 0.551250 0.066875 0.110833
0 0.437188 0.504583 0.088125 0.090833
0 0.040625 0.477917 0.077500 0.094167
0 0.101875 0.434583 0.065000 0.087500
0 0.215625 0.390417 0.063750 0.092500
0 0.036875 0.384583 0.072500 0.092500
0 0.294375 0.348333 0.075000 0.106667
0 0.023750 0.332083 0.047500 0.075833
0 0.716562 0.336667 0.079375 0.088333
0 0.901250 0.333750 0.058750 0.114167
0 0.098750 0.320833 0.065000 0.088333
0 0.125938 0.239583 0.078125 0.089167
0 0.097500 0.190000 0.077500 0.086667
0 0.956875 0.165000 0.080000 0.090000
0 0.585000 0.099167 0.093750 0.090000
0 0.695312 0.104167 0.080625 0.101667
0 0.855000 0.092083 0.080000 0.092500
0 0.409062 0.029167 0.070625 0.058333