0 0.039062 0.970000 0.058125 0.060000
0 0.781563 0.956667 0.078125 0.086667
0 0.482500 0.930833 0.062500 0.090000
0 0.054688 0.875417 0.066875 0.075833
0 0.523438 0.871250 0.055625 0.089167
0 0.471250 0.847083 0.066250 0.085833
0 0.296563 0.820833 0.103125 0.070000
0 0.906875 0.818750 0.080000 0.085833
0 0.256563 0.786667 0.099375 0.071667
0 0.489063 0.765000 0.068125 0.100000
0 0.543438 0.728333 0.074375 0.080000
0 0.270937 0.720833 0.083125 0.071667
0 0.714375 0.719167 0.081250 0.081667
0 0.569375 0.689167 0.068750 0.043333
0 0.483125 0.686250 0.070000 0.069167
0 0.586875 0.621667 0.096250 0.095000
0 0.536875 0.621250 0.081250 0.097500
0 0.509062 0.582500 0.104375 0.110000
0 0.939688 0.557083 0.075625 0.095833
0 0.485625 0.541667 0.112500 0.078333
0 0.022187 0.522083 0.044375 0.072500
0 0.435312 0.494583 0.083125 0.089167
0 0.731250 0.487500 0.066250 0.095000
0 0.159062 0.479583 0.059375 0.082500
0 0.378125 0.458333 0.072500 0.088333
0 0.338750 0.451667 0.058750 0.100000
0 0.691875 0.431250 0.060000 0.082500
0 0.602187 0.385417 0.064375 0.090833
0 0.354063 0.375417 0.071875 0.077500
0 0.135625 0.359167 0.071250 0.088333
0 0.256563 0.320000 0.050625 0.088333
0 0.314063 0.300000 0.073125 0.083333
0 0.354687 0.266250 0.064375 0.079167
0 0.755000 0.268750 0.060000 0.085833
0 0.145625 0.210000 0.066250 0.083333
0 0.088750 0.184167 0.060000 0.105000
0 0.775312 0.172083 0.073125 0.082500
0 0.178125 0.121250 0.070000 0.082500
0 0.826875 0.043750 0.065000 0.087500
0 0.029375 0.042917 0.058750 0.085833