0 0.550937 0.976250 0.054375 0.047500
0 0.202813 0.970000 0.055625 0.060000
0 0.738125 0.966250 0.067500 0.067500
0 0.866875 0.959583 0.063750 0.080833
0 0.652813 0.954583 0.079375 0.090833
0 0.304688 0.930833 0.073125 0.086667
0 0.391875 0.929167 0.083750 0.088333
0 0.785312 0.930000 0.059375 0.093333
0 0.039688 0.924167 0.079375 0.090000
0 0.266250 0.891667 0.048750 0.081667
0 0.134687 0.882500 0.061875 0.078333
0 0.550312 0.874583 0.061875 0.084167
0 0.638125 0.868333 0.093750 0.101667
0 0.210938 0.880417 0.065625 0.135833
0 0.778125 0.848333 0.063750 0.085000
0 0.059687 0.820417 0.060625 0.074167
0 0.387188 0.827083 0.108125 0.097500
0 0.599375 0.797083 0.075000 0.064167
0 0.284687 0.818750 0.071875 0.120833
0 0.488438 0.774167 0.060625 0.088333
0 0.115625 0.779167 0.060000 0.113333
0 0.648125 0.767500 0.101250 0.100000
0 0.901563 0.802500 0.064375 0.183333
0 0.335313 0.749583 0.099375 0.082500
0 0.025313 0.740000 0.050625 0.068333
0 0.419687 0.740833 0.081875 0.100000
0 0.226875 0.728750 0.076250 0.097500
0 0.093438 0.709583 0.059375 0.070833
0 0.802188 0.711250 0.060625 0.082500
0 0.674063 0.706667 0.103125 0.078333
0 0.178750 0.697917 0.057500 0.077500
0 0.497188 0.682917 0.061875 0.072500
0 0.035000 0.667500 0.066250 0.055000
0 0.152188 0.664167 0.060625 0.071667
0 0.644375 0.646667 0.062500 0.075000
0 0.930625 0.660417 0.078750 0.115833
0 0.722187 0.644583 0.084375 0.100833
0 0.432500 0.634167 0.061250 0.081667
0 0.552500 0.629583 0.063750 0.074167
0 0.589375 0.643750 0.072500 0.109167
0 0.030312 0.607500 0.058125 0.065000
0 0.820312 0.618750 0.055625 0.095833
0 0.226875 0.617500 0.085000 0.093333
0 0.096562 0.590833 0.078125 0.101667
0 0.332500 0.570000 0.057500 0.071667
0 0.895312 0.568333 0.089375 0.090000
0 0.411250 0.561250 0.081250 0.087500
0 0.030625 0.539167 0.061250 0.086667
0 0.602187 0.534583 0.050625 0.080833
0 0.109687 0.521667 0.055625 0.081667
0 0.830000 0.533750 0.071250 0.112500
0 0.190938 0.517917 0.084375 0.087500
0 0.750000 0.516250 0.086250 0.107500
0 0.268125 0.504167 0.078750 0.085000
0 0.425000 0.489583 0.101250 0.094167
0 0.966250 0.503750 0.067500 0.125833
0 0.565937 0.487917 0.065625 0.125833
0 0.706875 0.454167 0.086250 0.080000
0 0.927813 0.450000 0.076875 0.076667
0 0.337187 0.437917 0.066875 0.082500
0 0.111250 0.433750 0.050000 0.075833
0 0.467813 0.431250 0.061875 0.082500
0 0.527500 0.446667 0.058750 0.130000
0 0.845313 0.430000 0.098125 0.101667
0 0.216562 0.418333 0.065625 0.083333
0 0.030625 0.411250 0.061250 0.099167
0 0.752500 0.400833 0.058750 0.088333
0 0.660312 0.398750 0.090625 0.117500
0 0.805000 0.379167 0.060000 0.093333
0 0.620938 0.345000 0.056875 0.055000
0 0.090313 0.356250 0.059375 0.080833
0 0.268125 0.337083 0.055000 0.080833
0 0.532188 0.340833 0.068125 0.103333
0 0.172813 0.337083 0.103125 0.112500
0 0.851562 0.319583 0.070625 0.095833
0 0.617812 0.295417 0.081875 0.047500
0 0.934375 0.320833 0.061250 0.115000
0 0.333125 0.306250 0.077500 0.105833
0 0.790312 0.268333 0.051875 0.081667
0 0.724375 0.289167 0.100000 0.135000
0 0.740625 0.257500 0.050000 0.073333
0 0.295625 0.248333 0.061250 0.076667
0 0.873750 0.237500 0.058750 0.060000
0 0.409375 0.268333 0.057500 0.123333
0 0.957500 0.256667 0.085000 0.110000
0 0.110000 0.250000 0.101250 0.096667
0 0.660937 0.233333 0.060625 0.081667
0 0.593750 0.221250 0.081250 0.069167
0 0.039688 0.247083 0.079375 0.162500
0 0.495312 0.231667 0.086875 0.140000
0 0.221250 0.219583 0.076250 0.115833
0 0.737500 0.198750 0.066250 0.075833
0 0.394375 0.192500 0.083750 0.090000
0 0.840313 0.169583 0.058125 0.069167
0 0.121563 0.171667 0.059375 0.076667
0 0.061875 0.171667 0.060000 0.078333
0 0.584375 0.158333 0.052500 0.056667
0 0.944375 0.167500 0.046250 0.078333
0 0.690625 0.157500 0.073750 0.085000
0 0.303438 0.159167 0.086875 0.091667
0 0.185625 0.142500 0.056250 0.060000
0 0.891875 0.154167 0.073750 0.091667
0 0.521563 0.144583 0.069375 0.124167
0 0.629375 0.097083 0.066250 0.112500
0 0.244375 0.092500 0.088750 0.128333
0 0.917813 0.047917 0.063125 0.085833
0 0.035625 0.048750 0.071250 0.089167
0 0.686562 0.026667 0.063125 0.053333
0 0.609375 0.030000 0.065000 0.060000
0 0.537188 0.035417 0.066875 0.070833
0 0.464062 0.040833 0.066875 0.081667
0 0.292812 0.044583 0.061875 0.089167
0 0.192500 0.043333 0.065000 0.086667
0 0.132500 0.044583 0.075000 0.089167