0 0.911250 0.978333 0.057500 0.043333
0 0.665000 0.968750 0.062500 0.062500
0 0.453125 0.959167 0.066250 0.081667
0 0.090938 0.958333 0.079375 0.083333
0 0.218438 0.956250 0.080625 0.087500
0 0.335625 0.953333 0.066250 0.093333
0 0.760938 0.947917 0.073125 0.104167
0 0.383125 0.915833 0.061250 0.085000
0 0.873125 0.908750 0.080000 0.090833
0 0.613437 0.903750 0.066875 0.080833
0 0.295000 0.875833 0.065000 0.076667
0 0.803125 0.863750 0.066250 0.080833
0 0.943125 0.882917 0.065000 0.124167
0 0.073125 0.857917 0.070000 0.077500
0 0.405313 0.866250 0.074375 0.099167
0 0.521250 0.880417 0.122500 0.137500
0 0.703438 0.860000 0.076875 0.106667
0 0.196250 0.847500 0.081250 0.111667
0 0.490938 0.826667 0.085625 0.103333
0 0.580000 0.795833 0.061250 0.085000
0 0.436250 0.785000 0.060000 0.085000
0 0.031563 0.767917 0.050625 0.084167
0 0.361875 0.763333 0.050000 0.095000
0 0.767188 0.766250 0.066875 0.107500
0 0.654375 0.777500 0.088750 0.143333
0 0.292500 0.760417 0.068750 0.119167
0 0.980625 0.732083 0.038750 0.087500
0 0.146250 0.721250 0.060000 0.094167
0 0.480000 0.710000 0.055000 0.075000
0 0.022500 0.709167 0.045000 0.081667
0 0.076250 0.689583 0.057500 0.080833
0 0.579375 0.671250 0.057500 0.079167
0 0.782188 0.670000 0.064375 0.086667
0 0.896250 0.673333 0.068750 0.096667
0 0.969375 0.642500 0.061250 0.088333
0 0.412813 0.638333 0.056875 0.093333
0 0.441563 0.625417 0.055625 0.074167
0 0.702812 0.642500 0.068125 0.113333
0 0.060937 0.621667 0.060625 0.075000
0 0.205313 0.628750 0.095625 0.092500
0 0.275000 0.607500 0.070000 0.100000
0 0.525625 0.595000 0.073750 0.091667
0 0.816875 0.612917 0.062500 0.142500
0 0.345938 0.608750 0.071875 0.144167
0 0.692187 0.571667 0.055625 0.076667
0 0.931875 0.561250 0.058750 0.085833
0 0.187188 0.550000 0.051875 0.073333
0 0.513437 0.531667 0.059375 0.068333
0 0.429375 0.544583 0.105000 0.097500
0 0.120000 0.555833 0.062500 0.138333
0 0.582187 0.519583 0.054375 0.087500
0 0.406250 0.496667 0.055000 0.055000
0 0.637188 0.503333 0.066875 0.076667
0 0.023125 0.492083 0.046250 0.084167
0 0.885312 0.482083 0.060625 0.080833
0 0.266875 0.488750 0.102500 0.100833
0 0.053125 0.469583 0.057500 0.074167
0 0.353750 0.488750 0.050000 0.115833
0 0.745313 0.504583 0.083125 0.149167
0 0.981250 0.449583 0.037500 0.084167
0 0.548750 0.445000 0.052500 0.091667
0 0.683125 0.439583 0.076250 0.110833
0 0.473438 0.434167 0.056875 0.101667
0 0.144063 0.421250 0.065625 0.075833
0 0.614688 0.418750 0.060625 0.074167
0 0.929688 0.415833 0.058125 0.085000
0 0.295938 0.398750 0.064375 0.082500
0 0.024063 0.398333 0.048125 0.081667
0 0.875000 0.394583 0.056250 0.085833
0 0.811875 0.389583 0.081250 0.154167
0 0.560625 0.351250 0.067500 0.079167
0 0.925625 0.333333 0.057500 0.076667
0 0.163125 0.327500 0.066250 0.081667
0 0.980938 0.337083 0.038125 0.114167
0 0.024688 0.309583 0.049375 0.097500
0 0.420000 0.300000 0.082500 0.116667
0 0.335938 0.278750 0.059375 0.087500
0 0.489687 0.278333 0.074375 0.096667
0 0.095312 0.273333 0.079375 0.113333
0 0.964375 0.238333 0.071250 0.075000
0 0.182812 0.237083 0.061875 0.072500
0 0.848750 0.258333 0.095000 0.136667
0 0.419063 0.208750 0.069375 0.062500
0 0.744375 0.232083 0.071250 0.120833
0 0.526563 0.202917 0.058125 0.077500
0 0.225625 0.201667 0.067500 0.086667
0 0.342187 0.185000 0.059375 0.121667
0 0.870000 0.164583 0.062500 0.085833
0 0.638125 0.176667 0.090000 0.111667
0 0.716562 0.151667 0.059375 0.070000
0 0.176563 0.152083 0.059375 0.095833
0 0.125938 0.158333 0.055625 0.110000
0 0.425938 0.130833 0.096875 0.085000
0 0.928750 0.130417 0.057500 0.089167
0 0.266250 0.116250 0.070000 0.112500
0 0.743750 0.092500 0.056250 0.096667
0 0.588750 0.087083 0.085000 0.090833
0 0.789062 0.077083 0.055625 0.085833
0 0.866563 0.076667 0.073125 0.095000
0 0.670312 0.074583 0.069375 0.109167
0 0.972500 0.056250 0.055000 0.077500
0 0.032813 0.067500 0.065625 0.106667
0 0.504062 0.039167 0.058125 0.070000
0 0.920937 0.023333 0.076875 0.046667
0 0.727500 0.022917 0.058750 0.045833
0 0.435937 0.035833 0.058125 0.071667
0 0.300000 0.040833 0.130000 0.081667