0 0.754062 0.981667 0.069375 0.036667
0 0.411250 0.972917 0.081250 0.054167
0 0.596562 0.968333 0.054375 0.063333
0 0.160000 0.962083 0.072500 0.075833
0 0.260625 0.952083 0.071250 0.092500
0 0.336875 0.950000 0.066250 0.100000
0 0.081875 0.937917 0.062500 0.080833
0 0.845000 0.944167 0.095000 0.111667
0 0.772500 0.914167 0.086250 0.083333
0 0.618437 0.887500 0.068125 0.086667
0 0.217500 0.890417 0.055000 0.094167
0 0.163125 0.880833 0.060000 0.085000
0 0.546875 0.868333 0.076250 0.098333
0 0.799687 0.858750 0.073125 0.102500
0 0.417187 0.841667 0.074375 0.083333
0 0.320312 0.828333 0.059375 0.085000
0 0.860313 0.828750 0.073125 0.100833
0 0.984375 0.809167 0.031250 0.100000
0 0.093750 0.795833 0.062500 0.110000
0 0.298125 0.775000 0.068750 0.090000
0 0.719688 0.770833 0.076875 0.103333
0 0.768437 0.731667 0.076875 0.076667
0 0.820937 0.730417 0.064375 0.102500
0 0.020313 0.721667 0.040625 0.091667
0 0.869375 0.705000 0.063750 0.091667
0 0.460625 0.710417 0.118750 0.107500
0 0.268437 0.698333 0.071875 0.090000
0 0.164375 0.700000 0.070000 0.096667
0 0.591562 0.683750 0.079375 0.090833
0 0.509375 0.657500 0.062500 0.088333
0 0.665937 0.648750 0.070625 0.077500
0 0.985625 0.615417 0.028750 0.087500
0 0.160312 0.599583 0.071875 0.087500
0 0.026875 0.600417 0.053750 0.089167
0 0.399375 0.590833 0.066250 0.091667
0 0.598125 0.593333 0.070000 0.098333
0 0.469375 0.577083 0.063750 0.087500
0 0.675937 0.527083 0.068125 0.089167
0 0.965938 0.525000 0.068125 0.123333
0 0.751250 0.494583 0.061250 0.104167
0 0.103125 0.471667 0.070000 0.098333
0 0.280000 0.465833 0.073750 0.103333
0 0.648125 0.456667 0.073750 0.096667
0 0.035000 0.437500 0.070000 0.091667
0 0.460313 0.426250 0.073125 0.092500
0 0.209687 0.422083 0.061875 0.105833
0 0.816562 0.400833 0.071875 0.095000
0 0.968125 0.378750 0.063750 0.089167
0 0.077500 0.356250 0.070000 0.097500
0 0.255937 0.351667 0.071875 0.093333
0 0.150312 0.352083 0.063125 0.097500
0 0.882500 0.325833 0.081250 0.100000
0 0.572500 0.323750 0.108750 0.104167
0 0.665312 0.310417 0.075625 0.095833
0 0.395000 0.293333 0.060000 0.081667
0 0.032188 0.284583 0.064375 0.085833
0 0.208125 0.247083 0.071250 0.090833
0 0.688750 0.227917 0.070000 0.087500
0 0.276250 0.225417 0.065000 0.089167
0 0.841562 0.216250 0.081875 0.097500
0 0.365625 0.191667 0.066250 0.093333
0 0.180000 0.160000 0.082500 0.068333
0 0.036250 0.160417 0.072500 0.099167
0 0.613125 0.143750 0.072500 0.082500
0 0.316563 0.131250 0.064375 0.087500
0 0.103125 0.117083 0.066250 0.094167
0 0.877812 0.075833 0.076875 0.090000
0 0.331875 0.052083 0.082500 0.080833
0 0.227813 0.032083 0.089375 0.064167