0 0.935312 0.980417 0.059375 0.039167
0 0.875938 0.979583 0.065625 0.040833
0 0.811562 0.964167 0.070625 0.071667
0 0.682187 0.954583 0.074375 0.090833
0 0.125625 0.925833 0.073750 0.098333
0 0.308750 0.919167 0.075000 0.093333
0 0.207187 0.915417 0.075625 0.097500
0 0.068437 0.864583 0.080625 0.087500
0 0.916875 0.864583 0.081250 0.099167
0 0.422187 0.845833 0.058125 0.101667
0 0.902813 0.760000 0.066875 0.101667
0 0.577187 0.754583 0.073125 0.115833
0 0.306563 0.733333 0.079375 0.100000
0 0.795000 0.720417 0.065000 0.087500
0 0.858125 0.690417 0.068750 0.092500
0 0.045000 0.668750 0.070000 0.089167
0 0.261562 0.661250 0.070625 0.094167
0 0.695625 0.625000 0.070000 0.090000
0 0.798438 0.589167 0.085625 0.086667
0 0.220000 0.561250 0.072500 0.094167
0 0.136250 0.559583 0.081250 0.097500
0 0.454688 0.538750 0.070625 0.100833
0 0.674063 0.518750 0.091875 0.124167
0 0.354063 0.500417 0.070625 0.099167
0 0.904687 0.507083 0.075625 0.114167
0 0.825937 0.488333 0.076875 0.101667
0 0.728750 0.472500 0.071250 0.111667
0 0.200313 0.432500 0.064375 0.093333
0 0.366875 0.382083 0.068750 0.072500
0 0.969688 0.318333 0.060625 0.096667
0 0.239687 0.287083 0.078125 0.089167
0 0.664687 0.277500 0.068125 0.078333
0 0.505313 0.285833 0.078125 0.105000
0 0.074375 0.267917 0.072500 0.090833
0 0.892500 0.213333 0.073750 0.088333
0 0.148750 0.217500 0.072500 0.096667
0 0.958438 0.195833 0.068125 0.088333
0 0.091875 0.184583 0.067500 0.082500
0 0.477812 0.161667 0.065625 0.110000
0 0.715938 0.150417 0.081875 0.105833
0 0.621875 0.108333 0.067500 0.095000
0 0.556562 0.109583 0.061875 0.107500
0 0.437188 0.102500 0.059375 0.095000
0 0.976562 0.079583 0.046875 0.090833
0 0.312500 0.045833 0.067500 0.088333
0 0.953125 0.030000 0.068750 0.060000
0 0.871875 0.060417 0.077500 0.120833
0 0.742812 0.035000 0.068125 0.070000
0 0.669687 0.028333 0.071875 0.056667
0 0.118750 0.042917 0.072500 0.085833