0 0.850938 0.970000 0.098125 0.060000
0 0.240000 0.966667 0.076250 0.066667
0 0.947500 0.960833 0.066250 0.078333
0 0.380937 0.885833 0.068125 0.091667
0 0.981563 0.867500 0.036875 0.101667
0 0.727187 0.863333 0.079375 0.118333
0 0.425625 0.825417 0.066250 0.090833
0 0.663125 0.818333 0.076250 0.100000
0 0.852812 0.757917 0.068125 0.092500
0 0.330625 0.745000 0.071250 0.103333
0 0.491563 0.688750 0.078125 0.092500
0 0.021250 0.642083 0.042500 0.087500
0 0.156250 0.600000 0.068750 0.091667
0 0.298125 0.545833 0.067500 0.093333
0 0.366563 0.539583 0.076875 0.105833
0 0.631250 0.518750 0.072500 0.094167
0 0.913750 0.456667 0.067500 0.090000
0 0.843125 0.446250 0.073750 0.104167
0 0.969375 0.415000 0.045000 0.060000
0 0.737812 0.417083 0.070625 0.102500
0 0.573125 0.382917 0.075000 0.095833
0 0.645000 0.366667 0.066250 0.095000
0 0.290312 0.359583 0.080625 0.089167
0 0.708750 0.305833 0.063750 0.083333
0 0.458437 0.290000 0.076875 0.120000
0 0.307500 0.279167 0.083750 0.106667
0 0.768750 0.280417 0.075000 0.115833
0 0.128125 0.212917 0.057500 0.084167
0 0.871563 0.187083 0.070625 0.089167
0 0.366563 0.112917 0.069375 0.089167
0 0.608125 0.088750 0.067500 0.085833
0 0.656875 0.049583 0.068750 0.099167
0 0.506875 0.047500 0.082500 0.095000
0 0.214688 0.037917 0.070625 0.075833
0 0.149062 0.042083 0.059375 0.084167