0 0.599063 0.969583 0.053125 0.060833
0 0.652813 0.966250 0.059375 0.067500
0 0.377812 0.963333 0.055625 0.073333
0 0.211875 0.961667 0.050000 0.076667
0 0.461875 0.948750 0.053750 0.077500
0 0.411875 0.932083 0.058750 0.089167
0 0.151562 0.918333 0.056875 0.063333
0 0.970625 0.929583 0.058750 0.087500
0 0.627188 0.903333 0.083125 0.096667
0 0.061562 0.867917 0.058125 0.079167
0 0.145937 0.854583 0.064375 0.075833
0 0.619687 0.841250 0.046875 0.077500
0 0.556562 0.830417 0.059375 0.085833
0 0.250625 0.824583 0.060000 0.082500
0 0.179688 0.789583 0.054375 0.087500
0 0.476250 0.779167 0.062500 0.083333
0 0.127188 0.767917 0.054375 0.074167
0 0.815000 0.765833 0.071250 0.071667
0 0.718125 0.769583 0.051250 0.087500
0 0.932187 0.742083 0.098125 0.129167
0 0.492500 0.702917 0.056250 0.072500
0 0.832187 0.691250 0.054375 0.077500
0 0.776250 0.684583 0.058750 0.082500
0 0.902813 0.674583 0.056875 0.074167
0 0.133125 0.668333 0.067500 0.073333
0 0.026250 0.671250 0.052500 0.085833
0 0.459688 0.633333 0.069375 0.093333
0 0.722500 0.640833 0.082500 0.120000
0 0.175937 0.606250 0.055625 0.077500
0 0.023750 0.591250 0.047500 0.089167
0 0.880313 0.580833 0.060625 0.075000
0 0.821250 0.571667 0.053750 0.075000
0 0.401875 0.568333 0.100000 0.110000
0 0.526563 0.552917 0.068125 0.094167
0 0.201250 0.539167 0.056250 0.073333
0 0.598750 0.529167 0.071250 0.100000
0 0.921250 0.510417 0.077500 0.100833
0 0.487187 0.492500 0.080625 0.098333
0 0.556562 0.473750 0.055625 0.074167
0 0.086250 0.457917 0.068750 0.069167
0 0.749375 0.451667 0.065000 0.078333
0 0.273438 0.416250 0.064375 0.079167
0 0.550000 0.403750 0.053750 0.069167
0 0.165937 0.387917 0.060625 0.085833
0 0.520312 0.375000 0.059375 0.073333
0 0.818125 0.396250 0.088750 0.117500
0 0.751250 0.348750 0.051250 0.075833
0 0.209063 0.333333 0.063125 0.076667
0 0.340625 0.332500 0.066250 0.080000
0 0.413438 0.326667 0.054375 0.093333
0 0.867812 0.272917 0.060625 0.065833
0 0.587187 0.269167 0.063125 0.086667
0 0.323750 0.258750 0.052500 0.072500
0 0.019688 0.248750 0.039375 0.070833
0 0.430000 0.241250 0.048750 0.057500
0 0.968750 0.243333 0.062500 0.090000
0 0.236875 0.221250 0.067500 0.077500
0 0.150938 0.205417 0.066875 0.089167
0 0.403125 0.192083 0.052500 0.075833
0 0.584375 0.181667 0.070000 0.083333
0 0.018750 0.175417 0.037500 0.072500
0 0.534375 0.169583 0.056250 0.077500
0 0.678438 0.168333 0.056875 0.083333
0 0.790000 0.146667 0.063750 0.088333
0 0.854375 0.130000 0.063750 0.075000
0 0.079375 0.137500 0.086250 0.096667
0 0.373750 0.122083 0.062500 0.084167
0 0.634687 0.114167 0.060625 0.076667
0 0.511875 0.100417 0.071250 0.105833
0 0.596250 0.088750 0.075000 0.087500
0 0.112812 0.078750 0.059375 0.087500
0 0.835625 0.067500 0.061250 0.073333
0 0.027813 0.062083 0.055625 0.100833
0 0.605938 0.025833 0.076875 0.051667
0 0.486875 0.032500 0.066250 0.065000
0 0.322188 0.027500 0.098125 0.055000