0 0.258125 0.975833 0.077500 0.048333
0 0.345625 0.972500 0.078750 0.055000
0 0.721250 0.970833 0.065000 0.058333
0 0.952187 0.961667 0.080625 0.076667
0 0.190625 0.961667 0.067500 0.076667
0 0.796875 0.950417 0.088750 0.099167
0 0.019062 0.933333 0.038125 0.090000
0 0.654062 0.933750 0.099375 0.105833
0 0.550000 0.931250 0.086250 0.137500
0 0.060937 0.902917 0.058125 0.080833
0 0.588750 0.882083 0.053750 0.090833
0 0.154062 0.871250 0.075625 0.074167
0 0.791250 0.865833 0.071250 0.088333
0 0.394062 0.869167 0.074375 0.100000
0 0.020000 0.851667 0.040000 0.070000
0 0.518750 0.851250 0.058750 0.080833
0 0.705000 0.857917 0.057500 0.102500
0 0.327500 0.853750 0.100000 0.112500
0 0.087813 0.832083 0.058125 0.077500
0 0.858750 0.829167 0.067500 0.078333
0 0.555000 0.815417 0.065000 0.089167
0 0.150000 0.800000 0.065000 0.070000
0 0.215000 0.780833 0.070000 0.073333
0 0.731563 0.797083 0.099375 0.114167
0 0.366563 0.782917 0.069375 0.094167
0 0.051562 0.763333 0.064375 0.095000
0 0.872500 0.740000 0.067500 0.096667
0 0.588125 0.740417 0.081250 0.102500
0 0.258125 0.720000 0.062500 0.073333
0 0.514062 0.716250 0.065625 0.080833
0 0.930000 0.707917 0.066250 0.080833
0 0.788750 0.717083 0.078750 0.104167
0 0.712187 0.703333 0.068125 0.083333
0 0.196250 0.705000 0.077500 0.118333
0 0.108750 0.688333 0.067500 0.091667
0 0.916250 0.632917 0.085000 0.069167
0 0.580000 0.640000 0.068750 0.095000
0 0.143437 0.637500 0.068125 0.093333
0 0.687813 0.629583 0.060625 0.080833
0 0.262813 0.641667 0.075625 0.113333
0 0.310000 0.600000 0.046250 0.083333
0 0.643750 0.572500 0.063750 0.085000
0 0.260625 0.547917 0.068750 0.099167
0 0.935000 0.542917 0.067500 0.090833
0 0.361250 0.512917 0.068750 0.075833
0 0.624375 0.494583 0.078750 0.085833
0 0.289062 0.482083 0.076875 0.109167
0 0.412187 0.459167 0.066875 0.085000
0 0.841875 0.455000 0.065000 0.091667
0 0.956562 0.425833 0.086875 0.078333
0 0.467813 0.427917 0.068125 0.100833
0 0.762813 0.406250 0.065625 0.079167
0 0.885625 0.400000 0.067500 0.086667
0 0.821562 0.381250 0.059375 0.077500
0 0.311563 0.393750 0.074375 0.115833
0 0.600313 0.392500 0.113125 0.123333
0 0.937187 0.352500 0.065625 0.081667
0 0.451250 0.355833 0.070000 0.088333
0 0.528438 0.359583 0.076875 0.099167
0 0.685312 0.380417 0.099375 0.149167
0 0.371250 0.365000 0.111250 0.136667
0 0.777813 0.330417 0.059375 0.095833
0 0.031875 0.336667 0.063750 0.113333
0 0.843437 0.298333 0.061875 0.090000
0 0.254063 0.305417 0.101875 0.127500
0 0.484063 0.274167 0.125625 0.088333
0 0.920937 0.271250 0.064375 0.090833
0 0.641563 0.281250 0.073125 0.110833
0 0.709688 0.248750 0.084375 0.107500
0 0.572187 0.240000 0.091875 0.111667
0 0.812500 0.222083 0.077500 0.097500
0 0.332500 0.217917 0.080000 0.100833
0 0.118750 0.190417 0.087500 0.082500
0 0.980938 0.196250 0.038125 0.095833
0 0.256250 0.192083 0.072500 0.105833
0 0.051875 0.168333 0.077500 0.063333
0 0.198125 0.177083 0.071250 0.095833
0 0.584688 0.161250 0.068125 0.085833
0 0.714375 0.154583 0.077500 0.090833
0 0.778750 0.166250 0.073750 0.144167
0 0.837500 0.133750 0.053750 0.080833
0 0.921875 0.130000 0.077500 0.100000
0 0.551562 0.103750 0.063125 0.084167
0 0.054375 0.096667 0.073750 0.088333
0 0.631563 0.100417 0.115625 0.147500
0 0.025937 0.062500 0.051875 0.101667
0 0.885625 0.050833 0.075000 0.091667
0 0.966250 0.047500 0.067500 0.086667
0 0.817500 0.041250 0.068750 0.082500
0 0.527813 0.050833 0.101875 0.101667
0 0.412500 0.042083 0.131250 0.084167
0 0.195625 0.065833 0.110000 0.131667
0 0.108750 0.055417 0.110000 0.110833