0 0.709375 0.957917 0.072500 0.084167
0 0.626563 0.941250 0.063125 0.082500
0 0.400625 0.946667 0.073750 0.095000
0 0.331562 0.896250 0.073125 0.099167
0 0.687500 0.863333 0.080000 0.093333
0 0.900937 0.783333 0.075625 0.096667
0 0.969375 0.753750 0.061250 0.097500
0 0.424687 0.722500 0.076875 0.105000
0 0.659375 0.716250 0.067500 0.100833
0 0.780000 0.704167 0.077500 0.093333
0 0.038437 0.699167 0.068125 0.090000
0 0.486875 0.620833 0.071250 0.098333
0 0.289062 0.623333 0.069375 0.105000
0 0.384062 0.610833 0.073125 0.101667
0 0.984688 0.596250 0.030625 0.092500
0 0.661250 0.598750 0.072500 0.105833
0 0.782813 0.537083 0.061875 0.084167
0 0.583125 0.521667 0.068750 0.096667
0 0.146875 0.522500 0.075000 0.098333
0 0.291563 0.462917 0.066875 0.089167
0 0.435312 0.436250 0.073125 0.090833
0 0.107813 0.411667 0.074375 0.101667
0 0.854375 0.399583 0.072500 0.100833
0 0.548750 0.390417 0.073750 0.100833
0 0.484687 0.356667 0.068125 0.093333
0 0.187188 0.333333 0.071875 0.096667
0 0.720938 0.278333 0.069375 0.096667
0 0.292812 0.275833 0.050625 0.103333
0 0.023750 0.245417 0.047500 0.092500
0 0.351250 0.266250 0.068750 0.145833
0 0.415312 0.233333 0.068125 0.090000
0 0.535937 0.216667 0.074375 0.101667
0 0.080000 0.194167 0.071250 0.108333
0 0.135937 0.160833 0.070625 0.110000
0 0.807187 0.118750 0.078125 0.097500
0 0.382188 0.091667 0.081875 0.093333
0 0.640625 0.050833 0.076250 0.096667
0 0.884687 0.053750 0.106875 0.107500
0 0.318750 0.027083 0.073750 0.054167