0 0.491250 0.965833 0.072500 0.068333
0 0.133125 0.961250 0.068750 0.077500
0 0.220000 0.951250 0.072500 0.092500
0 0.709375 0.947083 0.071250 0.092500
0 0.771875 0.936250 0.063750 0.095833
0 0.457500 0.891250 0.056250 0.084167
0 0.887188 0.905833 0.096875 0.120000
0 0.508750 0.878333 0.060000 0.088333
0 0.164375 0.840417 0.062500 0.082500
0 0.754375 0.836250 0.076250 0.090833
0 0.024063 0.832083 0.048125 0.094167
0 0.530937 0.792917 0.070625 0.099167
0 0.190312 0.782083 0.070625 0.089167
0 0.771250 0.755000 0.063750 0.090000
0 0.121875 0.753750 0.067500 0.090833
0 0.464062 0.748750 0.069375 0.099167
0 0.693438 0.735417 0.065625 0.089167
0 0.252812 0.753333 0.088125 0.128333
0 0.895938 0.732500 0.065625 0.088333
0 0.045625 0.710833 0.070000 0.095000
0 0.344062 0.707500 0.070625 0.090000
0 0.564688 0.708333 0.068125 0.100000
0 0.744687 0.696250 0.073125 0.102500
0 0.279062 0.677500 0.058125 0.106667
0 0.499063 0.667083 0.100625 0.095833
0 0.108750 0.657917 0.073750 0.090833
0 0.970625 0.656667 0.058750 0.095000
0 0.154062 0.616667 0.074375 0.088333
0 0.416875 0.605000 0.071250 0.078333
0 0.591875 0.595000 0.093750 0.116667
0 0.012812 0.560833 0.025625 0.083333
0 0.975625 0.569583 0.048750 0.104167
0 0.056250 0.544167 0.070000 0.093333
0 0.740625 0.555417 0.080000 0.135833
0 0.122813 0.508333 0.068125 0.093333
0 0.348438 0.478333 0.036875 0.041667
0 0.684375 0.501667 0.073750 0.098333
0 0.248125 0.497917 0.072500 0.092500
0 0.560000 0.498333 0.067500 0.095000
0 0.464375 0.496667 0.091250 0.106667
0 0.916562 0.490417 0.095625 0.134167
0 0.972500 0.472083 0.055000 0.102500
0 0.844063 0.435833 0.060625 0.076667
0 0.144375 0.423750 0.066250 0.092500
0 0.027500 0.414167 0.055000 0.076667
0 0.373437 0.425417 0.093125 0.104167
0 0.481875 0.395417 0.061250 0.080833
0 0.903125 0.376667 0.068750 0.083333
0 0.834688 0.355833 0.066875 0.073333
0 0.579375 0.374167 0.070000 0.113333
0 0.295312 0.352917 0.069375 0.090833
0 0.045312 0.356667 0.090625 0.115000
0 0.110937 0.326667 0.060625 0.081667
0 0.745938 0.312500 0.061875 0.071667
0 0.475938 0.288333 0.070625 0.083333
0 0.693125 0.282083 0.065000 0.089167
0 0.630313 0.290000 0.065625 0.110000
0 0.900312 0.279167 0.066875 0.093333
0 0.188125 0.268333 0.066250 0.085000
0 0.541562 0.267500 0.064375 0.095000
0 0.263750 0.260833 0.075000 0.090000
0 0.972500 0.236667 0.055000 0.091667
0 0.741875 0.227083 0.078750 0.095833
0 0.813750 0.220417 0.067500 0.089167
0 0.131250 0.199583 0.076250 0.060833
0 0.943438 0.191250 0.074375 0.099167
0 0.866563 0.180000 0.068125 0.101667
0 0.080312 0.160833 0.071875 0.098333
0 0.241250 0.149167 0.073750 0.088333
0 0.165000 0.127500 0.067500 0.083333
0 0.984062 0.111667 0.031875 0.098333
0 0.915312 0.110417 0.071875 0.100833
0 0.139063 0.067917 0.069375 0.080833
0 0.463125 0.067083 0.070000 0.094167
0 0.855938 0.046667 0.064375 0.093333
0 0.787500 0.047083 0.072500 0.094167
0 0.346562 0.023750 0.064375 0.047500
0 0.249062 0.034583 0.098125 0.069167
0 0.111250 0.018333 0.068750 0.036667