0 0.527500 0.973333 0.062500 0.053333
0 0.051250 0.972500 0.073750 0.055000
0 0.126562 0.970000 0.074375 0.060000
0 0.229375 0.965000 0.053750 0.070000
0 0.903125 0.963333 0.068750 0.073333
0 0.325625 0.956667 0.066250 0.086667
0 0.675000 0.947500 0.058750 0.090000
0 0.071250 0.910833 0.075000 0.090000
0 0.648438 0.915000 0.068125 0.105000
0 0.480000 0.892083 0.062500 0.094167
0 0.140625 0.877083 0.071250 0.092500
0 0.900625 0.852500 0.068750 0.095000
0 0.776250 0.815000 0.067500 0.093333
0 0.976562 0.813333 0.046875 0.093333
0 0.681250 0.800000 0.062500 0.080000
0 0.351562 0.805417 0.070625 0.094167
0 0.233125 0.790833 0.063750 0.095000
0 0.465313 0.787500 0.071875 0.093333
0 0.859375 0.773750 0.068750 0.085833
0 0.166250 0.753333 0.067500 0.105000
0 0.444063 0.722917 0.074375 0.080833
0 0.886250 0.719167 0.068750 0.095000
0 0.371563 0.710833 0.066875 0.078333
0 0.232500 0.692083 0.065000 0.097500
0 0.518125 0.677500 0.061250 0.091667
0 0.444375 0.666667 0.073750 0.081667
0 0.731563 0.665417 0.071875 0.102500
0 0.207813 0.630000 0.063125 0.081667
0 0.108750 0.627083 0.066250 0.075833
0 0.813750 0.630833 0.067500 0.095000
0 0.652500 0.597083 0.070000 0.092500
0 0.283125 0.594167 0.065000 0.086667
0 0.906250 0.554167 0.065000 0.091667
0 0.113437 0.536250 0.059375 0.102500
0 0.607812 0.534583 0.090625 0.102500
0 0.767188 0.482083 0.088125 0.082500
0 0.836250 0.472917 0.060000 0.084167
0 0.540625 0.475833 0.071250 0.091667
0 0.296250 0.464167 0.065000 0.085000
0 0.749062 0.431250 0.071875 0.090833
0 0.819688 0.415417 0.066875 0.069167
0 0.837187 0.340417 0.064375 0.089167
0 0.490938 0.331667 0.060625 0.083333
0 0.984375 0.325000 0.031250 0.091667
0 0.672500 0.311667 0.071250 0.093333
0 0.588125 0.303333 0.063750 0.090000
0 0.057500 0.302500 0.066250 0.095000
0 0.779375 0.291667 0.063750 0.083333
0 0.097187 0.278750 0.083125 0.109167
0 0.028125 0.260833 0.056250 0.078333
0 0.221250 0.258750 0.063750 0.094167
0 0.467500 0.262083 0.052500 0.109167
0 0.170000 0.237500 0.067500 0.091667
0 0.966875 0.227917 0.066250 0.102500
0 0.363750 0.202083 0.065000 0.095833
0 0.869375 0.217917 0.057500 0.132500
0 0.800000 0.178333 0.052500 0.066667
0 0.837812 0.202917 0.063125 0.129167
0 0.741875 0.168333 0.061250 0.096667
0 0.529375 0.155833 0.063750 0.091667
0 0.985000 0.129167 0.030000 0.088333
0 0.621250 0.120833 0.065000 0.088333
0 0.071563 0.113750 0.064375 0.082500
0 0.440000 0.100833 0.072500 0.088333
0 0.299687 0.100000 0.044375 0.093333
0 0.256875 0.105000 0.062500 0.103333
0 0.715313 0.080833 0.063125 0.081667
0 0.363750 0.075000 0.077500 0.090000
0 0.177813 0.078333 0.068125 0.096667
0 0.935312 0.023750 0.064375 0.047500
0 0.795000 0.022500 0.067500 0.045000
0 0.738125 0.024583 0.065000 0.049167
0 0.462500 0.037917 0.067500 0.075833