0 0.426563 0.975000 0.061875 0.050000
0 0.611563 0.965833 0.073125 0.068333
0 0.291250 0.954583 0.078750 0.090833
0 0.151875 0.916667 0.057500 0.075000
0 0.092813 0.921667 0.066875 0.085000
0 0.029687 0.922083 0.059375 0.089167
0 0.912813 0.914583 0.083125 0.092500
0 0.205313 0.907500 0.070625 0.095000
0 0.835938 0.905417 0.071875 0.094167
0 0.561875 0.912083 0.078750 0.115833
0 0.468750 0.892917 0.080000 0.092500
0 0.360312 0.909167 0.113125 0.153333
0 0.080937 0.861250 0.075625 0.094167
0 0.389688 0.834167 0.066875 0.078333
0 0.149062 0.830833 0.069375 0.096667
0 0.297812 0.823750 0.060625 0.089167
0 0.603437 0.784583 0.066875 0.084167
0 0.210938 0.765417 0.055625 0.102500
0 0.257500 0.763750 0.067500 0.107500
0 0.022500 0.752083 0.045000 0.085833
0 0.547500 0.760833 0.067500 0.108333
0 0.100937 0.750417 0.074375 0.110833
0 0.816562 0.726250 0.058125 0.090833
0 0.589375 0.703750 0.081250 0.092500
0 0.974688 0.686250 0.050625 0.095833
0 0.665000 0.685000 0.072500 0.096667
0 0.762188 0.682917 0.073125 0.099167
0 0.257188 0.669583 0.061875 0.087500
0 0.575000 0.653333 0.077500 0.093333
0 0.825313 0.630000 0.066875 0.095000
0 0.942500 0.606667 0.072500 0.088333
0 0.254688 0.587083 0.054375 0.080833
0 0.195312 0.581667 0.064375 0.085000
0 0.031563 0.581667 0.063125 0.091667
0 0.800937 0.585417 0.073125 0.117500
0 0.871563 0.563333 0.068125 0.100000
0 0.196875 0.530000 0.075000 0.076667
0 0.941875 0.525417 0.061250 0.070833
0 0.105000 0.522083 0.073750 0.099167
0 0.735313 0.506250 0.061875 0.090833
0 0.249375 0.502083 0.075000 0.087500
0 0.141563 0.499167 0.064375 0.081667
0 0.825000 0.485000 0.073750 0.090000
0 0.984062 0.463333 0.031875 0.083333
0 0.198125 0.446250 0.068750 0.085833
0 0.900625 0.453750 0.073750 0.107500
0 0.283750 0.448750 0.080000 0.105833
0 0.074063 0.422917 0.069375 0.097500
0 0.516250 0.430833 0.076250 0.116667
0 0.137500 0.400000 0.066250 0.098333
0 0.912813 0.366667 0.084375 0.081667
0 0.059062 0.332500 0.066875 0.093333
0 0.515312 0.320000 0.078125 0.105000
0 0.224375 0.318333 0.068750 0.101667
0 0.131562 0.309583 0.090625 0.107500
0 0.368437 0.281250 0.070625 0.105833
0 0.842187 0.245000 0.061875 0.088333
0 0.950625 0.231667 0.063750 0.075000
0 0.143750 0.235417 0.073750 0.087500
0 0.277187 0.235833 0.066875 0.100000
0 0.233750 0.221667 0.067500 0.105000
0 0.919063 0.213750 0.063125 0.102500
0 0.978125 0.193333 0.043750 0.073333
0 0.863750 0.194167 0.057500 0.086667
0 0.763125 0.160833 0.080000 0.096667
0 0.848437 0.111250 0.066875 0.085833
0 0.703438 0.112917 0.068125 0.092500
0 0.055938 0.070417 0.070625 0.090833
0 0.619375 0.064583 0.100000 0.102500
0 0.794063 0.054167 0.065625 0.100000
0 0.748437 0.035833 0.060625 0.071667
0 0.679688 0.037917 0.076875 0.075833
0 0.548750 0.053750 0.067500 0.107500
0 0.380937 0.029167 0.073125 0.058333