0 0.508437 0.985000 0.055625 0.030000
0 0.870000 0.984583 0.055000 0.030833
0 0.395625 0.977083 0.055000 0.045833
0 0.970313 0.960417 0.059375 0.079167
0 0.021562 0.956250 0.043125 0.072500
0 0.840313 0.949583 0.054375 0.082500
0 0.761250 0.945000 0.052500 0.073333
0 0.212188 0.946667 0.043125 0.076667
0 0.277813 0.953750 0.061875 0.092500
0 0.531563 0.940833 0.051875 0.068333
0 0.679375 0.947917 0.067500 0.090833
0 0.908125 0.935417 0.090000 0.094167
0 0.588750 0.926250 0.088750 0.080833
0 0.442812 0.937083 0.060625 0.102500
0 0.138750 0.936250 0.065000 0.107500
0 0.075313 0.933750 0.061875 0.112500
0 0.374063 0.911667 0.060625 0.075000
0 0.737500 0.882500 0.047500 0.096667
0 0.088125 0.868750 0.032500 0.069167
0 0.465938 0.870833 0.063125 0.080000
0 0.526250 0.860000 0.057500 0.070000
0 0.613125 0.855000 0.057500 0.061667
0 0.397813 0.862500 0.060625 0.080000
0 0.819063 0.872083 0.074375 0.104167
0 0.032188 0.845417 0.063125 0.070833
0 0.189375 0.856667 0.071250 0.095000
0 0.571250 0.839167 0.060000 0.073333
0 0.890000 0.839167 0.060000 0.076667
0 0.686562 0.819583 0.064375 0.074167
0 0.322500 0.840417 0.081250 0.132500
0 0.786563 0.807917 0.066875 0.075833
0 0.218438 0.799167 0.060625 0.086667
0 0.503125 0.781250 0.055000 0.069167
0 0.103438 0.777083 0.051875 0.077500
0 0.623750 0.789167 0.080000 0.111667
0 0.425000 0.771667 0.072500 0.078333
0 0.920937 0.760417 0.090625 0.094167
0 0.751563 0.757083 0.085625 0.112500
0 0.055625 0.748333 0.067500 0.103333
0 0.876875 0.719167 0.058750 0.066667
0 0.653750 0.726250 0.112500 0.089167
0 0.441250 0.712500 0.073750 0.078333
0 0.152500 0.710000 0.077500 0.103333
0 0.519687 0.693333 0.058125 0.080000
0 0.950313 0.669167 0.099375 0.083333
0 0.816562 0.656250 0.056875 0.075833
0 0.079375 0.649167 0.085000 0.081667
0 0.349375 0.646667 0.078750 0.091667
0 0.681562 0.642917 0.091875 0.085833
0 0.552813 0.621250 0.040625 0.050833
0 0.610313 0.637917 0.066875 0.087500
0 0.230000 0.649167 0.112500 0.110000
0 0.923438 0.626667 0.064375 0.073333
0 0.024688 0.626250 0.049375 0.094167
0 0.413438 0.626250 0.070625 0.105833
0 0.832812 0.604583 0.056875 0.072500
0 0.480312 0.611250 0.085625 0.104167
0 0.309375 0.585000 0.046250 0.083333
0 0.768750 0.570833 0.065000 0.058333
0 0.661563 0.564583 0.028125 0.057500
0 0.195312 0.574583 0.056875 0.102500
0 0.421563 0.544167 0.061875 0.081667
0 0.228750 0.532083 0.056250 0.057500
0 0.842187 0.542500 0.056875 0.080000
0 0.769062 0.517917 0.051875 0.060833
0 0.577500 0.547083 0.080000 0.120833
0 0.033750 0.540833 0.060000 0.108333
0 0.309688 0.523750 0.061875 0.080833
0 0.707500 0.511250 0.071250 0.072500
0 0.927813 0.520000 0.074375 0.100000
0 0.508750 0.512500 0.071250 0.093333
0 0.092500 0.498333 0.057500 0.076667
0 0.642500 0.495417 0.062500 0.080833
0 0.368750 0.478333 0.055000 0.070000
0 0.186562 0.462917 0.080625 0.095833
0 0.454688 0.473333 0.080625 0.125000
0 0.257812 0.454167 0.076875 0.103333
0 0.870313 0.437500 0.059375 0.073333
0 0.926562 0.436250 0.049375 0.074167
0 0.523438 0.442917 0.080625 0.089167
0 0.347500 0.425000 0.061250 0.083333
0 0.050625 0.419583 0.080000 0.079167
0 0.804063 0.423750 0.054375 0.095833
0 0.112500 0.411667 0.050000 0.083333
0 0.658750 0.405000 0.057500 0.078333
0 0.715625 0.396250 0.055000 0.070833
0 0.244375 0.385833 0.061250 0.065000
0 0.961875 0.369583 0.068750 0.065833
0 0.817500 0.366250 0.062500 0.072500
0 0.170313 0.370833 0.049375 0.091667
0 0.128438 0.353333 0.056875 0.076667
0 0.375937 0.351667 0.054375 0.085000
0 0.301250 0.352083 0.047500 0.089167
0 0.526875 0.342500 0.051250 0.081667
0 0.715000 0.329583 0.051250 0.070833
0 0.671562 0.326250 0.049375 0.082500
0 0.437500 0.320000 0.057500 0.075000
0 0.970313 0.309167 0.059375 0.065000
0 0.918125 0.292917 0.062500 0.074167
0 0.547500 0.297500 0.040000 0.083333
0 0.360000 0.290417 0.052500 0.074167
0 0.604375 0.307083 0.080000 0.109167
0 0.196875 0.307917 0.051250 0.110833
0 0.716562 0.267917 0.063125 0.070833
0 0.431250 0.255000 0.057500 0.060000
0 0.061562 0.293750 0.091875 0.139167
0 0.848437 0.259167 0.059375 0.073333
0 0.275625 0.264167 0.076250 0.088333
0 0.576250 0.236250 0.060000 0.070833
0 0.114687 0.231250 0.066875 0.082500
0 0.979062 0.228333 0.041875 0.078333
0 0.201563 0.223750 0.065625 0.074167
0 0.781563 0.250000 0.071875 0.135000
0 0.024375 0.207500 0.048750 0.081667
0 0.659062 0.207917 0.068125 0.084167
0 0.900937 0.202500 0.060625 0.080000
0 0.481250 0.187917 0.048750 0.074167
0 0.378750 0.190833 0.050000 0.088333
0 0.426875 0.182917 0.066250 0.084167
0 0.538438 0.182917 0.084375 0.109167
0 0.949063 0.156667 0.059375 0.080000
0 0.039062 0.145000 0.069375 0.075000
0 0.620313 0.126250 0.050625 0.080833
0 0.479375 0.116250 0.068750 0.082500
0 0.323125 0.147917 0.088750 0.152500
0 0.099687 0.103333 0.058125 0.070000
0 0.836875 0.115833 0.078750 0.103333
0 0.758750 0.117083 0.065000 0.117500
0 0.915312 0.090417 0.058125 0.072500
0 0.691250 0.102500 0.066250 0.096667
0 0.167813 0.125417 0.073125 0.144167
0 0.558438 0.094583 0.055625 0.095833
0 0.250312 0.090000 0.074375 0.108333
0 0.014375 0.058750 0.028750 0.089167
0 0.607500 0.050833 0.062500 0.076667
0 0.937187 0.025000 0.055625 0.050000
0 0.788125 0.028750 0.062500 0.057500
0 0.728750 0.046667 0.058750 0.093333
0 0.656875 0.024167 0.066250 0.048333
0 0.490625 0.042917 0.075000 0.085833
0 0.318437 0.027500 0.066875 0.055000
0 0.163438 0.034583 0.123125 0.069167
0 0.071563 0.023333 0.053125 0.046667