0 0.684688 0.974583 0.056875 0.050833
0 0.489063 0.965000 0.086875 0.070000
0 0.260937 0.959167 0.064375 0.081667
0 0.575937 0.945833 0.071875 0.076667
0 0.064687 0.950000 0.058125 0.086667
0 0.884375 0.939583 0.071250 0.070833
0 0.964375 0.933750 0.071250 0.132500
0 0.635000 0.891667 0.058750 0.101667
0 0.075000 0.865417 0.067500 0.092500
0 0.685312 0.849583 0.068125 0.090833
0 0.877812 0.857083 0.098125 0.107500
0 0.762500 0.842500 0.077500 0.083333
0 0.277500 0.844167 0.068750 0.100000
0 0.828438 0.800417 0.064375 0.087500
0 0.623437 0.795417 0.066875 0.085833
0 0.110000 0.782083 0.070000 0.095833
0 0.235625 0.765000 0.061250 0.086667
0 0.171563 0.764583 0.055625 0.087500
0 0.711562 0.751250 0.061875 0.079167
0 0.921250 0.717500 0.052500 0.081667
0 0.866875 0.717500 0.058750 0.088333
0 0.597187 0.713750 0.073125 0.084167
0 0.788438 0.710000 0.060625 0.091667
0 0.691875 0.695417 0.072500 0.069167
0 0.086250 0.698333 0.086250 0.088333
0 0.292500 0.663750 0.062500 0.089167
0 0.709688 0.640000 0.063125 0.083333
0 0.048750 0.635833 0.066250 0.075000
0 0.968750 0.609583 0.062500 0.072500
0 0.577187 0.602500 0.066875 0.093333
0 0.254375 0.583333 0.058750 0.083333
0 0.527188 0.555833 0.059375 0.080000
0 0.941250 0.551250 0.060000 0.084167
0 0.892500 0.531250 0.067500 0.065833
0 0.663438 0.530417 0.070625 0.104167
0 0.596562 0.512917 0.055625 0.080833
0 0.972500 0.495833 0.055000 0.080000
0 0.195625 0.499167 0.076250 0.121667
0 0.452500 0.476667 0.056250 0.083333
0 0.379688 0.471667 0.073125 0.088333
0 0.859375 0.467083 0.072500 0.095833
0 0.965938 0.417083 0.068125 0.084167
0 0.279375 0.431667 0.086250 0.120000
0 0.356563 0.407500 0.063125 0.075000
0 0.085312 0.409167 0.061875 0.085000
0 0.489375 0.401667 0.063750 0.086667
0 0.152188 0.400417 0.069375 0.089167
0 0.881563 0.383333 0.060625 0.078333
0 0.203125 0.369167 0.071250 0.091667
0 0.045000 0.356667 0.062500 0.073333
0 0.589375 0.375833 0.102500 0.115000
0 0.725625 0.364167 0.056250 0.095000
0 0.398125 0.350833 0.061250 0.085000
0 0.669375 0.342917 0.060000 0.080833
0 0.111875 0.333333 0.062500 0.080000
0 0.821875 0.319583 0.065000 0.084167
0 0.513125 0.311250 0.066250 0.089167
0 0.443125 0.302917 0.071250 0.094167
0 0.979375 0.321250 0.041250 0.132500
0 0.019375 0.291250 0.038750 0.087500
0 0.773125 0.287917 0.072500 0.097500
0 0.145625 0.274583 0.061250 0.082500
0 0.245000 0.270833 0.067500 0.076667
0 0.640625 0.265417 0.108750 0.095833
0 0.050625 0.228750 0.056250 0.079167
0 0.763125 0.202500 0.063750 0.080000
0 0.202500 0.200833 0.067500 0.088333
0 0.696250 0.196250 0.071250 0.102500
0 0.551562 0.195000 0.085625 0.160000
0 0.053750 0.116667 0.062500 0.076667
0 0.843125 0.120417 0.068750 0.094167
0 0.208437 0.104583 0.050625 0.080833
0 0.680000 0.102917 0.065000 0.095833
0 0.417500 0.087917 0.086250 0.092500
0 0.140000 0.079167 0.057500 0.075000
0 0.773125 0.073333 0.068750 0.096667
0 0.482187 0.046250 0.063125 0.087500
0 0.690312 0.032917 0.064375 0.065833
0 0.617812 0.034583 0.065625 0.069167
0 0.416563 0.024583 0.069375 0.049167
0 0.244688 0.028333 0.069375 0.056667
0 0.054375 0.037083 0.108750 0.074167