0 0.841875 0.967917 0.070000 0.064167
0 0.738125 0.967917 0.067500 0.064167
0 0.092500 0.962083 0.083750 0.075833
0 0.888125 0.927500 0.070000 0.090000
0 0.930000 0.833333 0.083750 0.075000
0 0.192500 0.819167 0.088750 0.083333
0 0.686250 0.818333 0.063750 0.101667
0 0.272500 0.791667 0.073750 0.081667
0 0.020625 0.794583 0.041250 0.090833
0 0.428750 0.864167 0.221250 0.236667
0 0.729375 0.732500 0.070000 0.093333
0 0.491250 0.684167 0.071250 0.083333
0 0.154375 0.674167 0.060000 0.100000
0 0.049688 0.653333 0.065625 0.075000
0 0.936250 0.664167 0.071250 0.100000
0 0.280625 0.659167 0.087500 0.123333
0 0.383750 0.634167 0.071250 0.113333
0 0.870625 0.620833 0.065000 0.100000
0 0.560000 0.585833 0.072500 0.135000
0 0.468125 0.545833 0.077500 0.076667
0 0.130625 0.528333 0.085000 0.076667
0 0.197500 0.500000 0.071250 0.081667
0 0.869375 0.507500 0.065000 0.103333
0 0.566250 0.499167 0.083750 0.086667
0 0.685000 0.477500 0.053750 0.113333
0 0.452813 0.462083 0.070625 0.092500
0 0.116250 0.451667 0.063750 0.091667
0 0.898750 0.425000 0.068750 0.101667
0 0.545625 0.397500 0.082500 0.096667
0 0.183750 0.385833 0.071250 0.103333
0 0.759375 0.370000 0.060000 0.095000
0 0.370625 0.360000 0.065000 0.088333
0 0.869375 0.339167 0.065000 0.083333
0 0.678750 0.340833 0.068750 0.093333
0 0.020938 0.287500 0.041875 0.085000
0 0.581250 0.285000 0.076250 0.081667
0 0.326875 0.268333 0.067500 0.098333
0 0.896250 0.259583 0.066250 0.090833
0 0.053750 0.224167 0.083750 0.073333
0 0.582500 0.192500 0.063750 0.090000
0 0.372500 0.159167 0.056250 0.073333
0 0.204375 0.151667 0.070000 0.081667
0 0.156875 0.087500 0.077500 0.083333
0 0.556250 0.075833 0.066250 0.086667
0 0.745625 0.072500 0.072500 0.083333
0 0.456562 0.041667 0.036875 0.045000