0 0.973125 0.974167 0.053750 0.051667
0 0.164062 0.964167 0.075625 0.071667
0 0.843750 0.960000 0.106250 0.080000
0 0.505625 0.917083 0.072500 0.095833
0 0.035000 0.896667 0.067500 0.085000
0 0.097187 0.887917 0.060625 0.082500
0 0.216250 0.915833 0.087500 0.148333
0 0.370312 0.884167 0.121875 0.133333
0 0.146563 0.864583 0.063125 0.094167
0 0.808438 0.850833 0.065625 0.116667
0 0.278125 0.817083 0.065000 0.090833
0 0.115312 0.811667 0.065625 0.095000
0 0.190625 0.791667 0.071250 0.065000
0 0.609062 0.820000 0.090625 0.130000
0 0.916562 0.792083 0.063125 0.090833
0 0.453750 0.798750 0.067500 0.104167
0 0.804375 0.756250 0.078750 0.085833
0 0.109375 0.725833 0.065000 0.081667
0 0.211250 0.713750 0.068750 0.082500
0 0.318125 0.747500 0.075000 0.168333
0 0.048125 0.687917 0.070000 0.080833
0 0.420938 0.687917 0.058125 0.095833
0 0.590000 0.702083 0.091250 0.137500
0 0.833125 0.687500 0.090000 0.123333
0 0.762188 0.643750 0.068125 0.077500
0 0.704375 0.620833 0.053750 0.071667
0 0.289375 0.618750 0.071250 0.092500
0 0.899375 0.632083 0.100000 0.127500
0 0.446562 0.598333 0.064375 0.088333
0 0.706875 0.527083 0.058750 0.090833
0 0.945312 0.483750 0.070625 0.100833
0 0.702187 0.439167 0.059375 0.083333
0 0.209375 0.422917 0.105000 0.105833
0 0.592812 0.361667 0.070625 0.088333
0 0.415000 0.360000 0.096250 0.115000
0 0.498125 0.339167 0.075000 0.096667
0 0.881875 0.318750 0.077500 0.104167
0 0.737500 0.306250 0.068750 0.094167
0 0.570625 0.287083 0.083750 0.105833
0 0.446875 0.279167 0.081250 0.098333
0 0.812500 0.278750 0.091250 0.102500
0 0.664687 0.300417 0.090625 0.152500
0 0.871875 0.220417 0.077500 0.089167
0 0.533438 0.220000 0.073125 0.110000
0 0.038437 0.213750 0.076875 0.114167
0 0.350000 0.190417 0.073750 0.109167
0 0.795000 0.188750 0.097500 0.112500
0 0.936875 0.172083 0.073750 0.084167
0 0.479687 0.197500 0.084375 0.140000
0 0.659062 0.144583 0.068125 0.089167
0 0.540625 0.131667 0.062500 0.101667
0 0.599375 0.128750 0.057500 0.097500
0 0.967812 0.131250 0.064375 0.124167
0 0.734062 0.097500 0.056875 0.093333
0 0.850000 0.074583 0.071250 0.090833
0 0.884062 0.027917 0.095625 0.055833
0 0.802500 0.022083 0.062500 0.044167
0 0.527813 0.035417 0.081875 0.070833
0 0.069375 0.052083 0.073750 0.104167