0 0.417187 0.979167 0.084375 0.041667
0 0.652500 0.974583 0.067500 0.050833
0 0.868125 0.973750 0.083750 0.052500
0 0.575937 0.964583 0.058125 0.070833
0 0.789687 0.949583 0.090625 0.062500
0 0.080312 0.959167 0.070625 0.081667
0 0.980313 0.940417 0.039375 0.092500
0 0.025313 0.919583 0.050625 0.109167
0 0.307188 0.899583 0.080625 0.084167
0 0.625313 0.900833 0.081875 0.090000
0 0.872812 0.895833 0.073125 0.088333
0 0.391562 0.875833 0.073125 0.068333
0 0.799063 0.869583 0.064375 0.109167
0 0.030625 0.857917 0.061250 0.092500
0 0.942187 0.846667 0.055625 0.078333
0 0.113437 0.831667 0.085625 0.065000
0 0.447188 0.839583 0.075625 0.089167
0 0.542813 0.840417 0.060625 0.099167
0 0.639687 0.812917 0.088125 0.072500
0 0.369063 0.807083 0.076875 0.090833
0 0.726562 0.794583 0.083125 0.090833
0 0.033750 0.751250 0.067500 0.067500
0 0.365938 0.739167 0.076875 0.056667
0 0.607187 0.744583 0.073125 0.079167
0 0.299063 0.737917 0.061875 0.095833
0 0.700000 0.697917 0.106250 0.070833
0 0.458750 0.703750 0.061250 0.092500
0 0.365938 0.679167 0.081875 0.080000
0 0.660312 0.637500 0.081875 0.083333
0 0.114375 0.610417 0.078750 0.087500
0 0.655312 0.581667 0.103125 0.065000
0 0.545312 0.563333 0.055625 0.088333
0 0.483750 0.552500 0.063750 0.070000
0 0.890000 0.532500 0.068750 0.088333
0 0.305937 0.522083 0.064375 0.099167
0 0.169063 0.499583 0.095625 0.079167
0 0.597187 0.495000 0.069375 0.073333
0 0.665000 0.498333 0.062500 0.093333
0 0.734375 0.463333 0.103750 0.063333
0 0.244062 0.468750 0.068125 0.079167
0 0.859688 0.460417 0.081875 0.089167
0 0.900937 0.455833 0.058125 0.103333
0 0.174063 0.434583 0.081875 0.070833
0 0.365000 0.447917 0.056250 0.104167
0 0.410000 0.454583 0.055000 0.130833
0 0.695312 0.394583 0.059375 0.082500
0 0.268437 0.393333 0.081875 0.080000
0 0.745938 0.392917 0.064375 0.090833
0 0.488438 0.336667 0.090625 0.081667
0 0.154375 0.327917 0.076250 0.074167
0 0.303125 0.319167 0.102500 0.060000
0 0.806250 0.321250 0.083750 0.074167
0 0.909375 0.308750 0.076250 0.095833
0 0.520312 0.275833 0.069375 0.091667
0 0.479375 0.234583 0.082500 0.080833
0 0.077500 0.186250 0.092500 0.057500
0 0.326875 0.186250 0.071250 0.074167
0 0.504375 0.175833 0.071250 0.085000
0 0.657813 0.167083 0.074375 0.099167
0 0.548750 0.164167 0.065000 0.093333
0 0.897188 0.141250 0.069375 0.070833
0 0.027187 0.119167 0.054375 0.083333
0 0.461562 0.095417 0.063125 0.089167
0 0.149062 0.050833 0.069375 0.075000
0 0.221250 0.047917 0.067500 0.075833