0 0.964063 0.955833 0.071875 0.088333
0 0.092188 0.947917 0.066875 0.092500
0 0.756563 0.897083 0.070625 0.097500
0 0.400625 0.837917 0.060000 0.119167
0 0.323750 0.841250 0.071250 0.134167
0 0.161562 0.810417 0.073125 0.099167
0 0.300625 0.729583 0.076250 0.087500
0 0.612812 0.719167 0.073125 0.096667
0 0.463125 0.688750 0.071250 0.104167
0 0.942187 0.566250 0.076875 0.079167
0 0.148750 0.575417 0.063750 0.097500
0 0.321562 0.557083 0.070625 0.109167
0 0.439063 0.546667 0.063125 0.130000
0 0.042188 0.519583 0.080625 0.099167
0 0.934375 0.494583 0.068750 0.079167
0 0.246875 0.352917 0.071250 0.100833
0 0.658125 0.287917 0.061250 0.082500
0 0.300000 0.287083 0.073750 0.100833
0 0.751250 0.265833 0.071250 0.091667
0 0.180625 0.215417 0.068750 0.089167
0 0.604062 0.174583 0.076875 0.099167
0 0.454688 0.158750 0.069375 0.087500
0 0.779062 0.117917 0.070625 0.092500
0 0.966250 0.098750 0.067500 0.092500
0 0.620938 0.090000 0.073125 0.090000
0 0.765625 0.060000 0.070000 0.081667
0 0.685625 0.041667 0.060000 0.083333