0 0.447188 0.969583 0.074375 0.060833
0 0.542188 0.956250 0.074375 0.065833
0 0.502188 0.907917 0.079375 0.075833
0 0.716875 0.882083 0.065000 0.087500
0 0.826875 0.868750 0.062500 0.080833
0 0.379375 0.821667 0.098750 0.058333
0 0.222500 0.800000 0.063750 0.073333
0 0.838125 0.777500 0.070000 0.080000
0 0.025625 0.725833 0.051250 0.085000
0 0.686250 0.728333 0.067500 0.098333
0 0.384375 0.722083 0.060000 0.085833
0 0.735625 0.661667 0.061250 0.085000
0 0.336562 0.657083 0.070625 0.082500
0 0.677500 0.635417 0.056250 0.072500
0 0.035937 0.627917 0.061875 0.075833
0 0.515938 0.604167 0.071875 0.076667
0 0.180000 0.585000 0.058750 0.078333
0 0.753750 0.577083 0.071250 0.085833
0 0.893437 0.569167 0.065625 0.086667
0 0.067500 0.529167 0.063750 0.083333
0 0.800625 0.512917 0.075000 0.085833
0 0.732812 0.508333 0.058125 0.081667
0 0.629062 0.496250 0.078125 0.084167
0 0.019062 0.447917 0.038125 0.090833
0 0.079062 0.441250 0.064375 0.087500
0 0.611250 0.412500 0.066250 0.083333
0 0.944375 0.406667 0.067500 0.081667
0 0.760312 0.384167 0.058125 0.083333
0 0.037500 0.369167 0.066250 0.090000
0 0.462813 0.342083 0.073125 0.095833
0 0.566875 0.328333 0.057500 0.078333
0 0.854062 0.286250 0.058125 0.065833
0 0.259062 0.296250 0.060625 0.090833
0 0.178437 0.260833 0.069375 0.086667
0 0.052500 0.234167 0.061250 0.080000
0 0.322500 0.233333 0.071250 0.085000
0 0.381250 0.190000 0.082500 0.090000
0 0.131875 0.156250 0.070000 0.067500
0 0.514062 0.121667 0.069375 0.070000
0 0.681250 0.112500 0.057500 0.073333
0 0.170000 0.104583 0.071250 0.085833
0 0.339375 0.086667 0.055000 0.081667
0 0.507500 0.045833 0.068750 0.078333
0 0.961562 0.037500 0.055625 0.075000
0 0.711250 0.042917 0.091250 0.085833