0 0.959375 0.979167 0.057500 0.041667
0 0.625000 0.977500 0.061250 0.045000
0 0.714688 0.972917 0.070625 0.054167
0 0.559375 0.970833 0.061250 0.058333
0 0.500000 0.968333 0.055000 0.063333
0 0.896875 0.967500 0.056250 0.065000
0 0.230937 0.959583 0.090625 0.080833
0 0.791562 0.947500 0.061875 0.085000
0 0.077813 0.935000 0.056875 0.073333
0 0.424375 0.936250 0.083750 0.080833
0 0.857187 0.931667 0.058125 0.091667
0 0.655000 0.913333 0.055000 0.070000
0 0.354687 0.925833 0.048125 0.096667
0 0.933125 0.914583 0.058750 0.075833
0 0.291875 0.921250 0.067500 0.089167
0 0.155312 0.915833 0.089375 0.101667
0 0.986563 0.901250 0.026875 0.097500
0 0.237813 0.887083 0.070625 0.075833
0 0.736250 0.889583 0.076250 0.092500
0 0.912188 0.874167 0.061875 0.081667
0 0.540625 0.869167 0.073750 0.095000
0 0.465000 0.880000 0.066250 0.123333
0 0.825625 0.850000 0.056250 0.073333
0 0.204375 0.841250 0.065000 0.072500
0 0.052187 0.841250 0.104375 0.079167
0 0.158750 0.824583 0.055000 0.069167
0 0.335000 0.828333 0.058750 0.098333
0 0.419063 0.821667 0.081875 0.093333
0 0.660937 0.816667 0.109375 0.090000
0 0.890312 0.790000 0.088125 0.075000
0 0.620938 0.787500 0.080625 0.076667
0 0.039375 0.788750 0.068750 0.089167
0 0.752500 0.797500 0.093750 0.113333
0 0.352500 0.778333 0.058750 0.085000
0 0.219688 0.764167 0.056875 0.078333
0 0.543438 0.765417 0.079375 0.090833
0 0.471250 0.741250 0.061250 0.060833
0 0.282813 0.742500 0.058125 0.075000
0 0.390313 0.713750 0.058125 0.065833
0 0.678125 0.713333 0.061250 0.073333
0 0.764687 0.712083 0.068125 0.079167
0 0.939375 0.709583 0.062500 0.082500
0 0.877500 0.705833 0.060000 0.081667
0 0.591875 0.696667 0.055000 0.090000
0 0.518437 0.675417 0.088125 0.067500
0 0.038437 0.692917 0.076875 0.120833
0 0.119688 0.672917 0.049375 0.082500
0 0.208750 0.665833 0.052500 0.085000
0 0.437812 0.656250 0.056875 0.072500
0 0.637813 0.647500 0.054375 0.063333
0 0.728750 0.641667 0.065000 0.060000
0 0.819375 0.639167 0.081250 0.075000
0 0.959375 0.630417 0.061250 0.072500
0 0.364687 0.630000 0.051875 0.083333
0 0.522188 0.623750 0.070625 0.075833
0 0.300625 0.637500 0.063750 0.105000
0 0.075000 0.603750 0.062500 0.080833
0 0.671562 0.592500 0.055625 0.071667
0 0.212812 0.574167 0.053125 0.061667
0 0.406562 0.577500 0.064375 0.076667
0 0.583750 0.589167 0.065000 0.108333
0 0.105000 0.567083 0.048750 0.080833
0 0.763125 0.560833 0.072500 0.075000
0 0.142500 0.555833 0.057500 0.086667
0 0.970625 0.547500 0.056250 0.071667
0 0.716250 0.552500 0.050000 0.093333
0 0.638750 0.529167 0.060000 0.073333
0 0.049688 0.521250 0.055625 0.072500
0 0.466250 0.535417 0.087500 0.105833
0 0.533750 0.515000 0.055000 0.075000
0 0.266875 0.500417 0.058750 0.079167
0 0.581875 0.481667 0.058750 0.081667
0 0.930937 0.489583 0.088125 0.099167
0 0.017812 0.479583 0.035625 0.090833
0 0.212812 0.479167 0.076875 0.093333
0 0.385937 0.482083 0.060625 0.109167
0 0.495937 0.465000 0.065625 0.086667
0 0.704375 0.458750 0.088750 0.082500
0 0.060000 0.450833 0.063750 0.070000
0 0.787813 0.465000 0.076875 0.100000
0 0.149062 0.433333 0.055625 0.076667
0 0.297187 0.433333 0.060625 0.078333
0 0.854375 0.464167 0.123750 0.168333
0 0.970000 0.431250 0.060000 0.134167
0 0.624062 0.430000 0.061875 0.133333
0 0.244688 0.401250 0.064375 0.082500
0 0.524375 0.388333 0.073750 0.083333
0 0.690312 0.380833 0.060625 0.080000
0 0.359063 0.377500 0.098125 0.081667
0 0.753125 0.374583 0.058750 0.079167
0 0.015312 0.369167 0.030625 0.083333
0 0.082812 0.370000 0.091875 0.088333
0 0.901563 0.369583 0.078125 0.112500
0 0.122813 0.346250 0.060625 0.084167
0 0.442812 0.327917 0.051875 0.075833
0 0.590938 0.330833 0.083125 0.085000
0 0.232187 0.315417 0.073125 0.082500
0 0.298750 0.325000 0.071250 0.106667
0 0.336875 0.310000 0.056250 0.078333
0 0.713125 0.302083 0.066250 0.077500
0 0.821250 0.328750 0.077500 0.147500
0 0.402813 0.287083 0.055625 0.065833
0 0.775937 0.289167 0.051875 0.071667
0 0.948438 0.274167 0.061875 0.058333
0 0.559063 0.284167 0.061875 0.080000
0 0.876563 0.282500 0.063125 0.083333
0 0.030937 0.277500 0.061875 0.096667
0 0.491250 0.265833 0.051250 0.076667
0 0.645938 0.285833 0.063125 0.118333
0 0.092188 0.272083 0.054375 0.102500
0 0.156562 0.265417 0.075625 0.130833
0 0.781875 0.227917 0.061250 0.070833
0 0.306563 0.227083 0.063125 0.074167
0 0.217812 0.227500 0.058125 0.075000
0 0.853750 0.210833 0.067500 0.075000
0 0.449062 0.200417 0.054375 0.082500
0 0.389688 0.214583 0.055625 0.112500
0 0.580625 0.200417 0.102500 0.104167
0 0.950000 0.189583 0.100000 0.104167
0 0.055625 0.177500 0.086250 0.083333
0 0.725000 0.191667 0.108750 0.116667
0 0.185000 0.164583 0.052500 0.065833
0 0.657500 0.160833 0.086250 0.080000
0 0.489687 0.159583 0.095625 0.084167
0 0.322813 0.150833 0.058125 0.073333
0 0.945625 0.153750 0.057500 0.082500
0 0.239687 0.150417 0.065625 0.094167
0 0.572187 0.138333 0.051875 0.076667
0 0.120625 0.143750 0.062500 0.095833
0 0.811562 0.132500 0.071875 0.086667
0 0.292812 0.110833 0.051875 0.066667
0 0.393750 0.114167 0.091250 0.081667
0 0.979688 0.097083 0.040625 0.074167
0 0.886563 0.116667 0.073125 0.115000
0 0.101250 0.094583 0.061250 0.082500
0 0.545000 0.084583 0.066250 0.077500
0 0.622500 0.081667 0.075000 0.088333
0 0.421250 0.075417 0.062500 0.084167
0 0.719063 0.082083 0.085625 0.100833
0 0.169063 0.070833 0.079375 0.106667
0 0.048750 0.052917 0.065000 0.087500
0 0.847812 0.065000 0.070625 0.115000
0 0.279062 0.044167 0.060625 0.086667
0 0.814063 0.022083 0.051875 0.044167
0 0.754687 0.025833 0.061875 0.051667
0 0.583750 0.042083 0.068750 0.084167
0 0.500313 0.024167 0.084375 0.048333
0 0.384688 0.025833 0.068125 0.051667
0 0.185312 0.029583 0.100625 0.059167
0 0.099062 0.017500 0.056875 0.035000