0 0.821875 0.979167 0.072500 0.041667
0 0.081875 0.962917 0.073750 0.074167
0 0.723125 0.925833 0.070000 0.096667
0 0.139063 0.878333 0.073125 0.095000
0 0.659062 0.845833 0.061875 0.090000
0 0.929375 0.811667 0.062500 0.081667
0 0.375000 0.783333 0.076250 0.081667
0 0.722812 0.780417 0.074375 0.102500
0 0.526563 0.768333 0.071875 0.095000
0 0.925937 0.697083 0.071875 0.105833
0 0.865000 0.676667 0.063750 0.088333
0 0.515312 0.670000 0.066875 0.091667
0 0.726562 0.611667 0.065625 0.088333
0 0.416250 0.581667 0.066250 0.088333
0 0.309375 0.565833 0.067500 0.093333
0 0.148125 0.562083 0.075000 0.094167
0 0.745000 0.525833 0.068750 0.088333
0 0.983125 0.526250 0.033750 0.092500
0 0.549063 0.523333 0.068125 0.091667
0 0.632500 0.500417 0.066250 0.080833
0 0.910625 0.432083 0.065000 0.090833
0 0.129688 0.429167 0.084375 0.103333
0 0.257188 0.392083 0.069375 0.099167
0 0.118125 0.338333 0.065000 0.081667
0 0.435937 0.305417 0.071875 0.094167
0 0.814375 0.302500 0.065000 0.093333
0 0.880625 0.280000 0.067500 0.098333
0 0.032813 0.267500 0.065625 0.093333
0 0.645625 0.264167 0.075000 0.096667
0 0.234375 0.227500 0.067500 0.083333
0 0.463438 0.218333 0.073125 0.095000
0 0.609375 0.170833 0.077500 0.096667
0 0.521563 0.165833 0.069375 0.093333
0 0.343750 0.109167 0.063750 0.083333
0 0.822187 0.077500 0.068125 0.096667