0 0.517500 0.981250 0.057500 0.037500
0 0.264688 0.979167 0.064375 0.041667
0 0.841562 0.977917 0.050625 0.044167
0 0.011250 0.970000 0.022500 0.060000
0 0.968750 0.961667 0.056250 0.076667
0 0.868125 0.935417 0.047500 0.060833
0 0.253437 0.928750 0.066875 0.070833
0 0.810000 0.924167 0.058750 0.076667
0 0.017188 0.880417 0.034375 0.070833
0 0.283750 0.864167 0.061250 0.070000
0 0.048750 0.839167 0.056250 0.075000
0 0.849063 0.850417 0.081875 0.102500
0 0.762813 0.825000 0.056875 0.073333
0 0.205313 0.828333 0.063125 0.080000
0 0.485000 0.811667 0.051250 0.071667
0 0.959375 0.801667 0.057500 0.068333
0 0.020000 0.802083 0.040000 0.077500
0 0.801875 0.791667 0.063750 0.088333
0 0.436250 0.782917 0.055000 0.074167
0 0.186875 0.769583 0.051250 0.070833
0 0.028125 0.737083 0.056250 0.055833
0 0.761250 0.742500 0.062500 0.086667
0 0.349687 0.729583 0.056875 0.072500
0 0.515938 0.712083 0.054375 0.074167
0 0.089688 0.708333 0.065625 0.088333
0 0.011562 0.687500 0.023125 0.066667
0 0.601562 0.680833 0.061875 0.075000
0 0.195312 0.675417 0.058125 0.077500
0 0.986563 0.666667 0.026875 0.073333
0 0.336250 0.654167 0.052500 0.071667
0 0.136563 0.647917 0.065625 0.085833
0 0.741563 0.647917 0.089375 0.095833
0 0.505625 0.635417 0.056250 0.075833
0 0.258125 0.624583 0.053750 0.074167
0 0.616875 0.634167 0.066250 0.095000
0 0.856250 0.621250 0.078750 0.090833
0 0.173125 0.595417 0.066250 0.079167
0 0.815312 0.590000 0.064375 0.090000
0 0.229063 0.559583 0.058125 0.087500
0 0.889687 0.545833 0.051875 0.076667
0 0.673438 0.542083 0.058125 0.069167
0 0.523438 0.531667 0.071875 0.083333
0 0.739062 0.525000 0.060625 0.076667
0 0.241875 0.487500 0.083750 0.085000
0 0.080625 0.486250 0.053750 0.082500
0 0.193125 0.431667 0.058750 0.076667
0 0.842500 0.429167 0.063750 0.098333
0 0.789687 0.414167 0.056875 0.085000
0 0.128438 0.412500 0.068125 0.081667
0 0.555000 0.395000 0.056250 0.071667
0 0.306563 0.383750 0.056875 0.065833
0 0.177187 0.362500 0.051875 0.065000
0 0.612500 0.360833 0.060000 0.073333
0 0.503437 0.341250 0.061875 0.074167
0 0.777500 0.347917 0.076250 0.097500
0 0.012812 0.340417 0.025625 0.085833
0 0.725000 0.341667 0.056250 0.093333
0 0.258750 0.325417 0.056250 0.080833
0 0.210313 0.310417 0.049375 0.077500
0 0.143125 0.309167 0.051250 0.088333
0 0.255312 0.268750 0.063125 0.062500
0 0.739688 0.262083 0.056875 0.064167
0 0.121875 0.263333 0.060000 0.073333
0 0.890625 0.210417 0.048750 0.064167
0 0.951875 0.222917 0.083750 0.107500
0 0.037500 0.198333 0.052500 0.066667
0 0.738750 0.190417 0.072500 0.074167
0 0.484063 0.178750 0.055625 0.079167
0 0.528438 0.164167 0.053125 0.070000
0 0.148438 0.169167 0.059375 0.080000
0 0.727812 0.139583 0.064375 0.062500
0 0.217500 0.142917 0.057500 0.075833
0 0.080625 0.151667 0.078750 0.118333
0 0.353438 0.119583 0.061875 0.075833
0 0.107813 0.113333 0.055625 0.080000
0 0.522500 0.074583 0.060000 0.077500
0 0.256563 0.072917 0.061875 0.082500
0 0.136250 0.052917 0.058750 0.077500
0 0.907813 0.023333 0.066875 0.046667
0 0.742812 0.020417 0.065625 0.040833
0 0.475625 0.025000 0.060000 0.050000
0 0.415000 0.036667 0.057500 0.073333
0 0.080937 0.030417 0.054375 0.060833