0 0.535937 0.974167 0.070625 0.051667
0 0.026562 0.958750 0.053125 0.082500
0 0.982500 0.937917 0.035000 0.124167
0 0.726875 0.928750 0.091250 0.110833
0 0.057500 0.930417 0.068750 0.139167
0 0.635938 0.890000 0.165625 0.168333
0 0.411875 0.871250 0.100000 0.134167
0 0.966875 0.819583 0.066250 0.104167
0 0.200313 0.783333 0.084375 0.120000
0 0.713125 0.767500 0.073750 0.120000
0 0.371250 0.755833 0.071250 0.108333
0 0.924687 0.750417 0.081875 0.099167
0 0.844063 0.711250 0.078125 0.090833
0 0.750000 0.693333 0.073750 0.091667
0 0.490312 0.681250 0.150625 0.120833
0 0.815000 0.632083 0.098750 0.134167
0 0.452813 0.608750 0.074375 0.102500
0 0.517188 0.590000 0.074375 0.080000
0 0.079687 0.540000 0.089375 0.160000
0 0.782813 0.476667 0.069375 0.106667
0 0.924063 0.492083 0.100625 0.142500
0 0.540625 0.490417 0.082500 0.139167
0 0.600313 0.422083 0.068125 0.085833
0 0.211250 0.432083 0.060000 0.107500
0 0.475938 0.433750 0.115625 0.129167
0 0.147500 0.432917 0.092500 0.139167
0 0.067187 0.418333 0.079375 0.111667
0 0.020938 0.417083 0.041875 0.165833
0 0.660312 0.370417 0.058125 0.075833
0 0.522500 0.348750 0.105000 0.107500
0 0.737812 0.321250 0.068125 0.075833
0 0.652188 0.289583 0.065625 0.079167
0 0.399375 0.299583 0.082500 0.122500
0 0.827187 0.297500 0.086875 0.135000
0 0.726250 0.238333 0.061250 0.098333
0 0.561250 0.234167 0.120000 0.121667
0 0.935000 0.199583 0.062500 0.070833
0 0.811250 0.191667 0.071250 0.093333
0 0.029375 0.195833 0.058750 0.106667
0 0.863437 0.185417 0.089375 0.099167
0 0.677500 0.193333 0.061250 0.115000
0 0.987187 0.186250 0.025625 0.105833
0 0.620625 0.187500 0.065000 0.135000
0 0.458437 0.198750 0.099375 0.157500
0 0.693438 0.119167 0.069375 0.095000
0 0.575000 0.114167 0.071250 0.098333
0 0.828125 0.106250 0.093750 0.110833
0 0.509375 0.101667 0.090000 0.116667
0 0.909687 0.067917 0.060625 0.077500
0 0.271875 0.077917 0.102500 0.120833
0 0.150000 0.068750 0.073750 0.117500
0 0.792188 0.061667 0.104375 0.110000
0 0.975938 0.042917 0.048125 0.079167
0 0.857500 0.020833 0.072500 0.041667
0 0.647188 0.053333 0.126875 0.106667
0 0.555000 0.037917 0.062500 0.075833
0 0.493750 0.028333 0.058750 0.056667
0 0.208125 0.037083 0.076250 0.074167
0 0.030000 0.073750 0.060000 0.147500