0 0.653125 0.979583 0.065000 0.040833
0 0.884687 0.969583 0.070625 0.060833
0 0.150000 0.963750 0.058750 0.072500
0 0.736875 0.961250 0.070000 0.077500
0 0.382812 0.943333 0.076875 0.078333
0 0.624687 0.927917 0.061875 0.067500
0 0.806562 0.926250 0.076875 0.115833
0 0.451250 0.900833 0.068750 0.085000
0 0.981563 0.894583 0.036875 0.085833
0 0.513437 0.893750 0.055625 0.097500
0 0.741875 0.880833 0.071250 0.081667
0 0.578438 0.878750 0.066875 0.089167
0 0.386875 0.861250 0.065000 0.090833
0 0.157188 0.867917 0.068125 0.109167
0 0.099375 0.828750 0.065000 0.087500
0 0.455313 0.818333 0.068125 0.083333
0 0.597500 0.805417 0.061250 0.074167
0 0.695937 0.802917 0.071875 0.084167
0 0.343125 0.792083 0.065000 0.079167
0 0.753125 0.788750 0.051250 0.074167
0 0.193750 0.794167 0.067500 0.103333
0 0.919375 0.784167 0.092500 0.103333
0 0.709375 0.759167 0.061250 0.080000
0 0.038125 0.766667 0.072500 0.105000
0 0.074688 0.742917 0.069375 0.092500
0 0.232500 0.730833 0.058750 0.073333
0 0.439063 0.735417 0.066875 0.087500
0 0.859688 0.727500 0.061875 0.080000
0 0.579063 0.718333 0.064375 0.061667
0 0.522500 0.727917 0.061250 0.082500
0 0.807813 0.730000 0.055625 0.100000
0 0.955313 0.713333 0.070625 0.091667
0 0.764375 0.692917 0.063750 0.089167
0 0.626875 0.685000 0.063750 0.091667
0 0.467500 0.685417 0.076250 0.092500
0 0.909062 0.677083 0.064375 0.084167
0 0.171563 0.665833 0.070625 0.083333
0 0.317188 0.654167 0.048125 0.063333
0 0.261562 0.655000 0.066875 0.088333
0 0.577187 0.642500 0.073125 0.088333
0 0.027187 0.622083 0.054375 0.070833
0 0.088750 0.623333 0.065000 0.091667
0 0.966875 0.622500 0.066250 0.096667
0 0.700625 0.601250 0.058750 0.075833
0 0.515312 0.601250 0.060625 0.077500
0 0.300312 0.597500 0.064375 0.083333
0 0.906250 0.577083 0.063750 0.087500
0 0.246562 0.571667 0.066875 0.080000
0 0.769687 0.561250 0.059375 0.082500
0 0.580937 0.540000 0.058125 0.073333
0 0.019375 0.542083 0.038750 0.085833
0 0.847500 0.539167 0.063750 0.081667
0 0.948438 0.525000 0.068125 0.078333
0 0.623750 0.512500 0.061250 0.070000
0 0.109375 0.525833 0.065000 0.096667
0 0.384375 0.514583 0.065000 0.100833
0 0.069375 0.502917 0.057500 0.082500
0 0.247188 0.495000 0.068125 0.071667
0 0.454688 0.499583 0.064375 0.087500
0 0.812500 0.475833 0.055000 0.076667
0 0.173125 0.476250 0.070000 0.085833
0 0.690937 0.464167 0.055625 0.078333
0 0.791875 0.440417 0.060000 0.075833
0 0.736563 0.410000 0.070625 0.051667
0 0.920625 0.424583 0.056250 0.082500
0 0.585000 0.425417 0.062500 0.084167
0 0.474687 0.431250 0.070625 0.102500
0 0.235313 0.419583 0.074375 0.092500
0 0.146875 0.405000 0.070000 0.080000
0 0.392500 0.398750 0.087500 0.100833
0 0.534062 0.391250 0.071875 0.092500
0 0.282500 0.384167 0.068750 0.106667
0 0.980938 0.378750 0.038125 0.112500
0 0.745313 0.351667 0.059375 0.068333
0 0.484063 0.342083 0.064375 0.074167
0 0.934688 0.344167 0.059375 0.083333
0 0.808438 0.302500 0.066875 0.086667
0 0.553438 0.292917 0.090625 0.105833
0 0.136563 0.282500 0.074375 0.095000
0 0.692187 0.272917 0.073125 0.085833
0 0.475000 0.265000 0.072500 0.096667
0 0.762188 0.260833 0.063125 0.091667
0 0.884375 0.257917 0.070000 0.090833
0 0.964688 0.252917 0.070625 0.090833
0 0.642500 0.206667 0.063750 0.096667
0 0.085938 0.202500 0.061875 0.103333
0 0.712812 0.201250 0.078125 0.104167
0 0.546562 0.179167 0.065625 0.101667
0 0.406250 0.153750 0.090000 0.105833
0 0.030312 0.128333 0.060625 0.078333
0 0.464687 0.123750 0.060625 0.079167
0 0.710938 0.102500 0.064375 0.078333
0 0.339375 0.101667 0.078750 0.100000
0 0.049063 0.066250 0.070625 0.095833
0 0.780625 0.029167 0.071250 0.058333
0 0.545000 0.032917 0.073750 0.065833
0 0.461875 0.032500 0.086250 0.065000
0 0.168125 0.031667 0.058750 0.063333