0 0.733750 0.901667 0.073750 0.096667
0 0.140313 0.805833 0.084375 0.108333
0 0.821562 0.777917 0.073125 0.099167
0 0.311250 0.793333 0.091250 0.141667
0 0.857187 0.711250 0.083125 0.095833
0 0.281250 0.700000 0.082500 0.076667
0 0.445312 0.650417 0.066875 0.102500
0 0.029375 0.637917 0.058750 0.102500
0 0.112812 0.634583 0.101875 0.124167
0 0.288125 0.620000 0.082500 0.100000
0 0.858125 0.601250 0.071250 0.092500
0 0.645312 0.562083 0.081875 0.100833
0 0.141563 0.537500 0.064375 0.091667
0 0.741250 0.536667 0.067500 0.095000
0 0.080000 0.513750 0.075000 0.105833
0 0.260625 0.504583 0.080000 0.097500
0 0.172187 0.501250 0.074375 0.104167
0 0.676875 0.479167 0.060000 0.101667
0 0.771875 0.467917 0.062500 0.084167
0 0.609062 0.458750 0.065625 0.084167
0 0.977812 0.414583 0.044375 0.102500
0 0.754062 0.398333 0.085625 0.098333
0 0.265313 0.383333 0.069375 0.093333
0 0.806875 0.378750 0.082500 0.097500
0 0.499688 0.356667 0.073125 0.091667
0 0.094687 0.339583 0.078125 0.097500
0 0.752188 0.230417 0.065625 0.110833
0 0.799063 0.209167 0.070625 0.095000
0 0.399062 0.173750 0.068125 0.094167
0 0.537188 0.175000 0.073125 0.098333
0 0.090313 0.113750 0.069375 0.092500
0 0.240937 0.059167 0.035625 0.065000
0 0.149688 0.070417 0.073125 0.102500
0 0.537813 0.036250 0.073125 0.072500
0 0.462813 0.024583 0.066875 0.049167