0 0.153750 0.953333 0.070000 0.093333
0 0.053437 0.910833 0.061875 0.091667
0 0.865313 0.899583 0.071875 0.097500
0 0.625625 0.851250 0.067500 0.087500
0 0.120938 0.825833 0.059375 0.086667
0 0.728437 0.765417 0.073125 0.100833
0 0.531563 0.741250 0.068125 0.094167
0 0.091250 0.735833 0.066250 0.095000
0 0.968125 0.729583 0.063750 0.100833
0 0.823438 0.701250 0.085625 0.097500
0 0.428438 0.697500 0.085625 0.103333
0 0.140313 0.643333 0.070625 0.095000
0 0.864062 0.619583 0.076875 0.087500
0 0.715313 0.578333 0.065625 0.103333
0 0.115000 0.558333 0.080000 0.103333
0 0.657500 0.517917 0.080000 0.104167
0 0.029375 0.509583 0.058750 0.089167
0 0.326562 0.510833 0.068125 0.093333
0 0.402813 0.492500 0.071875 0.090000
0 0.212812 0.495833 0.070625 0.098333
0 0.141875 0.474583 0.072500 0.092500
0 0.208437 0.410833 0.064375 0.083333
0 0.365938 0.402917 0.074375 0.094167
0 0.125312 0.391250 0.071875 0.090833
0 0.441250 0.364583 0.078750 0.090833
0 0.952500 0.369583 0.073750 0.102500
0 0.840000 0.338333 0.073750 0.093333
0 0.746563 0.315833 0.064375 0.096667
0 0.223125 0.298333 0.052500 0.100000
0 0.158125 0.302083 0.075000 0.119167
0 0.313437 0.281667 0.083125 0.088333
0 0.647188 0.206667 0.068125 0.100000
0 0.583750 0.212917 0.072500 0.119167
0 0.301563 0.182083 0.085625 0.112500
0 0.922500 0.160833 0.065000 0.093333
0 0.751250 0.148750 0.073750 0.104167
0 0.030000 0.116250 0.060000 0.097500
0 0.308750 0.089167 0.085000 0.103333
0 0.797500 0.056250 0.072500 0.099167
0 0.535625 0.032500 0.106250 0.065000
0 0.414375 0.027500 0.073750 0.055000