0 0.335313 0.974167 0.049375 0.051667
0 0.399375 0.967083 0.052500 0.065833
0 0.603125 0.957500 0.057500 0.063333
0 0.740938 0.924583 0.055625 0.064167
0 0.970313 0.919167 0.059375 0.080000
0 0.028750 0.875417 0.057500 0.050833
0 0.196250 0.886667 0.056250 0.078333
0 0.711562 0.880833 0.050625 0.073333
0 0.323125 0.894583 0.082500 0.104167
0 0.618125 0.874167 0.065000 0.076667
0 0.301875 0.856250 0.058750 0.080833
0 0.978437 0.842500 0.043125 0.063333
0 0.253750 0.848333 0.062500 0.083333
0 0.505000 0.847500 0.062500 0.085000
0 0.863750 0.846667 0.071250 0.085000
0 0.038750 0.817917 0.068750 0.072500
0 0.474375 0.805417 0.072500 0.067500
0 0.695000 0.803333 0.066250 0.085000
0 0.583125 0.800000 0.057500 0.081667
0 0.768125 0.795000 0.060000 0.081667
0 0.281250 0.779583 0.056250 0.064167
0 0.140000 0.791667 0.087500 0.091667
0 0.027813 0.750417 0.051875 0.057500
0 0.146250 0.730417 0.068750 0.059167
0 0.461875 0.728333 0.060000 0.085000
0 0.261562 0.722500 0.063125 0.073333
0 0.678438 0.710833 0.046875 0.071667
0 0.790937 0.703333 0.059375 0.078333
0 0.200313 0.698333 0.091875 0.091667
0 0.945000 0.684167 0.056250 0.080000
0 0.735625 0.679583 0.061250 0.079167
0 0.290625 0.664167 0.053750 0.073333
0 0.103125 0.662083 0.058750 0.069167
0 0.987812 0.648750 0.024375 0.062500
0 0.378125 0.651667 0.067500 0.068333
0 0.177813 0.624583 0.076875 0.085833
0 0.567500 0.611667 0.046250 0.075000
0 0.721875 0.589167 0.070000 0.086667
0 0.136875 0.574167 0.053750 0.060000
0 0.080625 0.567917 0.062500 0.082500
0 0.453125 0.565833 0.057500 0.080000
0 0.294063 0.565833 0.061875 0.085000
0 0.966250 0.551667 0.063750 0.085000
0 0.353750 0.543333 0.061250 0.071667
0 0.581250 0.529583 0.078750 0.067500
0 0.722500 0.508333 0.058750 0.081667
0 0.256250 0.505000 0.058750 0.078333
0 0.125000 0.508333 0.065000 0.086667
0 0.424063 0.499583 0.050625 0.072500
0 0.067187 0.497500 0.045625 0.068333
0 0.567500 0.460833 0.062500 0.070000
0 0.463125 0.458750 0.061250 0.077500
0 0.016875 0.452500 0.033750 0.070000
0 0.313125 0.454167 0.062500 0.083333
0 0.179375 0.425417 0.055000 0.075833
0 0.944375 0.408750 0.061250 0.064167
0 0.014063 0.388750 0.028125 0.055833
0 0.896875 0.392083 0.043750 0.064167
0 0.052187 0.402917 0.058125 0.085833
0 0.428125 0.389583 0.068750 0.084167
0 0.282500 0.378333 0.051250 0.065000
0 0.487187 0.368750 0.056875 0.077500
0 0.161562 0.357500 0.055625 0.066667
0 0.460000 0.307500 0.052500 0.080000
0 0.057813 0.305000 0.049375 0.078333
0 0.643750 0.297500 0.061250 0.073333
0 0.111250 0.296667 0.057500 0.075000
0 0.396875 0.305000 0.082500 0.096667
0 0.895625 0.295833 0.075000 0.086667
0 0.564063 0.265833 0.065625 0.083333
0 0.244062 0.258333 0.079375 0.116667
0 0.431563 0.237917 0.070625 0.077500
0 0.503125 0.235833 0.062500 0.093333
0 0.017812 0.208750 0.035625 0.065833
0 0.609375 0.201250 0.061250 0.079167
0 0.898125 0.197500 0.062500 0.076667
0 0.240937 0.187917 0.070625 0.079167
0 0.312500 0.188750 0.065000 0.089167
0 0.395313 0.176667 0.055625 0.071667
0 0.795625 0.175000 0.067500 0.085000
0 0.971562 0.151667 0.056875 0.081667
0 0.088125 0.120000 0.062500 0.078333
0 0.235937 0.110000 0.086875 0.093333
0 0.400625 0.099167 0.063750 0.081667
0 0.760625 0.064167 0.053750 0.070000
0 0.956250 0.050000 0.058750 0.081667
0 0.195625 0.040000 0.055000 0.066667
0 0.877500 0.037083 0.058750 0.074167
0 0.819375 0.035000 0.057500 0.070000
0 0.591875 0.030417 0.057500 0.060833
0 0.372500 0.015833 0.050000 0.031667
0 0.324062 0.016667 0.043125 0.033333
0 0.252812 0.023750 0.060625 0.047500