0 0.115000 0.960417 0.066250 0.079167
0 0.958750 0.935000 0.066250 0.091667
0 0.034063 0.935000 0.068125 0.098333
0 0.334375 0.928333 0.055000 0.113333
0 0.908125 0.870417 0.071250 0.090833
0 0.393750 0.858333 0.068750 0.091667
0 0.898125 0.829583 0.057500 0.085833
0 0.477187 0.831250 0.055625 0.099167
0 0.974688 0.818333 0.050625 0.076667
0 0.063125 0.821667 0.052500 0.098333
0 0.191875 0.820417 0.071250 0.097500
0 0.798750 0.803333 0.070000 0.093333
0 0.285625 0.803333 0.078750 0.111667
0 0.216562 0.775000 0.071875 0.091667
0 0.507188 0.751667 0.069375 0.083333
0 0.424063 0.756667 0.064375 0.096667
0 0.137187 0.752500 0.071875 0.088333
0 0.305000 0.743333 0.071250 0.088333
0 0.708750 0.742083 0.072500 0.097500
0 0.061250 0.723750 0.065000 0.084167
0 0.559688 0.692500 0.061875 0.088333
0 0.868750 0.690417 0.065000 0.089167
0 0.346562 0.662917 0.069375 0.095833
0 0.015625 0.662500 0.031250 0.095000
0 0.728750 0.646667 0.070000 0.081667
0 0.686250 0.645000 0.048750 0.088333
0 0.061875 0.632917 0.066250 0.079167
0 0.923438 0.603750 0.056875 0.097500
0 0.620625 0.574583 0.061250 0.094167
0 0.822500 0.571250 0.067500 0.089167
0 0.717500 0.565833 0.103750 0.096667
0 0.085312 0.550833 0.073125 0.091667
0 0.422187 0.549583 0.074375 0.129167
0 0.934375 0.517083 0.073750 0.087500
0 0.858750 0.498333 0.065000 0.091667
0 0.064062 0.451667 0.066875 0.091667
0 0.563438 0.423750 0.069375 0.097500
0 0.432188 0.400000 0.063125 0.076667
0 0.189062 0.389167 0.064375 0.080000
0 0.371875 0.355417 0.068750 0.090833
0 0.898125 0.325417 0.053750 0.079167
0 0.803750 0.307083 0.073750 0.100833
0 0.104063 0.299167 0.065625 0.096667
0 0.951562 0.288333 0.060625 0.081667
0 0.308750 0.257083 0.066250 0.090833
0 0.736563 0.245833 0.065625 0.086667
0 0.156250 0.275417 0.065000 0.154167
0 0.043125 0.248750 0.071250 0.100833
0 0.858437 0.237500 0.055625 0.095000
0 0.201250 0.245000 0.053750 0.113333
0 0.955937 0.218750 0.071875 0.092500
0 0.261562 0.210833 0.058125 0.081667
0 0.666562 0.213750 0.071875 0.107500
0 0.454062 0.210833 0.038125 0.105000
0 0.567813 0.188333 0.063125 0.083333
0 0.216250 0.152917 0.061250 0.079167
0 0.033125 0.155000 0.066250 0.108333
0 0.422500 0.160417 0.080000 0.122500
0 0.970625 0.100417 0.058750 0.084167
0 0.520938 0.092500 0.060625 0.081667
0 0.209375 0.071250 0.060000 0.077500
0 0.152188 0.078333 0.056875 0.105000
0 0.821562 0.058750 0.069375 0.085833
0 0.972187 0.034583 0.055625 0.069167
0 0.912500 0.028333 0.062500 0.056667
0 0.423750 0.037083 0.110000 0.074167
0 0.236875 0.038750 0.065000 0.077500
0 0.102500 0.032083 0.066250 0.064167