0 0.880625 0.953333 0.063750 0.081667
0 0.841875 0.897917 0.062500 0.077500
0 0.925625 0.882083 0.067500 0.079167
0 0.110000 0.879167 0.085000 0.091667
0 0.698438 0.868750 0.078125 0.085833
0 0.384375 0.829583 0.077500 0.064167
0 0.631250 0.798333 0.065000 0.083333
0 0.433750 0.788750 0.056250 0.074167
0 0.173750 0.770833 0.056250 0.068333
0 0.845625 0.775417 0.096250 0.090833
0 0.356250 0.759167 0.053750 0.078333
0 0.471250 0.750833 0.078750 0.095000
0 0.221250 0.733750 0.065000 0.080833
0 0.412187 0.717500 0.076875 0.061667
0 0.533125 0.720417 0.065000 0.084167
0 0.591562 0.698333 0.074375 0.091667
0 0.830625 0.687083 0.065000 0.075833
0 0.860313 0.666250 0.090625 0.074167
0 0.406250 0.659583 0.062500 0.067500
0 0.492188 0.639583 0.079375 0.069167
0 0.028750 0.637500 0.057500 0.095000
0 0.214062 0.567083 0.063125 0.075833
0 0.357187 0.553333 0.074375 0.070000
0 0.873750 0.560833 0.067500 0.095000
0 0.153438 0.562083 0.063125 0.109167
0 0.533750 0.529167 0.082500 0.080000
0 0.268437 0.482083 0.075625 0.090833
0 0.554375 0.470833 0.076250 0.088333
0 0.030625 0.461667 0.061250 0.090000
0 0.363750 0.450000 0.060000 0.076667
0 0.917188 0.450417 0.090625 0.110833
0 0.593437 0.421667 0.068125 0.078333
0 0.165000 0.410000 0.067500 0.073333
0 0.880313 0.390000 0.079375 0.093333
0 0.034688 0.375417 0.069375 0.070833
0 0.586875 0.335417 0.061250 0.084167
0 0.985313 0.326667 0.029375 0.085000
0 0.328125 0.318333 0.070000 0.083333
0 0.707812 0.327500 0.088125 0.108333
0 0.191250 0.307083 0.068750 0.084167
0 0.036875 0.295833 0.063750 0.078333
0 0.536563 0.284583 0.070625 0.084167
0 0.123125 0.259167 0.073750 0.071667
0 0.908750 0.246250 0.075000 0.075833
0 0.980000 0.220833 0.040000 0.088333
0 0.634375 0.210000 0.065000 0.071667
0 0.410313 0.212083 0.066875 0.087500
0 0.122500 0.172500 0.072500 0.080000
0 0.379688 0.136667 0.063125 0.075000
0 0.454062 0.130000 0.073125 0.085000
0 0.909687 0.110833 0.080625 0.068333
0 0.100625 0.078750 0.070000 0.077500
0 0.165313 0.060417 0.063125 0.077500
0 0.861563 0.017500 0.065625 0.035000
0 0.598750 0.024167 0.065000 0.048333