0 0.163438 0.981250 0.113125 0.037500
0 0.917500 0.977500 0.070000 0.045000
0 0.407187 0.974167 0.078125 0.051667
0 0.644375 0.938333 0.062500 0.088333
0 0.878125 0.932917 0.062500 0.082500
0 0.478125 0.934167 0.062500 0.086667
0 0.368125 0.920000 0.067500 0.088333
0 0.761875 0.886667 0.072500 0.098333
0 0.544375 0.851667 0.072500 0.098333
0 0.314063 0.842917 0.081875 0.080833
0 0.865625 0.840833 0.070000 0.103333
0 0.142500 0.831667 0.078750 0.091667
0 0.462500 0.825000 0.073750 0.088333
0 0.230625 0.824583 0.086250 0.129167
0 0.343750 0.779167 0.076250 0.093333
0 0.938125 0.760000 0.072500 0.091667
0 0.155000 0.741250 0.103750 0.110833
0 0.063125 0.709167 0.077500 0.086667
0 0.595000 0.705833 0.066250 0.093333
0 0.418750 0.675833 0.078750 0.093333
0 0.261250 0.642500 0.071250 0.086667
0 0.076875 0.626667 0.065000 0.075000
0 0.546250 0.627500 0.071250 0.090000
0 0.717500 0.630000 0.068750 0.101667
0 0.166563 0.608333 0.075625 0.098333
0 0.379375 0.542500 0.072500 0.100000
0 0.024063 0.531667 0.048125 0.101667
0 0.983125 0.491667 0.033750 0.068333
0 0.303750 0.503333 0.066250 0.091667
0 0.231250 0.466667 0.071250 0.091667
0 0.953125 0.437500 0.085000 0.086667
0 0.469375 0.395833 0.070000 0.083333
0 0.785000 0.383333 0.113750 0.105000
0 0.970625 0.360833 0.058750 0.096667
0 0.547500 0.363333 0.068750 0.105000
0 0.420625 0.338333 0.070000 0.090000
0 0.681875 0.283333 0.055000 0.085000
0 0.475625 0.270000 0.072500 0.101667
0 0.961562 0.270417 0.076875 0.120833
0 0.566250 0.244167 0.066250 0.086667
0 0.033438 0.241667 0.066875 0.085000
0 0.631875 0.213333 0.060000 0.085000
0 0.932500 0.200833 0.068750 0.090000
0 0.416250 0.189167 0.071250 0.100000
0 0.834375 0.146250 0.075000 0.084167
0 0.980938 0.147083 0.038125 0.099167
0 0.558125 0.085833 0.055000 0.100000
0 0.880000 0.077083 0.071250 0.092500
0 0.071875 0.073333 0.070000 0.088333
0 0.951250 0.072500 0.066250 0.093333
0 0.640000 0.067500 0.068750 0.090000
0 0.226875 0.056667 0.052500 0.081667
0 0.416875 0.052500 0.070000 0.093333
0 0.716875 0.046667 0.062500 0.085000
0 0.863750 0.023750 0.083750 0.047500
0 0.509062 0.035417 0.080625 0.070833
0 0.359687 0.016250 0.064375 0.032500
0 0.274375 0.020417 0.066250 0.040833
0 0.128750 0.026250 0.073750 0.052500