0 0.601875 0.978333 0.066250 0.043333
0 0.135000 0.970000 0.077500 0.060000
0 0.205937 0.969583 0.060625 0.060833
0 0.782188 0.958333 0.065625 0.083333
0 0.554063 0.952083 0.061875 0.095833
0 0.268750 0.931250 0.052500 0.099167
0 0.650625 0.924167 0.062500 0.093333
0 0.702187 0.863333 0.059375 0.065000
0 0.972187 0.860417 0.055625 0.090833
0 0.031250 0.842083 0.062500 0.090833
0 0.338125 0.843750 0.070000 0.095833
0 0.771563 0.835833 0.064375 0.091667
0 0.406250 0.822083 0.065000 0.084167
0 0.518125 0.807917 0.078750 0.100833
0 0.877812 0.791667 0.060625 0.091667
0 0.824375 0.788750 0.050000 0.090833
0 0.738125 0.785417 0.123750 0.115833
0 0.054688 0.771250 0.059375 0.089167
0 0.018750 0.754583 0.037500 0.095833
0 0.339062 0.746667 0.074375 0.085000
0 0.166250 0.742500 0.070000 0.090000
0 0.967500 0.733750 0.062500 0.099167
0 0.456562 0.721667 0.071875 0.093333
0 0.518125 0.702500 0.060000 0.098333
0 0.944688 0.640000 0.074375 0.095000
0 0.063125 0.616667 0.065000 0.085000
0 0.287187 0.607083 0.061875 0.084167
0 0.533125 0.614167 0.082500 0.120000
0 0.600313 0.595833 0.056875 0.100000
0 0.820312 0.588333 0.064375 0.090000
0 0.451875 0.582917 0.065000 0.085833
0 0.731875 0.554583 0.068750 0.097500
0 0.306875 0.515000 0.061250 0.083333
0 0.928750 0.487083 0.058750 0.075833
0 0.777813 0.482083 0.060625 0.075833
0 0.244375 0.497917 0.058750 0.110833
0 0.066875 0.485417 0.070000 0.092500
0 0.285938 0.469167 0.065625 0.096667
0 0.333750 0.431667 0.067500 0.076667
0 0.888437 0.414167 0.064375 0.078333
0 0.172500 0.412917 0.091250 0.097500
0 0.254375 0.372083 0.067500 0.084167
0 0.431563 0.359167 0.071875 0.078333
0 0.931250 0.353333 0.061250 0.081667
0 0.772500 0.332083 0.065000 0.092500
0 0.497500 0.322500 0.062500 0.096667
0 0.607500 0.340417 0.096250 0.137500
0 0.905625 0.314167 0.066250 0.090000
0 0.549375 0.298333 0.066250 0.090000
0 0.828438 0.301250 0.073125 0.099167
0 0.291250 0.286250 0.063750 0.085833
0 0.700313 0.260833 0.076875 0.095000
0 0.971875 0.243333 0.056250 0.086667
0 0.144375 0.231667 0.072500 0.081667
0 0.768437 0.209167 0.066875 0.090000
0 0.387500 0.193750 0.055000 0.090833
0 0.597812 0.193333 0.069375 0.096667
0 0.338750 0.185417 0.071250 0.090833
0 0.662188 0.177083 0.061875 0.084167
0 0.190625 0.163750 0.060000 0.080833
0 0.020000 0.158333 0.040000 0.098333
0 0.280938 0.139167 0.059375 0.070000
0 0.728125 0.132917 0.076250 0.077500
0 0.074688 0.134583 0.065625 0.085833
0 0.553438 0.099167 0.069375 0.101667
0 0.865000 0.087917 0.067500 0.085833
0 0.473438 0.091667 0.085625 0.113333
0 0.280938 0.074167 0.064375 0.088333
0 0.820312 0.067917 0.071875 0.095833
0 0.773750 0.062083 0.052500 0.097500
0 0.636875 0.050417 0.057500 0.079167
0 0.918750 0.037083 0.067500 0.074167
0 0.568125 0.035000 0.082500 0.070000
0 0.292187 0.024583 0.066875 0.049167
0 0.028438 0.031250 0.056875 0.062500