0 0.098750 0.977083 0.062500 0.045833
0 0.864375 0.972083 0.046250 0.055833
0 0.797500 0.967917 0.056250 0.064167
0 0.431250 0.961250 0.081250 0.077500
0 0.741563 0.925833 0.063125 0.093333
0 0.180625 0.913333 0.060000 0.091667
0 0.395625 0.907500 0.067500 0.100000
0 0.487500 0.832917 0.058750 0.085833
0 0.301250 0.819167 0.063750 0.083333
0 0.860625 0.831667 0.047500 0.111667
0 0.957500 0.788333 0.068750 0.081667
0 0.079375 0.793333 0.068750 0.098333
0 0.795000 0.781667 0.056250 0.091667
0 0.149375 0.774583 0.057500 0.087500
0 0.738750 0.745833 0.058750 0.093333
0 0.228125 0.712917 0.062500 0.087500
0 0.064375 0.689167 0.060000 0.083333
0 0.378750 0.572500 0.051250 0.090000
0 0.858750 0.565000 0.061250 0.088333
0 0.642500 0.552500 0.068750 0.100000
0 0.291250 0.394167 0.066250 0.080000
0 0.637500 0.370833 0.068750 0.100000
0 0.902500 0.326667 0.058750 0.085000
0 0.750000 0.226667 0.058750 0.078333
0 0.430000 0.225417 0.065000 0.097500
0 0.433750 0.157917 0.071250 0.094167
0 0.494063 0.163333 0.056875 0.115000
0 0.956250 0.149167 0.063750 0.116667
0 0.808125 0.125000 0.062500 0.078333
0 0.036250 0.082500 0.072500 0.133333
0 0.280000 0.040417 0.068750 0.080833