0 0.349375 0.977500 0.063750 0.045000
0 0.210625 0.975833 0.071250 0.048333
0 0.454688 0.944167 0.068125 0.086667
0 0.110000 0.907083 0.061250 0.079167
0 0.737500 0.896250 0.066250 0.092500
0 0.235625 0.872917 0.067500 0.085833
0 0.366250 0.867083 0.067500 0.084167
0 0.183125 0.892917 0.076250 0.144167
0 0.812187 0.838750 0.050625 0.087500
0 0.435625 0.822917 0.070000 0.092500
0 0.645000 0.811667 0.068750 0.091667
0 0.780937 0.791250 0.059375 0.074167
0 0.900937 0.776667 0.073125 0.088333
0 0.057813 0.746250 0.069375 0.087500
0 0.110312 0.724583 0.038125 0.064167
0 0.164375 0.724583 0.066250 0.082500
0 0.616250 0.722500 0.061250 0.083333
0 0.858125 0.697917 0.085000 0.115833
0 0.480312 0.670417 0.068125 0.095833
0 0.773125 0.697917 0.138750 0.167500
0 0.539062 0.637083 0.060625 0.084167
0 0.902188 0.610833 0.055625 0.081667
0 0.710938 0.584167 0.065625 0.078333
0 0.251875 0.572917 0.098750 0.072500
0 0.550937 0.539583 0.066875 0.082500
0 0.340625 0.549167 0.032500 0.103333
0 0.237500 0.517917 0.060000 0.052500
0 0.440000 0.523333 0.077500 0.085000
0 0.913125 0.512500 0.067500 0.090000
0 0.704688 0.515417 0.094375 0.097500
0 0.790000 0.532917 0.065000 0.139167
0 0.869062 0.492500 0.059375 0.105000
0 0.640000 0.423750 0.063750 0.075833
0 0.928125 0.410000 0.066250 0.075000
0 0.466250 0.410417 0.072500 0.094167
0 0.295000 0.402917 0.098750 0.079167
0 0.301875 0.317500 0.091250 0.083333
0 0.601250 0.294583 0.065000 0.092500
0 0.541562 0.276667 0.064375 0.093333
0 0.910312 0.240833 0.066875 0.093333
0 0.749687 0.201667 0.066875 0.086667
0 0.325625 0.174167 0.138750 0.103333
0 0.890938 0.149583 0.069375 0.092500
0 0.219375 0.136667 0.083750 0.103333
0 0.575000 0.115000 0.068750 0.093333
0 0.639062 0.106250 0.063125 0.085833
0 0.819063 0.107917 0.071875 0.099167
0 0.113750 0.075417 0.070000 0.099167
0 0.027813 0.077917 0.055625 0.119167
0 0.062187 0.037917 0.046875 0.042500
0 0.547188 0.058750 0.074375 0.095833
0 0.276250 0.053750 0.073750 0.090833
0 0.332813 0.030833 0.056875 0.053333