0 0.421250 0.986667 0.050000 0.026667
0 0.715938 0.985833 0.050625 0.028333
0 0.894687 0.981667 0.045625 0.036667
0 0.954688 0.976250 0.048125 0.047500
0 0.638750 0.975833 0.061250 0.048333
0 0.261250 0.975417 0.053750 0.049167
0 0.786563 0.963750 0.073125 0.072500
0 0.495000 0.963750 0.063750 0.072500
0 0.851250 0.960417 0.056250 0.079167
0 0.022500 0.959167 0.045000 0.081667
0 0.162500 0.955000 0.053750 0.078333
0 0.985625 0.954167 0.028750 0.091667
0 0.369063 0.942500 0.063125 0.076667
0 0.434688 0.935000 0.048125 0.065000
0 0.134687 0.920833 0.053125 0.086667
0 0.911250 0.902083 0.053750 0.072500
0 0.093125 0.900000 0.065000 0.091667
0 0.406250 0.882917 0.058750 0.074167
0 0.812500 0.877500 0.071250 0.073333
0 0.961250 0.870000 0.053750 0.061667
0 0.572500 0.887500 0.061250 0.100000
0 0.028438 0.867500 0.056875 0.076667
0 0.221250 0.840833 0.038750 0.053333
0 0.753125 0.829167 0.062500 0.086667
0 0.510000 0.818750 0.051250 0.077500
0 0.607187 0.795000 0.051875 0.073333
0 0.167500 0.789167 0.060000 0.080000
0 0.237500 0.808750 0.078750 0.124167
0 0.275625 0.780417 0.050000 0.075833
0 0.656563 0.766250 0.051875 0.089167
0 0.515625 0.750417 0.062500 0.072500
0 0.911875 0.735833 0.055000 0.066667
0 0.134375 0.749167 0.062500 0.096667
0 0.070625 0.736667 0.063750 0.076667
0 0.211250 0.707083 0.088750 0.089167
0 0.030000 0.698333 0.051250 0.078333
0 0.691562 0.700833 0.053125 0.088333
0 0.915000 0.671250 0.063750 0.062500
0 0.661563 0.674167 0.064375 0.083333
0 0.364375 0.671667 0.065000 0.081667
0 0.302812 0.663750 0.053125 0.090833
0 0.599375 0.658333 0.057500 0.085000
0 0.104375 0.660833 0.082500 0.096667
0 0.016563 0.644583 0.033125 0.090833
0 0.885000 0.626250 0.053750 0.062500
0 0.255312 0.626667 0.056875 0.071667
0 0.475625 0.626667 0.060000 0.088333
0 0.528750 0.584583 0.053750 0.077500
0 0.609375 0.573333 0.047500 0.061667
0 0.888750 0.553333 0.063750 0.075000
0 0.686875 0.529167 0.055000 0.080000
0 0.395000 0.526250 0.063750 0.085833
0 0.042500 0.493333 0.058750 0.055000
0 0.635000 0.502083 0.056250 0.079167
0 0.444063 0.490417 0.050625 0.069167
0 0.489063 0.496667 0.074375 0.101667
0 0.806875 0.467500 0.055000 0.076667
0 0.598750 0.458750 0.058750 0.075833
0 0.959375 0.455000 0.060000 0.088333
0 0.013750 0.436250 0.027500 0.062500
0 0.045312 0.420833 0.055625 0.076667
0 0.498125 0.400833 0.047500 0.073333
0 0.853125 0.400417 0.058750 0.079167
0 0.737500 0.374167 0.068750 0.066667
0 0.188125 0.392083 0.082500 0.114167
0 0.975938 0.345417 0.048125 0.085833
0 0.847812 0.324583 0.059375 0.060833
0 0.276562 0.305417 0.065625 0.079167
0 0.332188 0.290833 0.050625 0.070000
0 0.099062 0.287917 0.060625 0.069167
0 0.758125 0.299583 0.090000 0.104167
0 0.500000 0.262083 0.068750 0.077500
0 0.356875 0.202500 0.048750 0.086667
0 0.013125 0.191667 0.026250 0.081667
0 0.868750 0.183750 0.056250 0.074167
0 0.252188 0.166667 0.049375 0.061667
0 0.498437 0.176250 0.053125 0.125833
0 0.329375 0.142500 0.052500 0.066667
0 0.732812 0.150000 0.058125 0.085000
0 0.153125 0.128750 0.062500 0.084167
0 0.791250 0.126667 0.060000 0.088333
0 0.590000 0.142500 0.068750 0.120000
0 0.032188 0.121250 0.064375 0.082500
0 0.465313 0.105833 0.058125 0.070000
0 0.555312 0.109167 0.050625 0.095000
0 0.247500 0.058333 0.048750 0.061667
0 0.302500 0.054583 0.056250 0.082500
0 0.155000 0.042083 0.056250 0.069167
0 0.062187 0.037917 0.054375 0.075833