0 0.887188 0.972500 0.056875 0.055000
0 0.962812 0.971250 0.066875 0.057500
0 0.126250 0.962500 0.055000 0.075000
0 0.240000 0.958333 0.070000 0.080000
0 0.677188 0.943750 0.066875 0.085833
0 0.560312 0.936250 0.060625 0.080833
0 0.884062 0.917917 0.064375 0.057500
0 0.422187 0.914583 0.054375 0.067500
0 0.304688 0.917917 0.064375 0.087500
0 0.357812 0.883333 0.053125 0.075000
0 0.603750 0.880833 0.058750 0.081667
0 0.263437 0.870833 0.055625 0.073333
0 0.972500 0.869583 0.055000 0.082500
0 0.065937 0.866250 0.073125 0.095833
0 0.844375 0.857917 0.068750 0.080833
0 0.661875 0.860417 0.070000 0.115833
0 0.502500 0.819167 0.066250 0.078333
0 0.283125 0.807083 0.056250 0.065833
0 0.597812 0.806667 0.053125 0.070000
0 0.139687 0.812083 0.095625 0.104167
0 0.026250 0.789167 0.052500 0.075000
0 0.339375 0.783333 0.056250 0.071667
0 0.979375 0.751667 0.041250 0.060000
0 0.065937 0.752500 0.051875 0.076667
0 0.693750 0.750417 0.050000 0.075833
0 0.012188 0.727500 0.024375 0.073333
0 0.472500 0.711250 0.058750 0.077500
0 0.734375 0.703750 0.052500 0.069167
0 0.947187 0.705833 0.056875 0.076667
0 0.590938 0.705000 0.061875 0.075000
0 0.210625 0.696667 0.051250 0.071667
0 0.544063 0.680000 0.058125 0.080000
0 0.820937 0.679167 0.069375 0.088333
0 0.646563 0.650833 0.055625 0.073333
0 0.926250 0.638333 0.048750 0.060000
0 0.171250 0.643333 0.056250 0.073333
0 0.765625 0.631250 0.047500 0.100833
0 0.345938 0.617083 0.060625 0.090833
0 0.655625 0.580417 0.061250 0.069167
0 0.150312 0.579167 0.051875 0.066667
0 0.012188 0.579167 0.024375 0.066667
0 0.597812 0.597083 0.059375 0.105833
0 0.970313 0.583333 0.059375 0.088333
0 0.710313 0.570417 0.055625 0.065833
0 0.520625 0.561250 0.058750 0.070833
0 0.311563 0.546667 0.060625 0.063333
0 0.765312 0.538750 0.054375 0.067500
0 0.900937 0.538750 0.061875 0.087500
0 0.019688 0.522500 0.039375 0.076667
0 0.820312 0.515417 0.063125 0.085833
0 0.660625 0.507083 0.057500 0.077500
0 0.284062 0.497083 0.070625 0.072500
0 0.963750 0.492083 0.068750 0.082500
0 0.439375 0.466250 0.078750 0.074167
0 0.525937 0.443750 0.055625 0.070833
0 0.295000 0.425417 0.052500 0.064167
0 0.930000 0.401667 0.057500 0.076667
0 0.720625 0.402917 0.052500 0.084167
0 0.782500 0.390833 0.062500 0.085000
0 0.571562 0.356250 0.065625 0.087500
0 0.834688 0.340417 0.059375 0.077500
0 0.252812 0.335833 0.046875 0.070000
0 0.469375 0.318333 0.050000 0.078333
0 0.014063 0.310000 0.028125 0.078333
0 0.740938 0.296667 0.069375 0.093333
0 0.413750 0.281667 0.060000 0.081667
0 0.916250 0.280000 0.077500 0.096667
0 0.071563 0.256250 0.063125 0.089167
0 0.473438 0.230417 0.069375 0.084167
0 0.147187 0.203750 0.061875 0.077500
0 0.902188 0.196250 0.050625 0.084167
0 0.970313 0.204167 0.059375 0.101667
0 0.530625 0.194167 0.061250 0.083333
0 0.232187 0.191250 0.054375 0.077500
0 0.017812 0.191250 0.035625 0.077500
0 0.409375 0.187917 0.062500 0.079167
0 0.845625 0.194167 0.061250 0.096667
0 0.085625 0.162083 0.070000 0.087500
0 0.705625 0.143333 0.065000 0.086667
0 0.559063 0.128333 0.063125 0.081667
0 0.949688 0.120417 0.054375 0.069167
0 0.482812 0.120417 0.065625 0.089167
0 0.819063 0.113750 0.053125 0.077500
0 0.753750 0.102500 0.050000 0.070000
0 0.385937 0.100417 0.066875 0.077500
0 0.878750 0.089583 0.058750 0.080833
0 0.025937 0.096667 0.051875 0.101667
0 0.273438 0.077083 0.049375 0.075833
0 0.647813 0.073333 0.059375 0.083333
0 0.088438 0.050833 0.061875 0.071667
0 0.795625 0.047917 0.056250 0.074167
0 0.963750 0.035000 0.061250 0.070000
0 0.839688 0.036667 0.061875 0.073333
0 0.696562 0.033333 0.056875 0.066667
0 0.570000 0.021667 0.067500 0.043333
0 0.381250 0.030000 0.065000 0.060000