0 0.592500 0.973750 0.065000 0.052500
0 0.264688 0.972500 0.068125 0.055000
0 0.754062 0.925417 0.049375 0.070833
0 0.440937 0.923333 0.049375 0.068333
0 0.022500 0.924167 0.040000 0.078333
0 0.986563 0.905417 0.026875 0.070833
0 0.837187 0.903333 0.053125 0.096667
0 0.670625 0.883750 0.056250 0.082500
0 0.893125 0.872917 0.058750 0.082500
0 0.287813 0.844167 0.065625 0.081667
0 0.776875 0.822500 0.063750 0.081667
0 0.897188 0.798750 0.045625 0.070833
0 0.160000 0.807917 0.082500 0.105833
0 0.503125 0.790417 0.065000 0.092500
0 0.758750 0.773750 0.056250 0.072500
0 0.401250 0.763333 0.056250 0.076667
0 0.298125 0.736250 0.061250 0.089167
0 0.873437 0.717083 0.056875 0.067500
0 0.586250 0.716250 0.078750 0.104167
0 0.183438 0.694583 0.065625 0.084167
0 0.348750 0.675833 0.053750 0.070000
0 0.516563 0.664583 0.066875 0.092500
0 0.970625 0.611250 0.058750 0.080833
0 0.259062 0.595417 0.059375 0.079167
0 0.454688 0.591250 0.060625 0.090833
0 0.372812 0.577083 0.061875 0.082500
0 0.734062 0.535417 0.055625 0.077500
0 0.121875 0.538750 0.088750 0.090833
0 0.502188 0.519583 0.059375 0.074167
0 0.912500 0.440417 0.058750 0.080833
0 0.962812 0.422083 0.064375 0.085833
0 0.447188 0.440000 0.088125 0.136667
0 0.196250 0.412083 0.060000 0.082500
0 0.738750 0.411667 0.061250 0.086667
0 0.844375 0.375000 0.062500 0.066667
0 0.448125 0.310417 0.060000 0.085833
0 0.556875 0.299167 0.070000 0.083333
0 0.164687 0.279167 0.061875 0.081667
0 0.844688 0.275417 0.064375 0.087500
0 0.504062 0.255833 0.069375 0.076667
0 0.180625 0.234583 0.063750 0.084167
0 0.917813 0.224583 0.066875 0.089167
0 0.586875 0.204583 0.065000 0.084167
0 0.115937 0.190833 0.059375 0.080000
0 0.442188 0.187500 0.055625 0.086667
0 0.800000 0.130000 0.053750 0.070000
0 0.647500 0.139583 0.085000 0.110833
0 0.340313 0.108333 0.054375 0.068333
0 0.715000 0.112500 0.065000 0.090000
0 0.893437 0.059167 0.063125 0.085000
0 0.160312 0.067083 0.073125 0.105833
0 0.813125 0.023750 0.048750 0.047500
0 0.640312 0.030000 0.058125 0.060000
0 0.528438 0.017500 0.054375 0.035000
0 0.447813 0.020833 0.065625 0.041667