0 0.383437 0.972917 0.061875 0.054167
0 0.253125 0.970000 0.061250 0.060000
0 0.661875 0.969583 0.053750 0.060833
0 0.336562 0.924583 0.049375 0.069167
0 0.679063 0.918333 0.049375 0.065000
0 0.500000 0.912500 0.058750 0.073333
0 0.740625 0.918333 0.057500 0.093333
0 0.240625 0.901667 0.051250 0.063333
0 0.622812 0.901250 0.053125 0.079167
0 0.408125 0.891667 0.051250 0.070000
0 0.569688 0.907083 0.058125 0.142500
0 0.846250 0.868750 0.048750 0.084167
0 0.770938 0.859167 0.051875 0.065000
0 0.154688 0.860417 0.054375 0.079167
0 0.292812 0.878750 0.050625 0.120833
0 0.109375 0.873333 0.061250 0.140000
0 0.636250 0.825000 0.056250 0.066667
0 0.532813 0.827917 0.043125 0.082500
0 0.348750 0.807917 0.056250 0.092500
0 0.481875 0.794167 0.051250 0.081667
0 0.742812 0.795000 0.046875 0.086667
0 0.437812 0.784583 0.035625 0.065833
0 0.288438 0.785000 0.055625 0.096667
0 0.400000 0.765000 0.057500 0.066667
0 0.215938 0.748750 0.056875 0.060833
0 0.124375 0.728333 0.055000 0.080000
0 0.889062 0.720000 0.068125 0.070000
0 0.280938 0.711250 0.054375 0.067500
0 0.622500 0.697500 0.067500 0.053333
0 0.500313 0.706250 0.056875 0.075833
0 0.410938 0.695000 0.046875 0.066667
0 0.170000 0.685417 0.057500 0.070833
0 0.734688 0.668333 0.049375 0.078333
0 0.426250 0.650000 0.058750 0.063333
0 0.815625 0.653750 0.067500 0.084167
0 0.683125 0.627083 0.056250 0.077500
0 0.880313 0.620000 0.043125 0.073333
0 0.102813 0.612083 0.044375 0.062500
0 0.575313 0.618333 0.058125 0.076667
0 0.798125 0.612500 0.048750 0.071667
0 0.157500 0.603750 0.053750 0.074167
0 0.524062 0.571250 0.061875 0.082500
0 0.196250 0.550000 0.051250 0.061667
0 0.309063 0.529583 0.061875 0.067500
0 0.555312 0.533750 0.051875 0.080833
0 0.707500 0.522917 0.057500 0.082500
0 0.810000 0.501250 0.053750 0.062500
0 0.661875 0.479167 0.047500 0.080000
0 0.614062 0.481667 0.040625 0.098333
0 0.366250 0.470833 0.062500 0.080000
0 0.249688 0.484583 0.050625 0.109167
0 0.893750 0.479167 0.078750 0.101667
0 0.074063 0.440833 0.048125 0.083333
0 0.127812 0.373333 0.051875 0.106667
0 0.093750 0.345417 0.052500 0.072500
0 0.862812 0.342500 0.045625 0.068333
0 0.196875 0.344167 0.060000 0.073333
0 0.265000 0.349167 0.065000 0.086667
0 0.954688 0.327917 0.069375 0.079167
0 0.708125 0.307917 0.068750 0.080833
0 0.155000 0.281250 0.050000 0.070833
0 0.959688 0.259583 0.054375 0.065833
0 0.690937 0.242083 0.066875 0.080833
0 0.839063 0.241250 0.058125 0.085833
0 0.214688 0.232917 0.049375 0.070833
0 0.772813 0.232500 0.061875 0.075000
0 0.512813 0.220833 0.051875 0.075000
0 0.665937 0.176667 0.056875 0.066667
0 0.412187 0.182500 0.046875 0.095000
0 0.740000 0.166250 0.055000 0.074167
0 0.909687 0.142917 0.044375 0.095833
0 0.660937 0.111250 0.059375 0.072500
0 0.590625 0.115000 0.061250 0.088333
0 0.184688 0.130833 0.055625 0.120000
0 0.294687 0.100417 0.063125 0.077500
0 0.817813 0.067083 0.061875 0.080833
0 0.411875 0.061667 0.051250 0.073333
0 0.346562 0.030833 0.048125 0.061667
0 0.294063 0.029167 0.051875 0.058333