0 0.019688 0.920417 0.039375 0.112500
0 0.692813 0.897083 0.073125 0.099167
0 0.396562 0.853333 0.064375 0.098333
0 0.528438 0.846250 0.063125 0.092500
0 0.944688 0.793333 0.058125 0.093333
0 0.624375 0.762917 0.068750 0.109167
0 0.135000 0.757083 0.067500 0.099167
0 0.047813 0.728333 0.069375 0.090000
0 0.967500 0.750000 0.065000 0.146667
0 0.710000 0.716667 0.066250 0.080000
0 0.840000 0.710417 0.071250 0.094167
0 0.273438 0.669583 0.065625 0.104167
0 0.974688 0.653333 0.050625 0.090000
0 0.637188 0.640417 0.070625 0.107500
0 0.871250 0.640000 0.070000 0.111667
0 0.919687 0.622500 0.053125 0.081667
0 0.894375 0.552083 0.068750 0.090833
0 0.349687 0.552917 0.059375 0.105833
0 0.950937 0.492083 0.071875 0.087500
0 0.871563 0.452500 0.073125 0.095000
0 0.294063 0.454167 0.070625 0.110000
0 0.401250 0.423333 0.081250 0.083333
0 0.250625 0.353333 0.081250 0.096667
0 0.634687 0.332083 0.066875 0.090833
0 0.125625 0.267917 0.068750 0.084167
0 0.233750 0.238750 0.062500 0.095833
0 0.836250 0.174583 0.073750 0.094167
0 0.064062 0.055833 0.064375 0.088333
0 0.854375 0.033750 0.075000 0.067500
0 0.471875 0.043750 0.072500 0.087500