0 0.460313 0.924583 0.075625 0.075833
0 0.033750 0.912917 0.055000 0.070833
0 0.273125 0.905833 0.056250 0.080000
0 0.085625 0.900833 0.078750 0.076667
0 0.757188 0.895417 0.069375 0.080833
0 0.457813 0.849583 0.079375 0.079167
0 0.912813 0.793750 0.078125 0.080833
0 0.361563 0.791667 0.050625 0.081667
0 0.810312 0.785417 0.085625 0.077500
0 0.214375 0.765417 0.065000 0.085833
0 0.105938 0.700000 0.061875 0.091667
0 0.499688 0.690000 0.064375 0.076667
0 0.918438 0.692917 0.059375 0.090833
0 0.583750 0.645000 0.075000 0.063333
0 0.854688 0.642500 0.094375 0.088333
0 0.670312 0.638750 0.061875 0.080833
0 0.301875 0.617083 0.065000 0.092500
0 0.211250 0.591667 0.051250 0.080000
0 0.100937 0.556250 0.063125 0.085833
0 0.840000 0.544583 0.071250 0.110833
0 0.440625 0.507500 0.061250 0.075000
0 0.223438 0.500833 0.049375 0.073333
0 0.147187 0.502500 0.076875 0.088333
0 0.313750 0.500417 0.062500 0.095833
0 0.608437 0.477917 0.075625 0.079167
0 0.789062 0.465833 0.068125 0.090000
0 0.398125 0.413750 0.085000 0.067500
0 0.465938 0.414583 0.058125 0.089167
0 0.017500 0.380000 0.035000 0.070000
0 0.138750 0.350000 0.056250 0.081667
0 0.711250 0.338750 0.068750 0.089167
0 0.371250 0.332083 0.090000 0.092500
0 0.113437 0.300833 0.050625 0.073333
0 0.215312 0.285833 0.056875 0.091667
0 0.618750 0.245833 0.072500 0.075000
0 0.065625 0.217917 0.055000 0.070833
0 0.649375 0.183750 0.068750 0.082500
0 0.383750 0.125417 0.055000 0.094167
0 0.324375 0.111667 0.055000 0.076667
0 0.127812 0.078333 0.063125 0.071667
0 0.572812 0.082917 0.059375 0.092500
0 0.882812 0.027083 0.065625 0.054167
0 0.804688 0.025000 0.065625 0.050000
0 0.528438 0.037500 0.051875 0.075000
0 0.339062 0.027083 0.051875 0.054167