0 0.767500 0.958333 0.070000 0.080000
0 0.879062 0.953333 0.088125 0.088333
0 0.217812 0.896250 0.071875 0.094167
0 0.610938 0.880833 0.069375 0.091667
0 0.100937 0.876667 0.091875 0.090000
0 0.027187 0.860833 0.054375 0.090000
0 0.288125 0.831250 0.082500 0.095833
0 0.533125 0.812500 0.090000 0.088333
0 0.344375 0.815833 0.075000 0.095000
0 0.098437 0.785000 0.080625 0.095000
0 0.682813 0.773333 0.095625 0.113333
0 0.973750 0.739167 0.052500 0.096667
0 0.799375 0.730000 0.072500 0.095000
0 0.015938 0.695000 0.031875 0.088333
0 0.259375 0.694167 0.106250 0.090000
0 0.389688 0.658333 0.070625 0.091667
0 0.767500 0.633333 0.072500 0.103333
0 0.252500 0.602917 0.078750 0.089167
0 0.609062 0.572083 0.080625 0.097500
0 0.516563 0.557500 0.071875 0.093333
0 0.362500 0.543750 0.097500 0.102500
0 0.069375 0.514167 0.067500 0.088333
0 0.265937 0.514167 0.074375 0.096667
0 0.432188 0.458750 0.076875 0.100833
0 0.369063 0.423750 0.083125 0.089167
0 0.792188 0.429583 0.075625 0.104167
0 0.912813 0.415417 0.070625 0.102500
0 0.516563 0.412500 0.093125 0.111667
0 0.850625 0.411250 0.062500 0.114167
0 0.055313 0.405000 0.081875 0.111667
0 0.631875 0.352917 0.066250 0.082500
0 0.471875 0.340833 0.078750 0.088333
0 0.330313 0.321667 0.050625 0.106667
0 0.110312 0.308750 0.073125 0.095833
0 0.981563 0.307083 0.036875 0.100833
0 0.263437 0.315000 0.094375 0.133333
0 0.521563 0.271667 0.074375 0.085000
0 0.739688 0.237083 0.073125 0.117500
0 0.383125 0.208750 0.078750 0.089167
0 0.922500 0.212917 0.068750 0.122500
0 0.550625 0.171250 0.097500 0.124167
0 0.627812 0.129167 0.075625 0.095000
0 0.385937 0.122500 0.069375 0.081667
0 0.109063 0.106250 0.080625 0.109167
0 0.787188 0.099167 0.086875 0.100000
0 0.577812 0.085000 0.089375 0.076667
0 0.468438 0.064167 0.089375 0.100000
0 0.789062 0.028333 0.083125 0.056667
0 0.706875 0.034167 0.076250 0.068333
0 0.579375 0.024167 0.086250 0.048333
0 0.247500 0.032917 0.068750 0.065833
0 0.080000 0.025417 0.065000 0.050833