0 0.329375 0.975000 0.071250 0.050000
0 0.217188 0.975000 0.079375 0.050000
0 0.774375 0.968750 0.068750 0.062500
0 0.513750 0.966250 0.068750 0.067500
0 0.032500 0.963750 0.065000 0.072500
0 0.648438 0.960417 0.059375 0.079167
0 0.392813 0.912500 0.069375 0.095000
0 0.946250 0.905000 0.058750 0.083333
0 0.896875 0.902500 0.041250 0.091667
0 0.220938 0.904583 0.078125 0.095833
0 0.031875 0.902500 0.063750 0.095000
0 0.655937 0.880833 0.069375 0.080000
0 0.334062 0.880833 0.061875 0.088333
0 0.279062 0.868333 0.048125 0.098333
0 0.925000 0.833333 0.072500 0.071667
0 0.298125 0.825417 0.060000 0.090833
0 0.236563 0.818750 0.055625 0.082500
0 0.027187 0.807917 0.054375 0.094167
0 0.407500 0.795833 0.066250 0.093333
0 0.353438 0.800833 0.049375 0.116667
0 0.150938 0.782083 0.060625 0.102500
0 0.766563 0.769167 0.049375 0.095000
0 0.715313 0.767917 0.059375 0.099167
0 0.607500 0.750833 0.073750 0.103333
0 0.790625 0.735417 0.045000 0.125833
0 0.079375 0.721250 0.071250 0.102500
0 0.485312 0.670833 0.056875 0.090000
0 0.366563 0.660833 0.073125 0.086667
0 0.660312 0.659167 0.054375 0.098333
0 0.097500 0.623750 0.071250 0.079167
0 0.187188 0.623750 0.066875 0.090833
0 0.029375 0.610833 0.058750 0.090000
0 0.253125 0.613333 0.062500 0.103333
0 0.839375 0.595833 0.071250 0.091667
0 0.533125 0.595417 0.067500 0.095833
0 0.980313 0.574583 0.039375 0.085833
0 0.367812 0.574583 0.069375 0.092500
0 0.457813 0.575417 0.073125 0.100833
0 0.617812 0.560000 0.065625 0.098333
0 0.900312 0.519167 0.069375 0.080000
0 0.340625 0.499167 0.060000 0.083333
0 0.079375 0.494583 0.071250 0.080833
0 0.600938 0.470833 0.073125 0.071667
0 0.493125 0.477083 0.057500 0.085833
0 0.826250 0.463750 0.071250 0.085833
0 0.443437 0.458750 0.054375 0.089167
0 0.756563 0.434583 0.061875 0.085833
0 0.908438 0.430000 0.075625 0.081667
0 0.213750 0.438333 0.058750 0.110000
0 0.322500 0.416667 0.076250 0.096667
0 0.155000 0.407500 0.045000 0.095000
0 0.414062 0.402500 0.048125 0.096667
0 0.468125 0.385000 0.062500 0.086667
0 0.968750 0.394167 0.062500 0.106667
0 0.186562 0.390000 0.054375 0.103333
0 0.574375 0.383750 0.063750 0.100833
0 0.386875 0.371250 0.068750 0.089167
0 0.657188 0.360833 0.065625 0.108333
0 0.070312 0.331667 0.065625 0.103333
0 0.253437 0.332083 0.095625 0.114167
0 0.456875 0.316667 0.061250 0.086667
0 0.917188 0.305417 0.059375 0.100833
0 0.418438 0.254167 0.050625 0.070000
0 0.291875 0.259583 0.065000 0.104167
0 0.737187 0.245833 0.071875 0.090000
0 0.522188 0.233750 0.083125 0.084167
0 0.220625 0.235833 0.072500 0.090000
0 0.161250 0.206250 0.067500 0.084167
0 0.077813 0.210417 0.061875 0.104167
0 0.780625 0.160417 0.070000 0.092500
0 0.146563 0.155417 0.080625 0.085833
0 0.615938 0.136667 0.060625 0.101667
0 0.711250 0.107083 0.056250 0.079167
0 0.407500 0.083750 0.067500 0.089167
0 0.733125 0.070833 0.067500 0.080000
0 0.581562 0.069167 0.063125 0.086667
0 0.210625 0.055417 0.065000 0.079167
0 0.475000 0.059167 0.067500 0.091667
0 0.716875 0.034583 0.083750 0.069167
0 0.536250 0.041250 0.058750 0.082500
0 0.485000 0.018750 0.062500 0.037500