0 0.145313 0.814167 0.094375 0.125000
0 0.920000 0.780833 0.075000 0.101667
0 0.296250 0.694167 0.080000 0.081667
0 0.891250 0.684583 0.081250 0.094167
0 0.302812 0.636250 0.085625 0.089167
0 0.903125 0.597083 0.066250 0.085833
0 0.416563 0.590833 0.079375 0.120000
0 0.333437 0.543333 0.065625 0.083333
0 0.466562 0.542083 0.074375 0.084167
0 0.628125 0.542500 0.078750 0.091667
0 0.109375 0.533750 0.073750 0.097500
0 0.186250 0.487083 0.086250 0.107500
0 0.851562 0.442500 0.081875 0.090000
0 0.468438 0.397917 0.071875 0.090833
0 0.658125 0.375000 0.080000 0.095000
0 0.403438 0.365000 0.061875 0.086667
0 0.795937 0.232500 0.074375 0.086667
0 0.558438 0.214167 0.076875 0.095000
0 0.058438 0.212917 0.075625 0.100833
0 0.125312 0.094583 0.069375 0.089167
0 0.873125 0.064167 0.072500 0.095000
0 0.250312 0.051667 0.078125 0.100000