0 0.254688 0.978750 0.053125 0.042500
0 0.716250 0.972500 0.085000 0.055000
0 0.319063 0.958750 0.068125 0.082500
0 0.217500 0.947917 0.051250 0.072500
0 0.595938 0.932500 0.094375 0.125000
0 0.264375 0.905000 0.063750 0.086667
0 0.156875 0.923750 0.071250 0.152500
0 0.386562 0.882083 0.113125 0.117500
0 0.306875 0.845000 0.055000 0.076667
0 0.230000 0.832500 0.058750 0.076667
0 0.640000 0.842083 0.072500 0.105833
0 0.871250 0.859167 0.100000 0.160000
0 0.715313 0.829167 0.075625 0.105000
0 0.081875 0.803750 0.066250 0.087500
0 0.974688 0.797083 0.050625 0.102500
0 0.160938 0.794583 0.085625 0.112500
0 0.481875 0.804583 0.077500 0.142500
0 0.768437 0.780833 0.074375 0.098333
0 0.411250 0.769583 0.071250 0.085833
0 0.272188 0.759167 0.053125 0.078333
0 0.591875 0.740833 0.120000 0.111667
0 0.335313 0.718750 0.076875 0.090833
0 0.083125 0.661667 0.058750 0.078333
0 0.459375 0.653750 0.071250 0.087500
0 0.532500 0.635417 0.067500 0.094167
0 0.119688 0.630417 0.064375 0.094167
0 0.302187 0.612917 0.063125 0.089167
0 0.387813 0.601250 0.108125 0.119167
0 0.075313 0.567500 0.093125 0.106667
0 0.335938 0.550833 0.065625 0.081667
0 0.510000 0.551667 0.066250 0.091667
0 0.945312 0.538750 0.074375 0.089167
0 0.411875 0.487083 0.063750 0.067500
0 0.292812 0.488333 0.063125 0.090000
0 0.554375 0.469583 0.067500 0.099167
0 0.135937 0.435000 0.070625 0.066667
0 0.857500 0.435417 0.085000 0.094167
0 0.065312 0.447917 0.084375 0.135833
0 0.209687 0.443750 0.090625 0.164167
0 0.918438 0.387917 0.070625 0.109167
0 0.484375 0.376250 0.066250 0.099167
0 0.547813 0.369583 0.066875 0.090833
0 0.260937 0.360417 0.050625 0.072500
0 0.741563 0.340417 0.074375 0.097500
0 0.981875 0.325417 0.036250 0.084167
0 0.326562 0.333750 0.079375 0.104167
0 0.605313 0.325833 0.059375 0.090000
0 0.449688 0.286667 0.063125 0.088333
0 0.815937 0.291667 0.100625 0.103333
0 0.229063 0.280833 0.076875 0.095000
0 0.162500 0.263750 0.067500 0.105833
0 0.398125 0.262500 0.090000 0.116667
0 0.910312 0.276250 0.139375 0.164167
0 0.322813 0.220000 0.076875 0.093333
0 0.232187 0.184583 0.105625 0.097500
0 0.381563 0.175000 0.065625 0.093333
0 0.760312 0.129583 0.066875 0.097500
0 0.401562 0.105833 0.064375 0.088333
0 0.171563 0.097500 0.065625 0.111667
0 0.469687 0.076250 0.065625 0.084167
0 0.346875 0.079583 0.072500 0.092500
0 0.694375 0.067083 0.075000 0.087500
0 0.737812 0.034583 0.055625 0.069167
0 0.646875 0.037917 0.050000 0.075833
0 0.590000 0.032500 0.072500 0.065000
0 0.523125 0.037500 0.063750 0.075000
0 0.427812 0.022083 0.065625 0.044167
0 0.299063 0.018333 0.054375 0.036667
0 0.216875 0.040833 0.065000 0.081667
0 0.134687 0.030833 0.074375 0.061667