0 0.486875 0.955000 0.080000 0.090000
0 0.115312 0.885417 0.070625 0.087500
0 0.049375 0.838333 0.098750 0.081667
0 0.575000 0.743333 0.088750 0.090000
0 0.867188 0.731667 0.093125 0.088333
0 0.241250 0.705417 0.067500 0.072500
0 0.123438 0.705833 0.074375 0.086667
0 0.483438 0.715417 0.093125 0.112500
0 0.566875 0.690417 0.076250 0.074167
0 0.643437 0.700833 0.069375 0.108333
0 0.947812 0.587083 0.084375 0.090833
0 0.775312 0.520833 0.074375 0.076667
0 0.361250 0.520833 0.093750 0.086667
0 0.584688 0.502500 0.084375 0.088333
0 0.949063 0.494583 0.101875 0.080833
0 0.196563 0.482917 0.071875 0.100833
0 0.810937 0.453750 0.083125 0.094167
0 0.969688 0.404583 0.060625 0.097500
0 0.749375 0.394167 0.076250 0.095000
0 0.392500 0.392917 0.082500 0.095833
0 0.724375 0.326667 0.095000 0.070000
0 0.034375 0.321250 0.068750 0.082500
0 0.243750 0.322083 0.075000 0.094167
0 0.263750 0.142500 0.097500 0.086667
0 0.654375 0.097083 0.080000 0.094167
0 0.189375 0.051250 0.076250 0.077500