0 0.366250 0.980417 0.080000 0.039167
0 0.485625 0.969167 0.057500 0.061667
0 0.385625 0.945833 0.061250 0.063333
0 0.836250 0.953333 0.061250 0.081667
0 0.093125 0.936250 0.055000 0.070833
0 0.050000 0.930000 0.042500 0.093333
0 0.755313 0.915833 0.050625 0.076667
0 0.570000 0.892083 0.066250 0.092500
0 0.520312 0.881250 0.039375 0.072500
0 0.255000 0.884583 0.067500 0.095833
0 0.702187 0.884167 0.078125 0.098333
0 0.076250 0.858750 0.057500 0.072500
0 0.429063 0.861667 0.060625 0.098333
0 0.015000 0.846250 0.030000 0.069167
0 0.590938 0.840833 0.070625 0.066667
0 0.754687 0.836250 0.099375 0.062500
0 0.366875 0.848333 0.060000 0.086667
0 0.663125 0.826250 0.057500 0.070833
0 0.201563 0.824167 0.060625 0.088333
0 0.976562 0.867917 0.046875 0.179167
0 0.922813 0.805833 0.063125 0.076667
0 0.085625 0.792083 0.058750 0.079167
0 0.220000 0.787083 0.062500 0.075833
0 0.895000 0.765833 0.061250 0.075000
0 0.018750 0.770833 0.037500 0.085000
0 0.160000 0.750000 0.067500 0.063333
0 0.479375 0.772083 0.100000 0.125833
0 0.752188 0.742083 0.076875 0.075833
0 0.978125 0.729583 0.043750 0.082500
0 0.214688 0.711667 0.059375 0.073333
0 0.434375 0.698333 0.043750 0.083333
0 0.499063 0.673333 0.054375 0.063333
0 0.950000 0.658750 0.058750 0.082500
0 0.974375 0.638333 0.051250 0.078333
0 0.222188 0.633750 0.074375 0.072500
0 0.545312 0.619583 0.069375 0.089167
0 0.900000 0.610833 0.063750 0.076667
0 0.260937 0.590000 0.058125 0.080000
0 0.965938 0.557083 0.054375 0.079167
0 0.160625 0.559167 0.063750 0.088333
0 0.540312 0.541667 0.051875 0.060000
0 0.480312 0.543333 0.064375 0.083333
0 0.345938 0.519167 0.060625 0.071667
0 0.508125 0.501667 0.065000 0.086667
0 0.986875 0.493750 0.026250 0.075833
0 0.780625 0.493333 0.068750 0.115000
0 0.250312 0.450833 0.058125 0.075000
0 0.740313 0.458333 0.058125 0.093333
0 0.120000 0.453750 0.065000 0.092500
0 0.030625 0.439167 0.061250 0.066667
0 0.642188 0.450833 0.069375 0.100000
0 0.808750 0.414167 0.058750 0.086667
0 0.504687 0.398333 0.064375 0.083333
0 0.337187 0.383333 0.069375 0.110000
0 0.447813 0.366250 0.065625 0.080833
0 0.889375 0.364167 0.066250 0.088333
0 0.751250 0.355000 0.051250 0.088333
0 0.701875 0.343750 0.050000 0.097500
0 0.353438 0.306250 0.058125 0.080833
0 0.433750 0.297500 0.066250 0.081667
0 0.076563 0.301667 0.059375 0.091667
0 0.198125 0.298333 0.056250 0.088333
0 0.960625 0.275833 0.057500 0.085000
0 0.308437 0.266250 0.049375 0.074167
0 0.251250 0.280417 0.052500 0.104167
0 0.680000 0.271250 0.070000 0.094167
0 0.868750 0.260417 0.057500 0.082500
0 0.934688 0.222500 0.059375 0.068333
0 0.195312 0.209167 0.055625 0.065000
0 0.429375 0.179167 0.058750 0.080000
0 0.665625 0.179167 0.055000 0.088333
0 0.035000 0.171250 0.066250 0.084167
0 0.939375 0.158750 0.061250 0.069167
0 0.397188 0.122917 0.058125 0.069167
0 0.805937 0.112500 0.060625 0.070000
0 0.182500 0.120417 0.067500 0.109167
0 0.618750 0.038333 0.047500 0.066667
0 0.137187 0.042917 0.056875 0.077500
0 0.732812 0.029167 0.055625 0.058333