0 0.820625 0.979167 0.067500 0.041667
0 0.658750 0.978750 0.062500 0.042500
0 0.464062 0.975417 0.059375 0.049167
0 0.724063 0.962917 0.070625 0.074167
0 0.160625 0.957500 0.052500 0.076667
0 0.425312 0.952917 0.071875 0.090833
0 0.778750 0.906667 0.066250 0.088333
0 0.623125 0.910000 0.075000 0.098333
0 0.546875 0.872500 0.055000 0.083333
0 0.481875 0.833333 0.062500 0.098333
0 0.333750 0.830833 0.081250 0.110000
0 0.718750 0.812500 0.048750 0.080000
0 0.648125 0.806667 0.062500 0.085000
0 0.921250 0.785000 0.063750 0.085000
0 0.417812 0.789583 0.059375 0.094167
0 0.976875 0.787917 0.046250 0.100833
0 0.365938 0.747917 0.083125 0.087500
0 0.444375 0.723333 0.068750 0.075000
0 0.012812 0.731667 0.025625 0.116667
0 0.665937 0.711250 0.085625 0.102500
0 0.061250 0.688333 0.068750 0.085000
0 0.349375 0.673750 0.063750 0.072500
0 0.880625 0.676667 0.070000 0.095000
0 0.579375 0.676667 0.070000 0.095000
0 0.752500 0.675417 0.092500 0.110833
0 0.223750 0.617500 0.056250 0.073333
0 0.450625 0.618750 0.071250 0.095833
0 0.744375 0.599167 0.072500 0.070000
0 0.034063 0.580833 0.068125 0.083333
0 0.385000 0.565833 0.063750 0.076667
0 0.587500 0.551250 0.098750 0.129167
0 0.107500 0.529167 0.063750 0.086667
0 0.441250 0.516667 0.066250 0.085000
0 0.762500 0.501667 0.083750 0.088333
0 0.725625 0.425833 0.072500 0.083333
0 0.160000 0.424167 0.063750 0.093333
0 0.603750 0.426667 0.076250 0.101667
0 0.112812 0.414583 0.066875 0.107500
0 0.980938 0.369167 0.038125 0.083333
0 0.410313 0.344583 0.055625 0.069167
0 0.803125 0.350833 0.065000 0.090000
0 0.355312 0.304167 0.053125 0.076667
0 0.046875 0.275000 0.052500 0.078333
0 0.928125 0.282083 0.075000 0.100833
0 0.840000 0.268333 0.063750 0.081667
0 0.728750 0.260833 0.066250 0.086667
0 0.506250 0.261667 0.076250 0.101667
0 0.639375 0.256667 0.076250 0.105000
0 0.573125 0.231667 0.061250 0.095000
0 0.210625 0.185000 0.072500 0.095000
0 0.959375 0.165000 0.065000 0.075000
0 0.327500 0.125833 0.061250 0.076667
0 0.833125 0.133333 0.070000 0.135000
0 0.597500 0.100833 0.081250 0.103333
0 0.385000 0.077500 0.056250 0.063333
0 0.945625 0.075833 0.075000 0.073333
0 0.446875 0.065833 0.072500 0.101667
0 0.710000 0.046667 0.061250 0.081667
0 0.962187 0.017917 0.055625 0.035833
0 0.872500 0.029583 0.058750 0.059167
0 0.495000 0.015417 0.056250 0.030833