0 0.276562 0.958750 0.065625 0.082500
0 0.857500 0.954583 0.067500 0.090833
0 0.372188 0.929583 0.063125 0.080833
0 0.469375 0.915417 0.066250 0.099167
0 0.177813 0.886250 0.069375 0.092500
0 0.569063 0.888750 0.074375 0.107500
0 0.422187 0.870000 0.068125 0.086667
0 0.829375 0.856667 0.076250 0.103333
0 0.313437 0.827083 0.066875 0.094167
0 0.465938 0.801250 0.069375 0.099167
0 0.165313 0.792083 0.069375 0.094167
0 0.568438 0.764167 0.066875 0.088333
0 0.388125 0.763333 0.063750 0.096667
0 0.970938 0.751667 0.058125 0.100000
0 0.510000 0.709167 0.075000 0.095000
0 0.311875 0.672917 0.063750 0.102500
0 0.355625 0.663333 0.065000 0.095000
0 0.224688 0.642500 0.074375 0.095000
0 0.086875 0.625000 0.066250 0.083333
0 0.533125 0.618333 0.068750 0.091667
0 0.907813 0.599583 0.068125 0.092500
0 0.977500 0.562500 0.045000 0.095000
0 0.668125 0.553750 0.067500 0.084167
0 0.074688 0.530417 0.070625 0.090833
0 0.413438 0.483333 0.070625 0.091667
0 0.956875 0.475000 0.071250 0.091667
0 0.190625 0.461667 0.067500 0.083333
0 0.640938 0.465833 0.069375 0.093333
0 0.330937 0.464167 0.069375 0.090000
0 0.746563 0.410000 0.074375 0.075000
0 0.068437 0.386667 0.061875 0.088333
0 0.892500 0.374583 0.058750 0.087500
0 0.665312 0.366250 0.068125 0.085833
0 0.144063 0.358333 0.068125 0.095000
0 0.284375 0.335833 0.071250 0.095000
0 0.387500 0.308333 0.067500 0.093333
0 0.606875 0.283333 0.078750 0.120000
0 0.688438 0.230000 0.073125 0.081667
0 0.425000 0.228750 0.067500 0.092500
0 0.088750 0.189583 0.081250 0.107500
0 0.541562 0.135833 0.075625 0.098333
0 0.026875 0.131667 0.053750 0.091667
0 0.251250 0.118750 0.075000 0.090833
0 0.328125 0.116250 0.060000 0.099167
0 0.394062 0.110833 0.069375 0.095000
0 0.974688 0.109167 0.050625 0.098333
0 0.697500 0.093333 0.067500 0.096667
0 0.148750 0.091250 0.072500 0.097500
0 0.840625 0.082500 0.071250 0.098333
0 0.443750 0.055417 0.061250 0.072500
0 0.050625 0.050833 0.052500 0.086667
0 0.911875 0.023750 0.070000 0.047500
0 0.771250 0.046250 0.070000 0.092500
0 0.584688 0.035000 0.064375 0.070000
0 0.507500 0.049167 0.060000 0.098333
0 0.361250 0.036667 0.063750 0.073333
0 0.287500 0.037500 0.072500 0.075000