0 0.412187 0.985417 0.055625 0.029167
0 0.258750 0.961250 0.096250 0.077500
0 0.763125 0.948333 0.072500 0.091667
0 0.323125 0.941667 0.071250 0.081667
0 0.963750 0.918750 0.055000 0.092500
0 0.910937 0.917917 0.058125 0.092500
0 0.513750 0.911667 0.071250 0.095000
0 0.151250 0.911667 0.066250 0.098333
0 0.288750 0.894583 0.075000 0.085833
0 0.427500 0.895417 0.073750 0.095833
0 0.654375 0.841667 0.065000 0.091667
0 0.040000 0.835000 0.071250 0.088333
0 0.586250 0.818333 0.071250 0.088333
0 0.100625 0.786667 0.065000 0.091667
0 0.683750 0.780417 0.072500 0.090833
0 0.767813 0.772500 0.061875 0.096667
0 0.827500 0.770833 0.063750 0.103333
0 0.388125 0.767500 0.090000 0.106667
0 0.064375 0.703333 0.072500 0.088333
0 0.641875 0.691667 0.077500 0.098333
0 0.788125 0.645833 0.067500 0.086667
0 0.432500 0.653333 0.071250 0.101667
0 0.920625 0.644167 0.062500 0.093333
0 0.254375 0.597500 0.067500 0.093333
0 0.330000 0.596667 0.082500 0.093333
0 0.511250 0.577500 0.068750 0.093333
0 0.956875 0.564167 0.072500 0.070000
0 0.581875 0.557500 0.067500 0.096667
0 0.093125 0.550833 0.072500 0.096667
0 0.659375 0.527500 0.072500 0.093333
0 0.836875 0.508333 0.075000 0.098333
0 0.195312 0.502917 0.063125 0.095833
0 0.951250 0.489167 0.056250 0.073333
0 0.148750 0.497917 0.048750 0.097500
0 0.874375 0.445000 0.070000 0.075000
0 0.341875 0.409167 0.062500 0.086667
0 0.563750 0.330833 0.075000 0.088333
0 0.290625 0.338333 0.070000 0.105000
0 0.187500 0.341667 0.068750 0.128333
0 0.550312 0.257917 0.079375 0.100833
0 0.398125 0.246667 0.060000 0.085000
0 0.487187 0.216667 0.073125 0.101667
0 0.445000 0.177500 0.068750 0.090000
0 0.243750 0.154167 0.071250 0.096667
0 0.540625 0.140417 0.067500 0.092500
0 0.818750 0.074167 0.066250 0.093333
0 0.365312 0.049167 0.063125 0.083333
0 0.940625 0.019583 0.067500 0.039167
0 0.298438 0.047083 0.070625 0.094167
0 0.206250 0.027917 0.071250 0.055833
0 0.069375 0.033750 0.067500 0.067500