0 0.563750 0.977917 0.062500 0.044167
0 0.877500 0.970000 0.052500 0.060000
0 0.452188 0.969167 0.056875 0.061667
0 0.962500 0.950417 0.067500 0.099167
0 0.065625 0.941667 0.065000 0.088333
0 0.125000 0.936667 0.057500 0.126667
0 0.240000 0.853750 0.063750 0.074167
0 0.869062 0.841667 0.076875 0.088333
0 0.349687 0.796667 0.058125 0.073333
0 0.800312 0.777083 0.046875 0.109167
0 0.746563 0.775000 0.051875 0.123333
0 0.674375 0.712917 0.068750 0.094167
0 0.308750 0.697500 0.057500 0.078333
0 0.609062 0.692083 0.058125 0.075833
0 0.531250 0.637500 0.057500 0.081667
0 0.362812 0.636250 0.064375 0.080833
0 0.580937 0.633333 0.050625 0.085000
0 0.440000 0.577917 0.056250 0.089167
0 0.520312 0.571250 0.065625 0.080833
0 0.722187 0.539167 0.061875 0.098333
0 0.645000 0.523750 0.061250 0.087500
0 0.790312 0.508333 0.068125 0.085000
0 0.330937 0.494583 0.056875 0.084167
0 0.472813 0.493333 0.059375 0.086667
0 0.535312 0.455833 0.058125 0.098333
0 0.031875 0.440000 0.063750 0.085000
0 0.907500 0.404167 0.063750 0.086667
0 0.409375 0.378750 0.075000 0.090833
0 0.585938 0.335833 0.066875 0.090000
0 0.455625 0.335833 0.061250 0.091667
0 0.915937 0.327917 0.066875 0.095833
0 0.081875 0.329583 0.071250 0.099167
0 0.969375 0.294167 0.061250 0.131667
0 0.134375 0.251250 0.058750 0.077500
0 0.800312 0.250833 0.053125 0.080000
0 0.859688 0.254583 0.069375 0.095833
0 0.710938 0.213750 0.069375 0.087500
0 0.518125 0.191667 0.058750 0.083333
0 0.626250 0.160000 0.060000 0.081667
0 0.382500 0.163750 0.066250 0.089167
0 0.945937 0.163750 0.074375 0.092500
0 0.566562 0.161250 0.053125 0.090833
0 0.784687 0.134583 0.068125 0.089167
0 0.258750 0.124167 0.065000 0.073333
0 0.104063 0.085417 0.063125 0.075833
0 0.616875 0.087083 0.052500 0.095833
0 0.033438 0.079167 0.064375 0.088333
0 0.202813 0.065417 0.056875 0.087500
0 0.817187 0.059167 0.059375 0.091667
0 0.251875 0.053750 0.058750 0.082500