0 0.746563 0.976667 0.058125 0.046667
0 0.320000 0.968750 0.053750 0.062500
0 0.110625 0.967083 0.062500 0.065833
0 0.403125 0.965417 0.068750 0.069167
0 0.970625 0.960833 0.055000 0.071667
0 0.196250 0.958750 0.085000 0.082500
0 0.470000 0.950000 0.055000 0.080000
0 0.558750 0.941250 0.060000 0.087500
0 0.815625 0.944167 0.108750 0.111667
0 0.700000 0.922083 0.060000 0.075833
0 0.249062 0.912917 0.053125 0.072500
0 0.066875 0.909583 0.056250 0.079167
0 0.595313 0.908750 0.055625 0.084167
0 0.355625 0.904167 0.061250 0.085000
0 0.631563 0.894167 0.051875 0.078333
0 0.922813 0.893750 0.059375 0.084167
0 0.305312 0.881667 0.056875 0.065000
0 0.506250 0.879167 0.058750 0.073333
0 0.891875 0.874583 0.053750 0.067500
0 0.044375 0.868750 0.061250 0.075833
0 0.406250 0.872083 0.078750 0.085833
0 0.975625 0.850833 0.048750 0.083333
0 0.553438 0.840000 0.053125 0.068333
0 0.831875 0.850000 0.060000 0.090000
0 0.295625 0.835833 0.056250 0.071667
0 0.184688 0.850417 0.078125 0.100833
0 0.782500 0.835833 0.056250 0.080000
0 0.726875 0.834583 0.055000 0.082500
0 0.875313 0.812917 0.088125 0.082500
0 0.060625 0.794583 0.053750 0.070833
0 0.653438 0.805833 0.071875 0.096667
0 0.585625 0.785000 0.050000 0.078333
0 0.487812 0.785000 0.079375 0.095000
0 0.259688 0.771667 0.058125 0.068333
0 0.936875 0.775000 0.058750 0.081667
0 0.422500 0.775000 0.058750 0.085000
0 0.043750 0.757917 0.066250 0.079167
0 0.360000 0.758750 0.052500 0.082500
0 0.180000 0.751667 0.050000 0.070000
0 0.316250 0.751667 0.055000 0.075000
0 0.536875 0.740000 0.053750 0.068333
0 0.802500 0.753750 0.070000 0.110833
0 0.983437 0.740000 0.033125 0.085000
0 0.123438 0.729583 0.081875 0.092500
0 0.741563 0.717500 0.085625 0.080000
0 0.610000 0.711667 0.058750 0.071667
0 0.669375 0.714583 0.056250 0.080833
0 0.401250 0.705000 0.063750 0.075000
0 0.480625 0.697917 0.068750 0.082500
0 0.935937 0.682917 0.073125 0.065833
0 0.242500 0.688333 0.061250 0.080000
0 0.060312 0.657917 0.054375 0.074167
0 0.814375 0.651667 0.063750 0.081667
0 0.599063 0.634167 0.055625 0.055000
0 0.351875 0.657083 0.083750 0.100833
0 0.672188 0.634583 0.056875 0.074167
0 0.434375 0.632500 0.055000 0.081667
0 0.295938 0.634583 0.059375 0.085833
0 0.738437 0.628750 0.058125 0.077500
0 0.029063 0.619167 0.045625 0.073333
0 0.129062 0.616667 0.073125 0.106667
0 0.871875 0.603750 0.061250 0.087500
0 0.430937 0.570000 0.064375 0.075000
0 0.788438 0.567083 0.060625 0.079167
0 0.636563 0.561250 0.063125 0.079167
0 0.351562 0.553333 0.060625 0.071667
0 0.080000 0.557500 0.058750 0.083333
0 0.278750 0.539167 0.062500 0.083333
0 0.116250 0.527083 0.056250 0.070833
0 0.173750 0.526250 0.051250 0.070833
0 0.565937 0.532083 0.058125 0.084167
0 0.493437 0.523750 0.056875 0.079167
0 0.847812 0.514167 0.058125 0.078333
0 0.927500 0.517917 0.076250 0.087500
0 0.738125 0.506667 0.062500 0.083333
0 0.679063 0.493333 0.059375 0.081667
0 0.423125 0.476667 0.058750 0.086667
0 0.605625 0.472500 0.063750 0.081667
0 0.380312 0.470000 0.048125 0.076667
0 0.070312 0.470833 0.065625 0.081667
0 0.147813 0.454583 0.054375 0.070833
0 0.227813 0.455417 0.085625 0.084167
0 0.804688 0.464583 0.085625 0.115833
0 0.506250 0.440417 0.063750 0.112500
0 0.742812 0.422500 0.073125 0.086667
0 0.664687 0.412500 0.070625 0.076667
0 0.030312 0.397083 0.060625 0.079167
0 0.327813 0.390833 0.049375 0.070000
0 0.088438 0.393333 0.058125 0.085000
0 0.777813 0.382500 0.060625 0.075000
0 0.563125 0.377917 0.056250 0.072500
0 0.414062 0.379583 0.065625 0.080833
0 0.123750 0.371250 0.060000 0.080833
0 0.870313 0.403333 0.084375 0.146667
0 0.605313 0.363750 0.059375 0.072500
0 0.273438 0.364167 0.065625 0.081667
0 0.686562 0.343333 0.054375 0.068333
0 0.180938 0.351667 0.063125 0.086667
0 0.044687 0.345417 0.065625 0.077500
0 0.975938 0.342083 0.048125 0.077500
0 0.752500 0.332083 0.068750 0.075833
0 0.485000 0.329167 0.051250 0.075000
0 0.361250 0.322500 0.066250 0.080000
0 0.018125 0.308750 0.036250 0.074167
0 0.292500 0.312917 0.056250 0.085833
0 0.589375 0.302917 0.051250 0.069167
0 0.215625 0.305000 0.057500 0.073333
0 0.453750 0.306250 0.061250 0.087500
0 0.533750 0.300000 0.056250 0.091667
0 0.127812 0.291250 0.058125 0.074167
0 0.933438 0.275417 0.050625 0.064167
0 0.814063 0.286667 0.070625 0.101667
0 0.726562 0.257500 0.059375 0.073333
0 0.116562 0.248750 0.056875 0.062500
0 0.345625 0.247917 0.046250 0.070833
0 0.408750 0.247500 0.066250 0.085000
0 0.977187 0.237500 0.045625 0.066667
0 0.318750 0.233750 0.046250 0.070833
0 0.571875 0.225417 0.081250 0.087500
0 0.925312 0.214583 0.056875 0.079167
0 0.676250 0.202917 0.058750 0.069167
0 0.109375 0.195417 0.065000 0.072500
0 0.034688 0.205833 0.059375 0.096667
0 0.259688 0.194583 0.058125 0.082500
0 0.977812 0.185417 0.044375 0.072500
0 0.374063 0.175000 0.060625 0.068333
0 0.816250 0.178750 0.058750 0.079167
0 0.144687 0.169583 0.066875 0.065833
0 0.023438 0.175000 0.046875 0.076667
0 0.741250 0.162500 0.063750 0.078333
0 0.329688 0.130833 0.063125 0.083333
0 0.980938 0.116667 0.038125 0.068333
0 0.760312 0.117083 0.059375 0.075833
0 0.895938 0.131667 0.070625 0.108333
0 0.472500 0.113333 0.057500 0.073333
0 0.534062 0.132917 0.065625 0.114167
0 0.407187 0.110000 0.053125 0.078333
0 0.265313 0.090000 0.056875 0.070000
0 0.707500 0.085833 0.058750 0.081667
0 0.105938 0.090417 0.084375 0.090833
0 0.795000 0.075417 0.058750 0.077500
0 0.178125 0.074167 0.055000 0.083333
0 0.029375 0.073333 0.053750 0.083333
0 0.641563 0.081250 0.079375 0.140833
0 0.860938 0.047083 0.060625 0.080833
0 0.961250 0.039583 0.061250 0.072500
0 0.767813 0.026667 0.058125 0.053333
0 0.567187 0.039583 0.059375 0.079167
0 0.481250 0.031250 0.062500 0.062500
0 0.393125 0.029167 0.078750 0.058333
0 0.341562 0.032917 0.053125 0.065833
0 0.104688 0.024167 0.065625 0.048333