0 0.466875 0.954167 0.067500 0.091667
0 0.301563 0.953750 0.069375 0.092500
0 0.947187 0.921667 0.060625 0.095000
0 0.671875 0.902500 0.061250 0.078333
0 0.106563 0.915417 0.076875 0.110833
0 0.515938 0.901667 0.070625 0.093333
0 0.589688 0.861250 0.064375 0.097500
0 0.040000 0.848750 0.071250 0.095833
0 0.891250 0.833750 0.068750 0.085833
0 0.619375 0.800000 0.061250 0.085000
0 0.948750 0.800833 0.078750 0.088333
0 0.149062 0.752917 0.060625 0.075833
0 0.336250 0.759167 0.066250 0.090000
0 0.055313 0.746250 0.064375 0.087500
0 0.937187 0.722083 0.068125 0.070833
0 0.099687 0.691667 0.073125 0.085000
0 0.290000 0.682500 0.071250 0.091667
0 0.817187 0.592917 0.061875 0.085833
0 0.220938 0.588333 0.068125 0.088333
0 0.679063 0.560833 0.063125 0.088333
0 0.289375 0.527500 0.066250 0.073333
0 0.116562 0.473333 0.060625 0.091667
0 0.180000 0.467083 0.062500 0.104167
0 0.482500 0.450833 0.063750 0.085000
0 0.953750 0.403333 0.065000 0.093333
0 0.201563 0.354583 0.081875 0.080833
0 0.557813 0.350417 0.065625 0.085833
0 0.819688 0.269167 0.060625 0.076667
0 0.530000 0.191667 0.072500 0.090000
0 0.145313 0.189167 0.088125 0.085000
0 0.248750 0.146667 0.071250 0.106667
0 0.972187 0.088333 0.055625 0.088333
0 0.897500 0.022500 0.066250 0.045000
0 0.572500 0.050417 0.095000 0.100833