0 0.590625 0.979167 0.066250 0.041667
0 0.515312 0.976250 0.070625 0.047500
0 0.724375 0.964583 0.053750 0.070833
0 0.019062 0.861667 0.038125 0.076667
0 0.713125 0.855000 0.067500 0.076667
0 0.373437 0.859583 0.070625 0.102500
0 0.536250 0.846250 0.068750 0.094167
0 0.650312 0.820833 0.061875 0.085000
0 0.439688 0.812500 0.061875 0.081667
0 0.709063 0.785000 0.064375 0.086667
0 0.744375 0.723750 0.061250 0.075833
0 0.329062 0.722083 0.063125 0.080833
0 0.207813 0.700833 0.071875 0.076667
0 0.432188 0.689583 0.066875 0.089167
0 0.689063 0.686667 0.064375 0.086667
0 0.371250 0.674167 0.072500 0.088333
0 0.039375 0.666250 0.062500 0.084167
0 0.630938 0.646250 0.063125 0.087500
0 0.755000 0.632500 0.062500 0.088333
0 0.248438 0.621667 0.065625 0.076667
0 0.414062 0.611250 0.075625 0.072500
0 0.943125 0.597500 0.060000 0.081667
0 0.079062 0.593750 0.056875 0.082500
0 0.664062 0.576667 0.073125 0.088333
0 0.534062 0.556250 0.065625 0.089167
0 0.404375 0.552917 0.067500 0.094167
0 0.984688 0.548333 0.030625 0.088333
0 0.137500 0.532500 0.058750 0.075000
0 0.935625 0.504583 0.063750 0.084167
0 0.487812 0.500417 0.055625 0.085833
0 0.055313 0.478750 0.065625 0.082500
0 0.371250 0.462500 0.055000 0.071667
0 0.726875 0.475833 0.068750 0.100000
0 0.793438 0.463750 0.049375 0.087500
0 0.129062 0.450000 0.059375 0.083333
0 0.235000 0.447917 0.066250 0.085833
0 0.849375 0.395833 0.053750 0.078333
0 0.433125 0.388750 0.060000 0.077500
0 0.609062 0.385417 0.065625 0.087500
0 0.079062 0.370833 0.056875 0.090000
0 0.648438 0.338333 0.059375 0.080000
0 0.882500 0.352917 0.058750 0.117500
0 0.123438 0.337917 0.058125 0.087500
0 0.926875 0.338333 0.060000 0.093333
0 0.322813 0.335000 0.064375 0.086667
0 0.249375 0.322917 0.070000 0.089167
0 0.055938 0.301667 0.060625 0.085000
0 0.571875 0.292500 0.066250 0.083333
0 0.807500 0.278333 0.061250 0.103333
0 0.265937 0.222083 0.074375 0.094167
0 0.662500 0.202500 0.066250 0.083333
0 0.341875 0.161250 0.057500 0.095833
0 0.800000 0.164167 0.061250 0.116667
0 0.869687 0.133333 0.078125 0.086667
0 0.055625 0.130417 0.068750 0.089167
0 0.677813 0.117083 0.071875 0.087500
0 0.240625 0.084167 0.062500 0.095000
0 0.018437 0.072500 0.036875 0.080000
0 0.771563 0.075833 0.075625 0.090000
0 0.526250 0.072083 0.070000 0.092500
0 0.954063 0.054167 0.058125 0.088333
0 0.931562 0.033333 0.068125 0.066667
0 0.760000 0.024167 0.045000 0.048333
0 0.668125 0.020000 0.060000 0.040000
0 0.601250 0.045000 0.056250 0.090000
0 0.509687 0.030833 0.068125 0.061667