0 0.115625 0.967500 0.066250 0.065000
0 0.267188 0.962917 0.084375 0.074167
0 0.805625 0.875833 0.110000 0.118333
0 0.736875 0.858333 0.076250 0.098333
0 0.586875 0.763750 0.057500 0.097500
0 0.904687 0.742083 0.066875 0.087500
0 0.592812 0.663750 0.071875 0.104167
0 0.546562 0.657083 0.060625 0.095833
0 0.631250 0.511250 0.057500 0.075833
0 0.569375 0.520000 0.065000 0.093333
0 0.418125 0.510417 0.077500 0.095833
0 0.266562 0.497083 0.060625 0.075833
0 0.593750 0.428333 0.080000 0.085000
0 0.585313 0.364583 0.059375 0.089167
0 0.649375 0.337500 0.067500 0.095000
0 0.555312 0.315417 0.071875 0.114167
0 0.545000 0.177500 0.060000 0.080000
0 0.765938 0.096250 0.069375 0.087500
0 0.587500 0.087500 0.062500 0.093333
0 0.527188 0.076667 0.068125 0.101667