0 0.077188 0.975833 0.069375 0.048333
0 0.962812 0.973750 0.074375 0.052500
0 0.626563 0.965417 0.070625 0.069167
0 0.471875 0.954167 0.067500 0.083333
0 0.397813 0.943333 0.070625 0.096667
0 0.266250 0.932917 0.058750 0.079167
0 0.885312 0.932500 0.079375 0.093333
0 0.340625 0.941667 0.096250 0.116667
0 0.676250 0.877917 0.071250 0.089167
0 0.610938 0.870833 0.059375 0.106667
0 0.130625 0.859167 0.072500 0.091667
0 0.354063 0.851667 0.069375 0.080000
0 0.631875 0.802083 0.053750 0.070833
0 0.728125 0.831667 0.071250 0.136667
0 0.782813 0.783750 0.049375 0.100833
0 0.366563 0.767500 0.065625 0.093333
0 0.453125 0.752500 0.063750 0.088333
0 0.207500 0.753750 0.072500 0.090833
0 0.838437 0.755833 0.071875 0.143333
0 0.677813 0.724167 0.056875 0.083333
0 0.583750 0.745417 0.078750 0.135833
0 0.520312 0.729583 0.070625 0.117500
0 0.403438 0.704167 0.071875 0.095000
0 0.310625 0.680000 0.067500 0.103333
0 0.030312 0.669167 0.060625 0.086667
0 0.783438 0.665000 0.069375 0.095000
0 0.108125 0.655833 0.065000 0.110000
0 0.182812 0.633333 0.070625 0.086667
0 0.668438 0.631250 0.048125 0.089167
0 0.903438 0.626667 0.068125 0.091667
0 0.356250 0.615833 0.070000 0.130000
0 0.037812 0.595833 0.075625 0.126667
0 0.626875 0.565833 0.067500 0.096667
0 0.736250 0.567917 0.070000 0.102500
0 0.114687 0.550000 0.058125 0.083333
0 0.810000 0.543333 0.070000 0.091667
0 0.389688 0.530833 0.065625 0.078333
0 0.242500 0.522917 0.068750 0.085833
0 0.055000 0.495833 0.067500 0.091667
0 0.675000 0.484583 0.068750 0.090833
0 0.418125 0.489167 0.065000 0.106667
0 0.885000 0.492500 0.078750 0.123333
0 0.142813 0.470000 0.073125 0.091667
0 0.753437 0.412083 0.065625 0.097500
0 0.087813 0.412500 0.078125 0.148333
0 0.384688 0.370000 0.078125 0.081667
0 0.620625 0.384583 0.098750 0.114167
0 0.018750 0.347500 0.037500 0.090000
0 0.819375 0.337500 0.068750 0.086667
0 0.112500 0.347500 0.052500 0.108333
0 0.981875 0.289167 0.036250 0.081667
0 0.699063 0.301667 0.095625 0.136667
0 0.051875 0.263333 0.068750 0.095000
0 0.589063 0.264167 0.070625 0.100000
0 0.464375 0.252083 0.056250 0.092500
0 0.260000 0.248333 0.068750 0.091667
0 0.786250 0.230000 0.065000 0.088333
0 0.405625 0.205833 0.065000 0.090000
0 0.855625 0.175833 0.068750 0.098333
0 0.744062 0.137500 0.074375 0.086667
0 0.075625 0.133750 0.060000 0.107500
0 0.465625 0.122500 0.070000 0.086667
0 0.253437 0.123333 0.080625 0.091667
0 0.097187 0.097500 0.060625 0.085000
0 0.563750 0.100000 0.077500 0.093333
0 0.027187 0.098750 0.054375 0.095833
0 0.969375 0.086667 0.061250 0.085000
0 0.166563 0.083750 0.064375 0.097500
0 0.505938 0.056667 0.063125 0.085000
0 0.381875 0.049583 0.068750 0.089167
0 0.907500 0.038333 0.070000 0.076667
0 0.770625 0.041250 0.113750 0.082500
0 0.634687 0.058750 0.056875 0.117500
0 0.452188 0.027083 0.059375 0.054167
0 0.221875 0.033750 0.065000 0.067500
0 0.040625 0.042083 0.081250 0.084167