0 0.957187 0.974167 0.054375 0.051667
0 0.032813 0.973750 0.065625 0.052500
0 0.421563 0.972500 0.056875 0.055000
0 0.759375 0.970833 0.063750 0.058333
0 0.369688 0.965000 0.059375 0.070000
0 0.493125 0.964167 0.056250 0.071667
0 0.312500 0.960417 0.062500 0.079167
0 0.686875 0.958750 0.087500 0.082500
0 0.192188 0.948333 0.073125 0.078333
0 0.755938 0.906667 0.066875 0.073333
0 0.980000 0.906250 0.040000 0.075833
0 0.600938 0.913750 0.084375 0.129167
0 0.920312 0.910417 0.078125 0.124167
0 0.156875 0.879583 0.076250 0.072500
0 0.851250 0.879583 0.066250 0.080833
0 0.022812 0.892083 0.045625 0.122500
0 0.541562 0.863333 0.058125 0.080000
0 0.364063 0.877917 0.073125 0.110833
0 0.422187 0.849583 0.071875 0.090833
0 0.328437 0.843333 0.050625 0.100000
0 0.260625 0.841667 0.081250 0.106667
0 0.180938 0.816667 0.070625 0.080000
0 0.979375 0.820000 0.041250 0.093333
0 0.927188 0.803333 0.075625 0.098333
0 0.585938 0.780000 0.064375 0.088333
0 0.835000 0.762917 0.062500 0.087500
0 0.374375 0.761250 0.065000 0.084167
0 0.468125 0.755833 0.068750 0.086667
0 0.298750 0.746667 0.062500 0.095000
0 0.915000 0.740417 0.067500 0.085833
0 0.982500 0.730833 0.035000 0.083333
0 0.230937 0.710417 0.079375 0.094167
0 0.757188 0.666250 0.074375 0.087500
0 0.167813 0.663750 0.080625 0.109167
0 0.941875 0.652500 0.070000 0.091667
0 0.647188 0.657917 0.084375 0.107500
0 0.115937 0.645417 0.063125 0.085833
0 0.869687 0.640833 0.065625 0.083333
0 0.234063 0.623333 0.063125 0.078333
0 0.976562 0.587083 0.046875 0.077500
0 0.830313 0.582083 0.066875 0.085833
0 0.423750 0.575000 0.050000 0.076667
0 0.898125 0.559167 0.071250 0.100000
0 0.532500 0.546667 0.063750 0.078333
0 0.770000 0.520833 0.071250 0.088333
0 0.976562 0.500417 0.046875 0.089167
0 0.428438 0.495417 0.061875 0.082500
0 0.589375 0.485000 0.062500 0.076667
0 0.656563 0.483333 0.065625 0.090000
0 0.227500 0.472083 0.067500 0.084167
0 0.134375 0.462917 0.075000 0.085833
0 0.717812 0.459167 0.070625 0.081667
0 0.525000 0.446250 0.063750 0.084167
0 0.300625 0.425000 0.072500 0.091667
0 0.857187 0.410833 0.075625 0.088333
0 0.189375 0.394583 0.068750 0.084167
0 0.440000 0.386667 0.062500 0.093333
0 0.052812 0.368333 0.066875 0.070000
0 0.932500 0.372917 0.075000 0.084167
0 0.177500 0.344583 0.073750 0.065833
0 0.354375 0.337500 0.066250 0.090000
0 0.257812 0.322500 0.064375 0.078333
0 0.916875 0.297917 0.068750 0.080833
0 0.130312 0.288750 0.075625 0.077500
0 0.296250 0.284583 0.051250 0.075833
0 0.224062 0.267083 0.066875 0.080833
0 0.053437 0.254167 0.054375 0.088333
0 0.970313 0.246667 0.059375 0.086667
0 0.095937 0.218333 0.074375 0.083333
0 0.846250 0.203333 0.066250 0.080000
0 0.284062 0.203333 0.080625 0.086667
0 0.217812 0.189167 0.058125 0.070000
0 0.163438 0.178333 0.049375 0.073333
0 0.095000 0.170833 0.087500 0.068333
0 0.762813 0.133333 0.056875 0.093333
0 0.138437 0.115000 0.058125 0.070000
0 0.969688 0.120833 0.060625 0.083333
0 0.324375 0.118333 0.070000 0.093333
0 0.670000 0.106667 0.090000 0.091667
0 0.237813 0.104167 0.064375 0.091667
0 0.945625 0.077917 0.050000 0.075833
0 0.530625 0.094583 0.071250 0.112500
0 0.175625 0.061250 0.068750 0.069167
0 0.906563 0.058333 0.059375 0.071667
0 0.287813 0.044583 0.064375 0.072500
0 0.375000 0.048750 0.058750 0.087500
0 0.029063 0.040000 0.058125 0.076667
0 0.982812 0.032083 0.034375 0.064167
0 0.831250 0.050833 0.067500 0.101667
0 0.660000 0.033333 0.063750 0.066667
0 0.603750 0.030833 0.077500 0.061667
0 0.491250 0.029583 0.092500 0.059167
0 0.240313 0.019583 0.059375 0.039167
0 0.090938 0.026250 0.081875 0.052500