0 0.329062 0.944167 0.070625 0.086667
0 0.606563 0.927083 0.073125 0.089167
0 0.089688 0.912917 0.069375 0.095833
0 0.173750 0.867083 0.058750 0.077500
0 0.731250 0.849167 0.071250 0.085000
0 0.603750 0.813750 0.067500 0.082500
0 0.461562 0.777083 0.063125 0.092500
0 0.208125 0.745000 0.065000 0.090000
0 0.572187 0.727083 0.054375 0.074167
0 0.396875 0.723750 0.057500 0.077500
0 0.796562 0.671667 0.051875 0.083333
0 0.069687 0.654583 0.075625 0.082500
0 0.160625 0.627917 0.075000 0.085833
0 0.732500 0.618750 0.046250 0.072500
0 0.524687 0.615417 0.056875 0.085833
0 0.603437 0.618333 0.066875 0.095000
0 0.676562 0.591250 0.049375 0.072500
0 0.831250 0.568333 0.070000 0.083333
0 0.441563 0.576667 0.105625 0.146667
0 0.146250 0.521250 0.062500 0.085833
0 0.219688 0.494167 0.070625 0.085000
0 0.604688 0.496250 0.065625 0.094167
0 0.565625 0.455833 0.067500 0.091667
0 0.094375 0.425000 0.066250 0.085000
0 0.872188 0.410000 0.065625 0.085000
0 0.400938 0.408750 0.066875 0.089167
0 0.241563 0.398333 0.053125 0.073333
0 0.338750 0.307083 0.058750 0.080833
0 0.804688 0.304167 0.076875 0.103333
0 0.533438 0.284583 0.089375 0.140833
0 0.953750 0.252083 0.061250 0.077500
0 0.859688 0.243750 0.068125 0.077500
0 0.572187 0.195417 0.051875 0.090833
0 0.271875 0.185000 0.057500 0.071667
0 0.632500 0.182917 0.047500 0.094167
0 0.824375 0.152083 0.062500 0.094167
0 0.731250 0.128750 0.082500 0.092500
0 0.348125 0.110000 0.057500 0.078333
0 0.080625 0.112917 0.072500 0.100833
0 0.609062 0.078333 0.054375 0.068333
0 0.887813 0.076250 0.055625 0.070833
0 0.412187 0.072083 0.066875 0.079167
0 0.674063 0.036250 0.066875 0.072500
0 0.177813 0.045417 0.071875 0.090833