0 0.086250 0.973333 0.057500 0.053333
0 0.714375 0.957917 0.063750 0.079167
0 0.545937 0.942500 0.064375 0.088333
0 0.982500 0.901250 0.035000 0.055833
0 0.488125 0.900417 0.048750 0.077500
0 0.527813 0.870833 0.056875 0.080000
0 0.800625 0.847083 0.051250 0.075833
0 0.973437 0.847500 0.053125 0.088333
0 0.115937 0.832500 0.059375 0.075000
0 0.486563 0.771667 0.070625 0.101667
0 0.554063 0.745417 0.065625 0.077500
0 0.406562 0.717083 0.059375 0.075833
0 0.304688 0.704583 0.056875 0.082500
0 0.913125 0.668333 0.050000 0.063333
0 0.118438 0.675417 0.061875 0.087500
0 0.436875 0.630000 0.062500 0.083333
0 0.709063 0.598750 0.055625 0.080833
0 0.637813 0.593750 0.068125 0.072500
0 0.186562 0.603750 0.069375 0.092500
0 0.774687 0.585000 0.056875 0.080000
0 0.070000 0.570833 0.075000 0.101667
0 0.534062 0.489583 0.048125 0.075833
0 0.170313 0.481667 0.055625 0.066667
0 0.949688 0.477083 0.056875 0.079167
0 0.634375 0.442917 0.065000 0.089167
0 0.425000 0.434167 0.056250 0.071667
0 0.780625 0.439583 0.057500 0.092500
0 0.893125 0.427083 0.067500 0.080833
0 0.126875 0.417083 0.061250 0.087500
0 0.328125 0.403750 0.053750 0.075833
0 0.985625 0.380000 0.028750 0.071667
0 0.849688 0.385833 0.065625 0.090000
0 0.180000 0.367083 0.061250 0.077500
0 0.611250 0.301250 0.056250 0.069167
0 0.540625 0.284583 0.051250 0.077500
0 0.800937 0.294583 0.053125 0.102500
0 0.739375 0.274583 0.060000 0.084167
0 0.268125 0.293333 0.066250 0.121667
0 0.361875 0.271250 0.043750 0.079167
0 0.315937 0.277083 0.039375 0.090833
0 0.656250 0.266667 0.048750 0.076667
0 0.224688 0.263333 0.056875 0.071667
0 0.973125 0.264167 0.053750 0.093333
0 0.923438 0.260000 0.063125 0.085000
0 0.427500 0.249167 0.041250 0.091667
0 0.878125 0.220000 0.047500 0.078333
0 0.812187 0.217083 0.069375 0.077500
0 0.176875 0.210417 0.061250 0.072500
0 0.600313 0.212083 0.066875 0.084167
0 0.711250 0.212500 0.077500 0.106667
0 0.781250 0.178750 0.063750 0.080833
0 0.265313 0.166667 0.058125 0.070000
0 0.192812 0.133333 0.059375 0.071667
0 0.950000 0.120833 0.061250 0.076667
0 0.977500 0.059167 0.045000 0.066667
0 0.676562 0.055833 0.065625 0.071667
0 0.834063 0.060833 0.059375 0.083333
0 0.371563 0.047500 0.058125 0.086667
0 0.933438 0.027083 0.048125 0.054167
0 0.284062 0.042500 0.044375 0.085000
0 0.244375 0.033333 0.043750 0.066667