0 0.814688 0.965417 0.065625 0.069167
0 0.041875 0.953333 0.068750 0.090000
0 0.246562 0.950833 0.064375 0.098333
0 0.526250 0.908333 0.058750 0.100000
0 0.484375 0.892917 0.063750 0.107500
0 0.616875 0.886250 0.067500 0.095833
0 0.835313 0.889583 0.053125 0.104167
0 0.107500 0.878333 0.056250 0.095000
0 0.333125 0.868750 0.067500 0.087500
0 0.030312 0.857500 0.060625 0.078333
0 0.531563 0.787917 0.064375 0.090833
0 0.456562 0.762083 0.065625 0.087500
0 0.850313 0.735417 0.053125 0.099167
0 0.785625 0.697917 0.048750 0.094167
0 0.202500 0.668333 0.068750 0.091667
0 0.846250 0.645833 0.068750 0.083333
0 0.146875 0.615833 0.065000 0.073333
0 0.925000 0.619167 0.068750 0.086667
0 0.549063 0.620417 0.060625 0.120833
0 0.982187 0.592083 0.035625 0.082500
0 0.358438 0.579583 0.055625 0.070833
0 0.016875 0.553333 0.033750 0.081667
0 0.883750 0.548750 0.058750 0.074167
0 0.690000 0.542917 0.065000 0.085833
0 0.432812 0.550833 0.076875 0.105000
0 0.151250 0.514167 0.056250 0.095000
0 0.603437 0.494583 0.073125 0.085833
0 0.519375 0.481667 0.062500 0.081667
0 0.015312 0.474583 0.030625 0.077500
0 0.077813 0.463333 0.059375 0.086667
0 0.935000 0.452500 0.058750 0.078333
0 0.599688 0.398333 0.056875 0.086667
0 0.479375 0.399583 0.062500 0.097500
0 0.555312 0.380417 0.054375 0.089167
0 0.080937 0.359583 0.061875 0.079167
0 0.411250 0.355833 0.060000 0.083333
0 0.707812 0.340417 0.063125 0.094167
0 0.637813 0.309583 0.065625 0.110833
0 0.830313 0.276250 0.063125 0.089167
0 0.339062 0.248750 0.059375 0.097500
0 0.900625 0.248750 0.071250 0.105833
0 0.405938 0.222083 0.054375 0.085833
0 0.110000 0.205000 0.066250 0.090000
0 0.490000 0.208333 0.065000 0.100000
0 0.631563 0.191250 0.059375 0.087500
0 0.555937 0.186250 0.056875 0.080833
0 0.694375 0.150833 0.055000 0.081667
0 0.370312 0.147083 0.061875 0.079167
0 0.143750 0.153750 0.055000 0.094167
0 0.660312 0.122917 0.069375 0.084167
0 0.929375 0.105833 0.073750 0.096667
0 0.094062 0.097500 0.061875 0.083333
0 0.020313 0.097083 0.040625 0.087500
0 0.385625 0.067917 0.068750 0.082500
0 0.620625 0.042083 0.057500 0.084167
0 0.511250 0.050833 0.043750 0.101667
0 0.192188 0.027500 0.064375 0.055000
0 0.169063 0.041667 0.061875 0.083333
0 0.105000 0.027083 0.060000 0.054167