0 0.738125 0.961250 0.070000 0.077500
0 0.670000 0.956667 0.062500 0.086667
0 0.620313 0.919583 0.060625 0.087500
0 0.425625 0.901667 0.073750 0.075000
0 0.074063 0.864583 0.068125 0.089167
0 0.726250 0.860833 0.080000 0.083333
0 0.244688 0.810417 0.091875 0.102500
0 0.703750 0.703750 0.061250 0.085833
0 0.345000 0.679167 0.068750 0.091667
0 0.042813 0.676667 0.068125 0.095000
0 0.801250 0.614583 0.067500 0.082500
0 0.574375 0.598750 0.071250 0.097500
0 0.669063 0.549167 0.033125 0.031667
0 0.270937 0.515833 0.064375 0.081667
0 0.590938 0.514167 0.116875 0.105000
0 0.234063 0.457500 0.086875 0.085000
0 0.925312 0.444167 0.076875 0.086667
0 0.819375 0.443333 0.076250 0.100000
0 0.044375 0.421667 0.071250 0.083333
0 0.232813 0.378333 0.098125 0.058333
0 0.318750 0.368333 0.066250 0.083333
0 0.031250 0.361667 0.062500 0.085000
0 0.530625 0.331667 0.076250 0.093333
0 0.869687 0.312500 0.068125 0.103333
0 0.978125 0.297083 0.043750 0.077500
0 0.634375 0.308333 0.097500 0.110000
0 0.645625 0.201667 0.068750 0.086667
0 0.615625 0.121250 0.106250 0.074167