0 0.753125 0.972500 0.075000 0.055000
0 0.322500 0.972083 0.057500 0.055833
0 0.407500 0.970000 0.047500 0.060000
0 0.207187 0.966667 0.073125 0.066667
0 0.560000 0.952500 0.055000 0.075000
0 0.511875 0.907500 0.060000 0.068333
0 0.946250 0.912083 0.066250 0.085833
0 0.231563 0.901667 0.071875 0.075000
0 0.386562 0.911667 0.063125 0.115000
0 0.468750 0.848750 0.045000 0.064167
0 0.924063 0.791667 0.063125 0.081667
0 0.033125 0.782500 0.055000 0.081667
0 0.419687 0.784167 0.059375 0.088333
0 0.247500 0.788750 0.062500 0.122500
0 0.212500 0.749583 0.076250 0.089167
0 0.690625 0.720417 0.076250 0.077500
0 0.606250 0.702500 0.068750 0.091667
0 0.159062 0.687083 0.059375 0.080833
0 0.768750 0.678750 0.057500 0.110833
0 0.419375 0.666250 0.065000 0.092500
0 0.948125 0.651667 0.060000 0.078333
0 0.087500 0.657917 0.050000 0.102500
0 0.273438 0.632917 0.056875 0.069167
0 0.496875 0.635000 0.067500 0.081667
0 0.148750 0.588750 0.053750 0.067500
0 0.867812 0.597917 0.071875 0.102500
0 0.026875 0.570417 0.053750 0.077500
0 0.745313 0.545833 0.055625 0.078333
0 0.339375 0.515417 0.061250 0.074167
0 0.100312 0.497500 0.060625 0.081667
0 0.934375 0.480417 0.050000 0.067500
0 0.495000 0.484167 0.065000 0.086667
0 0.283438 0.487083 0.039375 0.102500
0 0.405313 0.461250 0.070625 0.079167
0 0.833125 0.458750 0.071250 0.095833
0 0.566875 0.450417 0.097500 0.102500
0 0.169375 0.439167 0.063750 0.091667
0 0.758125 0.420000 0.057500 0.081667
0 0.094375 0.388333 0.065000 0.080000
0 0.334062 0.351667 0.083125 0.080000
0 0.735625 0.318750 0.056250 0.085833
0 0.567187 0.250000 0.064375 0.070000
0 0.931562 0.255000 0.070625 0.090000
0 0.809063 0.225000 0.101875 0.080000
0 0.675000 0.229583 0.062500 0.090833
0 0.118438 0.225417 0.066875 0.087500
0 0.720938 0.205000 0.064375 0.090000
0 0.311563 0.190833 0.060625 0.075000
0 0.864688 0.150000 0.050625 0.066667
0 0.020625 0.148750 0.041250 0.064167
0 0.601250 0.137083 0.053750 0.070833
0 0.932813 0.137083 0.058125 0.090833
0 0.442812 0.130000 0.066875 0.083333
0 0.020625 0.051250 0.041250 0.069167
0 0.223750 0.043333 0.061250 0.085000
0 0.745625 0.027500 0.052500 0.055000
0 0.550625 0.030833 0.106250 0.061667