0 0.477187 0.972917 0.054375 0.054167
0 0.634687 0.972083 0.060625 0.055833
0 0.129688 0.970000 0.059375 0.060000
0 0.238750 0.945417 0.067500 0.084167
0 0.743437 0.936250 0.055625 0.089167
0 0.972812 0.917500 0.054375 0.073333
0 0.647813 0.912083 0.050625 0.070833
0 0.084062 0.916667 0.061875 0.081667
0 0.167187 0.899167 0.060625 0.086667
0 0.577187 0.896667 0.094375 0.088333
0 0.109687 0.867083 0.051875 0.062500
0 0.718125 0.858333 0.070000 0.076667
0 0.965313 0.844167 0.060625 0.071667
0 0.214688 0.836667 0.060625 0.075000
0 0.061875 0.837917 0.046250 0.077500
0 0.563125 0.844583 0.100000 0.105833
0 0.730625 0.802500 0.055000 0.068333
0 0.114687 0.804583 0.056875 0.075833
0 0.785312 0.800000 0.051875 0.068333
0 0.942813 0.796250 0.060625 0.077500
0 0.030625 0.779167 0.061250 0.083333
0 0.890938 0.755833 0.059375 0.078333
0 0.632188 0.737500 0.059375 0.076667
0 0.698125 0.738750 0.063750 0.080833
0 0.289687 0.730000 0.066875 0.095000
0 0.839375 0.716250 0.060000 0.082500
0 0.977187 0.702917 0.045625 0.074167
0 0.914375 0.694167 0.057500 0.070000
0 0.767813 0.691250 0.061875 0.084167
0 0.358750 0.681250 0.067500 0.084167
0 0.136250 0.668333 0.052500 0.061667
0 0.520000 0.654167 0.057500 0.071667
0 0.855313 0.639167 0.061875 0.073333
0 0.943438 0.630833 0.050625 0.073333
0 0.688750 0.622500 0.057500 0.076667
0 0.020625 0.603750 0.041250 0.075833
0 0.475000 0.595417 0.063750 0.074167
0 0.155938 0.597917 0.060625 0.080833
0 0.869687 0.567917 0.056875 0.070833
0 0.914062 0.561667 0.045625 0.078333
0 0.968750 0.560833 0.062500 0.085000
0 0.111875 0.555000 0.053750 0.083333
0 0.349062 0.538333 0.049375 0.075000
0 0.050937 0.534583 0.059375 0.080833
0 0.468438 0.516250 0.058125 0.069167
0 0.891250 0.489167 0.065000 0.071667
0 0.415000 0.480833 0.080000 0.090000
0 0.491875 0.461250 0.070000 0.080833
0 0.308437 0.471667 0.049375 0.101667
0 0.366875 0.447917 0.067500 0.082500
0 0.272500 0.439167 0.053750 0.071667
0 0.549687 0.422500 0.051875 0.080000
0 0.826250 0.420000 0.060000 0.091667
0 0.628437 0.411250 0.050625 0.077500
0 0.893750 0.409583 0.053750 0.084167
0 0.448437 0.391667 0.061875 0.078333
0 0.975313 0.380833 0.049375 0.066667
0 0.298438 0.351250 0.064375 0.084167
0 0.806875 0.323750 0.057500 0.070833
0 0.472500 0.316250 0.057500 0.070833
0 0.731875 0.303750 0.055000 0.082500
0 0.627812 0.302500 0.065625 0.093333
0 0.414062 0.291667 0.054375 0.075000
0 0.851875 0.277083 0.058750 0.080833
0 0.245938 0.270417 0.048125 0.072500
0 0.734375 0.257917 0.072500 0.064167
0 0.438750 0.246667 0.048750 0.081667
0 0.358438 0.243333 0.046875 0.081667
0 0.150312 0.208750 0.059375 0.065833
0 0.395937 0.205417 0.059375 0.082500
0 0.980313 0.199167 0.039375 0.073333
0 0.635625 0.194583 0.050000 0.064167
0 0.207187 0.195417 0.055625 0.077500
0 0.819063 0.202917 0.070625 0.095833
0 0.513750 0.187500 0.053750 0.066667
0 0.019062 0.188750 0.038125 0.070833
0 0.600313 0.173333 0.049375 0.058333
0 0.465313 0.167500 0.055625 0.071667
0 0.683750 0.165000 0.055000 0.083333
0 0.071250 0.155417 0.062500 0.097500
0 0.645938 0.137083 0.058125 0.072500
0 0.893750 0.133333 0.050000 0.070000
0 0.779375 0.127917 0.053750 0.077500
0 0.840000 0.117083 0.058750 0.080833
0 0.352500 0.117917 0.067500 0.089167
0 0.541875 0.105417 0.066250 0.085833
0 0.708125 0.103750 0.071250 0.094167
0 0.030625 0.067083 0.061250 0.094167
0 0.975938 0.049583 0.048125 0.082500
0 0.750000 0.053750 0.055000 0.090833
0 0.807813 0.044167 0.051875 0.075000
0 0.550625 0.030000 0.060000 0.060000
0 0.079062 0.023333 0.058125 0.046667