0 0.341875 0.975833 0.063750 0.048333
0 0.563438 0.960417 0.065625 0.079167
0 0.204063 0.960000 0.060625 0.080000
0 0.782813 0.951250 0.061875 0.084167
0 0.950937 0.940833 0.064375 0.115000
0 0.583750 0.870833 0.068750 0.088333
0 0.738437 0.865000 0.078125 0.106667
0 0.214062 0.823750 0.068125 0.095833
0 0.600625 0.744167 0.052500 0.080000
0 0.165000 0.730417 0.062500 0.082500
0 0.228125 0.629167 0.062500 0.078333
0 0.780937 0.601667 0.070625 0.103333
0 0.530625 0.592500 0.066250 0.098333
0 0.630938 0.580833 0.073125 0.096667
0 0.321250 0.554167 0.061250 0.098333
0 0.815625 0.549583 0.066250 0.094167
0 0.931562 0.529583 0.074375 0.092500
0 0.534687 0.499167 0.070625 0.088333
0 0.330000 0.500833 0.068750 0.103333
0 0.114062 0.438750 0.075625 0.075833
0 0.509375 0.428750 0.067500 0.084167
0 0.206563 0.345833 0.068125 0.088333
0 0.417812 0.329167 0.070625 0.093333
0 0.966875 0.326667 0.066250 0.093333
0 0.494688 0.312917 0.066875 0.090833
0 0.048750 0.316667 0.070000 0.103333
0 0.240937 0.298333 0.096875 0.091667
0 0.300312 0.262917 0.060625 0.094167
0 0.735625 0.259583 0.063750 0.097500
0 0.566875 0.238333 0.055000 0.085000
0 0.226562 0.224583 0.059375 0.064167
0 0.705625 0.150417 0.070000 0.090833
0 0.070000 0.117083 0.060000 0.099167
0 0.473750 0.071250 0.062500 0.085833
0 0.616875 0.045833 0.070000 0.091667
0 0.530312 0.030417 0.059375 0.060833
0 0.377500 0.037917 0.058750 0.075833