0 0.431875 0.973333 0.067500 0.053333
0 0.016563 0.968333 0.033125 0.061667
0 0.364375 0.965000 0.060000 0.070000
0 0.259688 0.955000 0.054375 0.056667
0 0.630313 0.945417 0.051875 0.060833
0 0.203125 0.937083 0.051250 0.084167
0 0.698125 0.926667 0.053750 0.065000
0 0.530312 0.930833 0.060625 0.076667
0 0.502812 0.912917 0.054375 0.072500
0 0.742812 0.898750 0.045625 0.060833
0 0.660312 0.883750 0.050625 0.072500
0 0.892500 0.879167 0.038750 0.070000
0 0.716250 0.856250 0.063750 0.062500
0 0.065625 0.859583 0.057500 0.072500
0 0.508125 0.847917 0.047500 0.059167
0 0.960625 0.843333 0.056250 0.076667
0 0.444688 0.850833 0.069375 0.098333
0 0.218750 0.807083 0.046250 0.064167
0 0.793438 0.815833 0.059375 0.086667
0 0.533125 0.781250 0.056250 0.079167
0 0.464062 0.774583 0.064375 0.079167
0 0.036250 0.774167 0.058750 0.078333
0 0.645938 0.762917 0.061875 0.065833
0 0.272188 0.756667 0.079375 0.090000
0 0.788125 0.721667 0.051250 0.068333
0 0.021250 0.720000 0.042500 0.088333
0 0.115312 0.705417 0.051875 0.067500
0 0.918438 0.675417 0.053125 0.077500
0 0.424063 0.670000 0.064375 0.080000
0 0.140313 0.627083 0.053125 0.069167
0 0.485312 0.630000 0.065625 0.078333
0 0.927188 0.624583 0.060625 0.079167
0 0.725938 0.614167 0.049375 0.063333
0 0.156250 0.559167 0.056250 0.056667
0 0.503750 0.557917 0.046250 0.065833
0 0.695312 0.531667 0.056875 0.075000
0 0.373750 0.520833 0.065000 0.078333
0 0.268125 0.485000 0.047500 0.063333
0 0.325937 0.448333 0.069375 0.056667
0 0.348750 0.405000 0.056250 0.056667
0 0.211875 0.433750 0.117500 0.115833
0 0.114375 0.400417 0.056250 0.067500
0 0.293125 0.381667 0.056250 0.075000
0 0.575000 0.376667 0.062500 0.083333
0 0.769375 0.370000 0.058750 0.083333
0 0.340313 0.354167 0.048125 0.061667
0 0.693750 0.362917 0.060000 0.080833
0 0.119063 0.330833 0.048125 0.053333
0 0.024375 0.300000 0.048750 0.068333
0 0.622500 0.293333 0.061250 0.068333
0 0.790312 0.296250 0.059375 0.075833
0 0.955937 0.287083 0.069375 0.065833
0 0.259688 0.281250 0.061875 0.079167
0 0.179063 0.241667 0.048125 0.051667
0 0.863437 0.225417 0.055625 0.080833
0 0.287500 0.199583 0.045000 0.055833
0 0.465625 0.162917 0.045000 0.059167
0 0.640625 0.166667 0.057500 0.075000
0 0.324062 0.147083 0.053125 0.067500
0 0.192500 0.152500 0.055000 0.083333
0 0.862812 0.129583 0.049375 0.067500
0 0.955937 0.113750 0.046875 0.064167
0 0.563438 0.115833 0.059375 0.085000
0 0.064062 0.093333 0.050625 0.076667
0 0.628437 0.082500 0.059375 0.073333
0 0.880313 0.067083 0.051875 0.059167
0 0.832500 0.057500 0.051250 0.065000
0 0.613125 0.024167 0.053750 0.048333
0 0.031875 0.029167 0.061250 0.058333