0 0.199375 0.968333 0.075000 0.063333
0 0.966562 0.966250 0.066875 0.067500
0 0.380937 0.965833 0.064375 0.068333
0 0.808125 0.926250 0.067500 0.095833
0 0.318750 0.918750 0.078750 0.087500
0 0.880313 0.863333 0.060625 0.075000
0 0.158750 0.856250 0.057500 0.072500
0 0.725938 0.813750 0.070625 0.092500
0 0.365625 0.806667 0.072500 0.091667
0 0.103125 0.807500 0.068750 0.095000
0 0.798125 0.801250 0.065000 0.089167
0 0.646875 0.732083 0.070000 0.082500
0 0.411250 0.741250 0.067500 0.100833
0 0.163438 0.737917 0.061875 0.094167
0 0.829063 0.712500 0.063125 0.090000
0 0.765000 0.702500 0.075000 0.108333
0 0.355000 0.647083 0.073750 0.095833
0 0.637500 0.642083 0.072500 0.094167
0 0.494063 0.644583 0.068125 0.099167
0 0.849688 0.628333 0.074375 0.091667
0 0.148750 0.596250 0.072500 0.090833
0 0.101875 0.521667 0.067500 0.085000
0 0.820625 0.498750 0.060000 0.092500
0 0.758437 0.485000 0.064375 0.083333
0 0.600625 0.490833 0.071250 0.096667
0 0.900312 0.486250 0.063125 0.092500
0 0.424687 0.463333 0.068125 0.100000
0 0.547188 0.412500 0.066875 0.103333
0 0.048438 0.392500 0.070625 0.093333
0 0.904062 0.387500 0.070625 0.088333
0 0.698438 0.372083 0.071875 0.092500
0 0.976875 0.340833 0.046250 0.090000
0 0.755625 0.335833 0.076250 0.091667
0 0.943750 0.288750 0.066250 0.082500
0 0.176875 0.280000 0.058750 0.095000
0 0.529687 0.256250 0.064375 0.085833
0 0.130312 0.261250 0.069375 0.100833
0 0.687187 0.241250 0.066875 0.095833
0 0.023438 0.235417 0.046875 0.087500
0 0.770625 0.233750 0.071250 0.089167
0 0.091563 0.199583 0.076875 0.099167
0 0.873437 0.200000 0.081875 0.103333
0 0.399375 0.182917 0.073750 0.102500
0 0.817813 0.157917 0.065625 0.092500
0 0.021562 0.145417 0.043125 0.074167
0 0.767500 0.129167 0.063750 0.100000
0 0.682187 0.122917 0.066875 0.089167
0 0.959688 0.113750 0.071875 0.094167
0 0.327500 0.105000 0.066250 0.095000
0 0.215938 0.085000 0.065625 0.086667
0 0.423438 0.057083 0.066875 0.097500
0 0.755938 0.022500 0.065625 0.045000
0 0.522188 0.023333 0.069375 0.046667