0 0.534062 0.976667 0.060625 0.046667
0 0.943125 0.969167 0.062500 0.061667
0 0.162812 0.967500 0.069375 0.065000
0 0.754062 0.957500 0.061875 0.085000
0 0.802500 0.933333 0.065000 0.088333
0 0.207187 0.932917 0.059375 0.090833
0 0.272188 0.914167 0.068125 0.080000
0 0.546562 0.909167 0.059375 0.088333
0 0.720313 0.903333 0.058125 0.081667
0 0.108750 0.884583 0.063750 0.084167
0 0.490000 0.889583 0.067500 0.097500
0 0.864062 0.835417 0.068125 0.085833
0 0.723125 0.821667 0.066250 0.073333
0 0.802188 0.820833 0.065625 0.090000
0 0.157812 0.816667 0.063125 0.083333
0 0.405938 0.802917 0.058125 0.087500
0 0.484375 0.786667 0.063750 0.080000
0 0.865313 0.769583 0.068125 0.069167
0 0.087188 0.775833 0.063125 0.081667
0 0.210000 0.770417 0.062500 0.080833
0 0.696562 0.748333 0.073125 0.078333
0 0.584063 0.728333 0.063125 0.080000
0 0.905312 0.722500 0.064375 0.086667
0 0.945312 0.704167 0.056875 0.078333
0 0.779375 0.668333 0.066250 0.083333
0 0.577812 0.662917 0.063125 0.072500
0 0.467187 0.652083 0.065625 0.080833
0 0.635938 0.633750 0.063125 0.080833
0 0.423438 0.623750 0.063125 0.072500
0 0.034063 0.614167 0.065625 0.090000
0 0.105000 0.605833 0.060000 0.088333
0 0.185625 0.588333 0.068750 0.090000
0 0.270000 0.575833 0.067500 0.071667
0 0.717812 0.589583 0.060625 0.104167
0 0.360312 0.578333 0.073125 0.095000
0 0.552188 0.571250 0.055625 0.115833
0 0.494688 0.527917 0.049375 0.072500
0 0.595938 0.529583 0.065625 0.084167
0 0.016875 0.527917 0.033750 0.094167
0 0.066562 0.516667 0.061875 0.088333
0 0.340938 0.434167 0.061875 0.081667
0 0.215938 0.390000 0.071875 0.088333
0 0.806562 0.385833 0.063125 0.085000
0 0.383437 0.379583 0.064375 0.080833
0 0.923438 0.373333 0.059375 0.088333
0 0.306875 0.347500 0.058750 0.075000
0 0.522188 0.347917 0.068125 0.077500
0 0.651563 0.312083 0.054375 0.095833
0 0.861563 0.284583 0.050625 0.079167
0 0.053437 0.287917 0.065625 0.094167
0 0.807187 0.259167 0.055625 0.075000
0 0.516250 0.252917 0.065000 0.079167
0 0.596250 0.265000 0.060000 0.105000
0 0.103750 0.230417 0.065000 0.095833
0 0.919063 0.208333 0.068125 0.086667
0 0.435937 0.168333 0.061875 0.080000
0 0.646875 0.151667 0.057500 0.080000
0 0.555000 0.166250 0.052500 0.127500
0 0.385313 0.134167 0.051875 0.083333
0 0.332813 0.133750 0.060625 0.087500
0 0.603750 0.124583 0.056250 0.082500
0 0.942187 0.117500 0.066875 0.080000
0 0.672188 0.120000 0.061875 0.090000
0 0.266250 0.088750 0.047500 0.089167
0 0.207813 0.081250 0.059375 0.082500
0 0.098750 0.080000 0.060000 0.088333
0 0.304063 0.072500 0.055625 0.096667
0 0.356250 0.053333 0.056250 0.081667
0 0.915937 0.054583 0.076875 0.089167
0 0.740000 0.034167 0.062500 0.068333
0 0.566562 0.028333 0.055625 0.056667
0 0.500938 0.029167 0.056875 0.058333
0 0.179063 0.025000 0.066875 0.050000