0 0.700313 0.977917 0.083125 0.044167
0 0.179063 0.972917 0.069375 0.054167
0 0.083125 0.967917 0.052500 0.064167
0 0.268125 0.964583 0.060000 0.070833
0 0.141563 0.927917 0.056875 0.074167
0 0.268125 0.853333 0.053750 0.071667
0 0.391250 0.852500 0.060000 0.073333
0 0.095937 0.810417 0.064375 0.085833
0 0.955625 0.797083 0.085000 0.099167
0 0.183125 0.781667 0.087500 0.116667
0 0.362812 0.756667 0.075625 0.098333
0 0.029687 0.736667 0.059375 0.098333
0 0.745000 0.693333 0.068750 0.085000
0 0.202187 0.642083 0.066875 0.090833
0 0.734375 0.610417 0.070000 0.084167
0 0.457500 0.612500 0.065000 0.091667
0 0.316563 0.609583 0.068125 0.097500
0 0.434688 0.532917 0.051875 0.067500
0 0.728750 0.506667 0.066250 0.101667
0 0.578438 0.499167 0.086875 0.110000
0 0.935312 0.472500 0.071875 0.075000
0 0.428750 0.451250 0.067500 0.087500
0 0.352187 0.440000 0.063125 0.080000
0 0.855938 0.403750 0.061875 0.087500
0 0.131562 0.406667 0.071875 0.111667
0 0.562187 0.380000 0.068125 0.090000
0 0.663750 0.296250 0.063750 0.082500
0 0.486250 0.290417 0.063750 0.080833
0 0.969688 0.274167 0.060625 0.076667
0 0.042188 0.270417 0.061875 0.079167
0 0.834375 0.243750 0.072500 0.100833
0 0.014063 0.207500 0.028125 0.078333
0 0.439375 0.159167 0.060000 0.080000
0 0.713750 0.144583 0.062500 0.062500
0 0.957500 0.143333 0.071250 0.093333
0 0.632188 0.096250 0.066875 0.092500
0 0.559688 0.047083 0.063125 0.094167
0 0.457500 0.023750 0.058750 0.047500
0 0.131562 0.025000 0.070625 0.050000