0 0.837500 0.974583 0.081250 0.050833
0 0.596250 0.970833 0.063750 0.058333
0 0.146875 0.927500 0.071250 0.068333
0 0.242500 0.930000 0.086250 0.108333
0 0.554375 0.863750 0.070000 0.077500
0 0.391562 0.828333 0.060625 0.083333
0 0.577812 0.790417 0.068125 0.062500
0 0.974375 0.785417 0.051250 0.075833
0 0.305312 0.784583 0.068125 0.079167
0 0.280313 0.745000 0.065625 0.075000
0 0.230625 0.688333 0.062500 0.071667
0 0.042500 0.671667 0.060000 0.063333
0 0.589375 0.665417 0.068750 0.077500
0 0.731563 0.655833 0.065625 0.081667
0 0.283125 0.637083 0.066250 0.074167
0 0.614062 0.598750 0.055625 0.072500
0 0.320000 0.593333 0.066250 0.066667
0 0.250312 0.593750 0.063125 0.075833
0 0.371563 0.588333 0.055625 0.081667
0 0.835313 0.586250 0.061875 0.079167
0 0.167187 0.577917 0.046875 0.070833
0 0.674063 0.575417 0.063125 0.087500
0 0.511250 0.530000 0.065000 0.068333
0 0.917188 0.481250 0.064375 0.084167
0 0.671562 0.468750 0.059375 0.090833
0 0.244688 0.414583 0.064375 0.087500
0 0.030937 0.370833 0.061875 0.066667
0 0.886250 0.373333 0.060000 0.081667
0 0.818750 0.373333 0.063750 0.090000
0 0.330625 0.338750 0.055000 0.069167
0 0.094687 0.305000 0.056875 0.078333
0 0.808750 0.268750 0.057500 0.080833
0 0.700625 0.204167 0.075000 0.071667
0 0.979375 0.185833 0.041250 0.065000
0 0.958750 0.135833 0.073750 0.075000
0 0.692187 0.130000 0.055625 0.073333
0 0.592187 0.089167 0.039375 0.041667
0 0.522500 0.057083 0.061250 0.074167
0 0.091875 0.056250 0.068750 0.085833
0 0.622188 0.055000 0.114375 0.086667
0 0.581250 0.032083 0.032500 0.045833
0 0.729688 0.027083 0.061875 0.054167