0 0.647813 0.974583 0.056875 0.050833
0 0.056875 0.957500 0.047500 0.065000
0 0.976250 0.944167 0.047500 0.061667
0 0.476250 0.941250 0.051250 0.065833
0 0.295625 0.942917 0.061250 0.090833
0 0.530937 0.936667 0.065625 0.085000
0 0.633437 0.924583 0.068125 0.079167
0 0.119375 0.915417 0.058750 0.070833
0 0.915937 0.919583 0.070625 0.089167
0 0.182188 0.906667 0.059375 0.075000
0 0.584688 0.898333 0.055625 0.086667
0 0.079375 0.884583 0.066250 0.072500
0 0.335313 0.876250 0.053125 0.072500
0 0.707812 0.871250 0.059375 0.077500
0 0.860625 0.868333 0.052500 0.075000
0 0.775625 0.866667 0.061250 0.081667
0 0.239687 0.852083 0.055625 0.059167
0 0.622500 0.842083 0.051250 0.085833
0 0.971562 0.837500 0.056875 0.078333
0 0.283438 0.825000 0.048125 0.068333
0 0.575937 0.825000 0.051875 0.071667
0 0.512813 0.831667 0.061875 0.085000
0 0.180000 0.826250 0.065000 0.084167
0 0.662188 0.815833 0.051875 0.070000
0 0.107500 0.820000 0.070000 0.086667
0 0.047813 0.794167 0.071875 0.098333
0 0.359687 0.770833 0.056875 0.075000
0 0.978750 0.757917 0.042500 0.062500
0 0.455625 0.766250 0.058750 0.089167
0 0.512500 0.752917 0.048750 0.067500
0 0.785000 0.758750 0.062500 0.082500
0 0.634687 0.749583 0.059375 0.074167
0 0.293125 0.747500 0.068750 0.071667
0 0.857812 0.727917 0.049375 0.072500
0 0.434375 0.703750 0.053750 0.060833
0 0.345625 0.697917 0.046250 0.065833
0 0.832187 0.689167 0.069375 0.088333
0 0.296563 0.685833 0.066875 0.081667
0 0.736563 0.687083 0.066875 0.085833
0 0.980000 0.681250 0.040000 0.089167
0 0.230313 0.668750 0.064375 0.082500
0 0.662813 0.653750 0.056875 0.077500
0 0.289375 0.624167 0.057500 0.066667
0 0.969063 0.612917 0.055625 0.072500
0 0.536563 0.620833 0.064375 0.095000
0 0.822187 0.608750 0.056875 0.072500
0 0.138437 0.596250 0.069375 0.060833
0 0.475938 0.595000 0.059375 0.085000
0 0.673750 0.576250 0.051250 0.072500
0 0.793125 0.564167 0.041250 0.051667
0 0.358750 0.568333 0.041250 0.070000
0 0.975625 0.546250 0.048750 0.067500
0 0.222188 0.564167 0.081875 0.105000
0 0.141875 0.530833 0.057500 0.066667
0 0.900312 0.525000 0.043125 0.065000
0 0.300000 0.531667 0.072500 0.088333
0 0.657188 0.514167 0.053125 0.071667
0 0.716562 0.513333 0.065625 0.086667
0 0.794687 0.487083 0.064375 0.077500
0 0.401562 0.484583 0.056875 0.079167
0 0.622812 0.469167 0.053125 0.080000
0 0.544687 0.475000 0.066875 0.091667
0 0.083750 0.456667 0.055000 0.065000
0 0.220000 0.463333 0.061250 0.085000
0 0.761563 0.436667 0.054375 0.070000
0 0.974063 0.438750 0.051875 0.079167
0 0.136875 0.433333 0.057500 0.068333
0 0.450625 0.421250 0.060000 0.067500
0 0.305625 0.410417 0.096250 0.097500
0 0.391250 0.385417 0.045000 0.070833
0 0.536250 0.378750 0.061250 0.084167
0 0.919687 0.378333 0.066875 0.093333
0 0.203125 0.364167 0.056250 0.075000
0 0.593437 0.369583 0.056875 0.087500
0 0.972500 0.358333 0.051250 0.085000
0 0.108438 0.369167 0.070625 0.111667
0 0.048750 0.350833 0.078750 0.090000
0 0.757188 0.341667 0.060625 0.083333
0 0.311875 0.326667 0.061250 0.078333
0 0.158125 0.318333 0.046250 0.071667
0 0.836562 0.308333 0.053125 0.063333
0 0.400313 0.309167 0.064375 0.085000
0 0.785312 0.298750 0.054375 0.082500
0 0.501250 0.290833 0.060000 0.086667
0 0.431875 0.266667 0.055000 0.070000
0 0.336562 0.273333 0.098125 0.083333
0 0.145937 0.262083 0.053125 0.064167
0 0.942500 0.288750 0.087500 0.134167
0 0.636250 0.239167 0.061250 0.068333
0 0.319375 0.227917 0.061250 0.050833
0 0.905000 0.234583 0.055000 0.077500
0 0.570000 0.232083 0.061250 0.077500
0 0.397500 0.225000 0.060000 0.078333
0 0.850000 0.214167 0.057500 0.086667
0 0.259062 0.209167 0.056875 0.081667
0 0.784687 0.204167 0.069375 0.106667
0 0.357187 0.187083 0.056875 0.072500
0 0.057813 0.167083 0.070625 0.070833
0 0.917188 0.160417 0.078125 0.080833
0 0.574375 0.147083 0.088750 0.099167
0 0.869375 0.126250 0.045000 0.062500
0 0.509062 0.124583 0.055625 0.067500
0 0.121250 0.114167 0.065000 0.081667
0 0.915312 0.092500 0.058125 0.060000
0 0.356563 0.085417 0.049375 0.065833
0 0.612500 0.082917 0.067500 0.077500
0 0.819688 0.071667 0.063125 0.088333
0 0.064375 0.062500 0.063750 0.078333
0 0.418125 0.052083 0.046250 0.072500
0 0.265313 0.042500 0.051875 0.068333
0 0.873750 0.033750 0.057500 0.067500
0 0.742500 0.028750 0.057500 0.057500
0 0.591562 0.028750 0.055625 0.057500
0 0.516875 0.030833 0.055000 0.061667
0 0.455000 0.022917 0.061250 0.045833
0 0.309375 0.030833 0.060000 0.061667