0 0.890312 0.973750 0.060625 0.052500
0 0.269062 0.972083 0.080625 0.055833
0 0.843437 0.962917 0.059375 0.074167
0 0.598437 0.962500 0.068125 0.075000
0 0.974688 0.954583 0.050625 0.082500
0 0.777500 0.951250 0.067500 0.089167
0 0.676250 0.927083 0.073750 0.074167
0 0.081875 0.935000 0.063750 0.090000
0 0.287187 0.925833 0.069375 0.093333
0 0.340625 0.912083 0.077500 0.084167
0 0.561875 0.892917 0.068750 0.075833
0 0.175313 0.882083 0.065625 0.085833
0 0.320000 0.862083 0.073750 0.057500
0 0.904375 0.878750 0.075000 0.092500
0 0.693125 0.867083 0.065000 0.085833
0 0.762188 0.861667 0.069375 0.088333
0 0.723437 0.830417 0.069375 0.082500
0 0.447813 0.825000 0.063125 0.088333
0 0.376250 0.806667 0.066250 0.096667
0 0.015312 0.791250 0.030625 0.085833
0 0.135000 0.776667 0.067500 0.091667
0 0.297187 0.770000 0.061875 0.086667
0 0.855000 0.764583 0.065000 0.092500
0 0.707187 0.737917 0.066875 0.095833
0 0.190312 0.726250 0.060625 0.082500
0 0.346250 0.718333 0.062500 0.083333
0 0.735000 0.698333 0.057500 0.100000
0 0.275313 0.677500 0.065625 0.083333
0 0.607812 0.664583 0.053125 0.075833
0 0.850313 0.666250 0.063125 0.092500
0 0.105938 0.657917 0.064375 0.089167
0 0.399687 0.637500 0.069375 0.088333
0 0.250937 0.638333 0.069375 0.096667
0 0.182188 0.626667 0.070625 0.091667
0 0.975313 0.600417 0.049375 0.090833
0 0.899375 0.589583 0.065000 0.085833
0 0.681250 0.589583 0.066250 0.085833
0 0.832812 0.590833 0.065625 0.091667
0 0.448437 0.574583 0.069375 0.082500
0 0.064062 0.572500 0.048125 0.078333
0 0.240937 0.566667 0.065625 0.070000
0 0.028125 0.567917 0.050000 0.095833
0 0.340313 0.562083 0.065625 0.094167
0 0.622188 0.556250 0.056875 0.099167
0 0.949375 0.535417 0.067500 0.067500
0 0.555625 0.567917 0.078750 0.135833
0 0.469062 0.525833 0.069375 0.088333
0 0.808125 0.514167 0.071250 0.078333
0 0.295000 0.489583 0.071250 0.090833
0 0.580937 0.485417 0.073125 0.090833
0 0.015625 0.482917 0.031250 0.089167
0 0.952187 0.470417 0.068125 0.069167
0 0.663750 0.480000 0.067500 0.095000
0 0.221562 0.475417 0.063125 0.092500
0 0.719375 0.464167 0.066250 0.100000
0 0.415000 0.427917 0.072500 0.090833
0 0.953438 0.407917 0.061875 0.069167
0 0.271250 0.406250 0.063750 0.082500
0 0.072500 0.393333 0.062500 0.096667
0 0.667813 0.383750 0.058125 0.094167
0 0.314063 0.347917 0.065625 0.079167
0 0.208437 0.350833 0.060625 0.086667
0 0.541875 0.334167 0.076250 0.073333
0 0.030625 0.325833 0.061250 0.093333
0 0.447188 0.326667 0.074375 0.101667
0 0.106563 0.314167 0.065625 0.083333
0 0.628437 0.308333 0.065625 0.090000
0 0.852812 0.307500 0.056875 0.093333
0 0.759375 0.270833 0.091250 0.061667
0 0.157812 0.276667 0.074375 0.083333
0 0.651250 0.266667 0.066250 0.078333
0 0.978125 0.250833 0.043750 0.090000
0 0.432188 0.242917 0.073125 0.085833
0 0.720625 0.226250 0.073750 0.079167
0 0.213438 0.178333 0.061875 0.073333
0 0.630313 0.173750 0.073125 0.079167
0 0.139687 0.183750 0.086875 0.119167
0 0.031563 0.166250 0.063125 0.087500
0 0.774687 0.158333 0.088125 0.090000
0 0.512188 0.159167 0.073125 0.096667
0 0.311250 0.154583 0.087500 0.089167
0 0.071563 0.138333 0.088125 0.078333
0 0.202187 0.119167 0.069375 0.081667
0 0.883125 0.115000 0.067500 0.081667
0 0.285000 0.082500 0.063750 0.071667
0 0.050937 0.063750 0.071875 0.079167
0 0.188750 0.060000 0.067500 0.080000
0 0.822812 0.066250 0.063125 0.095833
0 0.890625 0.042500 0.072500 0.078333
0 0.606250 0.045833 0.072500 0.086667
0 0.781250 0.027083 0.063750 0.054167
0 0.502812 0.043750 0.066875 0.087500
0 0.320312 0.036250 0.071875 0.072500