0 0.773750 0.977083 0.056250 0.045833
0 0.097187 0.976250 0.070625 0.047500
0 0.442188 0.975000 0.069375 0.050000
0 0.029063 0.968750 0.058125 0.062500
0 0.581875 0.968333 0.058750 0.063333
0 0.242500 0.967500 0.065000 0.065000
0 0.722187 0.962917 0.054375 0.074167
0 0.374063 0.950000 0.066875 0.088333
0 0.502188 0.944583 0.059375 0.084167
0 0.169063 0.947083 0.068125 0.089167
0 0.933438 0.944167 0.060625 0.091667
0 0.779062 0.923333 0.058125 0.058333
0 0.128125 0.919167 0.060000 0.081667
0 0.845625 0.920417 0.070000 0.097500
0 0.677188 0.905000 0.055625 0.070000
0 0.427500 0.902917 0.061250 0.080833
0 0.329062 0.907500 0.054375 0.110000
0 0.977500 0.882083 0.045000 0.072500
0 0.633125 0.885417 0.046250 0.079167
0 0.546562 0.879583 0.055625 0.072500
0 0.228125 0.877083 0.066250 0.097500
0 0.937187 0.850833 0.063125 0.081667
0 0.475938 0.843750 0.065625 0.079167
0 0.051250 0.837500 0.067500 0.066667
0 0.594688 0.822083 0.051875 0.079167
0 0.644687 0.806667 0.055625 0.065000
0 0.981250 0.809583 0.037500 0.072500
0 0.808750 0.803750 0.053750 0.075833
0 0.234063 0.802083 0.053125 0.074167
0 0.135313 0.812917 0.055625 0.100833
0 0.482812 0.787917 0.063125 0.064167
0 0.759375 0.786667 0.045000 0.080000
0 0.928750 0.774167 0.060000 0.073333
0 0.421250 0.772083 0.053750 0.077500
0 0.175937 0.772917 0.069375 0.092500
0 0.632188 0.758750 0.063125 0.084167
0 0.274375 0.763333 0.060000 0.098333
0 0.590938 0.745000 0.054375 0.071667
0 0.384062 0.745833 0.061875 0.086667
0 0.528125 0.733333 0.061250 0.073333
0 0.329688 0.721250 0.058125 0.065833
0 0.705313 0.729583 0.056875 0.087500
0 0.790312 0.715000 0.061875 0.078333
0 0.232500 0.706667 0.045000 0.066667
0 0.471250 0.685833 0.063750 0.086667
0 0.849688 0.663750 0.056875 0.077500
0 0.522500 0.629167 0.053750 0.073333
0 0.683125 0.626667 0.048750 0.080000
0 0.176875 0.633750 0.071250 0.097500
0 0.931562 0.609167 0.053125 0.076667
0 0.643750 0.590833 0.057500 0.051667
0 0.814063 0.594583 0.048125 0.067500
0 0.446250 0.585417 0.047500 0.060833
0 0.584063 0.585000 0.066875 0.065000
0 0.492500 0.568333 0.050000 0.063333
0 0.269688 0.568333 0.053125 0.068333
0 0.974063 0.577083 0.051875 0.095833
0 0.210938 0.549167 0.060625 0.073333
0 0.418438 0.544583 0.056875 0.065833
0 0.643750 0.527083 0.065000 0.075833
0 0.529062 0.515833 0.053125 0.071667
0 0.472187 0.518750 0.060625 0.079167
0 0.880000 0.498333 0.065000 0.086667
0 0.577812 0.485833 0.078125 0.091667
0 0.342187 0.458750 0.060625 0.079167
0 0.158125 0.458333 0.047500 0.078333
0 0.405313 0.445417 0.059375 0.079167
0 0.019375 0.429167 0.038750 0.080000
0 0.264062 0.407083 0.049375 0.054167
0 0.746250 0.420417 0.110000 0.082500
0 0.837187 0.411667 0.068125 0.075000
0 0.208125 0.409167 0.061250 0.081667
0 0.680312 0.397500 0.059375 0.065000
0 0.449375 0.386250 0.053750 0.080833
0 0.565312 0.386250 0.060625 0.085833
0 0.146563 0.376667 0.056875 0.081667
0 0.089688 0.366250 0.053125 0.077500
0 0.978750 0.356250 0.042500 0.075833
0 0.320000 0.365833 0.065000 0.095000
0 0.621875 0.339167 0.056250 0.078333
0 0.776250 0.347083 0.106250 0.099167
0 0.494063 0.335417 0.079375 0.112500
0 0.255000 0.313750 0.062500 0.087500
0 0.438437 0.294167 0.061875 0.076667
0 0.079062 0.287083 0.058125 0.079167
0 0.884687 0.280000 0.068125 0.085000
0 0.952187 0.271667 0.056875 0.078333
0 0.305312 0.270833 0.044375 0.080000
0 0.697812 0.258333 0.095625 0.083333
0 0.174687 0.252500 0.048125 0.080000
0 0.278125 0.215833 0.053750 0.076667
0 0.018750 0.216250 0.037500 0.077500
0 0.626563 0.211250 0.053125 0.074167
0 0.352500 0.205417 0.055000 0.069167
0 0.920312 0.204167 0.050625 0.075000
0 0.829688 0.223333 0.111875 0.135000
0 0.720938 0.177917 0.053125 0.070833
0 0.147500 0.168333 0.066250 0.083333
0 0.401250 0.162500 0.067500 0.078333
0 0.967500 0.153750 0.055000 0.080833
0 0.028125 0.134583 0.056250 0.077500
0 0.539687 0.142500 0.068125 0.095000
0 0.605313 0.128333 0.054375 0.075000
0 0.433437 0.127917 0.061875 0.082500
0 0.365625 0.119167 0.060000 0.083333
0 0.754375 0.106667 0.066250 0.078333
0 0.333437 0.091667 0.059375 0.088333
0 0.981250 0.070000 0.037500 0.081667
0 0.878125 0.064583 0.062500 0.084167
0 0.062187 0.047500 0.063125 0.073333
0 0.781563 0.035833 0.055625 0.068333
0 0.175937 0.037083 0.065625 0.072500
0 0.963750 0.021250 0.047500 0.042500
0 0.914062 0.022500 0.054375 0.045000
0 0.623437 0.042083 0.063125 0.084167
0 0.444688 0.025000 0.058125 0.050000
0 0.374688 0.025833 0.060625 0.051667
0 0.245625 0.028333 0.055000 0.056667