0 0.799063 0.969583 0.068125 0.060833
0 0.526875 0.967500 0.055000 0.065000
0 0.707187 0.967083 0.058125 0.065833
0 0.428750 0.967083 0.055000 0.065833
0 0.769375 0.910833 0.057500 0.073333
0 0.641563 0.905417 0.058125 0.087500
0 0.287500 0.900833 0.065000 0.090000
0 0.685312 0.900417 0.058125 0.094167
0 0.437500 0.884167 0.080000 0.096667
0 0.980625 0.862500 0.038750 0.073333
0 0.032813 0.869167 0.056875 0.103333
0 0.613750 0.852083 0.062500 0.082500
0 0.781250 0.840833 0.056250 0.063333
0 0.495312 0.844583 0.056875 0.085833
0 0.563438 0.829167 0.054375 0.085000
0 0.226562 0.817083 0.056875 0.092500
0 0.102813 0.810000 0.063125 0.080000
0 0.182812 0.790000 0.056875 0.081667
0 0.678750 0.797083 0.056250 0.104167
0 0.480625 0.763333 0.066250 0.076667
0 0.264062 0.737083 0.058125 0.075833
0 0.699063 0.745833 0.056875 0.096667
0 0.810937 0.748750 0.073125 0.109167
0 0.015312 0.733750 0.030625 0.080833
0 0.750625 0.717500 0.061250 0.100000
0 0.600000 0.694583 0.063750 0.087500
0 0.520938 0.692083 0.060625 0.092500
0 0.658438 0.674167 0.066875 0.068333
0 0.891875 0.678333 0.063750 0.086667
0 0.285625 0.625417 0.050000 0.065833
0 0.648750 0.621667 0.058750 0.081667
0 0.361563 0.609167 0.055625 0.078333
0 0.469062 0.622500 0.069375 0.113333
0 0.568438 0.601250 0.060625 0.079167
0 0.700313 0.590000 0.063125 0.091667
0 0.500625 0.556667 0.056250 0.081667
0 0.212500 0.547917 0.066250 0.095833
0 0.554688 0.523333 0.059375 0.080000
0 0.458125 0.506250 0.052500 0.089167
0 0.405313 0.499167 0.059375 0.085000
0 0.270313 0.490000 0.059375 0.083333
0 0.800312 0.492917 0.053125 0.090833
0 0.935625 0.479167 0.062500 0.090000
0 0.870625 0.467500 0.056250 0.075000
0 0.735938 0.460000 0.046875 0.061667
0 0.690000 0.464167 0.052500 0.078333
0 0.407500 0.442500 0.065000 0.058333
0 0.082187 0.427500 0.063125 0.078333
0 0.503125 0.408333 0.058750 0.081667
0 0.713750 0.391250 0.052500 0.067500
0 0.621250 0.394583 0.053750 0.074167
0 0.071250 0.364583 0.055000 0.084167
0 0.767500 0.349167 0.061250 0.073333
0 0.248438 0.309583 0.060625 0.064167
0 0.620625 0.282917 0.047500 0.067500
0 0.019375 0.281250 0.038750 0.080833
0 0.164375 0.277500 0.056250 0.078333
0 0.558750 0.272083 0.055000 0.077500
0 0.738750 0.245417 0.048750 0.077500
0 0.075000 0.263333 0.071250 0.125000
0 0.205000 0.240417 0.068750 0.092500
0 0.479687 0.235417 0.061875 0.087500
0 0.675625 0.227500 0.056250 0.080000
0 0.971250 0.202500 0.057500 0.081667
0 0.613125 0.199583 0.060000 0.082500
0 0.023750 0.192917 0.047500 0.082500
0 0.838125 0.183333 0.056250 0.070000
0 0.760625 0.183333 0.057500 0.075000
0 0.701562 0.160833 0.063125 0.091667
0 0.467500 0.132917 0.055000 0.084167
0 0.522188 0.122917 0.058125 0.090833
0 0.427500 0.142083 0.067500 0.135833
0 0.646250 0.114167 0.060000 0.083333
0 0.578438 0.092917 0.061875 0.079167
0 0.108438 0.097083 0.071875 0.102500
0 0.812813 0.043750 0.063125 0.075833
0 0.880000 0.037500 0.061250 0.075000
0 0.692813 0.037917 0.061875 0.075833
0 0.624062 0.025833 0.078125 0.051667
0 0.034688 0.038333 0.059375 0.076667