0 0.786563 0.929583 0.059375 0.062500
0 0.196250 0.905000 0.065000 0.105000
0 0.469375 0.875417 0.060000 0.080833
0 0.603437 0.844167 0.068125 0.083333
0 0.933125 0.835833 0.058750 0.078333
0 0.345938 0.810417 0.068125 0.075833
0 0.772500 0.809167 0.053750 0.075000
0 0.457188 0.797500 0.064375 0.078333
0 0.717812 0.775833 0.070625 0.095000
0 0.945312 0.757083 0.058125 0.079167
0 0.498750 0.740000 0.065000 0.105000
0 0.078125 0.723750 0.065000 0.084167
0 0.840000 0.693750 0.070000 0.089167
0 0.405000 0.650833 0.080000 0.096667
0 0.239375 0.631250 0.067500 0.079167
0 0.864375 0.577083 0.063750 0.084167
0 0.253437 0.554583 0.071875 0.080833
0 0.635312 0.555833 0.066875 0.103333
0 0.809375 0.544167 0.068750 0.083333
0 0.680000 0.434583 0.058750 0.077500
0 0.643125 0.322083 0.076250 0.115833
0 0.598437 0.275000 0.064375 0.090000
0 0.773750 0.264583 0.057500 0.077500
0 0.295625 0.280833 0.070000 0.116667
0 0.168125 0.257083 0.070000 0.102500
0 0.479375 0.194167 0.068750 0.088333
0 0.716250 0.142500 0.050000 0.071667
0 0.270625 0.046250 0.078750 0.092500
0 0.124375 0.023333 0.056250 0.046667