0 0.778438 0.972083 0.085625 0.055833
0 0.053750 0.959583 0.088750 0.080833
0 0.134687 0.954167 0.061875 0.091667
0 0.841250 0.946250 0.057500 0.087500
0 0.535312 0.950417 0.071875 0.099167
0 0.396875 0.927500 0.117500 0.101667
0 0.211875 0.912500 0.062500 0.078333
0 0.768125 0.910417 0.077500 0.075833
0 0.107188 0.891250 0.054375 0.064167
0 0.040313 0.893750 0.080625 0.102500
0 0.484375 0.890833 0.071250 0.120000
0 0.149375 0.870417 0.071250 0.085833
0 0.276875 0.866667 0.057500 0.088333
0 0.226250 0.859167 0.063750 0.083333
0 0.851875 0.856667 0.063750 0.110000
0 0.524687 0.831667 0.053125 0.075000
0 0.593125 0.845833 0.078750 0.113333
0 0.720000 0.809167 0.072500 0.086667
0 0.652813 0.825833 0.068125 0.125000
0 0.315312 0.815417 0.090625 0.104167
0 0.085312 0.812500 0.074375 0.101667
0 0.023750 0.805417 0.047500 0.102500
0 0.418125 0.782083 0.058750 0.075833
0 0.301875 0.757500 0.060000 0.051667
0 0.487812 0.768333 0.061875 0.078333
0 0.764687 0.743750 0.061875 0.077500
0 0.240313 0.721667 0.069375 0.071667
0 0.730000 0.703750 0.052500 0.070833
0 0.390000 0.707083 0.081250 0.094167
0 0.313750 0.692917 0.072500 0.079167
0 0.463125 0.688750 0.053750 0.084167
0 0.669687 0.692917 0.071875 0.100833
0 0.558438 0.704583 0.064375 0.130833
0 0.602500 0.662500 0.065000 0.088333
0 0.507188 0.656250 0.063125 0.077500
0 0.795000 0.659583 0.107500 0.107500
0 0.375625 0.623750 0.053750 0.069167
0 0.945937 0.605417 0.064375 0.077500
0 0.429688 0.608333 0.055625 0.088333
0 0.284687 0.608750 0.063125 0.092500
0 0.710938 0.607500 0.065625 0.133333
0 0.852500 0.595833 0.072500 0.118333
0 0.072500 0.575833 0.077500 0.091667
0 0.464062 0.550833 0.061875 0.078333
0 0.581562 0.544167 0.058125 0.081667
0 0.279062 0.525417 0.070625 0.085833
0 0.530937 0.536667 0.051875 0.111667
0 0.428125 0.513333 0.062500 0.080000
0 0.753750 0.543750 0.078750 0.149167
0 0.084687 0.482917 0.068125 0.089167
0 0.030000 0.479167 0.060000 0.120000
0 0.648438 0.446667 0.066875 0.080000
0 0.459688 0.455833 0.080625 0.106667
0 0.372812 0.447917 0.101875 0.110833
0 0.562500 0.437917 0.115000 0.147500
0 0.310625 0.387917 0.086250 0.094167
0 0.022812 0.378750 0.045625 0.080833
0 0.433125 0.369167 0.063750 0.081667
0 0.562187 0.362917 0.075625 0.077500
0 0.708750 0.333750 0.073750 0.094167
0 0.638437 0.327500 0.073125 0.083333
0 0.499063 0.343750 0.070625 0.120833
0 0.877500 0.326667 0.117500 0.123333
0 0.025000 0.295417 0.050000 0.092500
0 0.540000 0.273333 0.056250 0.078333
0 0.579688 0.243750 0.073125 0.087500
0 0.399375 0.227917 0.065000 0.082500
0 0.503125 0.229167 0.057500 0.100000
0 0.460625 0.214583 0.062500 0.087500
0 0.205625 0.207500 0.068750 0.083333
0 0.647813 0.185417 0.073125 0.082500
0 0.378750 0.159167 0.066250 0.086667
0 0.239375 0.151250 0.071250 0.087500
0 0.677500 0.104167 0.062500 0.088333
0 0.776875 0.096667 0.072500 0.086667
0 0.629687 0.096250 0.065625 0.094167
0 0.441875 0.073333 0.070000 0.086667
0 0.271875 0.077500 0.085000 0.098333
0 0.347813 0.042917 0.035625 0.035833
0 0.639375 0.024583 0.078750 0.049167
0 0.383750 0.025417 0.100000 0.050833
0 0.210313 0.035000 0.063125 0.070000