0 0.318750 0.946250 0.081250 0.097500
0 0.028125 0.945833 0.056250 0.105000
0 0.976562 0.923333 0.046875 0.096667
0 0.811562 0.927500 0.054375 0.108333
0 0.749062 0.904583 0.068125 0.074167
0 0.899687 0.904167 0.070625 0.098333
0 0.577187 0.859167 0.069375 0.095000
0 0.338750 0.830000 0.052500 0.078333
0 0.440000 0.807917 0.067500 0.065833
0 0.240625 0.812500 0.058750 0.075000
0 0.653125 0.812917 0.072500 0.089167
0 0.162500 0.795417 0.070000 0.097500
0 0.400313 0.770417 0.064375 0.100833
0 0.948125 0.748333 0.077500 0.086667
0 0.455313 0.729583 0.055625 0.087500
0 0.564375 0.735833 0.070000 0.108333
0 0.651250 0.712500 0.070000 0.083333
0 0.936562 0.653333 0.069375 0.090000
0 0.109375 0.622083 0.063750 0.085833
0 0.613750 0.606667 0.073750 0.090000
0 0.240625 0.605417 0.080000 0.104167
0 0.960625 0.567500 0.073750 0.068333
0 0.034063 0.581250 0.068125 0.095833
0 0.736250 0.559583 0.082500 0.100833
0 0.832812 0.536250 0.075625 0.092500
0 0.410938 0.534583 0.071875 0.092500
0 0.176875 0.517500 0.061250 0.095000
0 0.081562 0.490000 0.069375 0.083333
0 0.652813 0.438333 0.060625 0.085000
0 0.300000 0.425417 0.071250 0.100833
0 0.410625 0.402917 0.078750 0.117500
0 0.103125 0.372500 0.060000 0.095000
0 0.235000 0.372917 0.070000 0.099167
0 0.662500 0.328750 0.076250 0.095833
0 0.847812 0.317500 0.066875 0.091667
0 0.338750 0.279583 0.060000 0.099167
0 0.295000 0.248333 0.065000 0.100000
0 0.175000 0.218750 0.078750 0.102500
0 0.267813 0.187083 0.066875 0.080833
0 0.808125 0.134583 0.060000 0.080833
0 0.744375 0.133750 0.058750 0.097500
0 0.404375 0.095417 0.083750 0.082500
0 0.136563 0.100833 0.071875 0.093333
0 0.680312 0.078333 0.053125 0.055000
0 0.494688 0.077083 0.074375 0.089167
0 0.113750 0.042917 0.060000 0.070833
0 0.944375 0.050833 0.087500 0.101667
0 0.733125 0.036250 0.066250 0.072500
0 0.651875 0.027917 0.095000 0.055833