0 0.844063 0.970833 0.056875 0.058333
0 0.023750 0.964583 0.047500 0.070833
0 0.410938 0.959583 0.063125 0.080833
0 0.091250 0.957917 0.062500 0.084167
0 0.573438 0.951667 0.068125 0.078333
0 0.668750 0.940000 0.068750 0.065000
0 0.666250 0.889583 0.067500 0.077500
0 0.948750 0.873750 0.067500 0.077500
0 0.541562 0.856250 0.063125 0.080833
0 0.790312 0.842917 0.063125 0.060833
0 0.892500 0.822917 0.050000 0.075833
0 0.390937 0.824583 0.080625 0.087500
0 0.182812 0.812500 0.073125 0.083333
0 0.713750 0.800833 0.061250 0.081667
0 0.025000 0.768333 0.050000 0.088333
0 0.277500 0.760833 0.061250 0.081667
0 0.640625 0.743333 0.056250 0.080000
0 0.350625 0.738333 0.056250 0.076667
0 0.472500 0.732083 0.067500 0.090833
0 0.962187 0.735417 0.075625 0.117500
0 0.116250 0.688750 0.080000 0.062500
0 0.218750 0.697083 0.058750 0.080833
0 0.873750 0.695000 0.067500 0.091667
0 0.973750 0.628750 0.052500 0.074167
0 0.720000 0.624583 0.057500 0.075833
0 0.156562 0.610833 0.061875 0.080000
0 0.064687 0.609167 0.081875 0.083333
0 0.809375 0.602083 0.082500 0.077500
0 0.504062 0.594583 0.058125 0.070833
0 0.897188 0.589167 0.076875 0.088333
0 0.402187 0.579583 0.073125 0.090833
0 0.291250 0.572083 0.067500 0.090833
0 0.018125 0.541667 0.036250 0.088333
0 0.976875 0.535000 0.046250 0.076667
0 0.860000 0.492917 0.056250 0.082500
0 0.794687 0.494167 0.050625 0.108333
0 0.746563 0.476250 0.063125 0.087500
0 0.255625 0.467500 0.065000 0.080000
0 0.454062 0.450417 0.080625 0.125833
0 0.129688 0.426250 0.071875 0.087500
0 0.581562 0.402083 0.070625 0.089167
0 0.975625 0.402083 0.048750 0.094167
0 0.035937 0.406667 0.071875 0.110000
0 0.552500 0.339583 0.070000 0.094167
0 0.769687 0.327500 0.070625 0.080000
0 0.278125 0.316250 0.048750 0.077500
0 0.427187 0.309583 0.061875 0.085833
0 0.964375 0.299583 0.071250 0.099167
0 0.214375 0.277500 0.073750 0.110000
0 0.685000 0.255000 0.061250 0.083333
0 0.515312 0.244167 0.051875 0.063333
0 0.297187 0.220000 0.060625 0.063333
0 0.981875 0.213750 0.036250 0.070833
0 0.031563 0.219167 0.063125 0.091667
0 0.918125 0.173333 0.065000 0.090000
0 0.341562 0.151250 0.060625 0.090833
0 0.560937 0.140417 0.064375 0.080833
0 0.062187 0.127917 0.066875 0.085833
0 0.404687 0.116250 0.063125 0.087500
0 0.478750 0.081667 0.060000 0.071667
0 0.805937 0.062083 0.069375 0.087500
0 0.885938 0.060833 0.055625 0.091667
0 0.605313 0.041250 0.070625 0.065833
0 0.696875 0.048750 0.080000 0.097500
0 0.515938 0.027083 0.079375 0.054167
0 0.425312 0.029167 0.079375 0.058333
0 0.346562 0.033333 0.075625 0.066667
0 0.226562 0.027917 0.074375 0.055833
0 0.107188 0.027083 0.060625 0.054167