0 0.602500 0.979583 0.067500 0.040833
0 0.355625 0.973333 0.070000 0.053333
0 0.108750 0.970833 0.063750 0.058333
0 0.405313 0.968333 0.058125 0.063333
0 0.215938 0.965417 0.050625 0.062500
0 0.810625 0.962500 0.061250 0.073333
0 0.018125 0.945417 0.036250 0.072500
0 0.941875 0.947917 0.066250 0.080833
0 0.375312 0.912917 0.073125 0.070833
0 0.593750 0.902917 0.068750 0.087500
0 0.964063 0.870417 0.054375 0.065833
0 0.256875 0.870417 0.062500 0.075833
0 0.361875 0.842500 0.057500 0.085000
0 0.716250 0.829583 0.061250 0.079167
0 0.120938 0.828333 0.058125 0.093333
0 0.803438 0.835833 0.079375 0.110000
0 0.473438 0.817917 0.060625 0.080833
0 0.047188 0.810000 0.064375 0.083333
0 0.293125 0.801250 0.096250 0.119167
0 0.338750 0.766250 0.060000 0.072500
0 0.526563 0.761667 0.054375 0.073333
0 0.433437 0.718750 0.054375 0.072500
0 0.666250 0.710417 0.060000 0.072500
0 0.929375 0.698750 0.065000 0.064167
0 0.731250 0.700417 0.053750 0.072500
0 0.868125 0.685833 0.048750 0.080000
0 0.533750 0.676250 0.058750 0.067500
0 0.390313 0.676667 0.059375 0.086667
0 0.819688 0.665000 0.060625 0.073333
0 0.168750 0.653750 0.080000 0.100833
0 0.505938 0.627917 0.053125 0.070833
0 0.784062 0.613333 0.058125 0.066667
0 0.693438 0.606250 0.071875 0.082500
0 0.829063 0.594167 0.055625 0.063333
0 0.396562 0.577083 0.059375 0.074167
0 0.538438 0.563333 0.058125 0.081667
0 0.800000 0.549167 0.058750 0.060000
0 0.177500 0.550833 0.067500 0.096667
0 0.739062 0.527500 0.048125 0.075000
0 0.439375 0.509167 0.056250 0.076667
0 0.300000 0.496667 0.053750 0.071667
0 0.845313 0.510417 0.089375 0.107500
0 0.921875 0.496667 0.087500 0.131667
0 0.651563 0.455417 0.055625 0.067500
0 0.392813 0.438333 0.046875 0.073333
0 0.080312 0.436250 0.060625 0.075833
0 0.151250 0.432500 0.071250 0.086667
0 0.321250 0.420833 0.057500 0.085000
0 0.889687 0.411250 0.061875 0.082500
0 0.190625 0.380000 0.051250 0.078333
0 0.024688 0.382917 0.049375 0.084167
0 0.944375 0.367083 0.045000 0.069167
0 0.126875 0.355833 0.060000 0.076667
0 0.474062 0.350833 0.063125 0.078333
0 0.839375 0.341667 0.057500 0.065000
0 0.777188 0.343750 0.065625 0.092500
0 0.371563 0.314583 0.066875 0.082500
0 0.499688 0.287917 0.054375 0.064167
0 0.139063 0.282917 0.054375 0.070833
0 0.830000 0.277083 0.048750 0.062500
0 0.268125 0.301667 0.081250 0.120000
0 0.890625 0.285000 0.072500 0.096667
0 0.176563 0.255417 0.068125 0.084167
0 0.730313 0.255833 0.068125 0.105000
0 0.667500 0.236667 0.062500 0.086667
0 0.432812 0.220833 0.056875 0.098333
0 0.090938 0.205000 0.066875 0.076667
0 0.193438 0.192917 0.054375 0.072500
0 0.604688 0.191250 0.054375 0.077500
0 0.317500 0.173333 0.061250 0.065000
0 0.474375 0.160417 0.042500 0.069167
0 0.976875 0.157083 0.046250 0.085833
0 0.044062 0.136667 0.069375 0.090000
0 0.280938 0.117083 0.053125 0.070833
0 0.965313 0.080833 0.064375 0.080000
0 0.423125 0.075417 0.050000 0.072500
0 0.088750 0.059167 0.062500 0.076667
0 0.768125 0.048333 0.067500 0.086667
0 0.947500 0.025000 0.056250 0.050000
0 0.859375 0.033750 0.063750 0.067500
0 0.554063 0.040833 0.064375 0.081667
0 0.343125 0.042083 0.071250 0.084167
0 0.033438 0.030417 0.054375 0.060833