0 0.280000 0.977917 0.072500 0.044167
0 0.732187 0.965000 0.065625 0.070000
0 0.611875 0.959167 0.057500 0.078333
0 0.153438 0.958333 0.069375 0.083333
0 0.800937 0.950417 0.064375 0.080833
0 0.350000 0.945000 0.068750 0.091667
0 0.544687 0.919583 0.069375 0.090833
0 0.084062 0.915000 0.074375 0.098333
0 0.861875 0.904167 0.067500 0.086667
0 0.206875 0.906250 0.070000 0.090833
0 0.964688 0.889167 0.066875 0.086667
0 0.440000 0.890417 0.073750 0.090833
0 0.280000 0.877500 0.072500 0.086667
0 0.358125 0.838750 0.068750 0.085833
0 0.487812 0.837500 0.069375 0.090000
0 0.038750 0.810417 0.075000 0.105833
0 0.424375 0.797917 0.070000 0.094167
0 0.133125 0.774167 0.073750 0.083333
0 0.912188 0.760417 0.084375 0.112500
0 0.730938 0.717917 0.059375 0.085833
0 0.183438 0.707083 0.066875 0.082500
0 0.579063 0.704583 0.070625 0.080833
0 0.981563 0.674583 0.036875 0.094167
0 0.065937 0.665417 0.073125 0.089167
0 0.807187 0.665417 0.070625 0.094167
0 0.915937 0.653750 0.074375 0.087500
0 0.504062 0.651667 0.060625 0.088333
0 0.230313 0.646667 0.065625 0.091667
0 0.363438 0.645417 0.068125 0.100833
0 0.137813 0.642917 0.065625 0.100833
0 0.294063 0.605833 0.068125 0.096667
0 0.014063 0.538333 0.028125 0.113333
0 0.610313 0.527083 0.073125 0.094167
0 0.195937 0.509167 0.099375 0.108333
0 0.960313 0.514583 0.063125 0.122500
0 0.408750 0.493750 0.055000 0.109167
0 0.625313 0.435417 0.068125 0.080833
0 0.246250 0.444583 0.073750 0.099167
0 0.702187 0.437500 0.071875 0.088333
0 0.040625 0.433750 0.081250 0.122500
0 0.900000 0.384167 0.070000 0.103333
0 0.114375 0.374583 0.085000 0.117500
0 0.680625 0.358750 0.055000 0.089167
0 0.333437 0.353333 0.053125 0.095000
0 0.630938 0.349167 0.063125 0.096667
0 0.391875 0.325417 0.065000 0.092500
0 0.488125 0.305417 0.067500 0.097500
0 0.903125 0.288333 0.056250 0.080000
0 0.265625 0.286667 0.075000 0.095000
0 0.737500 0.293750 0.072500 0.122500
0 0.445937 0.280000 0.074375 0.096667
0 0.807187 0.276667 0.065625 0.101667
0 0.022500 0.249583 0.045000 0.087500
0 0.568750 0.249583 0.058750 0.090833
0 0.846562 0.221250 0.084375 0.129167
0 0.656250 0.190833 0.053750 0.096667
0 0.181250 0.186667 0.078750 0.105000
0 0.704688 0.184583 0.051875 0.109167
0 0.266250 0.172917 0.070000 0.092500
0 0.752812 0.185000 0.056875 0.126667
0 0.342813 0.160833 0.066875 0.086667
0 0.794375 0.131250 0.072500 0.074167
0 0.953125 0.110833 0.067500 0.101667
0 0.395937 0.095417 0.070625 0.099167
0 0.206563 0.086667 0.069375 0.103333
0 0.788438 0.022500 0.069375 0.045000
0 0.308125 0.041667 0.066250 0.083333