0 0.574375 0.977917 0.050000 0.044167
0 0.652500 0.972917 0.058750 0.054167
0 0.209375 0.967917 0.067500 0.064167
0 0.012812 0.965833 0.025625 0.068333
0 0.345000 0.963750 0.081250 0.072500
0 0.066562 0.947083 0.080625 0.105833
0 0.897500 0.943750 0.075000 0.100833
0 0.374375 0.875417 0.072500 0.089167
0 0.848750 0.855833 0.061250 0.080000
0 0.057500 0.843333 0.076250 0.068333
0 0.332813 0.855417 0.061875 0.104167
0 0.191875 0.845833 0.052500 0.086667
0 0.711875 0.828333 0.070000 0.091667
0 0.405625 0.761667 0.062500 0.068333
0 0.910000 0.760000 0.058750 0.075000
0 0.071875 0.749167 0.057500 0.073333
0 0.228750 0.705833 0.058750 0.080000
0 0.504375 0.703333 0.065000 0.078333
0 0.169687 0.683333 0.075625 0.115000
0 0.730938 0.621250 0.059375 0.074167
0 0.383750 0.627500 0.067500 0.091667
0 0.449062 0.637917 0.091875 0.140833
0 0.683750 0.594167 0.075000 0.093333
0 0.188750 0.576667 0.068750 0.078333
0 0.883125 0.549167 0.072500 0.090000
0 0.106250 0.541667 0.063750 0.085000
0 0.412813 0.532917 0.064375 0.072500
0 0.532500 0.501667 0.093750 0.118333
0 0.141875 0.476667 0.070000 0.081667
0 0.722500 0.442500 0.063750 0.086667
0 0.921250 0.410000 0.066250 0.088333
0 0.639375 0.407500 0.085000 0.096667
0 0.531250 0.391667 0.071250 0.071667
0 0.828125 0.372500 0.072500 0.103333
0 0.026562 0.368333 0.053125 0.095000
0 0.401250 0.340000 0.058750 0.088333
0 0.486250 0.315833 0.066250 0.080000
0 0.567500 0.320417 0.060000 0.097500
0 0.324688 0.315000 0.064375 0.098333
0 0.143750 0.290833 0.071250 0.090000
0 0.255000 0.277500 0.063750 0.083333
0 0.965625 0.206667 0.060000 0.065000
0 0.578125 0.213333 0.078750 0.100000
0 0.483750 0.204167 0.076250 0.086667
0 0.717500 0.184167 0.056250 0.076667
0 0.640312 0.191667 0.066875 0.095000
0 0.800625 0.160000 0.080000 0.105000
0 0.938125 0.126667 0.085000 0.078333
0 0.226875 0.115000 0.060000 0.071667
0 0.342187 0.082083 0.071875 0.097500
0 0.832500 0.046667 0.066250 0.085000
0 0.632500 0.030000 0.111250 0.060000
0 0.448750 0.022083 0.073750 0.044167
0 0.043750 0.037917 0.070000 0.075833