0 0.975000 0.974583 0.050000 0.050833
0 0.514375 0.961667 0.051250 0.066667
0 0.430312 0.959167 0.056875 0.075000
0 0.380312 0.957917 0.058125 0.079167
0 0.748437 0.956667 0.055625 0.085000
0 0.573438 0.945833 0.051875 0.065000
0 0.148750 0.943750 0.061250 0.082500
0 0.231250 0.929167 0.065000 0.086667
0 0.027500 0.924583 0.055000 0.079167
0 0.679063 0.921667 0.066875 0.086667
0 0.986875 0.917083 0.026250 0.079167
0 0.294063 0.914167 0.055625 0.078333
0 0.117813 0.902500 0.056875 0.078333
0 0.440625 0.903333 0.060000 0.086667
0 0.354063 0.897917 0.059375 0.080833
0 0.511250 0.882500 0.061250 0.088333
0 0.571562 0.871250 0.058125 0.089167
0 0.629687 0.862500 0.054375 0.078333
0 0.064375 0.862917 0.066250 0.080833
0 0.148125 0.855000 0.055000 0.070000
0 0.381875 0.841250 0.056250 0.075833
0 0.924063 0.793750 0.061875 0.062500
0 0.465313 0.792083 0.050625 0.065833
0 0.111250 0.800000 0.052500 0.083333
0 0.982812 0.786667 0.034375 0.070000
0 0.358750 0.769583 0.061250 0.070833
0 0.845000 0.767917 0.062500 0.074167
0 0.231875 0.767500 0.066250 0.073333
0 0.034375 0.758750 0.068750 0.090833
0 0.520625 0.754167 0.063750 0.086667
0 0.306875 0.740833 0.048750 0.061667
0 0.663438 0.748750 0.063125 0.092500
0 0.583125 0.739583 0.056250 0.074167
0 0.453437 0.729583 0.055625 0.070833
0 0.102813 0.725000 0.059375 0.068333
0 0.364687 0.714583 0.055625 0.072500
0 0.936250 0.712500 0.052500 0.073333
0 0.779062 0.712500 0.061875 0.083333
0 0.892813 0.695833 0.054375 0.071667
0 0.982187 0.680833 0.035625 0.078333
0 0.483438 0.658333 0.060625 0.075000
0 0.200313 0.660000 0.064375 0.080000
0 0.573125 0.656667 0.061250 0.085000
0 0.855938 0.649583 0.060625 0.094167
0 0.399375 0.663333 0.075000 0.123333
0 0.074063 0.652083 0.060625 0.122500
0 0.807813 0.624167 0.051875 0.078333
0 0.353125 0.620833 0.056250 0.081667
0 0.750625 0.612500 0.058750 0.078333
0 0.027187 0.613333 0.054375 0.080000
0 0.488125 0.595833 0.053750 0.075000
0 0.982500 0.595000 0.035000 0.080000
0 0.184062 0.590417 0.054375 0.094167
0 0.147813 0.585417 0.063125 0.107500
0 0.952812 0.567917 0.066875 0.080833
0 0.308125 0.557500 0.068750 0.088333
0 0.445000 0.536667 0.062500 0.081667
0 0.253437 0.527500 0.064375 0.095000
0 0.769062 0.500833 0.054375 0.081667
0 0.200313 0.493750 0.056875 0.074167
0 0.308125 0.478333 0.051250 0.068333
0 0.881563 0.471667 0.064375 0.078333
0 0.600625 0.444167 0.068750 0.093333
0 0.943438 0.443333 0.085625 0.106667
0 0.350313 0.427083 0.058125 0.079167
0 0.234375 0.421250 0.056250 0.074167
0 0.177813 0.421667 0.054375 0.076667
0 0.118438 0.400833 0.060625 0.085000
0 0.554375 0.380000 0.053750 0.056667
0 0.472813 0.383750 0.066875 0.082500
0 0.413438 0.375417 0.050625 0.079167
0 0.019062 0.375833 0.038125 0.080000
0 0.736250 0.349583 0.062500 0.087500
0 0.637813 0.340417 0.065625 0.069167
0 0.535625 0.339167 0.061250 0.071667
0 0.939688 0.328750 0.063125 0.089167
0 0.631875 0.288750 0.055000 0.065833
0 0.811875 0.291250 0.057500 0.077500
0 0.578125 0.285000 0.053750 0.076667
0 0.875625 0.282083 0.055000 0.079167
0 0.521875 0.266667 0.058750 0.081667
0 0.325313 0.241250 0.065625 0.077500
0 0.778438 0.217500 0.050625 0.061667
0 0.631250 0.223333 0.056250 0.076667
0 0.469062 0.219167 0.060625 0.076667
0 0.570312 0.207500 0.069375 0.081667
0 0.039062 0.193333 0.060625 0.075000
0 0.740625 0.192917 0.061250 0.080833
0 0.988125 0.175833 0.023750 0.066667
0 0.939688 0.168333 0.061875 0.078333
0 0.552813 0.162917 0.055625 0.069167
0 0.862812 0.151667 0.066875 0.090000
0 0.117500 0.141250 0.063750 0.084167
0 0.774687 0.133750 0.060625 0.074167
0 0.242188 0.135000 0.061875 0.081667
0 0.388437 0.123333 0.051875 0.063333
0 0.604375 0.125417 0.062500 0.074167
0 0.057813 0.114167 0.058125 0.081667
0 0.974375 0.094583 0.051250 0.074167
0 0.543125 0.087500 0.056250 0.075000
0 0.163125 0.084583 0.053750 0.072500
0 0.739688 0.067917 0.054375 0.067500
0 0.438125 0.072083 0.057500 0.075833
0 0.804063 0.056250 0.054375 0.072500
0 0.337500 0.058750 0.066250 0.105833
0 0.033438 0.040833 0.058125 0.075000
0 0.947500 0.031667 0.048750 0.063333
0 0.750000 0.020833 0.050000 0.041667
0 0.676562 0.035000 0.065625 0.070000
0 0.507812 0.032500 0.053125 0.065000
0 0.245938 0.043333 0.070625 0.086667