0 0.133437 0.975000 0.078125 0.050000
0 0.877500 0.973333 0.071250 0.053333
0 0.502500 0.970000 0.070000 0.060000
0 0.946875 0.956667 0.067500 0.086667
0 0.797813 0.956667 0.065625 0.086667
0 0.670625 0.946667 0.073750 0.100000
0 0.086563 0.919583 0.074375 0.085833
0 0.860313 0.920000 0.071875 0.095000
0 0.527500 0.890417 0.068750 0.094167
0 0.688750 0.868750 0.073750 0.079167
0 0.219375 0.869583 0.068750 0.087500
0 0.487500 0.854167 0.077500 0.098333
0 0.162500 0.794167 0.075000 0.096667
0 0.958750 0.757917 0.073750 0.090833
0 0.103438 0.740417 0.066875 0.084167
0 0.776250 0.726667 0.070000 0.091667
0 0.076250 0.684583 0.061250 0.079167
0 0.826875 0.687917 0.062500 0.090833
0 0.603750 0.679167 0.105000 0.116667
0 0.782500 0.643333 0.075000 0.083333
0 0.883437 0.633750 0.064375 0.094167
0 0.401875 0.618750 0.068750 0.082500
0 0.084375 0.615833 0.083750 0.076667
0 0.555625 0.612917 0.070000 0.099167
0 0.339687 0.611667 0.058125 0.115000
0 0.025937 0.598750 0.051875 0.092500
0 0.387813 0.565417 0.066875 0.077500
0 0.770312 0.559583 0.060625 0.080833
0 0.935312 0.553333 0.064375 0.090000
0 0.099375 0.524583 0.070000 0.090833
0 0.290625 0.518750 0.065000 0.092500
0 0.644375 0.512917 0.068750 0.095833
0 0.968125 0.495417 0.063750 0.067500
0 0.014063 0.505417 0.028125 0.089167
0 0.856875 0.498333 0.073750 0.096667
0 0.322188 0.482917 0.064375 0.094167
0 0.121563 0.428750 0.066875 0.099167
0 0.216875 0.412500 0.068750 0.088333
0 0.657188 0.412500 0.064375 0.096667
0 0.102500 0.330833 0.068750 0.093333
0 0.442812 0.315417 0.066875 0.084167
0 0.671562 0.317083 0.064375 0.089167
0 0.531875 0.322083 0.065000 0.099167
0 0.774062 0.308750 0.069375 0.090833
0 0.167813 0.307083 0.070625 0.094167
0 0.026250 0.281250 0.052500 0.092500
0 0.355938 0.247500 0.065625 0.093333
0 0.463125 0.222917 0.066250 0.089167
0 0.629062 0.224167 0.068125 0.096667
0 0.704375 0.205000 0.070000 0.096667
0 0.226562 0.190833 0.068125 0.093333
0 0.408750 0.175833 0.067500 0.090000
0 0.087500 0.173333 0.067500 0.100000
0 0.911250 0.179167 0.107500 0.113333
0 0.159688 0.169583 0.069375 0.099167
0 0.349687 0.156250 0.063125 0.089167
0 0.749062 0.146667 0.053125 0.111667
0 0.517188 0.135833 0.066875 0.101667
0 0.809688 0.128750 0.105625 0.107500
0 0.633437 0.105000 0.073125 0.105000
0 0.021562 0.044583 0.043125 0.082500
0 0.796875 0.035000 0.063750 0.070000
0 0.730000 0.042083 0.065000 0.084167
0 0.565937 0.027917 0.064375 0.055833
0 0.390625 0.025833 0.073750 0.051667
0 0.119063 0.042917 0.071875 0.085833