0 0.963125 0.973333 0.056250 0.053333
0 0.730625 0.965417 0.072500 0.069167
0 0.848750 0.963750 0.091250 0.072500
0 0.935937 0.947500 0.055625 0.071667
0 0.523125 0.932500 0.062500 0.095000
0 0.977500 0.909583 0.045000 0.080833
0 0.618125 0.902917 0.066250 0.080833
0 0.030937 0.881250 0.056875 0.069167
0 0.543438 0.877500 0.083125 0.118333
0 0.219688 0.847500 0.079375 0.108333
0 0.841562 0.825833 0.068125 0.093333
0 0.024375 0.807500 0.048750 0.088333
0 0.148750 0.797500 0.060000 0.095000
0 0.195000 0.776667 0.062500 0.081667
0 0.887500 0.768750 0.071250 0.077500
0 0.974375 0.770833 0.051250 0.088333
0 0.521875 0.746667 0.056250 0.076667
0 0.590313 0.747083 0.071875 0.089167
0 0.687813 0.743750 0.069375 0.087500
0 0.194375 0.697500 0.070000 0.070000
0 0.300000 0.680417 0.062500 0.074167
0 0.118750 0.674167 0.065000 0.091667
0 0.580313 0.654167 0.063125 0.081667
0 0.338438 0.645417 0.055625 0.064167
0 0.484687 0.632500 0.075625 0.098333
0 0.282813 0.600833 0.071875 0.078333
0 0.903438 0.592917 0.054375 0.075833
0 0.542813 0.584167 0.061875 0.085000
0 0.470313 0.563750 0.060625 0.072500
0 0.829063 0.561667 0.064375 0.075000
0 0.225312 0.529583 0.063125 0.080833
0 0.419687 0.526250 0.061875 0.082500
0 0.118438 0.532083 0.085625 0.105833
0 0.333750 0.515417 0.051250 0.084167
0 0.635000 0.502083 0.057500 0.079167
0 0.699375 0.500833 0.061250 0.081667
0 0.365312 0.463750 0.054375 0.077500
0 0.177500 0.462500 0.063750 0.075000
0 0.983125 0.437083 0.033750 0.090833
0 0.623437 0.423750 0.049375 0.074167
0 0.548125 0.414167 0.063750 0.080000
0 0.270313 0.415417 0.064375 0.085833
0 0.414062 0.380417 0.054375 0.074167
0 0.320937 0.357500 0.060625 0.083333
0 0.450000 0.345000 0.065000 0.078333
0 0.502188 0.325417 0.051875 0.085833
0 0.788438 0.322917 0.066875 0.090833
0 0.038750 0.312500 0.063750 0.085000
0 0.971250 0.297083 0.053750 0.072500
0 0.404687 0.280000 0.064375 0.076667
0 0.573125 0.274167 0.068750 0.076667
0 0.106250 0.259167 0.063750 0.081667
0 0.520938 0.248750 0.059375 0.074167
0 0.831875 0.247917 0.055000 0.084167
0 0.778750 0.240833 0.053750 0.071667
0 0.948438 0.239167 0.063125 0.075000
0 0.355625 0.231667 0.050000 0.078333
0 0.019062 0.205000 0.038125 0.073333
0 0.597812 0.206250 0.053125 0.079167
0 0.742500 0.174583 0.067500 0.062500
0 0.563750 0.175417 0.050000 0.065833
0 0.146250 0.167500 0.057500 0.075000
0 0.318750 0.159167 0.065000 0.095000
0 0.823125 0.138333 0.056250 0.078333
0 0.226875 0.155417 0.061250 0.115833
0 0.394375 0.127917 0.043750 0.077500
0 0.440312 0.127917 0.070625 0.082500
0 0.614375 0.127917 0.073750 0.095833
0 0.959375 0.127917 0.081250 0.097500
0 0.177500 0.122500 0.056250 0.088333
0 0.041250 0.106250 0.050000 0.104167
0 0.556562 0.084583 0.055625 0.087500
0 0.868750 0.071250 0.068750 0.072500
0 0.236875 0.064167 0.067500 0.085000
0 0.933125 0.048333 0.058750 0.075000
0 0.013437 0.050417 0.026875 0.080833
0 0.785312 0.034167 0.063125 0.068333
0 0.520625 0.038333 0.058750 0.076667
0 0.365000 0.038750 0.061250 0.077500