0 0.735625 0.973750 0.070000 0.052500
0 0.184375 0.971667 0.070000 0.056667
0 0.837812 0.946250 0.058125 0.097500
0 0.981563 0.928333 0.036875 0.085000
0 0.371875 0.864583 0.071250 0.092500
0 0.911250 0.850833 0.066250 0.088333
0 0.557187 0.855833 0.069375 0.100000
0 0.424063 0.807083 0.081875 0.095833
0 0.239063 0.787083 0.071875 0.095833
0 0.785625 0.747917 0.070000 0.095833
0 0.168750 0.743333 0.066250 0.093333
0 0.849063 0.728750 0.065625 0.080833
0 0.091875 0.695833 0.067500 0.095000
0 0.346250 0.691250 0.073750 0.095833
0 0.705000 0.685833 0.067500 0.086667
0 0.288750 0.657083 0.060000 0.084167
0 0.044062 0.637083 0.064375 0.087500
0 0.543438 0.623333 0.070625 0.096667
0 0.763437 0.618750 0.074375 0.099167
0 0.366563 0.585833 0.064375 0.083333
0 0.462813 0.558333 0.066875 0.086667
0 0.796562 0.542500 0.068125 0.090000
0 0.242500 0.535000 0.066250 0.098333
0 0.036875 0.513333 0.072500 0.091667
0 0.685625 0.509583 0.070000 0.089167
0 0.292500 0.500833 0.070000 0.090000
0 0.548750 0.488333 0.063750 0.078333
0 0.164687 0.484167 0.063125 0.081667
0 0.442500 0.481250 0.083750 0.092500
0 0.633125 0.448333 0.058750 0.081667
0 0.211250 0.447917 0.062500 0.082500
0 0.337500 0.442083 0.065000 0.084167
0 0.502812 0.434167 0.070625 0.096667
0 0.343438 0.380833 0.074375 0.075000
0 0.958438 0.380833 0.071875 0.100000
0 0.099375 0.365417 0.062500 0.084167
0 0.670312 0.350833 0.074375 0.098333
0 0.285625 0.285833 0.063750 0.093333
0 0.918438 0.276667 0.081875 0.095000
0 0.168125 0.269167 0.068750 0.091667
0 0.896250 0.184167 0.070000 0.093333
0 0.508125 0.171667 0.067500 0.096667
0 0.577187 0.149167 0.059375 0.081667
0 0.635938 0.148750 0.065625 0.097500
0 0.258437 0.139583 0.066875 0.099167
0 0.764687 0.103333 0.061875 0.088333
0 0.970625 0.066667 0.058750 0.086667
0 0.345313 0.052083 0.085625 0.084167
0 0.421875 0.055417 0.068750 0.092500
0 0.704063 0.040417 0.063125 0.080833
0 0.250000 0.040000 0.072500 0.080000