0 0.153750 0.934167 0.070000 0.100000
0 0.475000 0.923333 0.072500 0.100000
0 0.659687 0.875417 0.070625 0.100833
0 0.056875 0.873750 0.066250 0.097500
0 0.416250 0.881250 0.068750 0.114167
0 0.024375 0.789167 0.048750 0.086667
0 0.835000 0.767500 0.072500 0.093333
0 0.289375 0.744583 0.068750 0.092500
0 0.496563 0.722500 0.073125 0.095000
0 0.861250 0.698750 0.071250 0.090833
0 0.729375 0.696667 0.068750 0.098333
0 0.130000 0.600833 0.070000 0.090000
0 0.042188 0.581250 0.068125 0.080833
0 0.203125 0.567083 0.063750 0.095833
0 0.589688 0.518333 0.088125 0.071667
0 0.482187 0.511667 0.065625 0.091667
0 0.058125 0.495000 0.058750 0.086667
0 0.363750 0.468333 0.068750 0.088333
0 0.463750 0.425000 0.082500 0.085000
0 0.266562 0.427500 0.083125 0.090000
0 0.726562 0.410417 0.071875 0.095833
0 0.130000 0.379583 0.067500 0.090833
0 0.040313 0.362500 0.074375 0.086667
0 0.853437 0.348333 0.076875 0.088333
0 0.484687 0.308750 0.069375 0.099167
0 0.800312 0.284167 0.074375 0.091667
0 0.420625 0.260833 0.082500 0.083333
0 0.101875 0.240417 0.067500 0.109167
0 0.500625 0.209583 0.062500 0.082500
0 0.401875 0.190417 0.078750 0.077500
0 0.638437 0.202083 0.093125 0.104167
0 0.786875 0.150417 0.061250 0.077500
0 0.225625 0.164583 0.065000 0.117500
0 0.641875 0.103750 0.080000 0.090833
0 0.921875 0.095417 0.068750 0.089167
0 0.792813 0.080417 0.064375 0.085833
0 0.406875 0.085417 0.077500 0.099167
0 0.467500 0.033750 0.070000 0.067500
0 0.218438 0.040417 0.069375 0.080833