0 0.883750 0.976667 0.070000 0.046667
0 0.355312 0.966250 0.068125 0.067500
0 0.953125 0.965833 0.067500 0.068333
0 0.515312 0.965833 0.065625 0.068333
0 0.439063 0.962500 0.086875 0.075000
0 0.028750 0.959583 0.057500 0.080833
0 0.556250 0.957917 0.065000 0.084167
0 0.732500 0.930417 0.063750 0.075833
0 0.310312 0.929167 0.063125 0.085000
0 0.245938 0.919167 0.061875 0.081667
0 0.072813 0.891667 0.068125 0.076667
0 0.145313 0.882500 0.070625 0.078333
0 0.969688 0.875833 0.060625 0.093333
0 0.898750 0.867083 0.063750 0.085833
0 0.470313 0.868333 0.069375 0.093333
0 0.849375 0.854167 0.068750 0.078333
0 0.770938 0.852500 0.063125 0.086667
0 0.433750 0.838750 0.061250 0.072500
0 0.247188 0.839583 0.058125 0.079167
0 0.729688 0.825833 0.055625 0.080000
0 0.306563 0.826667 0.063125 0.085000
0 0.379688 0.817083 0.053125 0.070833
0 0.667500 0.822917 0.068750 0.084167
0 0.965938 0.805833 0.068125 0.080000
0 0.528750 0.807500 0.072500 0.091667
0 0.589375 0.770833 0.060000 0.068333
0 0.806250 0.778750 0.095000 0.102500
0 0.893125 0.772917 0.070000 0.095833
0 0.225312 0.762917 0.064375 0.080833
0 0.937500 0.747083 0.070000 0.079167
0 0.320312 0.730000 0.064375 0.096667
0 0.656563 0.729583 0.063125 0.099167
0 0.388437 0.720833 0.061875 0.083333
0 0.210625 0.712500 0.063750 0.076667
0 0.283438 0.693750 0.064375 0.062500
0 0.919375 0.690000 0.068750 0.068333
0 0.854062 0.685833 0.060625 0.085000
0 0.614062 0.675417 0.080625 0.070833
0 0.149688 0.664167 0.096875 0.126667
0 0.018437 0.627917 0.036875 0.070833
0 0.098437 0.629583 0.065625 0.084167
0 0.714063 0.633333 0.101875 0.110000
0 0.920312 0.615417 0.068125 0.080833
0 0.976875 0.614583 0.046250 0.097500
0 0.324375 0.614583 0.131250 0.105833
0 0.523125 0.600417 0.068750 0.080833
0 0.417187 0.599167 0.065625 0.093333
0 0.830000 0.589583 0.065000 0.089167
0 0.233125 0.582083 0.062500 0.080833
0 0.644062 0.582917 0.093125 0.122500
0 0.721250 0.555000 0.070000 0.093333
0 0.056250 0.552917 0.071250 0.090833
0 0.760312 0.539583 0.065625 0.092500
0 0.475625 0.527083 0.057500 0.094167
0 0.536250 0.514167 0.065000 0.086667
0 0.385937 0.516667 0.074375 0.095000
0 0.124375 0.486667 0.113750 0.133333
0 0.949688 0.444583 0.065625 0.079167
0 0.593750 0.439167 0.070000 0.081667
0 0.407813 0.440417 0.068125 0.090833
0 0.665625 0.415833 0.056250 0.071667
0 0.214688 0.472083 0.111875 0.184167
0 0.620000 0.402917 0.062500 0.084167
0 0.553438 0.378750 0.055625 0.077500
0 0.196563 0.350833 0.048125 0.083333
0 0.143125 0.355417 0.066250 0.125833
0 0.045312 0.323333 0.055625 0.066667
0 0.908125 0.294167 0.061250 0.073333
0 0.802813 0.302500 0.083125 0.093333
0 0.635312 0.304583 0.095625 0.100833
0 0.489375 0.287083 0.068750 0.077500
0 0.714063 0.332917 0.118125 0.179167
0 0.025625 0.279583 0.051250 0.080833
0 0.093125 0.276250 0.067500 0.087500
0 0.852812 0.254583 0.050625 0.069167
0 0.918438 0.255417 0.069375 0.074167
0 0.245000 0.284583 0.095000 0.184167
0 0.134375 0.228750 0.060000 0.074167
0 0.561875 0.221250 0.071250 0.090833
0 0.494688 0.216250 0.058125 0.080833
0 0.207187 0.215417 0.071875 0.099167
0 0.803750 0.204583 0.078750 0.080833
0 0.025625 0.198333 0.051250 0.088333
0 0.731250 0.168750 0.072500 0.094167
0 0.235000 0.162500 0.057500 0.096667
0 0.362500 0.153333 0.067500 0.086667
0 0.626563 0.133333 0.064375 0.070000
0 0.267500 0.130417 0.058750 0.109167
0 0.220000 0.082083 0.071250 0.070833
0 0.687813 0.084167 0.061875 0.090000
0 0.469062 0.093750 0.079375 0.125833
0 0.154375 0.066250 0.062500 0.079167
0 0.544687 0.059167 0.060625 0.078333
0 0.835625 0.043333 0.077500 0.086667
0 0.771563 0.021667 0.065625 0.043333
0 0.683125 0.033333 0.072500 0.066667
0 0.411562 0.060833 0.133125 0.121667
0 0.182500 0.023333 0.073750 0.046667
0 0.098125 0.043333 0.065000 0.086667