0 0.715313 0.982917 0.046875 0.034167
0 0.656563 0.974167 0.044375 0.051667
0 0.457188 0.972917 0.066875 0.054167
0 0.303438 0.970833 0.060625 0.058333
0 0.557813 0.966250 0.048125 0.067500
0 0.614062 0.963333 0.058125 0.073333
0 0.189062 0.959167 0.068125 0.081667
0 0.126875 0.959167 0.071250 0.081667
0 0.505313 0.924167 0.066875 0.073333
0 0.690625 0.922500 0.063750 0.085000
0 0.335000 0.911667 0.063750 0.071667
0 0.201875 0.900833 0.050000 0.075000
0 0.262813 0.904167 0.060625 0.086667
0 0.811562 0.862917 0.050625 0.065833
0 0.694063 0.847917 0.065625 0.070833
0 0.541875 0.843333 0.060000 0.073333
0 0.985313 0.843333 0.029375 0.075000
0 0.470313 0.829583 0.061875 0.082500
0 0.759062 0.822917 0.063125 0.077500
0 0.637813 0.803750 0.045625 0.070833
0 0.921250 0.803750 0.056250 0.090833
0 0.973437 0.785833 0.049375 0.078333
0 0.750938 0.778333 0.050625 0.066667
0 0.690625 0.777500 0.062500 0.065000
0 0.139375 0.752917 0.056250 0.065833
0 0.590000 0.762917 0.056250 0.095833
0 0.871875 0.740000 0.052500 0.070000
0 0.724063 0.710417 0.048125 0.077500
0 0.398750 0.707500 0.048750 0.073333
0 0.296563 0.689583 0.055625 0.072500
0 0.395625 0.645417 0.060000 0.045833
0 0.236563 0.667917 0.055625 0.105833
0 0.025313 0.647917 0.050625 0.069167
0 0.502188 0.643333 0.063125 0.075000
0 0.969688 0.634167 0.060625 0.083333
0 0.833125 0.633750 0.061250 0.087500
0 0.357500 0.610000 0.047500 0.058333
0 0.926250 0.612083 0.056250 0.085833
0 0.407813 0.592500 0.056875 0.058333
0 0.883437 0.611667 0.043125 0.101667
0 0.232813 0.579167 0.055625 0.065000
0 0.847187 0.578750 0.059375 0.077500
0 0.454062 0.545417 0.058125 0.085833
0 0.073750 0.535833 0.061250 0.068333
0 0.908750 0.520417 0.050000 0.067500
0 0.377500 0.530833 0.067500 0.105000
0 0.746250 0.503750 0.061250 0.074167
0 0.195937 0.502500 0.056875 0.076667
0 0.422187 0.490417 0.051875 0.060833
0 0.847812 0.492500 0.056875 0.073333
0 0.646563 0.482500 0.060625 0.078333
0 0.805625 0.475417 0.058750 0.072500
0 0.524375 0.464167 0.051250 0.068333
0 0.901563 0.417917 0.060625 0.062500
0 0.766875 0.424167 0.062500 0.081667
0 0.489687 0.421667 0.073125 0.083333
0 0.969063 0.395000 0.061875 0.086667
0 0.016563 0.382917 0.033125 0.072500
0 0.634062 0.380833 0.055625 0.078333
0 0.713437 0.370000 0.060625 0.073333
0 0.787813 0.358333 0.046875 0.066667
0 0.090000 0.361250 0.051250 0.072500
0 0.752500 0.331250 0.053750 0.069167
0 0.187812 0.338750 0.059375 0.089167
0 0.308750 0.354167 0.091250 0.126667
0 0.524375 0.325000 0.055000 0.071667
0 0.124375 0.309167 0.050000 0.065000
0 0.333750 0.312083 0.063750 0.074167
0 0.586875 0.303750 0.051250 0.059167
0 0.048125 0.306667 0.066250 0.083333
0 0.744687 0.276250 0.041875 0.040833
0 0.018750 0.297083 0.037500 0.089167
0 0.414375 0.288750 0.087500 0.085833
0 0.654375 0.291667 0.067500 0.096667
0 0.964375 0.285833 0.071250 0.093333
0 0.698438 0.272917 0.048125 0.079167
0 0.444688 0.240417 0.046875 0.060833
0 0.582812 0.239167 0.061875 0.080000
0 0.030000 0.214583 0.060000 0.080833
0 0.625938 0.215000 0.074375 0.100000
0 0.800937 0.209167 0.051875 0.090000
0 0.308750 0.215833 0.078750 0.103333
0 0.095000 0.194583 0.067500 0.072500
0 0.160000 0.150833 0.051250 0.070000
0 0.470625 0.123333 0.057500 0.080000
0 0.685312 0.121250 0.070625 0.097500
0 0.264375 0.105417 0.056250 0.075833
0 0.904375 0.107917 0.058750 0.085833
0 0.844375 0.086250 0.057500 0.077500
0 0.944063 0.075833 0.058125 0.073333
0 0.023750 0.074167 0.047500 0.078333
0 0.342187 0.058750 0.051875 0.060833
0 0.417500 0.076250 0.105000 0.107500
0 0.203437 0.052500 0.046875 0.075000
0 0.626875 0.051667 0.055000 0.076667
0 0.703438 0.018333 0.048125 0.036667
0 0.153438 0.036667 0.051875 0.073333