0 0.328437 0.982500 0.085625 0.035000
0 0.794687 0.966250 0.076875 0.067500
0 0.018125 0.957083 0.036250 0.067500
0 0.409062 0.961250 0.068125 0.077500
0 0.268437 0.947083 0.076875 0.090833
0 0.778438 0.917083 0.078125 0.080833
0 0.895625 0.905000 0.078750 0.078333
0 0.320625 0.857917 0.073750 0.092500
0 0.034063 0.807917 0.068125 0.085833
0 0.862812 0.805833 0.073125 0.090000
0 0.931875 0.793750 0.062500 0.097500
0 0.515938 0.726667 0.073125 0.088333
0 0.092188 0.720833 0.073125 0.083333
0 0.824375 0.700833 0.092500 0.098333
0 0.607187 0.685417 0.071875 0.092500
0 0.169375 0.646250 0.077500 0.084167
0 0.506563 0.627083 0.061875 0.099167
0 0.437188 0.616667 0.068125 0.088333
0 0.841562 0.600417 0.065625 0.080833
0 0.353750 0.604583 0.080000 0.095833
0 0.937187 0.587083 0.064375 0.087500
0 0.742500 0.563750 0.076250 0.084167
0 0.570937 0.560417 0.071875 0.090833
0 0.280313 0.542500 0.065625 0.086667
0 0.376875 0.543333 0.078750 0.100000
0 0.425000 0.517083 0.072500 0.100833
0 0.555625 0.490417 0.091250 0.055833
0 0.174375 0.503333 0.078750 0.093333
0 0.774687 0.486250 0.071875 0.087500
0 0.845625 0.467083 0.066250 0.089167
0 0.949063 0.441667 0.079375 0.086667
0 0.660937 0.431250 0.071875 0.089167
0 0.124375 0.367083 0.067500 0.092500
0 0.488750 0.360833 0.091250 0.108333
0 0.948438 0.329167 0.073125 0.081667
0 0.877188 0.293333 0.084375 0.093333
0 0.540000 0.255417 0.070000 0.094167
0 0.474375 0.228750 0.065000 0.085833
0 0.884062 0.189167 0.059375 0.076667
0 0.361875 0.161250 0.081250 0.089167
0 0.975313 0.154583 0.049375 0.084167
0 0.688125 0.132083 0.076250 0.107500
0 0.396875 0.106250 0.078750 0.084167
0 0.716875 0.072083 0.072500 0.094167
0 0.107813 0.048750 0.063125 0.079167
0 0.906875 0.037083 0.068750 0.074167