0 0.329375 0.970417 0.080000 0.059167
0 0.764375 0.969167 0.078750 0.061667
0 0.137187 0.960833 0.098125 0.078333
0 0.510000 0.927500 0.093750 0.085000
0 0.986563 0.828333 0.026875 0.085000
0 0.120625 0.761250 0.068750 0.082500
0 0.746250 0.741667 0.075000 0.083333
0 0.832812 0.741250 0.090625 0.112500
0 0.980000 0.705417 0.040000 0.092500
0 0.508125 0.526667 0.083750 0.101667
0 0.730625 0.531667 0.107500 0.121667
0 0.306250 0.451250 0.076250 0.095833
0 0.102500 0.421250 0.087500 0.097500
0 0.480938 0.395833 0.064375 0.078333
0 0.640000 0.325833 0.070000 0.088333
0 0.969375 0.210833 0.061250 0.101667
0 0.608125 0.200000 0.066250 0.101667
0 0.158438 0.167083 0.083125 0.107500
0 0.810937 0.159167 0.076875 0.096667
0 0.931250 0.117083 0.092500 0.085833
0 0.768125 0.082500 0.067500 0.083333
0 0.977500 0.049583 0.045000 0.065833
0 0.913438 0.061250 0.099375 0.107500
0 0.267500 0.045833 0.066250 0.091667