0 0.495000 0.977917 0.053750 0.044167
0 0.781563 0.972917 0.069375 0.054167
0 0.912188 0.942500 0.055625 0.106667
0 0.707187 0.925417 0.064375 0.084167
0 0.771250 0.930833 0.091250 0.100000
0 0.863437 0.922500 0.044375 0.108333
0 0.066562 0.919167 0.121875 0.105000
0 0.296563 0.906667 0.055625 0.091667
0 0.243125 0.897500 0.056250 0.076667
0 0.422500 0.878333 0.078750 0.113333
0 0.530937 0.873750 0.069375 0.109167
0 0.065312 0.853333 0.083125 0.075000
0 0.318437 0.865000 0.065625 0.100000
0 0.930312 0.854167 0.078125 0.081667
0 0.806875 0.847083 0.077500 0.074167
0 0.355312 0.866667 0.054375 0.113333
0 0.260313 0.851250 0.061875 0.092500
0 0.678125 0.842917 0.070000 0.077500
0 0.455625 0.837083 0.057500 0.065833
0 0.734375 0.844167 0.053750 0.095000
0 0.512188 0.832083 0.060625 0.072500
0 0.697187 0.781667 0.075625 0.045000
0 0.024688 0.808750 0.045625 0.114167
0 0.076563 0.792500 0.061875 0.085000
0 0.807500 0.779583 0.078750 0.082500
0 0.636563 0.760833 0.064375 0.071667
0 0.283750 0.745417 0.081250 0.072500
0 0.712500 0.731667 0.065000 0.051667
0 0.574063 0.762083 0.065625 0.114167
0 0.222812 0.750833 0.059375 0.095000
0 0.163125 0.729167 0.055000 0.095000
0 0.915625 0.714583 0.075000 0.080833
0 0.038750 0.704167 0.065000 0.080000
0 0.623437 0.704167 0.064375 0.090000
0 0.113125 0.696250 0.066250 0.082500
0 0.681875 0.686667 0.098750 0.081667
0 0.825625 0.690833 0.077500 0.138333
0 0.251250 0.668750 0.060000 0.095833
0 0.767500 0.681667 0.050000 0.133333
0 0.725938 0.641667 0.060625 0.091667
0 0.850000 0.638333 0.048750 0.103333
0 0.219688 0.610833 0.059375 0.076667
0 0.635625 0.606667 0.071250 0.083333
0 0.714375 0.601667 0.070000 0.076667
0 0.069062 0.610000 0.086875 0.103333
0 0.904375 0.608333 0.071250 0.108333
0 0.937187 0.583333 0.041875 0.105000
0 0.814688 0.550833 0.055625 0.106667
0 0.697187 0.532083 0.101875 0.085833
0 0.177813 0.523333 0.050625 0.105000
0 0.838750 0.522083 0.046250 0.115833
0 0.225000 0.515833 0.060000 0.103333
0 0.639062 0.493750 0.073125 0.084167
0 0.785937 0.496667 0.058125 0.103333
0 0.853125 0.480833 0.061250 0.083333
0 0.029063 0.460000 0.058125 0.086667
0 0.751563 0.457500 0.084375 0.095000
0 0.243750 0.452500 0.072500 0.095000
0 0.679063 0.436667 0.063125 0.075000
0 0.529687 0.437083 0.064375 0.087500
0 0.710625 0.397500 0.070000 0.078333
0 0.388437 0.385833 0.076875 0.061667
0 0.613125 0.407500 0.068750 0.123333
0 0.259375 0.386667 0.053750 0.083333
0 0.539687 0.375833 0.089375 0.080000
0 0.151562 0.367500 0.050625 0.083333
0 0.809375 0.373750 0.096250 0.097500
0 0.313437 0.361250 0.086875 0.084167
0 0.055313 0.353333 0.086875 0.070000
0 0.206250 0.359167 0.056250 0.106667
0 0.027500 0.320417 0.055000 0.099167
0 0.628437 0.309167 0.073125 0.083333
0 0.110625 0.288333 0.102500 0.060000
0 0.691250 0.315417 0.102500 0.120833
0 0.958438 0.297917 0.073125 0.087500
0 0.435312 0.276667 0.070625 0.095000
0 0.761875 0.281667 0.096250 0.108333
0 0.586875 0.252083 0.053750 0.087500
0 0.629062 0.241667 0.051875 0.086667
0 0.823750 0.242500 0.046250 0.096667
0 0.775625 0.220417 0.058750 0.092500
0 0.225000 0.217500 0.076250 0.095000
0 0.717812 0.207083 0.056875 0.075833
0 0.649687 0.185000 0.065625 0.073333
0 0.491875 0.182917 0.061250 0.075833
0 0.425000 0.172083 0.065000 0.095833
0 0.263750 0.162500 0.110000 0.078333
0 0.560312 0.160000 0.069375 0.081667
0 0.025313 0.154167 0.050625 0.078333
0 0.459375 0.127083 0.085000 0.070833
0 0.134687 0.121250 0.129375 0.067500
0 0.790625 0.124167 0.068750 0.078333
0 0.396562 0.124583 0.070625 0.089167
0 0.525000 0.110000 0.067500 0.083333
0 0.290625 0.108750 0.085000 0.080833
0 0.685625 0.112083 0.066250 0.090833
0 0.549063 0.085000 0.064375 0.071667
0 0.964375 0.069167 0.071250 0.065000
0 0.738750 0.076250 0.077500 0.085833
0 0.648125 0.075417 0.068750 0.085833
0 0.119688 0.064167 0.081875 0.066667
0 0.226875 0.064583 0.080000 0.072500
0 0.454688 0.045833 0.111875 0.066667
0 0.277187 0.030417 0.084375 0.060833