0 0.335000 0.894583 0.066250 0.087500
0 0.565000 0.878750 0.070000 0.092500
0 0.473125 0.848750 0.058750 0.070833
0 0.173437 0.824167 0.076875 0.100000
0 0.127188 0.703333 0.084375 0.093333
0 0.176875 0.685417 0.071250 0.082500
0 0.830313 0.632083 0.069375 0.097500
0 0.312500 0.610417 0.088750 0.095833
0 0.242812 0.547917 0.068125 0.082500
0 0.895938 0.527083 0.073125 0.112500
0 0.275000 0.492917 0.097500 0.115833
0 0.097812 0.447500 0.068125 0.085000
0 0.876563 0.424583 0.068125 0.089167
0 0.046562 0.320417 0.093125 0.100833
0 0.511563 0.305833 0.074375 0.096667
0 0.018125 0.235000 0.036250 0.085000
0 0.391562 0.218333 0.063125 0.088333
0 0.359687 0.142083 0.108125 0.089167
0 0.034688 0.142917 0.069375 0.104167
0 0.912813 0.104167 0.079375 0.100000
0 0.176563 0.076667 0.063125 0.086667
0 0.663750 0.022917 0.062500 0.045833
0 0.570625 0.038750 0.076250 0.077500
0 0.503437 0.021250 0.060625 0.042500