0 0.800312 0.979167 0.063125 0.041667
0 0.100625 0.961250 0.062500 0.077500
0 0.865000 0.956667 0.070000 0.086667
0 0.689063 0.950417 0.053125 0.074167
0 0.290625 0.941667 0.065000 0.083333
0 0.801250 0.931250 0.070000 0.065833
0 0.203750 0.940417 0.065000 0.085833
0 0.595000 0.938750 0.073750 0.094167
0 0.171875 0.916667 0.068750 0.090000
0 0.979375 0.905000 0.041250 0.090000
0 0.050313 0.901250 0.058125 0.084167
0 0.902500 0.904583 0.070000 0.100833
0 0.265000 0.885417 0.072500 0.089167
0 0.555937 0.873750 0.073125 0.100833
0 0.915937 0.842917 0.071875 0.064167
0 0.083437 0.836250 0.074375 0.085833
0 0.680937 0.836250 0.068125 0.089167
0 0.860938 0.823333 0.069375 0.096667
0 0.152812 0.817500 0.068125 0.096667
0 0.969688 0.813750 0.060625 0.112500
0 0.695625 0.797917 0.075000 0.102500
0 0.526875 0.774167 0.076250 0.098333
0 0.030312 0.766667 0.060625 0.095000
0 0.344375 0.752917 0.070000 0.095833
0 0.652813 0.725000 0.065625 0.093333
0 0.876563 0.718750 0.104375 0.110833
0 0.564688 0.695833 0.075625 0.096667
0 0.711875 0.695000 0.080000 0.096667
0 0.063125 0.689583 0.063750 0.090833
0 0.931875 0.675833 0.066250 0.088333
0 0.493750 0.665000 0.073750 0.100000
0 0.753750 0.652917 0.068750 0.102500
0 0.883125 0.632917 0.056250 0.069167
0 0.661563 0.631250 0.068125 0.089167
0 0.268437 0.600417 0.069375 0.090833
0 0.083125 0.595833 0.066250 0.088333
0 0.582812 0.590833 0.071875 0.096667
0 0.418438 0.562500 0.056875 0.083333
0 0.870938 0.549583 0.073125 0.089167
0 0.698750 0.547083 0.077500 0.099167
0 0.374375 0.536250 0.052500 0.104167
0 0.142500 0.527083 0.071250 0.097500
0 0.077500 0.505417 0.062500 0.090833
0 0.326562 0.490417 0.074375 0.094167
0 0.645625 0.482917 0.073750 0.095833
0 0.939063 0.477500 0.079375 0.098333
0 0.734062 0.437083 0.061875 0.070833
0 0.856563 0.445833 0.065625 0.091667
0 0.114687 0.434583 0.074375 0.100833
0 0.580313 0.422917 0.090625 0.079167
0 0.246875 0.399167 0.070000 0.081667
0 0.966250 0.397500 0.056250 0.086667
0 0.506875 0.393333 0.057500 0.100000
0 0.916562 0.387500 0.076875 0.091667
0 0.332188 0.377500 0.069375 0.086667
0 0.550625 0.366250 0.070000 0.090833
0 0.054375 0.359167 0.066250 0.085000
0 0.198750 0.343333 0.058750 0.090000
0 0.138437 0.342917 0.083125 0.100833
0 0.330625 0.321667 0.080000 0.076667
0 0.760312 0.328750 0.075625 0.100833
0 0.474375 0.322917 0.072500 0.092500
0 0.669063 0.317083 0.073125 0.087500
0 0.252188 0.290833 0.066875 0.088333
0 0.573438 0.289583 0.078125 0.095833
0 0.808125 0.246667 0.086250 0.095000
0 0.369688 0.247500 0.050625 0.103333
0 0.025313 0.234167 0.050625 0.088333
0 0.976875 0.236250 0.046250 0.097500
0 0.635000 0.227917 0.075000 0.102500
0 0.052812 0.209167 0.073125 0.086667
0 0.254688 0.205000 0.066875 0.080000
0 0.501563 0.210833 0.065625 0.095000
0 0.430625 0.213333 0.073750 0.105000
0 0.880000 0.162083 0.082500 0.090833
0 0.345313 0.152083 0.066875 0.099167
0 0.392188 0.149583 0.059375 0.107500
0 0.687813 0.128333 0.066875 0.086667
0 0.605625 0.125833 0.066250 0.096667
0 0.485000 0.125833 0.080000 0.101667
0 0.398125 0.074167 0.076250 0.076667
0 0.239063 0.074167 0.069375 0.080000
0 0.848750 0.067917 0.075000 0.092500
0 0.471250 0.050833 0.070000 0.085000
0 0.349062 0.056667 0.074375 0.096667
0 0.539375 0.060000 0.066250 0.108333
0 0.904375 0.027083 0.073750 0.054167
0 0.801562 0.027500 0.091875 0.055000
0 0.621875 0.032500 0.065000 0.065000
0 0.281562 0.050833 0.064375 0.101667
0 0.219375 0.028333 0.063750 0.056667