0 0.308750 0.975833 0.065000 0.048333
0 0.778125 0.953333 0.065000 0.085000
0 0.386875 0.935833 0.077500 0.086667
0 0.685312 0.921667 0.056875 0.071667
0 0.178125 0.925000 0.058750 0.083333
0 0.014687 0.890417 0.029375 0.095833
0 0.388437 0.860000 0.058125 0.070000
0 0.545000 0.840000 0.057500 0.090000
0 0.495625 0.848333 0.048750 0.111667
0 0.074375 0.833333 0.063750 0.086667
0 0.648125 0.787500 0.057500 0.090000
0 0.020938 0.772500 0.041875 0.085000
0 0.152188 0.765417 0.063125 0.082500
0 0.264062 0.747500 0.070625 0.088333
0 0.552813 0.724583 0.071875 0.079167
0 0.896563 0.687083 0.074375 0.094167
0 0.236563 0.667917 0.064375 0.075833
0 0.765938 0.668333 0.059375 0.085000
0 0.640312 0.630417 0.051875 0.082500
0 0.953438 0.609583 0.060625 0.094167
0 0.250000 0.586250 0.058750 0.087500
0 0.174375 0.587083 0.066250 0.100833
0 0.312500 0.585833 0.061250 0.105000
0 0.486250 0.557500 0.055000 0.085000
0 0.648438 0.547917 0.061875 0.080833
0 0.713750 0.543750 0.056250 0.075833
0 0.167500 0.518750 0.090000 0.079167
0 0.900000 0.511667 0.067500 0.098333
0 0.593750 0.503750 0.061250 0.087500
0 0.827500 0.494167 0.063750 0.086667
0 0.531563 0.501667 0.055625 0.105000
0 0.213750 0.477500 0.073750 0.090000
0 0.561875 0.427083 0.075000 0.069167
0 0.235625 0.416250 0.058750 0.082500
0 0.384688 0.397500 0.053125 0.083333
0 0.431250 0.382083 0.052500 0.090833
0 0.854375 0.367917 0.066250 0.079167
0 0.107500 0.355000 0.063750 0.085000
0 0.567813 0.317917 0.066875 0.085833
0 0.759062 0.299167 0.054375 0.070000
0 0.684063 0.287917 0.055625 0.082500
0 0.857187 0.277500 0.053125 0.075000
0 0.039375 0.285000 0.061250 0.096667
0 0.632812 0.278333 0.055625 0.085000
0 0.149688 0.235417 0.084375 0.089167
0 0.755000 0.222500 0.065000 0.080000
0 0.365938 0.184167 0.069375 0.088333
0 0.271875 0.167500 0.058750 0.088333
0 0.560937 0.171250 0.081875 0.100833
0 0.327813 0.149167 0.051875 0.073333
0 0.193750 0.148750 0.063750 0.080833
0 0.625000 0.141250 0.060000 0.084167
0 0.166875 0.110833 0.063750 0.073333
0 0.663750 0.096667 0.051250 0.060000
0 0.331562 0.105000 0.064375 0.090000
0 0.073125 0.104583 0.095000 0.099167
0 0.564688 0.096250 0.065625 0.085833
0 0.799375 0.076250 0.061250 0.094167
0 0.875938 0.026250 0.071875 0.052500
0 0.748750 0.023750 0.055000 0.047500
0 0.350938 0.035833 0.055625 0.071667