0 0.795937 0.979583 0.051875 0.040833
0 0.905000 0.974167 0.061250 0.051667
0 0.336875 0.963333 0.108750 0.073333
0 0.967500 0.958333 0.053750 0.068333
0 0.215312 0.960417 0.081875 0.079167
0 0.493437 0.957500 0.073125 0.085000
0 0.137500 0.951667 0.062500 0.096667
0 0.414062 0.945000 0.064375 0.088333
0 0.075625 0.910833 0.065000 0.066667
0 0.736875 0.938333 0.085000 0.123333
0 0.627188 0.914167 0.056875 0.080000
0 0.285938 0.903750 0.044375 0.079167
0 0.156562 0.886250 0.054375 0.085833
0 0.572812 0.885000 0.069375 0.093333
0 0.825625 0.909583 0.075000 0.149167
0 0.244062 0.882917 0.053125 0.104167
0 0.453125 0.864583 0.086250 0.077500
0 0.387500 0.857083 0.062500 0.079167
0 0.971250 0.871250 0.057500 0.117500
0 0.766563 0.847917 0.055625 0.074167
0 0.633125 0.845833 0.076250 0.096667
0 0.901875 0.848333 0.068750 0.106667
0 0.510938 0.800417 0.049375 0.072500
0 0.097500 0.826667 0.063750 0.130000
0 0.030000 0.795000 0.060000 0.090000
0 0.899687 0.769583 0.055625 0.055833
0 0.239375 0.771667 0.045000 0.080000
0 0.548125 0.789167 0.047500 0.123333
0 0.174375 0.760417 0.061250 0.075833
0 0.673438 0.757500 0.056875 0.073333
0 0.420938 0.768333 0.079375 0.098333
0 0.499063 0.742917 0.058125 0.054167
0 0.795937 0.761667 0.131875 0.101667
0 0.972500 0.739583 0.055000 0.102500
0 0.607500 0.720417 0.061250 0.069167
0 0.308750 0.727917 0.080000 0.100833
0 0.096250 0.700833 0.052500 0.073333
0 0.913125 0.702500 0.068750 0.081667
0 0.031563 0.697083 0.063125 0.077500
0 0.829375 0.695417 0.053750 0.075833
0 0.698750 0.668333 0.041250 0.083333
0 0.579688 0.665000 0.088125 0.090000
0 0.240000 0.650417 0.081250 0.095833
0 0.738750 0.664583 0.078750 0.129167
0 0.101875 0.630000 0.057500 0.093333
0 0.170313 0.656250 0.075625 0.149167
0 0.644687 0.612083 0.054375 0.065833
0 0.496875 0.632917 0.077500 0.130833
0 0.030000 0.599167 0.052500 0.091667
0 0.945937 0.597500 0.061875 0.111667
0 0.877500 0.597500 0.091250 0.120000
0 0.795000 0.567917 0.057500 0.109167
0 0.359063 0.549583 0.049375 0.090833
0 0.279375 0.562083 0.092500 0.115833
0 0.715000 0.554583 0.076250 0.122500
0 0.029687 0.521250 0.059375 0.075833
0 0.620313 0.521250 0.081875 0.087500
0 0.916562 0.497500 0.046875 0.066667
0 0.842500 0.505417 0.077500 0.082500
0 0.537188 0.533750 0.060625 0.144167
0 0.104375 0.522917 0.056250 0.145833
0 0.451562 0.514167 0.105625 0.135000
0 0.332500 0.471250 0.048750 0.062500
0 0.970313 0.479583 0.059375 0.110833
0 0.403750 0.460000 0.063750 0.080000
0 0.033438 0.461667 0.063125 0.096667
0 0.700000 0.444167 0.057500 0.081667
0 0.168437 0.440417 0.079375 0.082500
0 0.070312 0.430000 0.051875 0.086667
0 0.341250 0.417917 0.062500 0.065833
0 0.683125 0.405833 0.050000 0.080000
0 0.893125 0.391667 0.057500 0.073333
0 0.839688 0.377917 0.056875 0.072500
0 0.693438 0.358333 0.051875 0.061667
0 0.982500 0.369167 0.035000 0.086667
0 0.303438 0.364583 0.070625 0.095833
0 0.182812 0.351250 0.056875 0.072500
0 0.544687 0.342500 0.061875 0.073333
0 0.956250 0.331250 0.045000 0.060833
0 0.712187 0.320417 0.051875 0.067500
0 0.110000 0.325000 0.073750 0.083333
0 0.237187 0.318750 0.063125 0.080833
0 0.405313 0.325000 0.084375 0.135000
0 0.632188 0.314167 0.075625 0.115000
0 0.064687 0.284583 0.058125 0.070833
0 0.905937 0.285000 0.078125 0.105000
0 0.306875 0.266250 0.090000 0.104167
0 0.454688 0.261250 0.073125 0.109167
0 0.730938 0.234583 0.055625 0.070833
0 0.795312 0.251250 0.071875 0.105833
0 0.159062 0.231250 0.080625 0.084167
0 0.859062 0.206667 0.059375 0.080000
0 0.960000 0.211667 0.061250 0.091667
0 0.706875 0.197917 0.058750 0.069167
0 0.082812 0.201250 0.048125 0.100833
0 0.032813 0.196667 0.065625 0.101667
0 0.200937 0.183750 0.055625 0.079167
0 0.353125 0.187500 0.088750 0.105000
0 0.435625 0.179167 0.086250 0.098333
0 0.581250 0.195833 0.075000 0.146667
0 0.700937 0.137917 0.056875 0.054167
0 0.798750 0.131667 0.060000 0.083333
0 0.190625 0.118333 0.057500 0.081667
0 0.970938 0.120000 0.058125 0.090000
0 0.115312 0.115417 0.068125 0.080833
0 0.519062 0.152500 0.069375 0.168333
0 0.926562 0.105000 0.051875 0.075000
0 0.862500 0.121667 0.052500 0.111667
0 0.702500 0.077083 0.058750 0.074167
0 0.366250 0.076667 0.061250 0.075000
0 0.043750 0.089167 0.080000 0.105000
0 0.436875 0.087500 0.071250 0.103333
0 0.770000 0.045417 0.058750 0.077500
0 0.495625 0.043750 0.056250 0.080833
0 0.949063 0.031667 0.063125 0.063333
0 0.876250 0.038750 0.061250 0.077500
0 0.833125 0.027917 0.055000 0.055833
0 0.626563 0.042500 0.081875 0.085000
0 0.370625 0.019167 0.041250 0.038333
0 0.288438 0.065833 0.100625 0.131667
0 0.140625 0.033333 0.063750 0.066667