0 0.853437 0.965833 0.065625 0.068333
0 0.670625 0.882917 0.057500 0.084167
0 0.601875 0.862500 0.070000 0.093333
0 0.277187 0.857083 0.066875 0.085833
0 0.496875 0.838333 0.076250 0.081667
0 0.369688 0.792917 0.078125 0.090833
0 0.803750 0.793750 0.073750 0.095833
0 0.482812 0.747083 0.069375 0.089167
0 0.932500 0.746250 0.066250 0.094167
0 0.332500 0.735833 0.068750 0.091667
0 0.753750 0.709167 0.058750 0.068333
0 0.400000 0.692917 0.065000 0.085833
0 0.883125 0.691667 0.070000 0.095000
0 0.300000 0.628750 0.072500 0.100833
0 0.755313 0.618750 0.069375 0.090833
0 0.666562 0.616250 0.060625 0.087500
0 0.648438 0.528750 0.071875 0.089167
0 0.522813 0.515417 0.086875 0.135833
0 0.196875 0.478333 0.072500 0.093333
0 0.646563 0.441667 0.068125 0.078333
0 0.097812 0.444583 0.063125 0.090833
0 0.195625 0.376250 0.070000 0.089167
0 0.648438 0.362083 0.074375 0.092500
0 0.478125 0.351667 0.070000 0.093333
0 0.534687 0.313750 0.061875 0.094167
0 0.764375 0.258750 0.067500 0.090833
0 0.595000 0.255833 0.068750 0.091667
0 0.394688 0.233333 0.060625 0.098333
0 0.135313 0.222917 0.071875 0.085833
0 0.310000 0.211667 0.075000 0.086667
0 0.801562 0.187083 0.065625 0.084167
0 0.890312 0.176250 0.066875 0.092500
0 0.188125 0.161667 0.068750 0.083333
0 0.610313 0.117083 0.073125 0.100833
0 0.500625 0.054583 0.073750 0.092500
0 0.587812 0.028750 0.060625 0.057500