0 0.732812 0.979583 0.055625 0.040833
0 0.258125 0.973333 0.066250 0.053333
0 0.121875 0.962083 0.097500 0.075833
0 0.593750 0.961250 0.067500 0.077500
0 0.146250 0.919583 0.065000 0.084167
0 0.204375 0.913333 0.053750 0.093333
0 0.708438 0.907917 0.068125 0.094167
0 0.085938 0.883333 0.056875 0.086667
0 0.847812 0.847083 0.059375 0.082500
0 0.131562 0.837083 0.066875 0.077500
0 0.714688 0.809583 0.059375 0.069167
0 0.571875 0.804583 0.062500 0.092500
0 0.039062 0.805833 0.078125 0.116667
0 0.413125 0.792083 0.068750 0.100833
0 0.107188 0.765417 0.086875 0.105833
0 0.371250 0.745417 0.065000 0.079167
0 0.511875 0.757500 0.076250 0.113333
0 0.297500 0.733750 0.061250 0.104167
0 0.563750 0.706250 0.060000 0.092500
0 0.249375 0.692500 0.047500 0.078333
0 0.092500 0.683750 0.083750 0.082500
0 0.464375 0.671667 0.058750 0.061667
0 0.703750 0.705833 0.083750 0.178333
0 0.851250 0.657500 0.062500 0.098333
0 0.278125 0.622917 0.066250 0.079167
0 0.097500 0.602917 0.077500 0.080833
0 0.037500 0.576250 0.052500 0.069167
0 0.885000 0.585417 0.088750 0.092500
0 0.207500 0.586667 0.062500 0.096667
0 0.675312 0.582917 0.090625 0.099167
0 0.149062 0.584583 0.073125 0.125833
0 0.982812 0.557500 0.034375 0.080000
0 0.553125 0.554167 0.056250 0.088333
0 0.731875 0.546250 0.055000 0.077500
0 0.933750 0.538750 0.058750 0.087500
0 0.814688 0.540000 0.103125 0.113333
0 0.294375 0.523333 0.053750 0.083333
0 0.580313 0.492500 0.069375 0.078333
0 0.465625 0.490000 0.063750 0.073333
0 0.210938 0.496250 0.086875 0.094167
0 0.643437 0.437917 0.061875 0.095833
0 0.869062 0.460000 0.095625 0.158333
0 0.715625 0.450833 0.098750 0.155000
0 0.585625 0.410000 0.070000 0.091667
0 0.237500 0.394167 0.063750 0.078333
0 0.311875 0.380833 0.073750 0.095000
0 0.639062 0.341667 0.064375 0.085000
0 0.092813 0.339583 0.063125 0.080833
0 0.032813 0.325000 0.064375 0.088333
0 0.849375 0.331250 0.083750 0.102500
0 0.771875 0.320833 0.063750 0.081667
0 0.150938 0.322917 0.056875 0.087500
0 0.595625 0.287500 0.056250 0.068333
0 0.502500 0.285000 0.047500 0.073333
0 0.341875 0.287500 0.061250 0.078333
0 0.436563 0.285833 0.061875 0.078333
0 0.894687 0.270417 0.064375 0.082500
0 0.671875 0.254583 0.053750 0.062500
0 0.403125 0.257500 0.063750 0.085000
0 0.082500 0.249583 0.062500 0.085833
0 0.284687 0.245000 0.063125 0.083333
0 0.199063 0.242917 0.070625 0.082500
0 0.731250 0.234167 0.062500 0.071667
0 0.460000 0.213750 0.061250 0.079167
0 0.343438 0.203750 0.069375 0.070833
0 0.957187 0.212917 0.071875 0.090833
0 0.830625 0.202500 0.056250 0.075000
0 0.233437 0.197500 0.061875 0.078333
0 0.126562 0.189167 0.058125 0.070000
0 0.667813 0.184583 0.065625 0.082500
0 0.533125 0.161667 0.063750 0.080000
0 0.291250 0.153750 0.075000 0.097500
0 0.098437 0.127083 0.060625 0.072500
0 0.465625 0.128750 0.063750 0.089167
0 0.611875 0.135000 0.073750 0.103333
0 0.185625 0.113333 0.056250 0.093333
0 0.773125 0.094167 0.071250 0.075000
0 0.676250 0.090000 0.052500 0.080000
0 0.442812 0.054167 0.059375 0.070000
0 0.367812 0.069167 0.089375 0.100000
0 0.071250 0.059583 0.067500 0.084167
0 0.978125 0.065833 0.043750 0.108333
0 0.764062 0.025833 0.066875 0.051667
0 0.590625 0.029583 0.070000 0.059167
0 0.518125 0.048333 0.066250 0.096667
0 0.313437 0.022917 0.066875 0.045833
0 0.133125 0.033750 0.057500 0.067500
0 0.035312 0.032083 0.070625 0.064167