0 0.379375 0.979583 0.067500 0.040833
0 0.214062 0.978750 0.070625 0.042500
0 0.041563 0.975000 0.076875 0.050000
0 0.887188 0.969583 0.063125 0.060833
0 0.126875 0.968333 0.070000 0.063333
0 0.786250 0.946250 0.075000 0.069167
0 0.693438 0.947083 0.075625 0.074167
0 0.986563 0.947500 0.026875 0.078333
0 0.161875 0.915833 0.076250 0.080000
0 0.552500 0.923333 0.075000 0.110000
0 0.351250 0.909583 0.060000 0.084167
0 0.025000 0.902083 0.050000 0.087500
0 0.238437 0.895833 0.065625 0.086667
0 0.509375 0.890833 0.062500 0.085000
0 0.424375 0.885417 0.065000 0.075833
0 0.845313 0.878750 0.070625 0.087500
0 0.775625 0.866250 0.062500 0.079167
0 0.673750 0.859167 0.083750 0.085000
0 0.971875 0.859583 0.056250 0.092500
0 0.172500 0.832083 0.065000 0.079167
0 0.060937 0.831667 0.070625 0.086667
0 0.302500 0.826250 0.076250 0.084167
0 0.387813 0.812500 0.066875 0.081667
0 0.921875 0.820417 0.073750 0.107500
0 0.624062 0.811250 0.073125 0.089167
0 0.870000 0.793333 0.063750 0.078333
0 0.792188 0.773333 0.071875 0.088333
0 0.716875 0.766667 0.075000 0.091667
0 0.624375 0.756667 0.091250 0.081667
0 0.133750 0.757083 0.062500 0.085833
0 0.467187 0.749583 0.068125 0.082500
0 0.270313 0.742917 0.076875 0.090833
0 0.569375 0.718750 0.078750 0.095833
0 0.389062 0.715833 0.063125 0.091667
0 0.864375 0.699167 0.067500 0.088333
0 0.692813 0.688750 0.073125 0.087500
0 0.319688 0.682083 0.066875 0.085833
0 0.953125 0.682083 0.065000 0.089167
0 0.074063 0.687083 0.058125 0.105833
0 0.791250 0.668333 0.062500 0.093333
0 0.250312 0.646250 0.061875 0.079167
0 0.136563 0.645833 0.054375 0.083333
0 0.555312 0.626667 0.071875 0.090000
0 0.436875 0.619167 0.062500 0.076667
0 0.653750 0.619167 0.071250 0.086667
0 0.497812 0.620000 0.056875 0.098333
0 0.731250 0.606250 0.066250 0.082500
0 0.853437 0.603750 0.070625 0.089167
0 0.960000 0.588333 0.065000 0.083333
0 0.600625 0.567083 0.063750 0.079167
0 0.161562 0.554583 0.060625 0.084167
0 0.409687 0.544583 0.065625 0.089167
0 0.775000 0.526667 0.065000 0.093333
0 0.221250 0.510417 0.062500 0.079167
0 0.684063 0.508333 0.069375 0.090000
0 0.843750 0.478333 0.072500 0.091667
0 0.034063 0.477083 0.066875 0.095833
0 0.371250 0.424167 0.070000 0.076667
0 0.512188 0.429167 0.070625 0.095000
0 0.274687 0.395000 0.065625 0.085000
0 0.167813 0.381667 0.070625 0.073333
0 0.855000 0.379583 0.066250 0.075833
0 0.452813 0.380417 0.064375 0.084167
0 0.056250 0.359167 0.063750 0.095000
0 0.787500 0.345833 0.056250 0.075000
0 0.545312 0.353333 0.083125 0.096667
0 0.228437 0.307500 0.059375 0.085000
0 0.368437 0.312917 0.066875 0.097500
0 0.112500 0.310833 0.058750 0.101667
0 0.498750 0.292083 0.067500 0.090833
0 0.590000 0.287083 0.068750 0.094167
0 0.183438 0.278750 0.071875 0.117500
0 0.910625 0.261250 0.063750 0.085833
0 0.766875 0.258750 0.070000 0.092500
0 0.634062 0.243333 0.071875 0.073333
0 0.969375 0.241250 0.060000 0.094167
0 0.315625 0.237500 0.057500 0.088333
0 0.026250 0.232500 0.052500 0.085000
0 0.147500 0.225833 0.065000 0.088333
0 0.711562 0.205417 0.059375 0.085833
0 0.406250 0.193333 0.062500 0.091667
0 0.564063 0.184167 0.060625 0.091667
0 0.648438 0.166250 0.073125 0.092500
0 0.352187 0.153750 0.068125 0.090833
0 0.175625 0.139583 0.071250 0.087500
0 0.444375 0.132917 0.061250 0.079167
0 0.723750 0.115000 0.072500 0.071667
0 0.518437 0.112500 0.064375 0.081667
0 0.812813 0.095833 0.058125 0.083333
0 0.241563 0.097917 0.056875 0.087500
0 0.587187 0.087917 0.066875 0.087500
0 0.874375 0.075833 0.061250 0.081667
0 0.360625 0.055833 0.061250 0.081667
0 0.444375 0.050000 0.077500 0.078333
0 0.673438 0.055000 0.056875 0.093333
0 0.729375 0.031250 0.058750 0.062500
0 0.293750 0.022500 0.055000 0.045000
0 0.144063 0.027500 0.069375 0.055000
0 0.061875 0.017917 0.063750 0.035833