0 0.682187 0.950000 0.069375 0.093333
0 0.954063 0.919583 0.066875 0.102500
0 0.489375 0.897500 0.068750 0.095000
0 0.359375 0.868333 0.071250 0.093333
0 0.219062 0.851667 0.071875 0.085000
0 0.634062 0.852083 0.073125 0.092500
0 0.097187 0.847917 0.068125 0.084167
0 0.927500 0.817083 0.085000 0.062500
0 0.030000 0.774167 0.060000 0.080000
0 0.429375 0.773333 0.066250 0.103333
0 0.214062 0.759583 0.068125 0.089167
0 0.501563 0.715000 0.075625 0.095000
0 0.701562 0.780000 0.110625 0.241667
0 0.613125 0.683750 0.065000 0.089167
0 0.745000 0.655417 0.067500 0.099167
0 0.045625 0.625833 0.063750 0.090000
0 0.292187 0.615000 0.076875 0.105000
0 0.791875 0.603333 0.061250 0.110000
0 0.966562 0.589167 0.061875 0.085000
0 0.493750 0.589167 0.071250 0.105000
0 0.575937 0.562083 0.069375 0.105833
0 0.111250 0.543750 0.072500 0.102500
0 0.275938 0.538750 0.088125 0.119167
0 0.637188 0.507083 0.066875 0.094167
0 0.777500 0.503750 0.072500 0.092500
0 0.158750 0.496667 0.072500 0.083333
0 0.062500 0.478750 0.068750 0.079167
0 0.533750 0.461250 0.063750 0.095833
0 0.419375 0.450833 0.068750 0.088333
0 0.702812 0.454167 0.079375 0.101667
0 0.111250 0.443333 0.055000 0.096667
0 0.869687 0.432500 0.068125 0.093333
0 0.325937 0.422500 0.070625 0.098333
0 0.144687 0.412083 0.065625 0.090833
0 0.655000 0.377083 0.067500 0.089167
0 0.599688 0.352083 0.061875 0.120833
0 0.353125 0.301250 0.073750 0.094167
0 0.270625 0.281667 0.075000 0.100000
0 0.914062 0.295000 0.110625 0.140000
0 0.133750 0.273333 0.068750 0.096667
0 0.346250 0.227083 0.063750 0.072500
0 0.240937 0.230833 0.068125 0.083333
0 0.408438 0.215417 0.070625 0.089167
0 0.912813 0.200833 0.071875 0.081667
0 0.517500 0.192500 0.066250 0.091667
0 0.764687 0.190417 0.068125 0.100833
0 0.849063 0.174167 0.056875 0.100000
0 0.718437 0.155000 0.068125 0.090000
0 0.253750 0.159583 0.067500 0.104167
0 0.021875 0.137500 0.043750 0.081667
0 0.200000 0.140000 0.075000 0.090000
0 0.974063 0.114167 0.051875 0.083333
0 0.422500 0.098750 0.070000 0.089167
0 0.771875 0.072083 0.060000 0.084167
0 0.253437 0.067083 0.070625 0.089167
0 0.030312 0.059167 0.060625 0.083333
0 0.881563 0.039583 0.063125 0.079167
0 0.714688 0.053333 0.076875 0.106667
0 0.641250 0.050833 0.067500 0.101667
0 0.115312 0.035833 0.060625 0.071667