0 0.835938 0.948333 0.075625 0.088333
0 0.044062 0.919167 0.066875 0.090000
0 0.954063 0.912917 0.070625 0.097500
0 0.490938 0.891667 0.076875 0.090000
0 0.614375 0.879583 0.068750 0.094167
0 0.554063 0.862917 0.071875 0.089167
0 0.155000 0.845833 0.066250 0.071667
0 0.310000 0.852917 0.073750 0.102500
0 0.767188 0.841250 0.054375 0.097500
0 0.028438 0.803750 0.056875 0.067500
0 0.439063 0.793750 0.070625 0.092500
0 0.620625 0.780417 0.073750 0.104167
0 0.539375 0.774583 0.076250 0.094167
0 0.347813 0.760417 0.074375 0.099167
0 0.781875 0.707500 0.073750 0.098333
0 0.067500 0.693333 0.062500 0.073333
0 0.187812 0.652917 0.075625 0.085833
0 0.521250 0.645000 0.065000 0.096667
0 0.123438 0.646250 0.085625 0.115833
0 0.725625 0.611667 0.071250 0.095000
0 0.659062 0.612917 0.076875 0.107500
0 0.811250 0.588333 0.067500 0.096667
0 0.171250 0.560000 0.078750 0.101667
0 0.690937 0.539167 0.076875 0.071667
0 0.491875 0.493333 0.070000 0.086667
0 0.252500 0.493333 0.068750 0.098333
0 0.106875 0.486250 0.077500 0.099167
0 0.410938 0.460833 0.074375 0.098333
0 0.828750 0.435833 0.066250 0.095000
0 0.467813 0.396250 0.065625 0.092500
0 0.118438 0.395417 0.056875 0.095833
0 0.756875 0.385833 0.068750 0.096667
0 0.616250 0.367500 0.071250 0.088333
0 0.856875 0.331667 0.087500 0.116667
0 0.777188 0.302083 0.090625 0.107500
0 0.222188 0.278750 0.064375 0.095833
0 0.399687 0.273333 0.074375 0.096667
0 0.069062 0.262917 0.063125 0.102500
0 0.799063 0.220417 0.068125 0.095833
0 0.486875 0.209167 0.073750 0.100000
0 0.271250 0.206667 0.075000 0.096667
0 0.160312 0.199583 0.070625 0.092500
0 0.360625 0.177500 0.071250 0.093333
0 0.096562 0.150417 0.074375 0.097500
0 0.622188 0.140833 0.064375 0.080000
0 0.286250 0.128333 0.073750 0.090000
0 0.646250 0.111667 0.066250 0.083333
0 0.566250 0.092083 0.070000 0.087500
0 0.868437 0.096667 0.070625 0.100000
0 0.175000 0.082500 0.065000 0.085000
0 0.390937 0.076667 0.069375 0.093333
0 0.070625 0.066667 0.070000 0.093333
0 0.590625 0.030417 0.063750 0.060833
0 0.260313 0.030000 0.065625 0.060000