0 0.814375 0.966667 0.068750 0.066667
0 0.360000 0.952083 0.061250 0.080833
0 0.651250 0.945000 0.070000 0.093333
0 0.394062 0.924167 0.064375 0.105000
0 0.838125 0.897917 0.068750 0.087500
0 0.174687 0.883333 0.066875 0.093333
0 0.406562 0.859167 0.085625 0.081667
0 0.243438 0.774583 0.065625 0.087500
0 0.117813 0.749583 0.063125 0.085833
0 0.193750 0.714583 0.065000 0.082500
0 0.839375 0.667500 0.070000 0.091667
0 0.618437 0.621667 0.069375 0.096667
0 0.960625 0.587500 0.066250 0.085000
0 0.141563 0.586667 0.066875 0.093333
0 0.863125 0.579167 0.085000 0.080000
0 0.476250 0.557500 0.066250 0.093333
0 0.745625 0.531667 0.072500 0.093333
0 0.105625 0.525417 0.061250 0.080833
0 0.872188 0.521250 0.065625 0.084167
0 0.194688 0.519167 0.064375 0.091667
0 0.941875 0.510417 0.062500 0.080833
0 0.410000 0.520833 0.100000 0.103333
0 0.327188 0.493750 0.061875 0.080833
0 0.022187 0.480417 0.044375 0.094167
0 0.470938 0.448333 0.064375 0.086667
0 0.511250 0.462917 0.051250 0.129167
0 0.552813 0.410000 0.060625 0.080000
0 0.834375 0.384583 0.070000 0.089167
0 0.437500 0.367500 0.070000 0.085000
0 0.559063 0.341667 0.048125 0.078333
0 0.614062 0.364167 0.063125 0.126667
0 0.339062 0.332917 0.065625 0.082500
0 0.405938 0.335833 0.056875 0.091667
0 0.190312 0.320833 0.060625 0.076667
0 0.693750 0.314167 0.067500 0.083333
0 0.963750 0.306667 0.057500 0.078333
0 0.092500 0.305417 0.057500 0.080833
0 0.653750 0.235833 0.063750 0.081667
0 0.880000 0.217500 0.055000 0.075000
0 0.265625 0.199167 0.075000 0.093333
0 0.071563 0.163750 0.070625 0.084167
0 0.625938 0.143750 0.066875 0.094167
0 0.331562 0.138333 0.066875 0.093333
0 0.101875 0.117083 0.058750 0.082500
0 0.401562 0.114583 0.070625 0.097500
0 0.832812 0.103750 0.064375 0.079167
0 0.754375 0.095833 0.056250 0.081667
0 0.719063 0.075417 0.055625 0.082500
0 0.167813 0.053750 0.069375 0.094167
0 0.950313 0.045833 0.061875 0.081667
0 0.886250 0.045000 0.063750 0.090000