0 0.600938 0.970417 0.079375 0.059167
0 0.064062 0.957917 0.069375 0.084167
0 0.891875 0.932083 0.068750 0.090833
0 0.147187 0.838750 0.073125 0.095833
0 0.365938 0.807917 0.056875 0.079167
0 0.648125 0.738333 0.066250 0.081667
0 0.932187 0.726250 0.063125 0.089167
0 0.380312 0.723333 0.058125 0.095000
0 0.110312 0.717083 0.071875 0.092500
0 0.583438 0.702500 0.064375 0.085000
0 0.270937 0.685833 0.055625 0.075000
0 0.671562 0.688750 0.070625 0.097500
0 0.185625 0.636667 0.063750 0.101667
0 0.279062 0.622500 0.064375 0.081667
0 0.719688 0.618333 0.074375 0.108333
0 0.251563 0.554583 0.073125 0.059167
0 0.785937 0.560417 0.070625 0.080833
0 0.365312 0.547500 0.086875 0.100000
0 0.485312 0.510833 0.071875 0.098333
0 0.703750 0.502083 0.061250 0.099167
0 0.602187 0.490000 0.063125 0.085000
0 0.231875 0.475000 0.085000 0.126667
0 0.300312 0.432083 0.041875 0.080833
0 0.547188 0.437500 0.069375 0.095000
0 0.258750 0.425417 0.048750 0.120833
0 0.976250 0.400000 0.047500 0.088333
0 0.694375 0.391667 0.068750 0.091667
0 0.622500 0.382500 0.062500 0.096667
0 0.843125 0.377500 0.061250 0.091667
0 0.899375 0.369167 0.065000 0.110000
0 0.402500 0.329583 0.067500 0.085833
0 0.801250 0.300417 0.050000 0.094167
0 0.742500 0.294583 0.073750 0.107500
0 0.089063 0.250833 0.071875 0.093333
0 0.470000 0.240833 0.070000 0.095000
0 0.908438 0.225833 0.065625 0.088333
0 0.840313 0.192083 0.064375 0.085833
0 0.967500 0.187500 0.065000 0.085000
0 0.653750 0.180000 0.062500 0.086667
0 0.359375 0.177500 0.068750 0.086667
0 0.228125 0.162500 0.076250 0.090000
0 0.029687 0.119583 0.059375 0.095833
0 0.299063 0.092917 0.065625 0.092500
0 0.098125 0.084583 0.078750 0.082500
0 0.231875 0.066250 0.075000 0.102500
0 0.899062 0.057500 0.066875 0.090000
0 0.474375 0.055417 0.070000 0.094167
0 0.594063 0.049167 0.078125 0.096667
0 0.774062 0.047917 0.069375 0.095833
0 0.162188 0.038333 0.071875 0.076667