0 0.827187 0.982083 0.053125 0.035833
0 0.609375 0.975833 0.071250 0.048333
0 0.490625 0.963750 0.060000 0.072500
0 0.095625 0.932500 0.055000 0.073333
0 0.352500 0.919167 0.061250 0.070000
0 0.223125 0.920833 0.067500 0.086667
0 0.490625 0.908750 0.072500 0.079167
0 0.787500 0.907500 0.068750 0.096667
0 0.697812 0.878333 0.054375 0.075000
0 0.125000 0.834167 0.063750 0.083333
0 0.880000 0.827500 0.061250 0.076667
0 0.649375 0.825000 0.057500 0.071667
0 0.541250 0.831667 0.061250 0.088333
0 0.020938 0.782500 0.041875 0.086667
0 0.596250 0.773333 0.053750 0.071667
0 0.073750 0.740000 0.058750 0.091667
0 0.667500 0.730833 0.063750 0.076667
0 0.941250 0.726250 0.068750 0.084167
0 0.538125 0.698333 0.055000 0.071667
0 0.141875 0.695000 0.065000 0.085000
0 0.945312 0.641250 0.063125 0.082500
0 0.204687 0.640000 0.064375 0.090000
0 0.700625 0.614583 0.062500 0.057500
0 0.063750 0.604167 0.073750 0.083333
0 0.278750 0.596667 0.068750 0.098333
0 0.872500 0.585000 0.058750 0.078333
0 0.634375 0.575833 0.057500 0.093333
0 0.730000 0.519583 0.045000 0.069167
0 0.822500 0.529167 0.068750 0.093333
0 0.696250 0.516667 0.073750 0.133333
0 0.476250 0.462500 0.071250 0.093333
0 0.123125 0.447500 0.067500 0.086667
0 0.241875 0.450833 0.095000 0.143333
0 0.858750 0.429167 0.083750 0.113333
0 0.339375 0.373333 0.065000 0.075000
0 0.030000 0.337500 0.055000 0.080000
0 0.645625 0.330000 0.070000 0.075000
0 0.486250 0.335000 0.063750 0.088333
0 0.074375 0.327500 0.052500 0.090000
0 0.405000 0.307500 0.058750 0.086667
0 0.268125 0.300833 0.067500 0.090000
0 0.338125 0.245000 0.072500 0.095000
0 0.024688 0.238333 0.049375 0.081667
0 0.846250 0.235833 0.071250 0.096667
0 0.172813 0.227083 0.098125 0.117500
0 0.470000 0.215000 0.071250 0.095000
0 0.601875 0.202500 0.070000 0.086667
0 0.931875 0.181667 0.067500 0.085000
0 0.046250 0.135833 0.051250 0.086667
0 0.335625 0.120000 0.102500 0.098333
0 0.171875 0.104167 0.062500 0.086667
0 0.653750 0.095000 0.071250 0.091667
0 0.969688 0.081667 0.060625 0.081667
0 0.765625 0.065000 0.062500 0.081667
0 0.870625 0.055000 0.077500 0.098333
0 0.605000 0.019167 0.070000 0.038333
0 0.401875 0.037917 0.055000 0.075833
0 0.244375 0.046250 0.082500 0.092500
0 0.141875 0.020833 0.077500 0.041667