0 0.671250 0.976667 0.058750 0.046667
0 0.703750 0.767500 0.071250 0.085000
0 0.377500 0.729583 0.068750 0.097500
0 0.568125 0.730417 0.083750 0.109167
0 0.749375 0.691667 0.065000 0.098333
0 0.830000 0.668333 0.077500 0.070000
0 0.024063 0.555000 0.048125 0.098333
0 0.960313 0.541667 0.071875 0.086667
0 0.984375 0.477500 0.031250 0.081667
0 0.918125 0.472917 0.073750 0.092500
0 0.187500 0.470000 0.075000 0.105000
0 0.479063 0.381250 0.088125 0.079167
0 0.746563 0.387917 0.069375 0.094167
0 0.672500 0.376250 0.072500 0.087500
0 0.370937 0.379583 0.093125 0.100833
0 0.612187 0.297083 0.065625 0.077500
0 0.383125 0.302083 0.088750 0.105833
0 0.769375 0.257917 0.107500 0.095833
0 0.640938 0.213750 0.076875 0.089167
0 0.030937 0.181667 0.061875 0.096667
0 0.370625 0.173333 0.071250 0.090000
0 0.837500 0.140417 0.071250 0.087500
0 0.656563 0.106250 0.105625 0.072500
0 0.223750 0.047500 0.062500 0.095000