0 0.159062 0.980000 0.059375 0.040000
0 0.627812 0.974167 0.069375 0.051667
0 0.755313 0.972083 0.059375 0.055833
0 0.089375 0.972083 0.076250 0.055833
0 0.236250 0.970833 0.072500 0.058333
0 0.557187 0.931250 0.066875 0.087500
0 0.680312 0.925417 0.080625 0.097500
0 0.751563 0.912500 0.068125 0.075000
0 0.488125 0.915000 0.066250 0.088333
0 0.610313 0.909583 0.055625 0.085833
0 0.037187 0.888333 0.074375 0.161667
0 0.771250 0.837917 0.081250 0.085833
0 0.854062 0.834583 0.065625 0.085833
0 0.684063 0.823750 0.059375 0.074167
0 0.627188 0.820417 0.061875 0.082500
0 0.470938 0.802917 0.061875 0.080833
0 0.360000 0.837917 0.091250 0.155833
0 0.930312 0.802500 0.064375 0.090000
0 0.733750 0.772917 0.067500 0.070833
0 0.343438 0.765000 0.059375 0.081667
0 0.876875 0.762917 0.073750 0.099167
0 0.445625 0.750000 0.062500 0.080000
0 0.525000 0.746250 0.062500 0.079167
0 0.597187 0.740417 0.085625 0.109167
0 0.784375 0.722917 0.057500 0.079167
0 0.392188 0.719167 0.056875 0.088333
0 0.676875 0.718750 0.070000 0.090833
0 0.969375 0.730833 0.061250 0.116667
0 0.738125 0.694167 0.053750 0.081667
0 0.307500 0.689583 0.091250 0.074167
0 0.844688 0.704583 0.073125 0.115833
0 0.498125 0.680000 0.061250 0.083333
0 0.970938 0.653750 0.058125 0.049167
0 0.678438 0.644167 0.058125 0.058333
0 0.282813 0.620000 0.055625 0.066667
0 0.185938 0.625833 0.063125 0.083333
0 0.624375 0.620000 0.057500 0.076667
0 0.139063 0.639167 0.079375 0.128333
0 0.777188 0.618750 0.040625 0.097500
0 0.407500 0.616250 0.085000 0.110833
0 0.510312 0.598333 0.058125 0.080000
0 0.976250 0.587917 0.047500 0.080833
0 0.721875 0.595417 0.078750 0.115833
0 0.448750 0.564167 0.070000 0.078333
0 0.284375 0.555417 0.058750 0.065833
0 0.577500 0.538333 0.082500 0.100000
0 0.148750 0.530000 0.061250 0.093333
0 0.812187 0.521667 0.063125 0.090000
0 0.686250 0.515833 0.070000 0.085000
0 0.506563 0.514583 0.049375 0.087500
0 0.240313 0.499583 0.058125 0.084167
0 0.630313 0.486667 0.066875 0.071667
0 0.930625 0.487500 0.058750 0.076667
0 0.750625 0.496667 0.068750 0.095000
0 0.465313 0.486667 0.049375 0.083333
0 0.566562 0.468750 0.056875 0.065833
0 0.427812 0.453750 0.050625 0.060833
0 0.066875 0.497500 0.108750 0.163333
0 0.087188 0.452917 0.066875 0.082500
0 0.832812 0.446667 0.063125 0.083333
0 0.883750 0.438750 0.057500 0.082500
0 0.272500 0.420000 0.067500 0.083333
0 0.378437 0.410417 0.089375 0.069167
0 0.482812 0.407917 0.051875 0.065833
0 0.211562 0.411250 0.059375 0.077500
0 0.633750 0.399167 0.057500 0.065000
0 0.028438 0.377917 0.056875 0.080833
0 0.862187 0.368750 0.058125 0.072500
0 0.402500 0.347083 0.052500 0.065833
0 0.514062 0.340000 0.059375 0.078333
0 0.628437 0.335833 0.078125 0.075000
0 0.326875 0.336667 0.052500 0.076667
0 0.810625 0.335833 0.068750 0.080000
0 0.456250 0.336250 0.055000 0.092500
0 0.927188 0.332917 0.085625 0.114167
0 0.899375 0.302083 0.060000 0.074167
0 0.207500 0.298333 0.067500 0.085000
0 0.674375 0.294583 0.062500 0.084167
0 0.274062 0.304583 0.096875 0.127500
0 0.328125 0.250417 0.065000 0.079167
0 0.490000 0.249583 0.066250 0.090833
0 0.729375 0.242917 0.062500 0.089167
0 0.944063 0.227917 0.064375 0.092500
0 0.033750 0.224583 0.067500 0.117500
0 0.211875 0.210833 0.071250 0.095000
0 0.395937 0.199583 0.065625 0.092500
0 0.268437 0.185000 0.065625 0.078333
0 0.444688 0.186250 0.060625 0.095833
0 0.764687 0.165833 0.066875 0.080000
0 0.981250 0.159167 0.037500 0.088333
0 0.126562 0.158333 0.070625 0.091667
0 0.505000 0.147917 0.062500 0.084167
0 0.751875 0.087500 0.063750 0.078333
0 0.457188 0.085417 0.065625 0.092500
0 0.684375 0.069167 0.087500 0.101667
0 0.611250 0.056667 0.063750 0.103333
0 0.910937 0.043750 0.061875 0.087500
0 0.781875 0.032083 0.070000 0.064167
0 0.405313 0.035833 0.060625 0.071667
0 0.327500 0.032917 0.062500 0.065833
0 0.251563 0.045417 0.076875 0.090833