0 0.330000 0.985417 0.057500 0.029167
0 0.038750 0.972500 0.061250 0.055000
0 0.463750 0.972083 0.066250 0.055833
0 0.884375 0.971250 0.067500 0.057500
0 0.280000 0.948333 0.065000 0.090000
0 0.408438 0.939583 0.064375 0.092500
0 0.589688 0.945000 0.100625 0.110000
0 0.345938 0.923750 0.068125 0.087500
0 0.968125 0.915000 0.063750 0.091667
0 0.218438 0.919167 0.060625 0.100000
0 0.787813 0.902500 0.066875 0.091667
0 0.127812 0.915000 0.126875 0.138333
0 0.476875 0.893750 0.072500 0.104167
0 0.297187 0.877500 0.060625 0.098333
0 0.646250 0.875417 0.090000 0.099167
0 0.547813 0.860417 0.069375 0.092500
0 0.021875 0.856667 0.043750 0.108333
0 0.777188 0.828750 0.071875 0.084167
0 0.360000 0.847500 0.083750 0.131667
0 0.436563 0.817083 0.075625 0.074167
0 0.241563 0.822083 0.061875 0.090833
0 0.661563 0.779583 0.075625 0.097500
0 0.529687 0.765833 0.058125 0.096667
0 0.689688 0.747917 0.063125 0.094167
0 0.354063 0.724167 0.070625 0.096667
0 0.843125 0.706250 0.065000 0.090833
0 0.283750 0.708333 0.063750 0.095000
0 0.911563 0.701250 0.070625 0.085833
0 0.779062 0.706667 0.064375 0.103333
0 0.460625 0.715417 0.096250 0.134167
0 0.100312 0.662500 0.064375 0.085000
0 0.233750 0.666667 0.065000 0.098333
0 0.984062 0.651250 0.031875 0.087500
0 0.030312 0.647500 0.060625 0.083333
0 0.723750 0.631667 0.062500 0.086667
0 0.588437 0.632917 0.071875 0.094167
0 0.850313 0.612500 0.076875 0.096667
0 0.477500 0.603333 0.068750 0.090000
0 0.145937 0.579167 0.085625 0.110000
0 0.534375 0.568750 0.053750 0.090833
0 0.671875 0.555833 0.062500 0.101667
0 0.207500 0.517917 0.071250 0.087500
0 0.133750 0.503333 0.070000 0.063333
0 0.843125 0.510833 0.070000 0.088333
0 0.981875 0.488333 0.036250 0.083333
0 0.576562 0.484583 0.074375 0.079167
0 0.355312 0.480417 0.073125 0.090833
0 0.930937 0.461667 0.064375 0.078333
0 0.502500 0.464583 0.066250 0.085833
0 0.081250 0.452917 0.070000 0.085833
0 0.020000 0.457500 0.040000 0.106667
0 0.141563 0.422083 0.090625 0.077500
0 0.563438 0.411667 0.071875 0.080000
0 0.685625 0.413333 0.066250 0.090000
0 0.224375 0.397083 0.066250 0.084167
0 0.297500 0.395833 0.067500 0.090000
0 0.835313 0.392500 0.063125 0.091667
0 0.455937 0.382500 0.064375 0.076667
0 0.499688 0.374583 0.056875 0.082500
0 0.612500 0.354167 0.066250 0.098333
0 0.876875 0.320417 0.072500 0.090833
0 0.805625 0.316667 0.066250 0.106667
0 0.195937 0.295417 0.066875 0.085833
0 0.750625 0.267083 0.071250 0.092500
0 0.120313 0.256667 0.070625 0.083333
0 0.375937 0.283750 0.088125 0.140833
0 0.051250 0.221250 0.061250 0.087500
0 0.508125 0.208333 0.068750 0.086667
0 0.181562 0.205417 0.061875 0.084167
0 0.409062 0.196667 0.066875 0.095000
0 0.854062 0.177083 0.068125 0.090833
0 0.138125 0.169583 0.071250 0.089167
0 0.641563 0.156667 0.073125 0.081667
0 0.570312 0.160000 0.066875 0.098333
0 0.303125 0.075417 0.071250 0.064167
0 0.880625 0.083750 0.066250 0.092500
0 0.730313 0.075833 0.075625 0.105000
0 0.643125 0.067083 0.065000 0.089167
0 0.410625 0.061250 0.070000 0.089167
0 0.677188 0.018750 0.058125 0.037500
0 0.546250 0.019167 0.068750 0.038333
0 0.373437 0.036667 0.068125 0.073333
0 0.296875 0.032083 0.070000 0.064167