0 0.780312 0.977500 0.063125 0.045000
0 0.849688 0.972917 0.071875 0.054167
0 0.600938 0.965833 0.063125 0.068333
0 0.136250 0.961250 0.072500 0.077500
0 0.703438 0.950417 0.064375 0.095833
0 0.431563 0.939583 0.065625 0.090833
0 0.758750 0.910833 0.061250 0.073333
0 0.646563 0.907500 0.053125 0.075000
0 0.111250 0.889583 0.063750 0.079167
0 0.846250 0.876250 0.062500 0.079167
0 0.029687 0.857917 0.059375 0.095833
0 0.116250 0.820417 0.058750 0.082500
0 0.627188 0.832917 0.081875 0.109167
0 0.539687 0.831667 0.069375 0.125000
0 0.804063 0.810000 0.066875 0.086667
0 0.879062 0.802083 0.069375 0.079167
0 0.072188 0.809167 0.056875 0.095000
0 0.469062 0.805000 0.075625 0.125000
0 0.685937 0.785833 0.073125 0.118333
0 0.505313 0.747917 0.056875 0.079167
0 0.737500 0.743333 0.077500 0.081667
0 0.166563 0.747917 0.075625 0.095833
0 0.915625 0.718333 0.056250 0.073333
0 0.068437 0.719583 0.071875 0.097500
0 0.600313 0.702500 0.065625 0.088333
0 0.723750 0.682917 0.062500 0.079167
0 0.659687 0.690417 0.065625 0.094167
0 0.966562 0.683750 0.059375 0.082500
0 0.875000 0.660833 0.063750 0.073333
0 0.444375 0.641250 0.061250 0.074167
0 0.767188 0.621250 0.053125 0.075833
0 0.826875 0.608750 0.063750 0.055833
0 0.548125 0.616250 0.075000 0.087500
0 0.982187 0.612083 0.035625 0.084167
0 0.108750 0.638333 0.103750 0.143333
0 0.233750 0.604583 0.065000 0.085833
0 0.190312 0.612500 0.063125 0.110000
0 0.347500 0.609583 0.107500 0.105833
0 0.617188 0.591250 0.063125 0.080833
0 0.440937 0.580417 0.065625 0.090833
0 0.708750 0.577917 0.065000 0.095833
0 0.388125 0.559167 0.062500 0.080000
0 0.891563 0.543333 0.058125 0.083333
0 0.949375 0.543333 0.068750 0.096667
0 0.819375 0.538333 0.085000 0.090000
0 0.491250 0.527917 0.071250 0.080833
0 0.600000 0.523750 0.062500 0.092500
0 0.219375 0.500833 0.078750 0.088333
0 0.655937 0.490417 0.064375 0.085833
0 0.719063 0.479167 0.066875 0.090000
0 0.374375 0.464167 0.073750 0.093333
0 0.789687 0.466250 0.065625 0.102500
0 0.401875 0.399167 0.062500 0.086667
0 0.312188 0.391250 0.051875 0.085833
0 0.794687 0.369167 0.060625 0.080000
0 0.730313 0.334167 0.075625 0.083333
0 0.833125 0.288750 0.061250 0.074167
0 0.427187 0.285833 0.061875 0.088333
0 0.319063 0.248333 0.064375 0.080000
0 0.949375 0.228750 0.065000 0.085833
0 0.059687 0.195833 0.094375 0.108333
0 0.392500 0.176250 0.063750 0.075833
0 0.479375 0.172917 0.073750 0.084167
0 0.283438 0.157083 0.055625 0.080833
0 0.790000 0.175000 0.075000 0.123333
0 0.128750 0.151250 0.063750 0.087500
0 0.338438 0.142083 0.054375 0.074167
0 0.442500 0.129583 0.062500 0.080833
0 0.228750 0.122917 0.087500 0.114167
0 0.684688 0.091667 0.070625 0.080000
0 0.837187 0.088750 0.064375 0.085833
0 0.288750 0.074583 0.060000 0.082500
0 0.601875 0.055833 0.058750 0.078333
0 0.774375 0.063333 0.061250 0.098333
0 0.548750 0.056667 0.050000 0.086667
0 0.151875 0.057500 0.078750 0.093333
0 0.434063 0.044167 0.046875 0.088333
0 0.360312 0.056667 0.111875 0.113333
0 0.251563 0.036667 0.083125 0.073333