0 0.480312 0.950833 0.071875 0.091667
0 0.580625 0.940417 0.075000 0.102500
0 0.679375 0.933750 0.071250 0.099167
0 0.538750 0.922917 0.061250 0.099167
0 0.959375 0.875417 0.068750 0.094167
0 0.732812 0.851667 0.066875 0.085000
0 0.877812 0.852500 0.090625 0.125000
0 0.051250 0.803333 0.063750 0.090000
0 0.565312 0.801250 0.075625 0.099167
0 0.714375 0.756250 0.067500 0.077500
0 0.332500 0.737500 0.072500 0.086667
0 0.544375 0.705833 0.072500 0.106667
0 0.242812 0.636250 0.070625 0.095833
0 0.129688 0.599167 0.070625 0.081667
0 0.394375 0.574583 0.073750 0.100833
0 0.479063 0.550417 0.060625 0.084167
0 0.278438 0.552917 0.050625 0.107500
0 0.323437 0.547500 0.059375 0.105000
0 0.587812 0.504167 0.071875 0.103333
0 0.190938 0.482500 0.069375 0.096667
0 0.542500 0.479167 0.068750 0.091667
0 0.743750 0.475417 0.076250 0.092500
0 0.090000 0.482917 0.082500 0.115833
0 0.662813 0.462917 0.075625 0.097500
0 0.423125 0.458750 0.073750 0.090833
0 0.347187 0.459167 0.065625 0.091667
0 0.044062 0.445417 0.051875 0.090833
0 0.375312 0.378333 0.065625 0.098333
0 0.022187 0.362083 0.044375 0.075833
0 0.553750 0.364167 0.063750 0.091667
0 0.414687 0.357917 0.068125 0.102500
0 0.194062 0.345833 0.073125 0.100000
0 0.618125 0.345417 0.077500 0.109167
0 0.778750 0.317500 0.070000 0.095000
0 0.652500 0.279167 0.063750 0.085000
0 0.588437 0.234167 0.069375 0.090000
0 0.415625 0.226667 0.072500 0.090000
0 0.979375 0.193750 0.041250 0.092500
0 0.550625 0.178333 0.077500 0.095000
0 0.826250 0.154167 0.068750 0.090000
0 0.287813 0.136250 0.068125 0.087500
0 0.169375 0.135417 0.067500 0.089167
0 0.085938 0.097500 0.064375 0.088333
0 0.903438 0.077500 0.078125 0.101667