0 0.063437 0.965833 0.064375 0.068333
0 0.275938 0.961667 0.076875 0.076667
0 0.309063 0.891250 0.059375 0.084167
0 0.381250 0.881667 0.068750 0.083333
0 0.500313 0.872500 0.061875 0.080000
0 0.270937 0.841250 0.068125 0.079167
0 0.355625 0.807083 0.072500 0.077500
0 0.530000 0.806667 0.122500 0.080000
0 0.811250 0.777083 0.075000 0.080833
0 0.961875 0.762083 0.076250 0.095833
0 0.883125 0.754583 0.096250 0.085833
0 0.665625 0.731250 0.065000 0.089167
0 0.901250 0.665000 0.101250 0.110000
0 0.373750 0.638750 0.065000 0.092500
0 0.840313 0.611667 0.064375 0.073333
0 0.333125 0.587917 0.076250 0.089167
0 0.490625 0.574167 0.065000 0.086667
0 0.655312 0.538333 0.078125 0.076667
0 0.855938 0.522917 0.068125 0.070833
0 0.136875 0.519167 0.065000 0.086667
0 0.526250 0.507083 0.068750 0.079167
0 0.282813 0.502500 0.058125 0.083333
0 0.345000 0.498333 0.085000 0.086667
0 0.628125 0.475000 0.067500 0.073333
0 0.188438 0.474583 0.068125 0.085833
0 0.451875 0.466667 0.076250 0.120000
0 0.561250 0.440833 0.063750 0.076667
0 0.943125 0.431667 0.050000 0.085000
0 0.131875 0.422083 0.081250 0.075833
0 0.893125 0.404583 0.052500 0.079167
0 0.840000 0.400000 0.053750 0.076667
0 0.696250 0.377500 0.052500 0.076667
0 0.093125 0.357500 0.081250 0.083333
0 0.812813 0.352500 0.066875 0.076667
0 0.473125 0.323750 0.070000 0.080833
0 0.830937 0.293333 0.068125 0.086667
0 0.397813 0.287500 0.066875 0.095000
0 0.587187 0.242083 0.063125 0.092500
0 0.212500 0.228750 0.062500 0.092500
0 0.718125 0.204583 0.077500 0.080833
0 0.809063 0.157500 0.083125 0.071667
0 0.474687 0.155417 0.081875 0.072500
0 0.879375 0.105000 0.061250 0.070000
0 0.227813 0.133333 0.081875 0.126667
0 0.433125 0.075417 0.071250 0.089167
0 0.296563 0.062917 0.079375 0.084167
0 0.503437 0.045833 0.060625 0.083333
0 0.940312 0.030833 0.071875 0.061667
0 0.605625 0.037500 0.060000 0.075000