0 0.815625 0.975417 0.048750 0.049167
0 0.869062 0.970000 0.054375 0.060000
0 0.052500 0.963333 0.052500 0.073333
0 0.658125 0.959583 0.052500 0.080833
0 0.578125 0.950833 0.075000 0.076667
0 0.484375 0.956250 0.052500 0.087500
0 0.119063 0.956250 0.065625 0.087500
0 0.349375 0.955417 0.068750 0.089167
0 0.973437 0.943750 0.053125 0.067500
0 0.282813 0.940833 0.061875 0.075000
0 0.740000 0.935000 0.055000 0.076667
0 0.016250 0.945417 0.032500 0.109167
0 0.914375 0.931667 0.085000 0.088333
0 0.436250 0.895833 0.056250 0.076667
0 0.598125 0.895833 0.070000 0.085000
0 0.683125 0.905833 0.072500 0.115000
0 0.382500 0.916250 0.077500 0.135833
0 0.192812 0.898333 0.079375 0.113333
0 0.845000 0.885000 0.082500 0.105000
0 0.106563 0.873750 0.069375 0.092500
0 0.040625 0.857083 0.061250 0.070833
0 0.256563 0.857083 0.056875 0.080833
0 0.938750 0.850000 0.065000 0.083333
0 0.333750 0.833333 0.070000 0.085000
0 0.552813 0.826250 0.075625 0.090833
0 0.441563 0.822917 0.055625 0.085833
0 0.977812 0.813750 0.044375 0.077500
0 0.742500 0.818750 0.076250 0.105833
0 0.495625 0.789167 0.068750 0.086667
0 0.870938 0.783750 0.065625 0.092500
0 0.209375 0.769167 0.051250 0.073333
0 0.928125 0.769167 0.081250 0.091667
0 0.793125 0.772083 0.078750 0.107500
0 0.053125 0.762083 0.052500 0.094167
0 0.713750 0.742500 0.050000 0.073333
0 0.598437 0.759167 0.108125 0.135000
0 0.115000 0.742917 0.085000 0.112500
0 0.951250 0.723333 0.090000 0.088333
0 0.654375 0.713750 0.057500 0.074167
0 0.312188 0.743333 0.115625 0.133333
0 0.508750 0.710417 0.097500 0.085833
0 0.765938 0.698750 0.054375 0.065833
0 0.031250 0.689583 0.061250 0.075833
0 0.190938 0.704583 0.076875 0.114167
0 0.836250 0.700000 0.063750 0.116667
0 0.626875 0.661250 0.038750 0.057500
0 0.353438 0.673333 0.058125 0.083333
0 0.746875 0.645000 0.063750 0.075000
0 0.148750 0.650000 0.073750 0.093333
0 0.689375 0.637917 0.062500 0.092500
0 0.950313 0.624167 0.054375 0.070000
0 0.457188 0.644167 0.101875 0.116667
0 0.581875 0.619583 0.058750 0.074167
0 0.260625 0.636250 0.067500 0.114167
0 0.894062 0.626667 0.044375 0.103333
0 0.065312 0.618750 0.083125 0.089167
0 0.756250 0.591250 0.057500 0.070833
0 0.820000 0.583333 0.082500 0.085000
0 0.323437 0.586250 0.059375 0.090833
0 0.981563 0.569583 0.036875 0.087500
0 0.380625 0.566667 0.052500 0.081667
0 0.623750 0.572083 0.082500 0.095833
0 0.022187 0.550000 0.044375 0.103333
0 0.427187 0.561250 0.055625 0.132500
0 0.265313 0.530000 0.056875 0.078333
0 0.107188 0.524167 0.055625 0.070000
0 0.710313 0.512083 0.054375 0.070833
0 0.198125 0.538333 0.102500 0.123333
0 0.514687 0.517917 0.045625 0.090833
0 0.455000 0.516667 0.076250 0.091667
0 0.082812 0.503750 0.060625 0.075833
0 0.811562 0.498333 0.046875 0.066667
0 0.970313 0.482500 0.059375 0.065000
0 0.880938 0.502917 0.094375 0.109167
0 0.565625 0.502500 0.073750 0.116667
0 0.745313 0.477917 0.065625 0.082500
0 0.330313 0.482083 0.086875 0.109167
0 0.037500 0.468750 0.057500 0.085833
0 0.470625 0.446667 0.055000 0.068333
0 0.155312 0.450000 0.055625 0.100000
0 0.815312 0.434167 0.046875 0.071667
0 0.637813 0.452917 0.085625 0.109167
0 0.286875 0.422917 0.052500 0.070833
0 0.761250 0.423750 0.067500 0.087500
0 0.336875 0.413750 0.058750 0.067500
0 0.217500 0.418750 0.065000 0.080833
0 0.860000 0.412500 0.061250 0.085000
0 0.408125 0.404167 0.053750 0.080000
0 0.452188 0.396250 0.050625 0.077500
0 0.941562 0.400417 0.078125 0.095833
0 0.573125 0.381250 0.052500 0.084167
0 0.090938 0.374167 0.061875 0.071667
0 0.788750 0.365833 0.092500 0.076667
0 0.704063 0.365000 0.064375 0.076667
0 0.515312 0.375833 0.075625 0.101667
0 0.160625 0.365417 0.092500 0.087500
0 0.030312 0.373750 0.060625 0.110833
0 0.350313 0.345417 0.048125 0.074167
0 0.225938 0.339167 0.069375 0.086667
0 0.968750 0.342500 0.062500 0.103333
0 0.081562 0.315833 0.069375 0.060000
0 0.305312 0.333333 0.078125 0.108333
0 0.867812 0.315417 0.059375 0.079167
0 0.600625 0.323750 0.073750 0.097500
0 0.678750 0.315417 0.061250 0.085833
0 0.151562 0.297917 0.049375 0.067500
0 0.530000 0.279583 0.051250 0.067500
0 0.940625 0.283333 0.093750 0.081667
0 0.405625 0.296250 0.067500 0.110833
0 0.741563 0.278333 0.055625 0.100000
0 0.811250 0.270417 0.085000 0.094167
0 0.880313 0.255000 0.079375 0.070000
0 0.456875 0.255000 0.057500 0.070000
0 0.146563 0.252917 0.075625 0.065833
0 0.255625 0.259167 0.068750 0.088333
0 0.324062 0.253333 0.071875 0.080000
0 0.695937 0.225000 0.061875 0.075000
0 0.635938 0.234167 0.075625 0.116667
0 0.754375 0.207500 0.066250 0.080000
0 0.066562 0.217917 0.060625 0.104167
0 0.370937 0.206250 0.066875 0.085833
0 0.560312 0.192500 0.068125 0.086667
0 0.808750 0.182500 0.060000 0.078333
0 0.444375 0.170000 0.057500 0.080000
0 0.204375 0.193333 0.096250 0.138333
0 0.588125 0.160417 0.071250 0.082500
0 0.307812 0.165000 0.099375 0.108333
0 0.834688 0.136250 0.071875 0.074167
0 0.238437 0.139167 0.055625 0.081667
0 0.384062 0.130833 0.061875 0.071667
0 0.904687 0.137500 0.086875 0.095000
0 0.749687 0.130417 0.063125 0.080833
0 0.074063 0.125000 0.070625 0.100000
0 0.308125 0.099583 0.073750 0.062500
0 0.980313 0.116667 0.039375 0.101667
0 0.155625 0.115417 0.090000 0.114167
0 0.704063 0.104583 0.060625 0.100833
0 0.781563 0.090833 0.064375 0.075000
0 0.028438 0.101250 0.056875 0.100833
0 0.558750 0.073333 0.087500 0.096667
0 0.651563 0.101667 0.076875 0.166667
0 0.364687 0.045833 0.064375 0.068333
0 0.959063 0.050417 0.081875 0.084167
0 0.885312 0.041250 0.080625 0.082500
0 0.814688 0.043750 0.059375 0.087500
0 0.740938 0.038333 0.088125 0.076667
0 0.438750 0.048750 0.066250 0.097500
0 0.312188 0.037917 0.086875 0.075833
0 0.154062 0.023333 0.068125 0.046667
0 0.067812 0.038750 0.058125 0.077500