0 0.090000 0.793333 0.090000 0.078333
0 0.674687 0.764167 0.056875 0.096667
0 0.784062 0.740000 0.058125 0.081667
0 0.125000 0.737917 0.062500 0.089167
0 0.919687 0.736667 0.065625 0.090000
0 0.612500 0.726667 0.063750 0.091667
0 0.359687 0.546667 0.083125 0.076667
0 0.419687 0.530417 0.081875 0.067500
0 0.644062 0.531667 0.068125 0.088333
0 0.062812 0.530417 0.064375 0.094167
0 0.529687 0.437500 0.076875 0.090000
0 0.876563 0.417083 0.063125 0.062500
0 0.784687 0.417083 0.111875 0.064167
0 0.047813 0.426250 0.064375 0.092500
0 0.144687 0.425417 0.079375 0.105833
0 0.336875 0.402500 0.091250 0.085000
0 0.777500 0.355833 0.071250 0.058333
0 0.643750 0.326250 0.067500 0.087500
0 0.536563 0.313750 0.096875 0.089167
0 0.763750 0.303333 0.050000 0.076667
0 0.806250 0.272083 0.068750 0.095833
0 0.544687 0.261250 0.066875 0.082500
0 0.672813 0.248750 0.075625 0.100833
0 0.371250 0.219583 0.066250 0.092500
0 0.423125 0.167917 0.062500 0.092500
0 0.617500 0.158333 0.113750 0.078333
0 0.524375 0.105000 0.066250 0.081667
0 0.766875 0.088750 0.077500 0.079167
0 0.615313 0.032500 0.066875 0.065000
0 0.133125 0.030000 0.080000 0.060000