0 0.475938 0.978750 0.059375 0.042500
0 0.032500 0.972500 0.042500 0.055000
0 0.165313 0.959583 0.081875 0.080833
0 0.800625 0.930417 0.070000 0.090833
0 0.498750 0.910000 0.053750 0.068333
0 0.186250 0.862917 0.071250 0.077500
0 0.542188 0.848333 0.049375 0.066667
0 0.056563 0.857083 0.064375 0.087500
0 0.270000 0.823750 0.062500 0.087500
0 0.530937 0.806667 0.065625 0.080000
0 0.364375 0.785417 0.062500 0.085833
0 0.436563 0.764167 0.055625 0.070000
0 0.697187 0.770833 0.065625 0.090000
0 0.021875 0.744167 0.043750 0.083333
0 0.178750 0.731250 0.085000 0.114167
0 0.266562 0.710833 0.065625 0.083333
0 0.093125 0.714583 0.066250 0.094167
0 0.491250 0.652917 0.055000 0.077500
0 0.405313 0.658333 0.063125 0.093333
0 0.051250 0.627500 0.063750 0.081667
0 0.300625 0.622083 0.058750 0.072500
0 0.878437 0.604583 0.051875 0.072500
0 0.575000 0.600833 0.072500 0.095000
0 0.723437 0.575833 0.065625 0.085000
0 0.671562 0.581667 0.059375 0.096667
0 0.486875 0.550833 0.061250 0.085000
0 0.191250 0.531250 0.065000 0.099167
0 0.792500 0.508750 0.076250 0.077500
0 0.946562 0.497083 0.049375 0.072500
0 0.265000 0.505833 0.058750 0.091667
0 0.121250 0.483750 0.073750 0.102500
0 0.358438 0.442500 0.048125 0.075000
0 0.541562 0.438333 0.051875 0.075000
0 0.619687 0.428750 0.065625 0.077500
0 0.445312 0.426250 0.080625 0.104167
0 0.015938 0.385833 0.031875 0.083333
0 0.489687 0.376667 0.068125 0.078333
0 0.727500 0.362917 0.052500 0.079167
0 0.683125 0.352083 0.056250 0.077500
0 0.804375 0.352917 0.067500 0.087500
0 0.605938 0.330000 0.071875 0.096667
0 0.938750 0.303333 0.067500 0.096667
0 0.855625 0.286250 0.070000 0.099167
0 0.539687 0.302500 0.101875 0.145000
0 0.206250 0.205000 0.057500 0.076667
0 0.822812 0.197083 0.065625 0.067500
0 0.295938 0.192917 0.080625 0.070833
0 0.124688 0.190000 0.071875 0.076667
0 0.333437 0.166250 0.079375 0.092500
0 0.656563 0.160417 0.065625 0.094167
0 0.164375 0.129583 0.053750 0.069167
0 0.948438 0.129167 0.054375 0.085000
0 0.424687 0.097917 0.063125 0.087500
0 0.115625 0.085000 0.085000 0.078333
0 0.179063 0.058750 0.053125 0.092500
0 0.554375 0.022083 0.063750 0.044167
0 0.231563 0.054167 0.075625 0.108333
0 0.118438 0.030417 0.055625 0.060833