0 0.437812 0.977500 0.048125 0.045000
0 0.387188 0.967083 0.048125 0.065833
0 0.554375 0.965000 0.052500 0.070000
0 0.983750 0.962500 0.032500 0.071667
0 0.658750 0.950000 0.055000 0.080000
0 0.864375 0.951250 0.065000 0.084167
0 0.590938 0.945833 0.055625 0.086667
0 0.234687 0.939583 0.060625 0.084167
0 0.753125 0.929583 0.047500 0.072500
0 0.424375 0.909167 0.050000 0.073333
0 0.913125 0.885417 0.051250 0.080833
0 0.099687 0.884583 0.058125 0.082500
0 0.394375 0.837083 0.073750 0.089167
0 0.123750 0.817917 0.060000 0.080833
0 0.531875 0.797917 0.050000 0.075833
0 0.051562 0.799583 0.071875 0.079167
0 0.482187 0.768750 0.054375 0.070833
0 0.861875 0.750000 0.046250 0.058333
0 0.729062 0.740833 0.056875 0.071667
0 0.339375 0.738750 0.065000 0.077500
0 0.960313 0.713750 0.043125 0.062500
0 0.014687 0.729583 0.029375 0.097500
0 0.527813 0.718750 0.068125 0.079167
0 0.062500 0.717083 0.055000 0.079167
0 0.847187 0.686667 0.055625 0.063333
0 0.406250 0.687917 0.066250 0.102500
0 0.879062 0.645833 0.044375 0.065000
0 0.145937 0.647083 0.060625 0.082500
0 0.666875 0.645833 0.048750 0.081667
0 0.355625 0.658333 0.087500 0.110000
0 0.950937 0.643333 0.055625 0.086667
0 0.024063 0.639583 0.048125 0.082500
0 0.535937 0.619583 0.054375 0.070833
0 0.078437 0.594583 0.054375 0.077500
0 0.767813 0.580000 0.045625 0.075000
0 0.212812 0.569167 0.061875 0.075000
0 0.017500 0.562917 0.035000 0.064167
0 0.637813 0.558750 0.055625 0.062500
0 0.157812 0.561667 0.045625 0.075000
0 0.873125 0.552083 0.053750 0.062500
0 0.938438 0.561250 0.066875 0.087500
0 0.984375 0.542083 0.031250 0.070833
0 0.414687 0.536250 0.056875 0.067500
0 0.795937 0.516667 0.046875 0.063333
0 0.476250 0.481250 0.055000 0.075833
0 0.386250 0.470833 0.046250 0.073333
0 0.959688 0.462083 0.044375 0.059167
0 0.837812 0.462917 0.055625 0.082500
0 0.248125 0.460000 0.062500 0.091667
0 0.018437 0.447917 0.036875 0.077500
0 0.314063 0.426250 0.065625 0.084167
0 0.424687 0.415833 0.050625 0.071667
0 0.977500 0.414167 0.045000 0.078333
0 0.505938 0.401250 0.054375 0.077500
0 0.170000 0.364583 0.056250 0.062500
0 0.078125 0.390000 0.088750 0.113333
0 0.456250 0.364583 0.055000 0.067500
0 0.954375 0.370833 0.053750 0.081667
0 0.846562 0.360833 0.059375 0.065000
0 0.285313 0.355833 0.059375 0.061667
0 0.987187 0.336667 0.025625 0.050000
0 0.031563 0.331667 0.063125 0.085000
0 0.397188 0.329583 0.055625 0.084167
0 0.756563 0.319167 0.044375 0.065000
0 0.800937 0.305417 0.050625 0.072500
0 0.124688 0.302083 0.078125 0.102500
0 0.477187 0.282083 0.075625 0.067500
0 0.630000 0.280833 0.056250 0.080000
0 0.172813 0.279167 0.056875 0.088333
0 0.269688 0.257917 0.046875 0.069167
0 0.033125 0.250417 0.050000 0.072500
0 0.084687 0.242917 0.048125 0.059167
0 0.229375 0.244167 0.045000 0.088333
0 0.479375 0.217500 0.070000 0.070000
0 0.817187 0.212917 0.054375 0.065833
0 0.121250 0.207917 0.050000 0.080833
0 0.170313 0.212917 0.071875 0.102500
0 0.662188 0.199583 0.065625 0.084167
0 0.290312 0.182500 0.053125 0.065000
0 0.418750 0.198333 0.072500 0.120000
0 0.350313 0.164583 0.064375 0.090833
0 0.059375 0.143750 0.043750 0.085833
0 0.143750 0.120417 0.058750 0.062500
0 0.633750 0.120833 0.060000 0.081667
0 0.851562 0.085833 0.048125 0.058333
0 0.902813 0.091250 0.059375 0.084167
0 0.793438 0.079167 0.053125 0.075000
0 0.582812 0.075000 0.064375 0.083333
0 0.141250 0.044167 0.053750 0.080000
0 0.020938 0.047500 0.041875 0.086667
0 0.971250 0.025000 0.053750 0.050000
0 0.751563 0.027083 0.068125 0.054167
0 0.620000 0.035833 0.081250 0.071667
0 0.321875 0.047500 0.080000 0.095000
0 0.193438 0.021250 0.064375 0.042500
0 0.115625 0.030417 0.051250 0.060833
0 0.043437 0.024583 0.054375 0.049167