0 0.179688 0.970000 0.059375 0.060000
0 0.342500 0.966250 0.063750 0.067500
0 0.126250 0.954583 0.062500 0.080833
0 0.515312 0.932500 0.064375 0.078333
0 0.245000 0.923333 0.071250 0.068333
0 0.623125 0.910833 0.056250 0.080000
0 0.023438 0.900833 0.046875 0.088333
0 0.561875 0.872500 0.060000 0.075000
0 0.090938 0.876250 0.065625 0.084167
0 0.769062 0.877500 0.064375 0.088333
0 0.293125 0.868750 0.053750 0.077500
0 0.235000 0.849167 0.076250 0.088333
0 0.355625 0.822083 0.053750 0.067500
0 0.472187 0.827500 0.051875 0.080000
0 0.967812 0.821250 0.060625 0.082500
0 0.803125 0.770833 0.063750 0.080000
0 0.859062 0.759167 0.051875 0.080000
0 0.423750 0.761667 0.057500 0.096667
0 0.326562 0.752500 0.075625 0.091667
0 0.596562 0.728750 0.076875 0.084167
0 0.190625 0.719583 0.051250 0.074167
0 0.815625 0.718333 0.075000 0.096667
0 0.136875 0.707917 0.058750 0.105833
0 0.952500 0.685417 0.062500 0.084167
0 0.662188 0.679583 0.053125 0.074167
0 0.184375 0.656250 0.053750 0.080833
0 0.602812 0.647083 0.056875 0.077500
0 0.859375 0.628333 0.067500 0.080000
0 0.430312 0.627917 0.059375 0.079167
0 0.677500 0.568750 0.055000 0.079167
0 0.862500 0.560417 0.057500 0.069167
0 0.160312 0.544583 0.061875 0.077500
0 0.360312 0.513333 0.069375 0.080000
0 0.256250 0.502917 0.062500 0.087500
0 0.961250 0.482500 0.058750 0.083333
0 0.755313 0.487500 0.056875 0.101667
0 0.710625 0.476667 0.063750 0.081667
0 0.304063 0.477083 0.061875 0.082500
0 0.504375 0.477500 0.073750 0.088333
0 0.016875 0.469583 0.033750 0.102500
0 0.820625 0.461250 0.063750 0.092500
0 0.930625 0.419583 0.052500 0.074167
0 0.726562 0.415417 0.061875 0.069167
0 0.470313 0.409167 0.058125 0.058333
0 0.185938 0.395000 0.064375 0.070000
0 0.982500 0.387917 0.035000 0.074167
0 0.889687 0.379167 0.059375 0.070000
0 0.560312 0.382083 0.064375 0.080833
0 0.120313 0.380000 0.060625 0.078333
0 0.652500 0.376667 0.062500 0.095000
0 0.322188 0.350417 0.081875 0.114167
0 0.885000 0.319583 0.072500 0.084167
0 0.527500 0.309583 0.076250 0.102500
0 0.652813 0.263333 0.063125 0.080000
0 0.559063 0.266250 0.068125 0.087500
0 0.850625 0.252917 0.062500 0.087500
0 0.458125 0.247083 0.062500 0.075833
0 0.268125 0.250417 0.065000 0.085833
0 0.353125 0.223750 0.065000 0.082500
0 0.042500 0.224583 0.067500 0.089167
0 0.607187 0.215417 0.059375 0.079167
0 0.778438 0.199583 0.069375 0.089167
0 0.922188 0.180417 0.065625 0.087500
0 0.091875 0.158750 0.053750 0.075833
0 0.652500 0.153750 0.053750 0.075833
0 0.167187 0.152917 0.064375 0.077500
0 0.572500 0.145417 0.062500 0.080833
0 0.771875 0.105833 0.077500 0.111667
0 0.309063 0.087083 0.068125 0.084167
0 0.374688 0.063333 0.055625 0.090000
0 0.955625 0.058750 0.066250 0.087500
0 0.272188 0.050000 0.060625 0.085000