0 0.622188 0.982500 0.056875 0.035000
0 0.518750 0.974583 0.066250 0.050833
0 0.216562 0.972500 0.056875 0.055000
0 0.300625 0.969583 0.065000 0.060833
0 0.684063 0.963750 0.068125 0.072500
0 0.116562 0.963750 0.120625 0.072500
0 0.817500 0.961250 0.058750 0.077500
0 0.377188 0.956250 0.066875 0.087500
0 0.899375 0.947083 0.062500 0.077500
0 0.963125 0.948750 0.065000 0.090833
0 0.468125 0.943750 0.066250 0.084167
0 0.052812 0.937500 0.058125 0.090000
0 0.563750 0.941667 0.065000 0.106667
0 0.730938 0.914167 0.056875 0.090000
0 0.299063 0.910833 0.094375 0.093333
0 0.213750 0.909167 0.056250 0.091667
0 0.427187 0.886250 0.051875 0.072500
0 0.780312 0.898750 0.049375 0.117500
0 0.650937 0.882500 0.060625 0.085000
0 0.503750 0.880417 0.082500 0.082500
0 0.840313 0.888750 0.076875 0.100833
0 0.075313 0.875833 0.063125 0.080000
0 0.377500 0.870000 0.077500 0.083333
0 0.138437 0.855417 0.055625 0.077500
0 0.969063 0.857917 0.061875 0.102500
0 0.565312 0.844167 0.065625 0.098333
0 0.013750 0.829583 0.027500 0.079167
0 0.255937 0.831667 0.055625 0.091667
0 0.470625 0.828333 0.058750 0.090000
0 0.711875 0.830833 0.073750 0.096667
0 0.325937 0.816667 0.064375 0.075000
0 0.890938 0.815833 0.104375 0.098333
0 0.404375 0.805000 0.088750 0.080000
0 0.536250 0.798333 0.063750 0.075000
0 0.799375 0.798750 0.090000 0.100833
0 0.235313 0.794167 0.068125 0.093333
0 0.615000 0.791667 0.101250 0.111667
0 0.176563 0.780417 0.053125 0.117500
0 0.094062 0.774583 0.116875 0.130833
0 0.022187 0.744167 0.044375 0.073333
0 0.296250 0.741667 0.051250 0.081667
0 0.886250 0.734583 0.071250 0.070833
0 0.363750 0.737500 0.060000 0.091667
0 0.818438 0.722917 0.068125 0.080833
0 0.689688 0.739167 0.095625 0.126667
0 0.463438 0.730000 0.089375 0.108333
0 0.958750 0.746667 0.082500 0.146667
0 0.575000 0.706250 0.061250 0.094167
0 0.077188 0.690833 0.061875 0.078333
0 0.746875 0.699167 0.065000 0.103333
0 0.025000 0.674167 0.050000 0.075000
0 0.595625 0.671667 0.052500 0.080000
0 0.511250 0.662500 0.058750 0.085000
0 0.261875 0.657083 0.060000 0.079167
0 0.171563 0.675833 0.119375 0.135000
0 0.778750 0.648333 0.048750 0.086667
0 0.724063 0.641250 0.063125 0.072500
0 0.940000 0.655000 0.101250 0.101667
0 0.845313 0.664167 0.086875 0.126667
0 0.667500 0.642917 0.045000 0.084167
0 0.090938 0.628750 0.058125 0.067500
0 0.438437 0.623333 0.063125 0.071667
0 0.326250 0.626667 0.075000 0.108333
0 0.580625 0.606667 0.057500 0.083333
0 0.636875 0.592083 0.055000 0.075833
0 0.969688 0.594583 0.060625 0.084167
0 0.258750 0.592917 0.072500 0.105833
0 0.194688 0.577083 0.055625 0.077500
0 0.694063 0.566250 0.054375 0.070833
0 0.049688 0.561250 0.069375 0.080833
0 0.864062 0.567917 0.060625 0.099167
0 0.336562 0.548750 0.073125 0.084167
0 0.122188 0.546667 0.055625 0.080000
0 0.385625 0.560417 0.065000 0.109167
0 0.539687 0.544167 0.078125 0.086667
0 0.976562 0.530417 0.046875 0.060833
0 0.455000 0.556667 0.062500 0.148333
0 0.747188 0.542917 0.061875 0.124167
0 0.160938 0.520000 0.066875 0.125000
0 0.907813 0.501667 0.105625 0.093333
0 0.255312 0.504583 0.080625 0.099167
0 0.604688 0.498333 0.059375 0.088333
0 0.975625 0.477500 0.048750 0.066667
0 0.534375 0.485417 0.108750 0.087500
0 0.072500 0.485417 0.108750 0.095833
0 0.810000 0.492500 0.063750 0.121667
0 0.678750 0.468750 0.101250 0.102500
0 0.217500 0.453750 0.058750 0.072500
0 0.017188 0.440833 0.034375 0.090000
0 0.372500 0.452083 0.126250 0.114167
0 0.740938 0.440000 0.069375 0.093333
0 0.978125 0.416667 0.043750 0.056667
0 0.875938 0.427083 0.059375 0.082500
0 0.160312 0.406250 0.061875 0.055833
0 0.273750 0.417500 0.058750 0.081667
0 0.086563 0.382500 0.051875 0.070000
0 0.686250 0.375833 0.068750 0.086667
0 0.964063 0.363333 0.056875 0.065000
0 0.341875 0.376250 0.090000 0.090833
0 0.148438 0.361250 0.051875 0.064167
0 0.602187 0.385417 0.078125 0.122500
0 0.663438 0.348750 0.044375 0.054167
0 0.784687 0.376667 0.085625 0.125000
0 0.520000 0.365000 0.067500 0.103333
0 0.857500 0.345833 0.061250 0.071667
0 0.907813 0.365833 0.066875 0.128333
0 0.216250 0.355833 0.088750 0.123333
0 0.722187 0.335833 0.063125 0.090000
0 0.437500 0.356667 0.103750 0.135000
0 0.790625 0.294583 0.058750 0.052500
0 0.112187 0.300833 0.091875 0.075000
0 0.226250 0.289167 0.058750 0.060000
0 0.307188 0.298333 0.098125 0.095000
0 0.025625 0.285417 0.051250 0.084167
0 0.860313 0.276667 0.045625 0.071667
0 0.396250 0.282917 0.098750 0.094167
0 0.643125 0.284583 0.073750 0.115833
0 0.158125 0.257500 0.067500 0.070000
0 0.556250 0.276667 0.083750 0.115000
0 0.490938 0.271250 0.074375 0.105833
0 0.702187 0.259583 0.083125 0.092500
0 0.927500 0.257500 0.078750 0.103333
0 0.854688 0.217917 0.050625 0.059167
0 0.334688 0.218333 0.054375 0.068333
0 0.803125 0.232500 0.063750 0.098333
0 0.740000 0.207083 0.057500 0.100833
0 0.270000 0.214583 0.077500 0.119167
0 0.462813 0.192083 0.061875 0.079167
0 0.104375 0.206250 0.071250 0.109167
0 0.033438 0.198333 0.066875 0.100000
0 0.196250 0.178750 0.060000 0.085833
0 0.385000 0.185000 0.077500 0.101667
0 0.974375 0.203750 0.051250 0.149167
0 0.855625 0.165000 0.061250 0.076667
0 0.654062 0.178333 0.063125 0.110000
0 0.602500 0.194583 0.062500 0.145833
0 0.932187 0.151667 0.064375 0.083333
0 0.699063 0.135417 0.074375 0.082500
0 0.034688 0.123750 0.060625 0.060833
0 0.128750 0.134167 0.072500 0.096667
0 0.360000 0.110833 0.063750 0.080000
0 0.253437 0.107500 0.069375 0.091667
0 0.748437 0.089167 0.059375 0.090000
0 0.492188 0.103750 0.081875 0.125833
0 0.673750 0.085833 0.087500 0.091667
0 0.885312 0.080000 0.074375 0.088333
0 0.098125 0.069583 0.066250 0.069167
0 0.049688 0.065417 0.061875 0.075833
0 0.823125 0.070417 0.072500 0.114167
0 0.956562 0.055833 0.086875 0.111667
0 0.783125 0.027083 0.051250 0.054167
0 0.703750 0.020000 0.085000 0.040000
0 0.611875 0.052500 0.083750 0.105000
0 0.498437 0.022083 0.055625 0.044167
0 0.420625 0.049167 0.082500 0.098333
0 0.317500 0.037500 0.100000 0.075000
0 0.152500 0.047083 0.080000 0.094167