0 0.966250 0.950000 0.067500 0.078333
0 0.825000 0.925833 0.087500 0.076667
0 0.656563 0.909167 0.071875 0.058333
0 0.961875 0.868750 0.076250 0.089167
0 0.771875 0.865000 0.066250 0.086667
0 0.600313 0.844167 0.081875 0.081667
0 0.074688 0.833333 0.064375 0.093333
0 0.140625 0.820833 0.075000 0.096667
0 0.250937 0.819167 0.074375 0.105000
0 0.615625 0.766250 0.070000 0.094167
0 0.755625 0.644583 0.066250 0.094167
0 0.417812 0.637083 0.065625 0.097500
0 0.290938 0.630833 0.071875 0.100000
0 0.360938 0.603750 0.074375 0.112500
0 0.553750 0.539583 0.067500 0.092500
0 0.919375 0.520833 0.087500 0.085000
0 0.731563 0.516667 0.083125 0.096667
0 0.926562 0.445000 0.074375 0.081667
0 0.375937 0.403333 0.083125 0.075000
0 0.057188 0.374583 0.075625 0.085833
0 0.863125 0.342083 0.088750 0.070833
0 0.744687 0.343750 0.075625 0.074167
0 0.542500 0.288750 0.072500 0.092500
0 0.734062 0.267917 0.089375 0.079167
0 0.358750 0.276250 0.076250 0.099167
0 0.342187 0.121250 0.114375 0.079167
0 0.264688 0.119167 0.065625 0.096667
0 0.677500 0.074583 0.073750 0.085833
0 0.823750 0.071250 0.073750 0.090833
0 0.175000 0.053333 0.083750 0.106667