0 0.226562 0.982083 0.085625 0.035833
0 0.606250 0.977083 0.060000 0.045833
0 0.669375 0.969167 0.068750 0.061667
0 0.138437 0.962500 0.065625 0.075000
0 0.075313 0.951667 0.065625 0.096667
0 0.204687 0.941667 0.069375 0.078333
0 0.628750 0.918750 0.077500 0.084167
0 0.340625 0.894583 0.060000 0.079167
0 0.149375 0.895417 0.063750 0.084167
0 0.287813 0.891250 0.054375 0.090833
0 0.401562 0.889583 0.063125 0.112500
0 0.224062 0.857917 0.061875 0.057500
0 0.891563 0.891250 0.088125 0.132500
0 0.504687 0.853750 0.066875 0.087500
0 0.874687 0.802917 0.065625 0.072500
0 0.932187 0.796667 0.055625 0.080000
0 0.231563 0.802500 0.070625 0.093333
0 0.176875 0.776250 0.077500 0.104167
0 0.543438 0.767500 0.071875 0.100000
0 0.965938 0.752083 0.068125 0.090833
0 0.095000 0.748750 0.076250 0.097500
0 0.842812 0.715000 0.051875 0.070000
0 0.766875 0.663750 0.058750 0.079167
0 0.128438 0.642083 0.075625 0.085833
0 0.955000 0.655417 0.090000 0.117500
0 0.658125 0.619583 0.063750 0.082500
0 0.835000 0.604167 0.057500 0.080000
0 0.925312 0.592083 0.054375 0.059167
0 0.620000 0.603333 0.065000 0.083333
0 0.718750 0.584167 0.061250 0.066667
0 0.536563 0.596250 0.080625 0.095833
0 0.078750 0.575833 0.075000 0.091667
0 0.256250 0.557500 0.073750 0.088333
0 0.045625 0.541250 0.055000 0.075833
0 0.901250 0.529583 0.101250 0.075833
0 0.420312 0.510833 0.061875 0.086667
0 0.523750 0.514167 0.068750 0.098333
0 0.780312 0.520000 0.074375 0.111667
0 0.101250 0.500000 0.066250 0.095000
0 0.833125 0.474167 0.056250 0.073333
0 0.975938 0.468333 0.048125 0.090000
0 0.448750 0.461250 0.072500 0.100833
0 0.799063 0.428750 0.054375 0.065833
0 0.685625 0.430417 0.066250 0.100833
0 0.288125 0.420417 0.067500 0.092500
0 0.185312 0.411667 0.059375 0.078333
0 0.104375 0.405417 0.062500 0.082500
0 0.389062 0.408750 0.073125 0.095833
0 0.490625 0.398333 0.066250 0.121667
0 0.927813 0.381250 0.101875 0.099167
0 0.762188 0.383333 0.086875 0.110000
0 0.529687 0.372500 0.054375 0.095000
0 0.717812 0.355417 0.061875 0.074167
0 0.635000 0.357917 0.062500 0.087500
0 0.030625 0.333333 0.057500 0.073333
0 0.154062 0.335833 0.064375 0.086667
0 0.573125 0.325000 0.063750 0.080000
0 0.869062 0.322083 0.063125 0.094167
0 0.413125 0.313750 0.076250 0.089167
0 0.968750 0.314167 0.062500 0.093333
0 0.684375 0.294167 0.066250 0.091667
0 0.775625 0.278750 0.060000 0.082500
0 0.515312 0.267500 0.073125 0.095000
0 0.122500 0.250833 0.076250 0.088333
0 0.450625 0.244583 0.063750 0.084167
0 0.042813 0.240833 0.066875 0.076667
0 0.615000 0.236667 0.083750 0.113333
0 0.853125 0.212500 0.063750 0.078333
0 0.968750 0.216667 0.056250 0.093333
0 0.551250 0.189583 0.068750 0.094167
0 0.134375 0.163333 0.065000 0.083333
0 0.023125 0.152917 0.046250 0.090833
0 0.751563 0.142500 0.055625 0.080000
0 0.851875 0.122500 0.065000 0.085000
0 0.402500 0.115833 0.080000 0.098333
0 0.112500 0.097083 0.053750 0.072500
0 0.550937 0.100833 0.075625 0.083333
0 0.936250 0.094583 0.063750 0.089167
0 0.476250 0.092917 0.077500 0.097500
0 0.615625 0.066667 0.076250 0.093333
0 0.332188 0.060417 0.073125 0.097500
0 0.171563 0.042083 0.058125 0.079167
0 0.884687 0.037083 0.060625 0.074167
0 0.508437 0.037917 0.060625 0.075833
0 0.073125 0.043750 0.065000 0.087500