0 0.561250 0.984583 0.052500 0.030833
0 0.424063 0.977083 0.068125 0.045833
0 0.310625 0.976667 0.087500 0.046667
0 0.695625 0.968750 0.115000 0.062500
0 0.927813 0.966250 0.055625 0.067500
0 0.499375 0.963750 0.075000 0.072500
0 0.371250 0.958333 0.058750 0.083333
0 0.093750 0.958333 0.100000 0.083333
0 0.781875 0.955417 0.060000 0.082500
0 0.279062 0.952500 0.056875 0.078333
0 0.869687 0.953750 0.069375 0.092500
0 0.972812 0.952083 0.054375 0.095833
0 0.611250 0.947083 0.063750 0.087500
0 0.833438 0.940000 0.054375 0.080000
0 0.675312 0.926250 0.059375 0.065833
0 0.438125 0.922083 0.057500 0.077500
0 0.550937 0.921250 0.065625 0.090833
0 0.739375 0.914583 0.063750 0.085833
0 0.025625 0.900417 0.051250 0.072500
0 0.116562 0.901667 0.074375 0.091667
0 0.204687 0.885000 0.065625 0.078333
0 0.609062 0.876250 0.051875 0.065833
0 0.388125 0.868750 0.065000 0.072500
0 0.272188 0.872917 0.066875 0.089167
0 0.321562 0.831667 0.060625 0.081667
0 0.474062 0.823750 0.058125 0.080833
0 0.713750 0.840000 0.108750 0.128333
0 0.867188 0.824167 0.079375 0.098333
0 0.081875 0.814583 0.067500 0.087500
0 0.163438 0.805000 0.058125 0.081667
0 0.560000 0.787500 0.053750 0.060000
0 0.273438 0.784583 0.058125 0.077500
0 0.403125 0.784167 0.053750 0.098333
0 0.442188 0.772083 0.068125 0.087500
0 0.215000 0.752500 0.053750 0.075000
0 0.031250 0.754167 0.062500 0.085000
0 0.924063 0.757083 0.065625 0.092500
0 0.349062 0.743750 0.068125 0.077500
0 0.559688 0.725417 0.063125 0.070833
0 0.171250 0.710000 0.047500 0.080000
0 0.493125 0.705417 0.065000 0.080833
0 0.919375 0.705833 0.077500 0.088333
0 0.292187 0.687917 0.063125 0.087500
0 0.425000 0.683333 0.062500 0.080000
0 0.093125 0.673333 0.070000 0.073333
0 0.023125 0.672500 0.046250 0.071667
0 0.551875 0.663333 0.061250 0.066667
0 0.506563 0.630000 0.069375 0.070000
0 0.331875 0.624583 0.056250 0.069167
0 0.594688 0.623750 0.068125 0.084167
0 0.041563 0.615833 0.058125 0.080000
0 0.393750 0.602500 0.065000 0.083333
0 0.104375 0.596250 0.053750 0.075833
0 0.571875 0.587083 0.065000 0.074167
0 0.665312 0.598750 0.055625 0.107500
0 0.917813 0.581250 0.063125 0.075833
0 0.737187 0.606667 0.114375 0.126667
0 0.498437 0.571667 0.081875 0.063333
0 0.279375 0.566250 0.062500 0.087500
0 0.157812 0.548750 0.050625 0.069167
0 0.422187 0.546250 0.063125 0.075833
0 0.259375 0.522083 0.055000 0.084167
0 0.510000 0.508750 0.046250 0.065833
0 0.756563 0.516667 0.074375 0.085000
0 0.973750 0.510833 0.052500 0.083333
0 0.916250 0.511250 0.085000 0.090833
0 0.655312 0.506667 0.053125 0.085000
0 0.018750 0.504167 0.037500 0.088333
0 0.073750 0.488333 0.057500 0.070000
0 0.573750 0.496667 0.068750 0.088333
0 0.984375 0.454167 0.031250 0.055000
0 0.930312 0.455417 0.066875 0.074167
0 0.710625 0.448333 0.061250 0.088333
0 0.869375 0.432083 0.038750 0.062500
0 0.262500 0.437917 0.053750 0.089167
0 0.203125 0.471250 0.095000 0.157500
0 0.805000 0.451250 0.097500 0.120833
0 0.121875 0.442083 0.082500 0.115833
0 0.038437 0.426667 0.060625 0.091667
0 0.457188 0.447083 0.111875 0.139167
0 0.655937 0.419167 0.061875 0.088333
0 0.990938 0.395000 0.018125 0.063333
0 0.584688 0.404167 0.076875 0.093333
0 0.096875 0.399167 0.055000 0.088333
0 0.905312 0.390417 0.058125 0.074167
0 0.936562 0.376250 0.056875 0.084167
0 0.217500 0.373750 0.061250 0.079167
0 0.777500 0.360000 0.065000 0.100000
0 0.491250 0.343750 0.065000 0.087500
0 0.640938 0.340417 0.069375 0.092500
0 0.717500 0.328333 0.058750 0.083333
0 0.597500 0.315000 0.051250 0.073333
0 0.285313 0.323750 0.090625 0.129167
0 0.447188 0.287917 0.058125 0.082500
0 0.381875 0.292500 0.067500 0.091667
0 0.085000 0.298750 0.110000 0.120833
0 0.512813 0.267917 0.068125 0.085833
0 0.233125 0.258333 0.065000 0.081667
0 0.311250 0.257917 0.086250 0.089167
0 0.825313 0.273750 0.073125 0.124167
0 0.635312 0.243333 0.050625 0.076667
0 0.017812 0.248750 0.035625 0.095833
0 0.880625 0.212500 0.067500 0.088333
0 0.388125 0.202500 0.062500 0.078333
0 0.468438 0.198333 0.069375 0.071667
0 0.093750 0.194583 0.061250 0.085833
0 0.658750 0.180417 0.110000 0.059167
0 0.216250 0.168750 0.066250 0.087500
0 0.173750 0.184583 0.071250 0.119167
0 0.924375 0.149583 0.066250 0.085833
0 0.986563 0.147917 0.026875 0.089167
0 0.132188 0.135417 0.056875 0.082500
0 0.042813 0.130000 0.066875 0.081667
0 0.856563 0.128333 0.059375 0.080000
0 0.432188 0.125417 0.059375 0.079167
0 0.633437 0.071667 0.056875 0.073333
0 0.116250 0.077917 0.071250 0.089167
0 0.480000 0.087917 0.085000 0.135833
0 0.246562 0.055833 0.089375 0.085000
0 0.716562 0.083333 0.090625 0.141667
0 0.951875 0.062917 0.073750 0.112500
0 0.805937 0.045417 0.069375 0.085833
0 0.968750 0.017500 0.056250 0.035000
0 0.873437 0.030000 0.080625 0.060000
0 0.678750 0.013333 0.050000 0.026667
0 0.525000 0.022083 0.071250 0.044167
0 0.419375 0.032500 0.080000 0.065000
0 0.136250 0.019167 0.070000 0.038333