0 0.900312 0.976667 0.056875 0.046667
0 0.817813 0.963333 0.078125 0.073333
0 0.472187 0.958750 0.063125 0.082500
0 0.123125 0.955417 0.063750 0.079167
0 0.046562 0.955833 0.068125 0.088333
0 0.965625 0.950833 0.068750 0.098333
0 0.267500 0.950417 0.071250 0.099167
0 0.723437 0.937917 0.060625 0.094167
0 0.417812 0.934167 0.075625 0.111667
0 0.325937 0.914167 0.064375 0.080000
0 0.615313 0.930833 0.205625 0.138333
0 0.112187 0.889167 0.069375 0.101667
0 0.917500 0.889583 0.116250 0.110833
0 0.802188 0.873333 0.093125 0.098333
0 0.284062 0.845417 0.093125 0.109167
0 0.676250 0.829167 0.057500 0.078333
0 0.173750 0.854167 0.100000 0.138333
0 0.543750 0.824583 0.058750 0.089167
0 0.036562 0.827917 0.073125 0.102500
0 0.470938 0.829583 0.081875 0.130833
0 0.373750 0.822500 0.063750 0.125000
0 0.861875 0.807500 0.091250 0.098333
0 0.226250 0.795000 0.067500 0.083333
0 0.737500 0.804583 0.076250 0.120833
0 0.664375 0.773750 0.056250 0.077500
0 0.097812 0.774167 0.070625 0.126667
0 0.431875 0.763333 0.077500 0.110000
0 0.931875 0.772083 0.071250 0.140833
0 0.702500 0.734167 0.062500 0.091667
0 0.524375 0.726667 0.065000 0.080000
0 0.219375 0.713333 0.067500 0.080000
0 0.040313 0.705833 0.063125 0.085000
0 0.160625 0.716667 0.085000 0.115000
0 0.851250 0.702500 0.061250 0.088333
0 0.613437 0.698750 0.056875 0.084167
0 0.309375 0.725000 0.082500 0.156667
0 0.970313 0.672917 0.059375 0.072500
0 0.579375 0.673333 0.061250 0.073333
0 0.269375 0.653333 0.091250 0.103333
0 0.911875 0.642500 0.067500 0.085000
0 0.767813 0.670833 0.101875 0.145000
0 0.672813 0.619167 0.099375 0.081667
0 0.522188 0.632083 0.071875 0.119167
0 0.450937 0.642500 0.078125 0.148333
0 0.181562 0.607917 0.066875 0.094167
0 0.362812 0.615833 0.078125 0.111667
0 0.604688 0.595000 0.081875 0.100000
0 0.852187 0.572500 0.065625 0.093333
0 0.327188 0.551667 0.068125 0.071667
0 0.230625 0.553750 0.062500 0.089167
0 0.966562 0.569583 0.066875 0.157500
0 0.046562 0.535000 0.069375 0.101667
0 0.755938 0.530417 0.066875 0.097500
0 0.520938 0.529583 0.055625 0.100833
0 0.288750 0.504167 0.056250 0.075000
0 0.697812 0.497083 0.076875 0.097500
0 0.620000 0.498750 0.067500 0.110833
0 0.176250 0.505000 0.091250 0.143333
0 0.914687 0.483333 0.070625 0.125000
0 0.837812 0.476667 0.065625 0.111667
0 0.426563 0.463333 0.066875 0.090000
0 0.020000 0.447917 0.040000 0.069167
0 0.569063 0.446250 0.069375 0.082500
0 0.355000 0.459167 0.073750 0.108333
0 0.265313 0.441250 0.059375 0.085833
0 0.115937 0.422083 0.069375 0.094167
0 0.665625 0.410000 0.046250 0.098333
0 0.471875 0.398333 0.062500 0.080000
0 0.620313 0.400000 0.045625 0.085000
0 0.765312 0.415417 0.093125 0.145833
0 0.846875 0.382083 0.063750 0.082500
0 0.073750 0.376667 0.085000 0.085000
0 0.715938 0.390417 0.066875 0.122500
0 0.234375 0.362500 0.086250 0.106667
0 0.970313 0.390833 0.059375 0.178333
0 0.152812 0.340417 0.068125 0.092500
0 0.316250 0.354167 0.065000 0.121667
0 0.411250 0.328333 0.072500 0.121667
0 0.892500 0.333333 0.092500 0.143333
0 0.218125 0.295417 0.062500 0.082500
0 0.611563 0.315000 0.135625 0.126667
0 0.697187 0.294167 0.048125 0.106667
0 0.797813 0.310417 0.068125 0.145833
0 0.497500 0.301250 0.106250 0.160833
0 0.110312 0.288333 0.069375 0.135000
0 0.033438 0.282083 0.066875 0.125833
0 0.334062 0.232500 0.053125 0.081667
0 0.561250 0.211667 0.065000 0.076667
0 0.288750 0.214167 0.052500 0.085000
0 0.830625 0.218750 0.088750 0.112500
0 0.954688 0.220833 0.073125 0.126667
0 0.399687 0.211250 0.115625 0.125833
0 0.726250 0.231250 0.092500 0.177500
0 0.203125 0.192917 0.091250 0.122500
0 0.499063 0.202083 0.113125 0.145833
0 0.076250 0.179167 0.070000 0.131667
0 0.340625 0.146250 0.065000 0.085833
0 0.018750 0.158333 0.037500 0.128333
0 0.628750 0.107917 0.065000 0.075833
0 0.132812 0.115000 0.071875 0.100000
0 0.262500 0.122917 0.093750 0.130833
0 0.694375 0.101667 0.077500 0.093333
0 0.768750 0.126667 0.071250 0.153333
0 0.907500 0.114583 0.127500 0.134167
0 0.536875 0.083333 0.058750 0.088333
0 0.464687 0.114167 0.123125 0.153333
0 0.382188 0.070417 0.083125 0.104167
0 0.808125 0.023333 0.068750 0.046667
0 0.728437 0.024583 0.068125 0.049167
0 0.653125 0.036250 0.063750 0.072500
0 0.542813 0.031667 0.131875 0.063333
0 0.338750 0.022917 0.055000 0.045833
0 0.277500 0.025833 0.060000 0.051667
0 0.140937 0.036250 0.065625 0.072500