0 0.514375 0.957500 0.055000 0.078333
0 0.605313 0.954167 0.074375 0.091667
0 0.134375 0.932083 0.127500 0.087500
0 0.561562 0.920833 0.060625 0.070000
0 0.930937 0.922917 0.053125 0.077500
0 0.855000 0.936667 0.118750 0.126667
0 0.752500 0.902083 0.087500 0.079167
0 0.668125 0.901250 0.055000 0.090833
0 0.973125 0.890833 0.053750 0.103333
0 0.550937 0.862500 0.065625 0.068333
0 0.859062 0.848333 0.054375 0.066667
0 0.313750 0.857917 0.067500 0.107500
0 0.598437 0.848750 0.044375 0.094167
0 0.638437 0.834167 0.061875 0.081667
0 0.844688 0.767500 0.065625 0.088333
0 0.555625 0.776250 0.068750 0.125833
0 0.427812 0.751250 0.080625 0.094167
0 0.743125 0.739583 0.055000 0.092500
0 0.248438 0.732917 0.066875 0.119167
0 0.573125 0.680833 0.058750 0.076667
0 0.058125 0.765833 0.116250 0.261667
0 0.862500 0.677083 0.071250 0.095833
0 0.783125 0.670000 0.076250 0.098333
0 0.497812 0.645000 0.065625 0.076667
0 0.435625 0.645833 0.066250 0.083333
0 0.367500 0.636250 0.085000 0.097500
0 0.289062 0.641667 0.075625 0.108333
0 0.706250 0.629583 0.066250 0.094167
0 0.973125 0.605000 0.053750 0.080000
0 0.661250 0.564583 0.065000 0.085833
0 0.260625 0.583333 0.095000 0.133333
0 0.596250 0.527083 0.070000 0.097500
0 0.713125 0.517917 0.073750 0.089167
0 0.325000 0.492083 0.065000 0.092500
0 0.978125 0.479583 0.043750 0.070833
0 0.379375 0.461250 0.066250 0.102500
0 0.575937 0.437083 0.061875 0.082500
0 0.931562 0.425833 0.048125 0.075000
0 0.063125 0.420833 0.075000 0.091667
0 0.337813 0.410417 0.065625 0.079167
0 0.694063 0.427083 0.091875 0.114167
0 0.294375 0.406250 0.051250 0.089167
0 0.217812 0.402917 0.060625 0.089167
0 0.758437 0.404167 0.074375 0.101667
0 0.887813 0.390833 0.063125 0.080000
0 0.955625 0.366667 0.063750 0.076667
0 0.557813 0.375417 0.069375 0.099167
0 0.106875 0.360417 0.067500 0.075833
0 0.844063 0.339167 0.065625 0.086667
0 0.719063 0.342500 0.068125 0.101667
0 0.178125 0.329167 0.070000 0.076667
0 0.285313 0.324583 0.059375 0.069167
0 0.784062 0.327083 0.064375 0.099167
0 0.468438 0.322500 0.101875 0.093333
0 0.956250 0.302083 0.060000 0.060833
0 0.237500 0.287083 0.070000 0.067500
0 0.414375 0.296250 0.061250 0.087500
0 0.619375 0.290417 0.073750 0.085833
0 0.900937 0.257500 0.076875 0.091667
0 0.345938 0.231250 0.050625 0.067500
0 0.291563 0.234167 0.058125 0.090000
0 0.194062 0.231667 0.055625 0.090000
0 0.567813 0.244167 0.123125 0.155000
0 0.953750 0.203333 0.061250 0.085000
0 0.146250 0.172083 0.073750 0.100833
0 0.682500 0.157917 0.071250 0.087500
0 0.269062 0.138333 0.084375 0.103333
0 0.577187 0.133750 0.076875 0.109167
0 0.943438 0.106250 0.055625 0.087500
0 0.727812 0.105833 0.071875 0.088333
0 0.088125 0.109167 0.073750 0.096667
0 0.157812 0.090417 0.055625 0.085833
0 0.213125 0.106667 0.087500 0.123333
0 0.361250 0.090417 0.081250 0.095833
0 0.623750 0.072500 0.077500 0.086667
0 0.971875 0.072917 0.056250 0.117500
0 0.918750 0.037917 0.055000 0.075833
0 0.755625 0.041250 0.063750 0.082500
0 0.672188 0.042917 0.094375 0.085833
0 0.316250 0.033333 0.080000 0.066667
0 0.143437 0.030833 0.076875 0.061667