0 0.247188 0.960000 0.075625 0.080000
0 0.555937 0.955000 0.070625 0.090000
0 0.512188 0.887917 0.081875 0.085833
0 0.415625 0.868333 0.070000 0.101667
0 0.489375 0.817083 0.066250 0.080833
0 0.049375 0.821250 0.075000 0.092500
0 0.825313 0.805417 0.073125 0.100833
0 0.352500 0.787500 0.052500 0.100000
0 0.280000 0.747083 0.090000 0.074167
0 0.522188 0.715000 0.066875 0.108333
0 0.869375 0.712083 0.085000 0.107500
0 0.205000 0.657500 0.078750 0.100000
0 0.048125 0.631250 0.073750 0.080833
0 0.637500 0.625833 0.076250 0.096667
0 0.160312 0.600000 0.089375 0.086667
0 0.880313 0.611250 0.101875 0.117500
0 0.445937 0.592083 0.066875 0.080833
0 0.631563 0.536250 0.071875 0.082500
0 0.788438 0.533750 0.070625 0.120833
0 0.043125 0.471250 0.086250 0.075833
0 0.377812 0.476250 0.079375 0.092500
0 0.917500 0.456667 0.077500 0.083333
0 0.262500 0.438750 0.062500 0.080833
0 0.108750 0.405833 0.097500 0.081667
0 0.773125 0.396667 0.136250 0.163333
0 0.868750 0.325833 0.092500 0.090000
0 0.947187 0.292917 0.080625 0.092500
0 0.178750 0.277917 0.075000 0.099167
0 0.113437 0.255417 0.080625 0.109167
0 0.837500 0.229167 0.070000 0.073333
0 0.752812 0.225417 0.069375 0.090833
0 0.405625 0.204583 0.075000 0.094167
0 0.177500 0.082083 0.107500 0.067500
0 0.289687 0.059583 0.074375 0.094167