0 0.029375 0.970000 0.052500 0.060000
0 0.282500 0.889167 0.067500 0.108333
0 0.751250 0.872917 0.063750 0.087500
0 0.381563 0.872083 0.070625 0.087500
0 0.604062 0.860833 0.065625 0.083333
0 0.131250 0.854167 0.067500 0.086667
0 0.959063 0.832083 0.070625 0.090833
0 0.284062 0.775833 0.066875 0.076667
0 0.912813 0.755000 0.061875 0.078333
0 0.632188 0.759583 0.070625 0.092500
0 0.797813 0.757083 0.074375 0.100833
0 0.540000 0.745417 0.080000 0.102500
0 0.330625 0.717917 0.062500 0.075833
0 0.682500 0.690833 0.070000 0.088333
0 0.465625 0.677500 0.061250 0.075000
0 0.279375 0.660000 0.085000 0.098333
0 0.368437 0.610833 0.064375 0.093333
0 0.216875 0.594583 0.050000 0.070833
0 0.526875 0.600000 0.062500 0.095000
0 0.063437 0.582917 0.070625 0.080833
0 0.607812 0.564583 0.066875 0.090833
0 0.134375 0.529167 0.060000 0.078333
0 0.952187 0.496250 0.053125 0.077500
0 0.204687 0.496250 0.060625 0.077500
0 0.724375 0.474167 0.065000 0.091667
0 0.615000 0.437083 0.102500 0.100833
0 0.353750 0.410000 0.060000 0.078333
0 0.886875 0.388333 0.063750 0.090000
0 0.259062 0.362083 0.058125 0.077500
0 0.093125 0.360417 0.071250 0.097500
0 0.456875 0.311667 0.086250 0.096667
0 0.889375 0.290000 0.056250 0.063333
0 0.965625 0.294167 0.068750 0.101667
0 0.104063 0.251667 0.059375 0.066667
0 0.661563 0.245833 0.076875 0.075000
0 0.982500 0.195000 0.035000 0.095000
0 0.883437 0.187083 0.074375 0.094167
0 0.599375 0.186667 0.067500 0.093333
0 0.795000 0.160417 0.065000 0.087500
0 0.734062 0.097083 0.073125 0.097500
0 0.579688 0.087917 0.065625 0.082500
0 0.980313 0.070417 0.039375 0.099167
0 0.605313 0.026250 0.059375 0.052500
0 0.275000 0.036250 0.060000 0.072500