0 0.397500 0.970833 0.067500 0.058333
0 0.275000 0.967500 0.067500 0.065000
0 0.042813 0.966667 0.066875 0.066667
0 0.144687 0.956667 0.066875 0.086667
0 0.729688 0.946667 0.069375 0.098333
0 0.375937 0.932500 0.069375 0.085000
0 0.205000 0.915833 0.071250 0.100000
0 0.087813 0.906250 0.065625 0.085833
0 0.137813 0.865417 0.068125 0.087500
0 0.249688 0.841250 0.066875 0.099167
0 0.331562 0.825000 0.075625 0.086667
0 0.622500 0.818333 0.067500 0.095000
0 0.411562 0.807500 0.058125 0.086667
0 0.165313 0.782917 0.066875 0.085833
0 0.969688 0.777500 0.060625 0.091667
0 0.051562 0.755000 0.080625 0.095000
0 0.347813 0.755417 0.075625 0.097500
0 0.537813 0.746667 0.070625 0.085000
0 0.497188 0.702083 0.060625 0.097500
0 0.383437 0.705000 0.045625 0.106667
0 0.591875 0.677500 0.070000 0.088333
0 0.191250 0.673750 0.080000 0.090833
0 0.419063 0.695417 0.040625 0.152500
0 0.054062 0.657917 0.079375 0.084167
0 0.790000 0.606667 0.066250 0.088333
0 0.074688 0.584167 0.093125 0.096667
0 0.613750 0.550000 0.065000 0.096667
0 0.173437 0.543333 0.064375 0.085000
0 0.713750 0.521667 0.068750 0.096667
0 0.447813 0.461667 0.063125 0.091667
0 0.125625 0.455000 0.073750 0.093333
0 0.937500 0.432500 0.068750 0.086667
0 0.280313 0.370000 0.080625 0.101667
0 0.972812 0.357500 0.054375 0.090000
0 0.550000 0.347917 0.065000 0.092500
0 0.853750 0.348333 0.083750 0.105000
0 0.674063 0.322917 0.070625 0.095833
0 0.160312 0.306250 0.076875 0.095833
0 0.079375 0.302500 0.067500 0.090000
0 0.808438 0.276250 0.068125 0.087500
0 0.552813 0.269583 0.071875 0.082500
0 0.434375 0.265417 0.073750 0.087500
0 0.332188 0.255000 0.068125 0.090000
0 0.221250 0.235417 0.070000 0.090833
0 0.135625 0.167500 0.070000 0.091667
0 0.364063 0.154167 0.063125 0.073333
0 0.460000 0.124167 0.066250 0.093333
0 0.026250 0.120833 0.052500 0.093333
0 0.221250 0.096667 0.056250 0.073333
0 0.599063 0.095833 0.064375 0.091667
0 0.660937 0.091667 0.071875 0.085000
0 0.761875 0.072500 0.076250 0.105000
0 0.075625 0.065833 0.061250 0.096667
0 0.183750 0.054583 0.060000 0.102500
0 0.596250 0.034167 0.061250 0.068333