0 0.226875 0.975833 0.067500 0.048333
0 0.892500 0.971667 0.065000 0.056667
0 0.455000 0.971667 0.061250 0.056667
0 0.727187 0.959583 0.063125 0.080833
0 0.623437 0.958333 0.058125 0.083333
0 0.392188 0.948333 0.080625 0.080000
0 0.302500 0.935000 0.058750 0.081667
0 0.223125 0.910000 0.065000 0.076667
0 0.545000 0.882500 0.057500 0.093333
0 0.381875 0.849583 0.076250 0.065833
0 0.728750 0.861667 0.063750 0.098333
0 0.471562 0.879167 0.075625 0.141667
0 0.787188 0.853750 0.064375 0.092500
0 0.280000 0.845833 0.040000 0.101667
0 0.320937 0.837500 0.044375 0.121667
0 0.238750 0.815417 0.072500 0.099167
0 0.436875 0.804583 0.072500 0.099167
0 0.349062 0.776250 0.025625 0.049167
0 0.463438 0.759167 0.064375 0.095000
0 0.211875 0.740417 0.076250 0.089167
0 0.401250 0.720000 0.065000 0.095000
0 0.663750 0.713333 0.060000 0.091667
0 0.446875 0.630000 0.062500 0.116667
0 0.393750 0.647917 0.075000 0.154167
0 0.132500 0.620000 0.083750 0.106667
0 0.537813 0.577500 0.064375 0.085000
0 0.950000 0.562500 0.070000 0.086667
0 0.050313 0.531667 0.061875 0.078333
0 0.346875 0.544167 0.055000 0.118333
0 0.610938 0.507500 0.059375 0.093333
0 0.673438 0.488750 0.063125 0.080833
0 0.560312 0.492083 0.055625 0.090833
0 0.435937 0.504583 0.048125 0.127500
0 0.874687 0.482500 0.063125 0.096667
0 0.934375 0.475000 0.066250 0.098333
0 0.796875 0.452917 0.057500 0.082500
0 0.390000 0.480000 0.062500 0.141667
0 0.526250 0.433750 0.062500 0.090833
0 0.265000 0.431250 0.073750 0.095833
0 0.697500 0.417917 0.080000 0.094167
0 0.130938 0.400833 0.070625 0.076667
0 0.948750 0.403333 0.061250 0.090000
0 0.445312 0.395417 0.065625 0.102500
0 0.226562 0.380833 0.079375 0.096667
0 0.777813 0.370417 0.074375 0.102500
0 0.887500 0.346250 0.060000 0.092500
0 0.310000 0.345417 0.067500 0.095833
0 0.951562 0.333333 0.063125 0.080000
0 0.838125 0.355417 0.048750 0.124167
0 0.198437 0.326250 0.075625 0.109167
0 0.699063 0.301250 0.058125 0.114167
0 0.274062 0.291667 0.074375 0.095000
0 0.065937 0.243333 0.084375 0.080000
0 0.974688 0.243750 0.050625 0.097500
0 0.333125 0.232083 0.071250 0.115833
0 0.264375 0.197917 0.065000 0.079167
0 0.576250 0.182083 0.073750 0.087500
0 0.044062 0.177500 0.069375 0.098333
0 0.659375 0.173333 0.070000 0.096667
0 0.843125 0.157917 0.060000 0.077500
0 0.476562 0.152500 0.071875 0.086667
0 0.776563 0.145833 0.079375 0.083333
0 0.964375 0.137500 0.062500 0.101667
0 0.606875 0.124583 0.071250 0.089167
0 0.262813 0.097500 0.058125 0.100000
0 0.515938 0.090417 0.065625 0.087500
0 0.084375 0.091250 0.062500 0.100833
0 0.568750 0.055833 0.071250 0.101667
0 0.961875 0.034583 0.070000 0.069167
0 0.892500 0.067083 0.077500 0.134167