0 0.971250 0.964167 0.057500 0.071667
0 0.210938 0.934167 0.074375 0.095000
0 0.900625 0.920000 0.062500 0.086667
0 0.703125 0.904167 0.067500 0.091667
0 0.391875 0.886667 0.071250 0.086667
0 0.306875 0.845833 0.065000 0.105000
0 0.448750 0.804167 0.068750 0.096667
0 0.631875 0.801667 0.065000 0.095000
0 0.833125 0.787917 0.061250 0.089167
0 0.915937 0.772500 0.073125 0.098333
0 0.351250 0.662917 0.071250 0.085833
0 0.978437 0.635417 0.043125 0.084167
0 0.818438 0.623333 0.078125 0.081667
0 0.017812 0.620000 0.035625 0.103333
0 0.881250 0.564167 0.066250 0.101667
0 0.084062 0.552500 0.066875 0.080000
0 0.549063 0.537500 0.066875 0.086667
0 0.063750 0.440417 0.070000 0.084167
0 0.425312 0.431250 0.065625 0.094167
0 0.576875 0.424167 0.072500 0.096667
0 0.503750 0.394583 0.071250 0.090833
0 0.371250 0.369167 0.063750 0.090000
0 0.969688 0.324583 0.054375 0.074167
0 0.030000 0.327083 0.060000 0.094167
0 0.922188 0.248333 0.069375 0.083333
0 0.565312 0.247917 0.076875 0.094167
0 0.412187 0.190000 0.066875 0.085000
0 0.504062 0.177083 0.069375 0.102500
0 0.934375 0.160833 0.095000 0.075000
0 0.145000 0.186667 0.065000 0.130000
0 0.027187 0.127500 0.054375 0.091667
0 0.338750 0.112083 0.066250 0.087500
0 0.432812 0.076667 0.073125 0.103333
0 0.913438 0.051250 0.050625 0.084167
0 0.235937 0.047917 0.061875 0.089167
0 0.838437 0.045833 0.064375 0.090000
0 0.896875 0.023750 0.058750 0.047500