0 0.391562 0.969583 0.051875 0.060833
0 0.324375 0.956667 0.067500 0.070000
0 0.881563 0.942083 0.075625 0.090833
0 0.156250 0.918750 0.066250 0.072500
0 0.107188 0.920000 0.050625 0.081667
0 0.697187 0.907500 0.056875 0.066667
0 0.804063 0.912083 0.070625 0.080833
0 0.029687 0.905417 0.059375 0.070833
0 0.914687 0.902500 0.068125 0.078333
0 0.454375 0.904167 0.078750 0.096667
0 0.305000 0.878333 0.058750 0.073333
0 0.375000 0.876250 0.060000 0.070833
0 0.564688 0.875000 0.060625 0.076667
0 0.657188 0.844167 0.056875 0.075000
0 0.511875 0.844583 0.070000 0.080833
0 0.255937 0.842083 0.053125 0.084167
0 0.819688 0.827083 0.056875 0.069167
0 0.902813 0.813333 0.069375 0.066667
0 0.624375 0.824583 0.058750 0.095833
0 0.035312 0.812500 0.070625 0.078333
0 0.199375 0.815417 0.056250 0.090833
0 0.705937 0.804583 0.054375 0.080833
0 0.553125 0.796667 0.066250 0.076667
0 0.354375 0.789167 0.052500 0.075000
0 0.110937 0.794583 0.064375 0.095833
0 0.489375 0.760417 0.063750 0.060833
0 0.772500 0.762917 0.065000 0.090833
0 0.574375 0.746250 0.051250 0.074167
0 0.929688 0.748333 0.075625 0.080000
0 0.407187 0.747500 0.064375 0.093333
0 0.296563 0.739583 0.059375 0.085833
0 0.018125 0.729583 0.036250 0.077500
0 0.198437 0.727917 0.064375 0.077500
0 0.736563 0.723750 0.063125 0.085833
0 0.080625 0.694167 0.057500 0.066667
0 0.845313 0.700833 0.068125 0.093333
0 0.510625 0.677500 0.060000 0.081667
0 0.622188 0.679167 0.058125 0.091667
0 0.348438 0.682500 0.066875 0.098333
0 0.250937 0.664583 0.065625 0.082500
0 0.935312 0.655000 0.071875 0.078333
0 0.194062 0.638750 0.061875 0.074167
0 0.776250 0.638333 0.057500 0.085000
0 0.702187 0.640833 0.061875 0.090000
0 0.868125 0.620000 0.061250 0.066667
0 0.395937 0.624167 0.061875 0.078333
0 0.982500 0.584583 0.035000 0.092500
0 0.615000 0.570417 0.055000 0.077500
0 0.190625 0.562917 0.047500 0.082500
0 0.416250 0.545417 0.056250 0.065833
0 0.130625 0.555833 0.050000 0.086667
0 0.938125 0.550833 0.060000 0.088333
0 0.805625 0.551667 0.086250 0.090000
0 0.083750 0.542917 0.062500 0.077500
0 0.219062 0.537500 0.059375 0.080000
0 0.501250 0.532083 0.058750 0.072500
0 0.278438 0.532500 0.061875 0.091667
0 0.612500 0.476250 0.072500 0.080833
0 0.825313 0.467500 0.061875 0.081667
0 0.436563 0.462500 0.054375 0.073333
0 0.216562 0.452917 0.078125 0.062500
0 0.759062 0.438333 0.071875 0.073333
0 0.305000 0.442083 0.060000 0.080833
0 0.505313 0.440833 0.065625 0.083333
0 0.136250 0.438750 0.062500 0.092500
0 0.366250 0.425000 0.056250 0.066667
0 0.685000 0.423333 0.055000 0.073333
0 0.045937 0.415833 0.055625 0.068333
0 0.876563 0.403333 0.070625 0.096667
0 0.203125 0.387500 0.057500 0.071667
0 0.602187 0.380417 0.066875 0.079167
0 0.464062 0.362500 0.068125 0.066667
0 0.415312 0.370000 0.051875 0.095000
0 0.062812 0.349583 0.065625 0.075833
0 0.930312 0.348333 0.074375 0.081667
0 0.153125 0.338750 0.062500 0.065833
0 0.781875 0.339167 0.072500 0.078333
0 0.349687 0.343750 0.065625 0.089167
0 0.863125 0.318333 0.070000 0.081667
0 0.660000 0.320417 0.070000 0.102500
0 0.531250 0.310000 0.062500 0.083333
0 0.215625 0.300417 0.068750 0.085833
0 0.087500 0.294583 0.062500 0.085833
0 0.982187 0.291250 0.035625 0.097500
0 0.736563 0.277917 0.076875 0.085833
0 0.427187 0.272917 0.063125 0.080833
0 0.292500 0.269167 0.061250 0.076667
0 0.929063 0.264167 0.078125 0.078333
0 0.029687 0.258750 0.059375 0.080833
0 0.149375 0.254167 0.068750 0.076667
0 0.573750 0.240833 0.065000 0.086667
0 0.494688 0.240417 0.065625 0.092500
0 0.691250 0.218750 0.070000 0.080833
0 0.766250 0.200000 0.070000 0.076667
0 0.160625 0.177500 0.061250 0.061667
0 0.930625 0.184167 0.055000 0.091667
0 0.365625 0.166667 0.067500 0.068333
0 0.569688 0.168750 0.074375 0.080833
0 0.218125 0.163750 0.057500 0.079167
0 0.499375 0.140000 0.065000 0.076667
0 0.672500 0.142500 0.077500 0.085000
0 0.880625 0.134583 0.066250 0.092500
0 0.755938 0.118750 0.071875 0.080833
0 0.044062 0.107083 0.061875 0.077500
0 0.967500 0.098750 0.065000 0.079167
0 0.295000 0.093333 0.057500 0.091667
0 0.816562 0.074583 0.059375 0.074167
0 0.367500 0.077917 0.068750 0.080833
0 0.705625 0.057500 0.050000 0.081667
0 0.914062 0.054167 0.065625 0.081667
0 0.131562 0.062917 0.051875 0.099167
0 0.085625 0.057083 0.056250 0.087500
0 0.227500 0.063333 0.063750 0.101667
0 0.480938 0.040833 0.066875 0.065000