0 0.385313 0.974167 0.073125 0.051667
0 0.645938 0.940000 0.076875 0.086667
0 0.078437 0.940000 0.064375 0.086667
0 0.343125 0.908750 0.068750 0.097500
0 0.444688 0.896250 0.068125 0.100833
0 0.127188 0.874167 0.066875 0.086667
0 0.514375 0.881250 0.070000 0.109167
0 0.835938 0.868333 0.068125 0.086667
0 0.376875 0.827083 0.093750 0.090833
0 0.451562 0.802083 0.081875 0.097500
0 0.088750 0.794583 0.051250 0.082500
0 0.151875 0.793333 0.066250 0.081667
0 0.038750 0.795000 0.068750 0.096667
0 0.655312 0.812083 0.099375 0.139167
0 0.949063 0.782083 0.068125 0.090833
0 0.320937 0.773750 0.073125 0.092500
0 0.218125 0.742500 0.078750 0.098333
0 0.578125 0.737917 0.068750 0.099167
0 0.296250 0.709583 0.051250 0.080833
0 0.032500 0.708750 0.061250 0.084167
0 0.410000 0.686250 0.113750 0.077500
0 0.241250 0.692083 0.078750 0.110833
0 0.116562 0.679167 0.100625 0.136667
0 0.647188 0.657083 0.076875 0.099167
0 0.372812 0.649583 0.096875 0.102500
0 0.274062 0.632917 0.084375 0.097500
0 0.329062 0.610000 0.056875 0.111667
0 0.067187 0.595833 0.075625 0.090000
0 0.142813 0.590000 0.070625 0.080000
0 0.832187 0.583750 0.071875 0.080833
0 0.196563 0.575000 0.059375 0.108333
0 0.296875 0.545833 0.076250 0.078333
0 0.380625 0.555417 0.090000 0.100833
0 0.077813 0.527500 0.063125 0.083333
0 0.022187 0.526250 0.044375 0.109167
0 0.259062 0.515417 0.075625 0.090833
0 0.122188 0.492083 0.064375 0.100833
0 0.308750 0.464167 0.085000 0.091667
0 0.785625 0.455000 0.065000 0.093333
0 0.028438 0.437083 0.056875 0.085833
0 0.425938 0.433750 0.080625 0.090833
0 0.325000 0.400000 0.110000 0.090000
0 0.979688 0.383750 0.040625 0.090833
0 0.625625 0.379583 0.080000 0.089167
0 0.296875 0.323333 0.073750 0.075000
0 0.028125 0.310000 0.056250 0.090000
0 0.376563 0.305833 0.080625 0.101667
0 0.611563 0.292917 0.121875 0.099167
0 0.928438 0.274583 0.070625 0.109167
0 0.765312 0.260833 0.071875 0.083333
0 0.016875 0.250833 0.033750 0.071667
0 0.304688 0.270417 0.083125 0.120833
0 0.702500 0.243750 0.070000 0.115833
0 0.380312 0.242917 0.096875 0.129167
0 0.140000 0.210833 0.058750 0.083333
0 0.442500 0.225000 0.100000 0.133333
0 0.062500 0.205000 0.073750 0.106667
0 0.271562 0.199167 0.078125 0.098333
0 0.357187 0.153333 0.080625 0.086667
0 0.504375 0.184167 0.120000 0.168333
0 0.178750 0.147917 0.065000 0.112500
0 0.230937 0.126667 0.056875 0.138333
0 0.418125 0.109583 0.086250 0.107500
0 0.330937 0.090417 0.076875 0.087500
0 0.821250 0.092500 0.092500 0.106667
0 0.269688 0.061250 0.073125 0.082500
0 0.482812 0.072083 0.076875 0.115833
0 0.046875 0.048750 0.081250 0.084167
0 0.961562 0.035417 0.071875 0.070833
0 0.517813 0.055000 0.084375 0.110000