0 0.596875 0.980000 0.053750 0.040000
0 0.449062 0.972500 0.065625 0.055000
0 0.301875 0.962500 0.053750 0.075000
0 0.543125 0.942917 0.061250 0.079167
0 0.500000 0.939583 0.050000 0.082500
0 0.712500 0.935417 0.060000 0.077500
0 0.876563 0.918333 0.054375 0.073333
0 0.018125 0.907500 0.036250 0.085000
0 0.975625 0.897917 0.048750 0.095833
0 0.289687 0.883750 0.060625 0.067500
0 0.579375 0.871250 0.050000 0.072500
0 0.689688 0.872083 0.058125 0.079167
0 0.438125 0.860417 0.058750 0.070833
0 0.627812 0.864583 0.050625 0.080833
0 0.381563 0.870833 0.061875 0.100000
0 0.222188 0.857917 0.068125 0.082500
0 0.764062 0.830833 0.074375 0.108333
0 0.276562 0.811250 0.054375 0.069167
0 0.887188 0.802500 0.061875 0.081667
0 0.397813 0.790417 0.051875 0.062500
0 0.224375 0.773333 0.061250 0.073333
0 0.944063 0.761667 0.054375 0.078333
0 0.860000 0.730833 0.062500 0.065000
0 0.101875 0.735833 0.052500 0.080000
0 0.161562 0.730833 0.061875 0.086667
0 0.407813 0.718333 0.063125 0.078333
0 0.492188 0.695417 0.071875 0.074167
0 0.827500 0.684167 0.061250 0.076667
0 0.963125 0.653750 0.066250 0.072500
0 0.719688 0.645417 0.053125 0.072500
0 0.448437 0.629167 0.055625 0.051667
0 0.863750 0.634167 0.048750 0.063333
0 0.048125 0.622083 0.057500 0.075833
0 0.085312 0.593333 0.050625 0.066667
0 0.637813 0.567917 0.071875 0.067500
0 0.160938 0.572500 0.068125 0.080000
0 0.069062 0.541667 0.049375 0.065000
0 0.879375 0.542500 0.058750 0.068333
0 0.934063 0.539167 0.049375 0.068333
0 0.808125 0.539583 0.073750 0.097500
0 0.100937 0.516250 0.049375 0.080833
0 0.218438 0.511667 0.053125 0.078333
0 0.764687 0.496250 0.065625 0.080833
0 0.718437 0.480833 0.055625 0.071667
0 0.801250 0.464583 0.048750 0.062500
0 0.665000 0.444167 0.057500 0.070000
0 0.477187 0.434167 0.048125 0.070000
0 0.063125 0.417917 0.053750 0.065833
0 0.190000 0.418750 0.070000 0.100833
0 0.540000 0.375417 0.051250 0.064167
0 0.106250 0.359583 0.058750 0.077500
0 0.918125 0.357917 0.060000 0.082500
0 0.498750 0.312917 0.062500 0.070833
0 0.762188 0.313333 0.054375 0.075000
0 0.143750 0.305833 0.065000 0.065000
0 0.423750 0.303750 0.078750 0.095833
0 0.957500 0.280417 0.053750 0.085833
0 0.230937 0.252917 0.066875 0.080833
0 0.846875 0.225833 0.048750 0.066667
0 0.083750 0.216667 0.055000 0.070000
0 0.152500 0.224583 0.080000 0.090833
0 0.806250 0.196250 0.050000 0.072500
0 0.961250 0.172083 0.053750 0.072500
0 0.691250 0.159583 0.050000 0.082500
0 0.175313 0.152083 0.058125 0.085833
0 0.850000 0.120833 0.050000 0.065000
0 0.732187 0.101250 0.065625 0.079167
0 0.897500 0.095000 0.045000 0.081667
0 0.748125 0.033750 0.057500 0.067500
0 0.651875 0.036250 0.057500 0.072500
0 0.339375 0.037917 0.060000 0.075833
0 0.255625 0.035833 0.082500 0.071667