0 0.753750 0.976250 0.057500 0.047500
0 0.509375 0.974583 0.071250 0.050833
0 0.891563 0.948333 0.073125 0.103333
0 0.684375 0.932083 0.065000 0.090833
0 0.253125 0.924167 0.060000 0.080000
0 0.087813 0.891250 0.059375 0.075833
0 0.439688 0.887500 0.056875 0.080000
0 0.615938 0.859167 0.071875 0.053333
0 0.521563 0.877917 0.070625 0.092500
0 0.370625 0.857500 0.076250 0.090000
0 0.963437 0.824583 0.059375 0.077500
0 0.234375 0.777917 0.060000 0.085833
0 0.494688 0.760000 0.054375 0.075000
0 0.574688 0.746250 0.066875 0.087500
0 0.960625 0.699583 0.068750 0.062500
0 0.444688 0.675000 0.064375 0.085000
0 0.195625 0.665417 0.071250 0.085833
0 0.312188 0.645000 0.078125 0.091667
0 0.059375 0.612917 0.061250 0.082500
0 0.962812 0.610000 0.068125 0.085000
0 0.145625 0.535833 0.062500 0.076667
0 0.566875 0.529583 0.078750 0.102500
0 0.420312 0.515000 0.040625 0.076667
0 0.944375 0.442917 0.060000 0.079167
0 0.104375 0.445000 0.065000 0.083333
0 0.255937 0.422917 0.069375 0.075833
0 0.607187 0.422500 0.061875 0.100000
0 0.645625 0.406250 0.065000 0.090833
0 0.811562 0.397500 0.060625 0.081667
0 0.334375 0.392083 0.057500 0.077500
0 0.526563 0.400417 0.086875 0.115833
0 0.032188 0.343333 0.064375 0.078333
0 0.189688 0.337917 0.050625 0.072500
0 0.932813 0.300833 0.063125 0.081667
0 0.268437 0.283750 0.056875 0.070833
0 0.413750 0.254167 0.067500 0.101667
0 0.823125 0.194167 0.063750 0.080000
0 0.706875 0.191250 0.078750 0.077500
0 0.029687 0.146250 0.059375 0.079167
0 0.624375 0.152917 0.068750 0.100833
0 0.880313 0.139583 0.061875 0.075833
0 0.694375 0.126667 0.065000 0.091667
0 0.298438 0.119167 0.064375 0.093333
0 0.542188 0.107500 0.066875 0.088333
0 0.193750 0.101667 0.066250 0.086667
0 0.428750 0.087083 0.058750 0.070833
0 0.752188 0.053750 0.074375 0.084167
0 0.079062 0.065000 0.036875 0.108333
0 0.947500 0.041667 0.047500 0.083333
0 0.368125 0.032917 0.061250 0.065833
0 0.030937 0.027917 0.061875 0.055833