0 0.196563 0.975833 0.076875 0.048333
0 0.858125 0.967917 0.065000 0.064167
0 0.924063 0.945000 0.069375 0.095000
0 0.305000 0.928750 0.068750 0.094167
0 0.737812 0.918333 0.074375 0.085000
0 0.440625 0.909583 0.067500 0.082500
0 0.191875 0.905833 0.058750 0.083333
0 0.523750 0.875000 0.062500 0.090000
0 0.118438 0.867500 0.064375 0.093333
0 0.875000 0.861667 0.062500 0.088333
0 0.793438 0.817500 0.071875 0.095000
0 0.490312 0.771250 0.069375 0.095833
0 0.214375 0.762500 0.077500 0.088333
0 0.850625 0.739583 0.066250 0.097500
0 0.975938 0.735000 0.048125 0.105000
0 0.559688 0.706667 0.066875 0.090000
0 0.684688 0.706667 0.074375 0.100000
0 0.255312 0.695833 0.066875 0.091667
0 0.109063 0.690417 0.066875 0.090833
0 0.670625 0.650833 0.073750 0.088333
0 0.179688 0.653750 0.070625 0.094167
0 0.968437 0.633750 0.063125 0.095833
0 0.805937 0.632917 0.066875 0.102500
0 0.880625 0.567917 0.062500 0.084167
0 0.212188 0.567083 0.074375 0.082500
0 0.126250 0.561667 0.072500 0.096667
0 0.523125 0.552917 0.065000 0.095833
0 0.289062 0.541667 0.080625 0.096667
0 0.021562 0.523750 0.043125 0.085833
0 0.969688 0.510833 0.060625 0.091667
0 0.453750 0.397083 0.070000 0.087500
0 0.115937 0.425417 0.074375 0.149167
0 0.308750 0.387083 0.066250 0.095833
0 0.138437 0.381250 0.045625 0.109167
0 0.180000 0.362083 0.038750 0.085833
0 0.612500 0.356250 0.065000 0.089167
0 0.478438 0.299583 0.065625 0.084167
0 0.965938 0.304583 0.064375 0.095833
0 0.897500 0.285417 0.066250 0.089167
0 0.245312 0.283750 0.065625 0.097500
0 0.424687 0.270833 0.065625 0.101667
0 0.746563 0.237500 0.069375 0.098333
0 0.563438 0.196667 0.063125 0.085000
0 0.416250 0.173333 0.073750 0.091667
0 0.975313 0.162500 0.049375 0.091667
0 0.900625 0.107500 0.046250 0.098333
0 0.286250 0.100417 0.065000 0.085833
0 0.817813 0.092917 0.071875 0.092500
0 0.743750 0.082917 0.060000 0.079167
0 0.495312 0.092083 0.068125 0.097500
0 0.043750 0.064583 0.061250 0.082500
0 0.147813 0.057083 0.085625 0.084167
0 0.671875 0.040833 0.065000 0.081667
0 0.325000 0.033750 0.071250 0.067500