0 0.444063 0.982917 0.053125 0.034167
0 0.221250 0.982500 0.068750 0.035000
0 0.932187 0.978333 0.059375 0.043333
0 0.099062 0.976250 0.064375 0.047500
0 0.585000 0.962083 0.062500 0.075833
0 0.504062 0.957500 0.068125 0.070000
0 0.270625 0.954583 0.090000 0.090833
0 0.174063 0.953333 0.058125 0.090000
0 0.445000 0.932500 0.073750 0.071667
0 0.325313 0.936250 0.071875 0.080833
0 0.985938 0.916667 0.028125 0.086667
0 0.843750 0.919167 0.070000 0.091667
0 0.100000 0.909167 0.062500 0.075000
0 0.548125 0.915417 0.082500 0.097500
0 0.748437 0.912083 0.065625 0.094167
0 0.914062 0.910833 0.060625 0.100000
0 0.617812 0.887500 0.064375 0.081667
0 0.686562 0.886250 0.069375 0.094167
0 0.441563 0.860000 0.056875 0.090000
0 0.538750 0.836250 0.062500 0.067500
0 0.410313 0.827917 0.060625 0.072500
0 0.354063 0.824167 0.060625 0.075000
0 0.089688 0.830000 0.098125 0.088333
0 0.966562 0.839583 0.066875 0.112500
0 0.298750 0.798750 0.067500 0.099167
0 0.523750 0.776667 0.072500 0.086667
0 0.729375 0.777917 0.063750 0.090833
0 0.445937 0.758750 0.095625 0.094167
0 0.377812 0.742917 0.075625 0.099167
0 0.030000 0.731667 0.060000 0.078333
0 0.945937 0.757083 0.080625 0.135833
0 0.766250 0.710000 0.067500 0.080000
0 0.840313 0.698333 0.073125 0.090000
0 0.956562 0.687917 0.070625 0.080833
0 0.533125 0.685000 0.108750 0.091667
0 0.883125 0.657917 0.071250 0.100833
0 0.123125 0.655417 0.082500 0.100833
0 0.329375 0.646250 0.062500 0.084167
0 0.690312 0.670833 0.080625 0.135000
0 0.047500 0.658333 0.073750 0.120000
0 0.791562 0.635000 0.070625 0.091667
0 0.979688 0.619583 0.040625 0.077500
0 0.295625 0.595000 0.076250 0.110000
0 0.729062 0.580833 0.076875 0.086667
0 0.803750 0.575833 0.077500 0.083333
0 0.012500 0.571250 0.025000 0.075833
0 0.129062 0.602917 0.095625 0.152500
0 0.055938 0.564583 0.061875 0.085833
0 0.869062 0.534167 0.063125 0.081667
0 0.104688 0.533750 0.076875 0.085833
0 0.963750 0.522083 0.058750 0.085833
0 0.913125 0.513750 0.061250 0.084167
0 0.649062 0.528750 0.095625 0.114167
0 0.778750 0.509583 0.116250 0.102500
0 0.234687 0.475833 0.071875 0.071667
0 0.622188 0.463750 0.080625 0.074167
0 0.902188 0.450833 0.065625 0.080000
0 0.115937 0.445000 0.093125 0.093333
0 0.719688 0.445833 0.086875 0.100000
0 0.549687 0.430417 0.078125 0.084167
0 0.233125 0.396667 0.058750 0.088333
0 0.871250 0.394583 0.103750 0.085833
0 0.101250 0.375000 0.077500 0.056667
0 0.410000 0.373750 0.075000 0.085833
0 0.168125 0.357917 0.070000 0.085833
0 0.281875 0.347083 0.068750 0.085833
0 0.862812 0.346667 0.075625 0.093333
0 0.015625 0.331250 0.031250 0.089167
0 0.141250 0.315833 0.066250 0.078333
0 0.574063 0.346250 0.089375 0.150833
0 0.090938 0.307083 0.053125 0.074167
0 0.906875 0.310000 0.081250 0.096667
0 0.354687 0.297917 0.066875 0.095833
0 0.657813 0.291667 0.090625 0.100000
0 0.072500 0.262917 0.071250 0.079167
0 0.742812 0.265417 0.080625 0.087500
0 0.561562 0.250417 0.071875 0.065833
0 0.176563 0.254583 0.071875 0.092500
0 0.295312 0.253333 0.079375 0.093333
0 0.923750 0.243750 0.055000 0.075833
0 0.390625 0.233333 0.075000 0.085000
0 0.020313 0.225833 0.040625 0.073333
0 0.678125 0.211250 0.062500 0.077500
0 0.946875 0.182917 0.076250 0.077500
0 0.059375 0.180833 0.076250 0.081667
0 0.293125 0.172917 0.058750 0.074167
0 0.112187 0.179583 0.060625 0.105833
0 0.176563 0.163750 0.068125 0.087500
0 0.488438 0.181667 0.091875 0.125000
0 0.987812 0.154167 0.024375 0.085000
0 0.548125 0.153750 0.085000 0.120833
0 0.241250 0.120000 0.062500 0.081667
0 0.119375 0.102500 0.063750 0.056667
0 0.353125 0.120833 0.060000 0.095000
0 0.776875 0.098750 0.071250 0.087500
0 0.030625 0.089167 0.061250 0.093333
0 0.313437 0.093750 0.085625 0.104167
0 0.406875 0.064167 0.080000 0.090000
0 0.544063 0.067500 0.078125 0.108333
0 0.795000 0.053333 0.088750 0.096667
0 0.930625 0.035000 0.072500 0.070000
0 0.865625 0.038333 0.068750 0.076667
0 0.685937 0.034167 0.063125 0.068333
0 0.139375 0.039583 0.088750 0.079167