0 0.559688 0.982083 0.060625 0.035833
0 0.846875 0.979583 0.052500 0.040833
0 0.292812 0.978750 0.078125 0.042500
0 0.617500 0.969583 0.062500 0.060833
0 0.685312 0.955000 0.071875 0.080000
0 0.985313 0.947083 0.029375 0.070833
0 0.482500 0.939167 0.043750 0.060000
0 0.405313 0.917917 0.064375 0.074167
0 0.031563 0.916250 0.063125 0.087500
0 0.582187 0.906667 0.061875 0.081667
0 0.352812 0.915417 0.041875 0.114167
0 0.854062 0.897917 0.061875 0.082500
0 0.756875 0.890417 0.056250 0.075833
0 0.179063 0.888333 0.079375 0.083333
0 0.499063 0.867917 0.063125 0.075833
0 0.312500 0.850000 0.053750 0.068333
0 0.811562 0.842083 0.059375 0.080833
0 0.118125 0.832083 0.055000 0.077500
0 0.901250 0.832500 0.060000 0.083333
0 0.170625 0.805000 0.061250 0.088333
0 0.060000 0.811667 0.066250 0.111667
0 0.348750 0.782500 0.058750 0.071667
0 0.851562 0.778333 0.055625 0.071667
0 0.506250 0.780417 0.060000 0.087500
0 0.778125 0.775833 0.057500 0.081667
0 0.115937 0.767083 0.074375 0.080833
0 0.960313 0.771667 0.074375 0.091667
0 0.454062 0.745417 0.056875 0.075833
0 0.201563 0.725833 0.068125 0.070000
0 0.060937 0.717500 0.054375 0.065000
0 0.017812 0.710000 0.035625 0.081667
0 0.548438 0.709583 0.063125 0.085833
0 0.681562 0.707917 0.063125 0.089167
0 0.280938 0.703333 0.065625 0.086667
0 0.758437 0.692083 0.065625 0.085833
0 0.623437 0.668750 0.050625 0.067500
0 0.921250 0.683333 0.065000 0.108333
0 0.496563 0.671250 0.049375 0.084167
0 0.071875 0.665417 0.066250 0.077500
0 0.862812 0.652917 0.056875 0.090833
0 0.133750 0.642917 0.057500 0.077500
0 0.431875 0.645000 0.065000 0.125000
0 0.804688 0.610417 0.053125 0.069167
0 0.040625 0.609167 0.068750 0.071667
0 0.538125 0.596667 0.056250 0.076667
0 0.487500 0.590417 0.053750 0.074167
0 0.396250 0.587500 0.073750 0.098333
0 0.288438 0.578750 0.058125 0.084167
0 0.912188 0.572917 0.060625 0.085833
0 0.346250 0.565833 0.055000 0.101667
0 0.212500 0.559167 0.067500 0.090000
0 0.122813 0.545833 0.055625 0.068333
0 0.605938 0.539583 0.070625 0.074167
0 0.826250 0.535417 0.053750 0.080833
0 0.509375 0.528750 0.067500 0.087500
0 0.395937 0.509167 0.049375 0.071667
0 0.098750 0.485000 0.056250 0.073333
0 0.619062 0.472083 0.050625 0.060833
0 0.878750 0.479167 0.058750 0.080000
0 0.259062 0.470000 0.066875 0.085000
0 0.465625 0.459167 0.061250 0.080000
0 0.703438 0.442917 0.058125 0.072500
0 0.549375 0.445833 0.057500 0.078333
0 0.649375 0.416250 0.057500 0.077500
0 0.136250 0.416250 0.062500 0.082500
0 0.405313 0.415417 0.063125 0.089167
0 0.828750 0.405417 0.053750 0.074167
0 0.782188 0.382917 0.049375 0.074167
0 0.735625 0.383750 0.055000 0.082500
0 0.459062 0.375833 0.056875 0.078333
0 0.020313 0.342083 0.040625 0.069167
0 0.373750 0.333333 0.063750 0.090000
0 0.813438 0.324167 0.053125 0.078333
0 0.544687 0.323333 0.111875 0.101667
0 0.214688 0.313750 0.081875 0.084167
0 0.456562 0.293333 0.063125 0.085000
0 0.685937 0.256667 0.063125 0.081667
0 0.796875 0.250000 0.061250 0.073333
0 0.067187 0.257917 0.080625 0.120833
0 0.975000 0.240833 0.050000 0.088333
0 0.894687 0.251667 0.101875 0.110000
0 0.516875 0.236667 0.055000 0.080000
0 0.614062 0.233750 0.060625 0.080833
0 0.223438 0.223333 0.061875 0.091667
0 0.037500 0.193750 0.065000 0.070833
0 0.264688 0.187083 0.051875 0.062500
0 0.540312 0.164167 0.061875 0.078333
0 0.197187 0.163750 0.058125 0.077500
0 0.417500 0.162083 0.061250 0.079167
0 0.947187 0.153750 0.060625 0.084167
0 0.823750 0.139167 0.066250 0.086667
0 0.019062 0.131250 0.038125 0.075833
0 0.077500 0.122917 0.058750 0.077500
0 0.231250 0.092500 0.063750 0.085000
0 0.674687 0.082083 0.074375 0.084167
0 0.117188 0.079167 0.046875 0.078333
0 0.429375 0.076250 0.061250 0.080833
0 0.285625 0.054583 0.058750 0.072500
0 0.365625 0.046250 0.057500 0.072500
0 0.584375 0.039583 0.058750 0.074167
0 0.945625 0.022917 0.051250 0.045833
0 0.869687 0.040833 0.060625 0.081667
0 0.544063 0.025417 0.060625 0.050833
0 0.459688 0.025833 0.053125 0.051667
0 0.087188 0.032500 0.065625 0.065000