0 0.714375 0.968750 0.077500 0.062500
0 0.516250 0.965000 0.081250 0.070000
0 0.867812 0.933333 0.064375 0.103333
0 0.947500 0.938333 0.105000 0.123333
0 0.790625 0.919167 0.075000 0.100000
0 0.515312 0.896250 0.068125 0.087500
0 0.619375 0.885000 0.077500 0.085000
0 0.254375 0.859167 0.085000 0.093333
0 0.956562 0.844583 0.079375 0.095833
0 0.458125 0.831667 0.070000 0.085000
0 0.015938 0.806667 0.031875 0.088333
0 0.885000 0.804167 0.076250 0.103333
0 0.086875 0.790000 0.077500 0.081667
0 0.766875 0.773333 0.072500 0.088333
0 0.455625 0.732500 0.082500 0.093333
0 0.658125 0.730833 0.075000 0.093333
0 0.542500 0.700000 0.081250 0.098333
0 0.926250 0.662917 0.026250 0.035833
0 0.032188 0.672083 0.064375 0.097500
0 0.795937 0.650833 0.063125 0.090000
0 0.095625 0.622917 0.066250 0.102500
0 0.592500 0.616667 0.063750 0.098333
0 0.869375 0.605000 0.085000 0.091667
0 0.157500 0.575833 0.078750 0.090000
0 0.501250 0.529167 0.073750 0.093333
0 0.835625 0.489167 0.078750 0.085000
0 0.906250 0.470417 0.072500 0.092500
0 0.264375 0.469167 0.075000 0.090000
0 0.408125 0.448333 0.087500 0.088333
0 0.753750 0.444167 0.086250 0.093333
0 0.914375 0.385833 0.080000 0.090000
0 0.675625 0.378333 0.092500 0.075000
0 0.260000 0.330000 0.088750 0.075000
0 0.584375 0.295000 0.070000 0.091667
0 0.640625 0.256667 0.065000 0.081667
0 0.475000 0.243333 0.078750 0.091667
0 0.768125 0.226667 0.065000 0.091667
0 0.860625 0.193333 0.067500 0.068333
0 0.967187 0.176667 0.065625 0.085000
0 0.091250 0.155833 0.066250 0.096667
0 0.671875 0.139167 0.072500 0.086667
0 0.613125 0.122500 0.063750 0.123333
0 0.553750 0.089167 0.070000 0.095000
0 0.948750 0.046250 0.073750 0.092500