0 0.729062 0.968750 0.048125 0.062500
0 0.302812 0.946250 0.054375 0.084167
0 0.424063 0.910833 0.085625 0.078333
0 0.861563 0.896250 0.066875 0.077500
0 0.930312 0.898333 0.061875 0.083333
0 0.720313 0.889583 0.058125 0.090833
0 0.405625 0.839583 0.068750 0.082500
0 0.471250 0.838333 0.061250 0.083333
0 0.507500 0.797917 0.056250 0.080833
0 0.152500 0.796667 0.071250 0.091667
0 0.554063 0.771250 0.053125 0.089167
0 0.729688 0.772083 0.074375 0.092500
0 0.204375 0.758333 0.063750 0.088333
0 0.343125 0.752500 0.065000 0.106667
0 0.539062 0.710833 0.071875 0.085000
0 0.856250 0.697083 0.061250 0.080833
0 0.122188 0.676250 0.066875 0.090833
0 0.286250 0.658333 0.062500 0.085000
0 0.803438 0.635417 0.064375 0.095833
0 0.245938 0.605417 0.080625 0.092500
0 0.912188 0.585833 0.065625 0.095000
0 0.587500 0.566667 0.055000 0.096667
0 0.380625 0.559167 0.080000 0.106667
0 0.710313 0.547500 0.083125 0.096667
0 0.275938 0.516667 0.068125 0.085000
0 0.427812 0.496667 0.068125 0.091667
0 0.924687 0.491250 0.056875 0.082500
0 0.150000 0.466250 0.061250 0.094167
0 0.864688 0.438750 0.065625 0.099167
0 0.083437 0.423333 0.053125 0.090000
0 0.566875 0.403333 0.068750 0.085000
0 0.153125 0.380833 0.070000 0.075000
0 0.396562 0.387500 0.059375 0.096667
0 0.057188 0.363333 0.068125 0.086667
0 0.838750 0.360000 0.067500 0.081667
0 0.222500 0.358750 0.058750 0.102500
0 0.610625 0.351250 0.057500 0.094167
0 0.278438 0.336667 0.050625 0.101667
0 0.968750 0.330417 0.061250 0.095833
0 0.892813 0.271250 0.068125 0.090833
0 0.099375 0.259583 0.075000 0.079167
0 0.369375 0.248333 0.058750 0.103333
0 0.454062 0.204167 0.076875 0.088333
0 0.097500 0.182500 0.062500 0.076667
0 0.245625 0.195000 0.075000 0.108333
0 0.916562 0.178333 0.054375 0.110000
0 0.568125 0.115417 0.066250 0.104167
0 0.341250 0.080000 0.086250 0.115000
0 0.520625 0.066667 0.066250 0.095000
0 0.412500 0.059167 0.051250 0.116667
0 0.204687 0.047500 0.058125 0.095000