0 0.501250 0.983750 0.060000 0.032500
0 0.061875 0.980417 0.048750 0.039167
0 0.823438 0.942083 0.055625 0.070833
0 0.141250 0.939167 0.060000 0.088333
0 0.020313 0.928750 0.040625 0.084167
0 0.455000 0.909583 0.065000 0.094167
0 0.204687 0.904583 0.068125 0.084167
0 0.637188 0.895417 0.060625 0.077500
0 0.747500 0.890000 0.057500 0.078333
0 0.092188 0.896667 0.075625 0.091667
0 0.565625 0.873333 0.065000 0.086667
0 0.365000 0.875417 0.060000 0.092500
0 0.808750 0.840833 0.058750 0.075000
0 0.667813 0.830417 0.063125 0.085833
0 0.985938 0.800417 0.028125 0.074167
0 0.895000 0.792083 0.066250 0.080833
0 0.183750 0.784583 0.065000 0.072500
0 0.257500 0.800833 0.070000 0.121667
0 0.563750 0.761667 0.060000 0.080000
0 0.950313 0.748333 0.054375 0.080000
0 0.114062 0.750417 0.063125 0.095833
0 0.649062 0.705833 0.054375 0.086667
0 0.301875 0.690000 0.066250 0.088333
0 0.594688 0.685000 0.056875 0.085000
0 0.550000 0.622083 0.072500 0.092500
0 0.467813 0.600833 0.051875 0.081667
0 0.146563 0.553333 0.068125 0.103333
0 0.307500 0.535417 0.057500 0.077500
0 0.424375 0.535833 0.068750 0.095000
0 0.524687 0.493333 0.058125 0.076667
0 0.255937 0.495000 0.069375 0.091667
0 0.885625 0.489167 0.063750 0.088333
0 0.958438 0.481667 0.058125 0.091667
0 0.123750 0.417917 0.060000 0.090833
0 0.662188 0.397500 0.059375 0.078333
0 0.468438 0.401250 0.049375 0.087500
0 0.900000 0.377083 0.062500 0.080833
0 0.569063 0.375417 0.055625 0.079167
0 0.210000 0.344583 0.072500 0.075833
0 0.847812 0.339167 0.060625 0.078333
0 0.988750 0.335000 0.022500 0.071667
0 0.147187 0.309583 0.063125 0.069167
0 0.903125 0.300000 0.068750 0.076667
0 0.235625 0.266667 0.068750 0.093333
0 0.842812 0.258333 0.065625 0.081667
0 0.110937 0.238333 0.065625 0.071667
0 0.667813 0.222500 0.058125 0.081667
0 0.174687 0.190000 0.071875 0.075000
0 0.905000 0.190417 0.060000 0.079167
0 0.691250 0.172083 0.070000 0.080833
0 0.336875 0.167917 0.067500 0.095833
0 0.517813 0.144167 0.063125 0.080000
0 0.630938 0.134583 0.060625 0.090833
0 0.962812 0.102917 0.060625 0.079167
0 0.808125 0.079167 0.053750 0.078333
0 0.560937 0.075000 0.064375 0.071667
0 0.143125 0.062083 0.052500 0.069167
0 0.869062 0.021250 0.058125 0.042500
0 0.668438 0.037500 0.061875 0.075000
0 0.165000 0.017500 0.063750 0.035000