0 0.268750 0.963333 0.067500 0.073333
0 0.765938 0.960417 0.063125 0.079167
0 0.448437 0.949583 0.064375 0.095833
0 0.903125 0.927083 0.063750 0.079167
0 0.028125 0.894583 0.056250 0.085833
0 0.416563 0.887917 0.061875 0.080833
0 0.907188 0.834167 0.056875 0.086667
0 0.952187 0.831250 0.048125 0.100833
0 0.836875 0.807083 0.065000 0.077500
0 0.502812 0.799583 0.070625 0.077500
0 0.150312 0.752917 0.051875 0.089167
0 0.365625 0.742083 0.057500 0.089167
0 0.743437 0.713333 0.049375 0.106667
0 0.445625 0.684167 0.062500 0.090000
0 0.146875 0.672917 0.070000 0.077500
0 0.686250 0.656667 0.062500 0.101667
0 0.495937 0.630417 0.081875 0.114167
0 0.290625 0.600417 0.061250 0.092500
0 0.597500 0.583333 0.065000 0.081667
0 0.184375 0.570417 0.066250 0.087500
0 0.657188 0.541250 0.065625 0.089167
0 0.470625 0.537500 0.067500 0.090000
0 0.547500 0.520000 0.066250 0.081667
0 0.378437 0.526250 0.058125 0.099167
0 0.328437 0.502500 0.059375 0.091667
0 0.731250 0.495833 0.068750 0.103333
0 0.935625 0.471250 0.056250 0.079167
0 0.705000 0.445000 0.063750 0.093333
0 0.071250 0.437917 0.063750 0.100833
0 0.590938 0.413333 0.071875 0.086667
0 0.262188 0.352083 0.058125 0.075833
0 0.366563 0.348750 0.070625 0.089167
0 0.101875 0.340417 0.056250 0.090833
0 0.933438 0.313333 0.069375 0.093333
0 0.532813 0.277500 0.060625 0.068333
0 0.065000 0.275417 0.065000 0.089167
0 0.376875 0.262083 0.063750 0.084167
0 0.665625 0.263333 0.063750 0.088333
0 0.263125 0.258333 0.072500 0.088333
0 0.193750 0.270000 0.072500 0.130000
0 0.135000 0.249583 0.067500 0.089167
0 0.861250 0.243750 0.073750 0.080833
0 0.866875 0.163750 0.067500 0.074167
0 0.967500 0.142083 0.065000 0.092500
0 0.294375 0.140417 0.066250 0.095833
0 0.409375 0.133750 0.067500 0.089167
0 0.343750 0.144583 0.058750 0.117500
0 0.691562 0.109167 0.071875 0.095000
0 0.022500 0.043333 0.045000 0.086667