0 0.839063 0.983750 0.064375 0.032500
0 0.674063 0.982917 0.059375 0.034167
0 0.031875 0.975000 0.063750 0.050000
0 0.978125 0.967083 0.043750 0.065833
0 0.578125 0.945833 0.065000 0.083333
0 0.466250 0.930833 0.063750 0.088333
0 0.186250 0.847500 0.056250 0.075000
0 0.558438 0.843750 0.065625 0.082500
0 0.125938 0.845417 0.056875 0.089167
0 0.334062 0.840000 0.045625 0.081667
0 0.403438 0.835417 0.069375 0.082500
0 0.044375 0.794167 0.060000 0.098333
0 0.154062 0.787917 0.065625 0.092500
0 0.772500 0.793333 0.055000 0.110000
0 0.851562 0.772917 0.066875 0.084167
0 0.017188 0.742083 0.034375 0.084167
0 0.434688 0.698750 0.059375 0.077500
0 0.177813 0.697917 0.063125 0.080833
0 0.867812 0.695417 0.063125 0.080833
0 0.655937 0.707917 0.083125 0.107500
0 0.740313 0.693333 0.060625 0.083333
0 0.515938 0.640000 0.054375 0.076667
0 0.433437 0.632083 0.065625 0.065833
0 0.775937 0.640833 0.060625 0.085000
0 0.063750 0.619583 0.057500 0.079167
0 0.474062 0.590417 0.054375 0.075833
0 0.268125 0.567083 0.066250 0.082500
0 0.370000 0.529167 0.061250 0.076667
0 0.423438 0.522083 0.051875 0.087500
0 0.237813 0.493333 0.071875 0.090000
0 0.905312 0.475000 0.055625 0.081667
0 0.367188 0.466667 0.075625 0.103333
0 0.332188 0.457917 0.048125 0.085833
0 0.832187 0.442500 0.066875 0.083333
0 0.108438 0.425000 0.069375 0.090000
0 0.455625 0.404583 0.061250 0.107500
0 0.291875 0.368750 0.060000 0.109167
0 0.169375 0.339167 0.060000 0.098333
0 0.546562 0.320417 0.058125 0.079167
0 0.122188 0.291250 0.065625 0.072500
0 0.830937 0.290833 0.053125 0.083333
0 0.370000 0.260000 0.058750 0.076667
0 0.774687 0.246667 0.053125 0.086667
0 0.147813 0.235417 0.079375 0.085833
0 0.931875 0.205833 0.060000 0.078333
0 0.320937 0.195833 0.074375 0.125000
0 0.247500 0.168333 0.060000 0.078333
0 0.026250 0.139583 0.052500 0.084167
0 0.836250 0.140000 0.060000 0.095000
0 0.170313 0.139583 0.093125 0.094167
0 0.570937 0.118750 0.051875 0.089167
0 0.514375 0.118333 0.058750 0.090000
0 0.441563 0.113750 0.055625 0.082500
0 0.091875 0.125833 0.052500 0.111667
0 0.135625 0.106250 0.046250 0.120833
0 0.772500 0.034167 0.060000 0.068333
0 0.710000 0.019583 0.056250 0.039167
0 0.645625 0.020833 0.060000 0.041667