0 0.333750 0.959583 0.076250 0.080833
0 0.226875 0.899167 0.075000 0.086667
0 0.701250 0.861250 0.083750 0.084167
0 0.580000 0.850833 0.073750 0.093333
0 0.106875 0.810833 0.070000 0.093333
0 0.978437 0.788333 0.043125 0.098333
0 0.028438 0.767083 0.056875 0.099167
0 0.352500 0.725417 0.081250 0.100833
0 0.723437 0.721667 0.066875 0.101667
0 0.974063 0.635833 0.051875 0.093333
0 0.795937 0.620000 0.071875 0.088333
0 0.589375 0.565000 0.065000 0.088333
0 0.448125 0.560833 0.072500 0.096667
0 0.979688 0.491250 0.040625 0.102500
0 0.137187 0.496667 0.091875 0.131667
0 0.860313 0.458750 0.065625 0.089167
0 0.255625 0.455000 0.070000 0.108333
0 0.182188 0.442083 0.080625 0.112500
0 0.916250 0.391667 0.071250 0.091667
0 0.978125 0.385417 0.043750 0.090833
0 0.474687 0.345833 0.064375 0.093333
0 0.290000 0.319167 0.071250 0.093333
0 0.964688 0.301667 0.070625 0.085000
0 0.041875 0.278333 0.067500 0.091667
0 0.850000 0.266667 0.068750 0.081667
0 0.211250 0.241667 0.076250 0.098333
0 0.677500 0.220833 0.068750 0.083333
0 0.693750 0.136250 0.068750 0.089167
0 0.644687 0.113750 0.069375 0.109167
0 0.756250 0.100833 0.073750 0.096667
0 0.143750 0.090833 0.081250 0.076667
0 0.439063 0.052917 0.068125 0.097500
0 0.781250 0.035417 0.086250 0.070833
0 0.488750 0.036667 0.070000 0.073333