0 0.677500 0.972500 0.071250 0.055000
0 0.610625 0.957500 0.080000 0.085000
0 0.901875 0.919583 0.073750 0.094167
0 0.251563 0.858750 0.081875 0.080833
0 0.673750 0.797500 0.106250 0.065000
0 0.016875 0.801667 0.033750 0.098333
0 0.786563 0.774583 0.075625 0.094167
0 0.042813 0.741250 0.055625 0.075833
0 0.335313 0.740833 0.080625 0.118333
0 0.158125 0.671250 0.082500 0.092500
0 0.595938 0.648333 0.084375 0.078333
0 0.328750 0.608333 0.086250 0.086667
0 0.123438 0.606667 0.075625 0.093333
0 0.614688 0.570000 0.086875 0.078333
0 0.416875 0.526250 0.068750 0.090833
0 0.165937 0.516667 0.071875 0.078333
0 0.359687 0.474583 0.078125 0.097500
0 0.030937 0.465417 0.061875 0.090833
0 0.154375 0.438750 0.077500 0.080833
0 0.209063 0.342917 0.066875 0.094167
0 0.445937 0.318750 0.063125 0.115833
0 0.340938 0.278750 0.061875 0.080833
0 0.712812 0.263333 0.088125 0.091667
0 0.132500 0.184167 0.068750 0.096667
0 0.217500 0.166250 0.062500 0.092500
0 0.870313 0.087083 0.076875 0.090833
0 0.074688 0.063333 0.075625 0.083333
0 0.372188 0.054167 0.069375 0.088333
0 0.235000 0.044583 0.076250 0.084167
0 0.627500 0.024167 0.063750 0.048333
0 0.544375 0.047500 0.071250 0.095000