0 0.439063 0.920417 0.071875 0.085833
0 0.513125 0.919167 0.071250 0.093333
0 0.748437 0.883750 0.064375 0.090833
0 0.141875 0.881667 0.073750 0.098333
0 0.901875 0.868750 0.073750 0.097500
0 0.417812 0.855417 0.079375 0.087500
0 0.819375 0.819583 0.071250 0.092500
0 0.517188 0.814167 0.075625 0.091667
0 0.175937 0.802917 0.066875 0.070833
0 0.434688 0.783333 0.080625 0.095000
0 0.797500 0.742083 0.072500 0.087500
0 0.928125 0.732083 0.078750 0.102500
0 0.165937 0.730833 0.081875 0.101667
0 0.507812 0.719167 0.066875 0.086667
0 0.724063 0.716250 0.066875 0.092500
0 0.657188 0.694583 0.064375 0.090833
0 0.150938 0.667917 0.085625 0.074167
0 0.796562 0.657500 0.060625 0.081667
0 0.349062 0.657083 0.071875 0.099167
0 0.064687 0.630417 0.081875 0.094167
0 0.627188 0.620417 0.059375 0.082500
0 0.440937 0.596250 0.078125 0.094167
0 0.776563 0.574167 0.070625 0.081667
0 0.597187 0.536667 0.069375 0.090000
0 0.482812 0.527083 0.075625 0.089167
0 0.698438 0.494583 0.071875 0.100833
0 0.040625 0.444583 0.081250 0.095833
0 0.425625 0.437500 0.068750 0.105000
0 0.792813 0.434167 0.071875 0.105000
0 0.616875 0.379167 0.080000 0.095000
0 0.938750 0.356250 0.071250 0.089167
0 0.493750 0.352500 0.078750 0.091667
0 0.362187 0.354167 0.066875 0.100000
0 0.224688 0.343333 0.066875 0.086667
0 0.293125 0.340000 0.067500 0.103333
0 0.687187 0.335417 0.070625 0.104167
0 0.754062 0.295833 0.065625 0.085000
0 0.033438 0.291250 0.066875 0.104167
0 0.101875 0.234583 0.071250 0.090833
0 0.528438 0.203333 0.064375 0.093333
0 0.185625 0.200833 0.072500 0.098333
0 0.783125 0.190417 0.066250 0.089167
0 0.591250 0.187083 0.066250 0.094167
0 0.129062 0.142917 0.076875 0.094167
0 0.254375 0.137917 0.070000 0.094167
0 0.367500 0.110417 0.073750 0.100833
0 0.903125 0.100417 0.062500 0.089167
0 0.036250 0.098750 0.072500 0.100833
0 0.187188 0.057917 0.065625 0.082500
0 0.796250 0.051667 0.075000 0.101667