0 0.899687 0.963333 0.071875 0.073333
0 0.972500 0.957917 0.055000 0.084167
0 0.381250 0.945000 0.072500 0.080000
0 0.016875 0.947083 0.033750 0.102500
0 0.432812 0.900000 0.085625 0.078333
0 0.525937 0.882500 0.089375 0.071667
0 0.164375 0.879583 0.093750 0.070833
0 0.039062 0.875833 0.078125 0.068333
0 0.891250 0.879167 0.065000 0.083333
0 0.410625 0.834583 0.072500 0.082500
0 0.910625 0.798333 0.080000 0.071667
0 0.476875 0.806250 0.056250 0.094167
0 0.542188 0.802083 0.079375 0.087500
0 0.784062 0.791250 0.080625 0.077500
0 0.668125 0.779167 0.066250 0.080000
0 0.121563 0.770000 0.099375 0.070000
0 0.346875 0.774167 0.088750 0.085000
0 0.600938 0.742500 0.073125 0.088333
0 0.967812 0.716250 0.064375 0.064167
0 0.389062 0.705833 0.095625 0.070000
0 0.161875 0.713333 0.067500 0.086667
0 0.779375 0.706250 0.076250 0.090833
0 0.277500 0.680000 0.082500 0.078333
0 0.504687 0.671250 0.094375 0.077500
0 0.108125 0.667917 0.093750 0.082500
0 0.957812 0.622500 0.083125 0.061667
0 0.356875 0.627500 0.082500 0.085000
0 0.837187 0.600417 0.086875 0.080833
0 0.077188 0.596250 0.071875 0.085833
0 0.189062 0.580000 0.079375 0.086667
0 0.019688 0.575833 0.039375 0.091667
0 0.399687 0.563750 0.063125 0.082500
0 0.295312 0.564167 0.063125 0.096667
0 0.920000 0.536667 0.063750 0.078333
0 0.970938 0.542500 0.058125 0.095000
0 0.851875 0.520833 0.070000 0.081667
0 0.219688 0.515000 0.073125 0.088333
0 0.295938 0.477500 0.101875 0.065000
0 0.638750 0.483333 0.072500 0.081667
0 0.501250 0.471250 0.083750 0.075833
0 0.900625 0.447917 0.037500 0.042500
0 0.544687 0.428750 0.081875 0.082500
0 0.449375 0.420000 0.082500 0.090000
0 0.937813 0.393750 0.059375 0.092500
0 0.860000 0.390000 0.058750 0.086667
0 0.317188 0.365417 0.073125 0.075833
0 0.104688 0.366667 0.079375 0.101667
0 0.694063 0.325833 0.085625 0.086667
0 0.204375 0.305000 0.093750 0.075000
0 0.818438 0.301250 0.068125 0.100833
0 0.496563 0.280000 0.081875 0.090000
0 0.309688 0.245000 0.066875 0.098333
0 0.419063 0.233333 0.065625 0.096667
0 0.722187 0.223750 0.078125 0.094167
0 0.197813 0.212917 0.084375 0.074167
0 0.837812 0.199583 0.061875 0.099167
0 0.950313 0.189167 0.076875 0.085000
0 0.802188 0.167500 0.066875 0.133333
0 0.029063 0.134583 0.058125 0.084167
0 0.571875 0.128333 0.060000 0.075000
0 0.751563 0.126250 0.073125 0.092500
0 0.198750 0.092500 0.080000 0.068333
0 0.665312 0.085000 0.071875 0.093333
0 0.608750 0.052083 0.061250 0.100833
0 0.907813 0.041250 0.096875 0.082500
0 0.578125 0.020417 0.067500 0.040833