0 0.826250 0.971667 0.068750 0.056667
0 0.497188 0.971667 0.066875 0.056667
0 0.748750 0.916250 0.075000 0.097500
0 0.446562 0.909583 0.086875 0.100833
0 0.823750 0.898333 0.077500 0.105000
0 0.203125 0.868750 0.082500 0.075833
0 0.021875 0.883750 0.043750 0.105833
0 0.658750 0.876667 0.067500 0.098333
0 0.942813 0.871250 0.070625 0.097500
0 0.277813 0.825000 0.079375 0.106667
0 0.624687 0.815417 0.075625 0.099167
0 0.253125 0.767917 0.068750 0.089167
0 0.083125 0.769167 0.072500 0.105000
0 0.146250 0.757500 0.070000 0.088333
0 0.565625 0.755000 0.078750 0.091667
0 0.701562 0.755000 0.070625 0.096667
0 0.437188 0.729167 0.074375 0.100000
0 0.572187 0.688333 0.075625 0.081667
0 0.758437 0.681667 0.069375 0.091667
0 0.246250 0.676667 0.075000 0.088333
0 0.693750 0.657917 0.067500 0.080833
0 0.492500 0.664583 0.087500 0.095833
0 0.134687 0.645833 0.069375 0.091667
0 0.062812 0.627083 0.073125 0.094167
0 0.950937 0.619583 0.071875 0.084167
0 0.698438 0.592083 0.076875 0.085833
0 0.178750 0.575417 0.061250 0.070833
0 0.480625 0.582083 0.071250 0.094167
0 0.044062 0.529583 0.083125 0.100833
0 0.505000 0.504583 0.072500 0.082500
0 0.228750 0.510417 0.063750 0.095833
0 0.326562 0.506250 0.066875 0.092500
0 0.434375 0.481250 0.073750 0.100833
0 0.178437 0.478333 0.080625 0.118333
0 0.591562 0.454583 0.071875 0.090833
0 0.487187 0.423750 0.079375 0.090833
0 0.185938 0.406667 0.081875 0.093333
0 0.323750 0.379583 0.081250 0.080833
0 0.857187 0.378333 0.076875 0.100000
0 0.375000 0.374167 0.066250 0.095000
0 0.775625 0.362500 0.068750 0.076667
0 0.473125 0.345833 0.077500 0.073333
0 0.120625 0.348333 0.057500 0.088333
0 0.031250 0.310833 0.062500 0.101667
0 0.630625 0.301250 0.076250 0.105833
0 0.076250 0.301667 0.061250 0.113333
0 0.283125 0.286667 0.080000 0.096667
0 0.395000 0.252083 0.071250 0.104167
0 0.515312 0.246250 0.069375 0.094167
0 0.872500 0.239167 0.066250 0.088333
0 0.724375 0.199583 0.077500 0.100833
0 0.262813 0.190417 0.075625 0.087500
0 0.015938 0.170833 0.031875 0.098333
0 0.125312 0.165000 0.074375 0.095000
0 0.107188 0.079583 0.068125 0.082500
0 0.170937 0.071667 0.060625 0.098333
0 0.795625 0.020000 0.062500 0.040000