0 0.251563 0.965000 0.055625 0.070000
0 0.364375 0.963333 0.062500 0.073333
0 0.778750 0.953333 0.060000 0.085000
0 0.196250 0.955000 0.073750 0.090000
0 0.080625 0.948750 0.070000 0.102500
0 0.542813 0.945833 0.066875 0.101667
0 0.954375 0.936667 0.083750 0.108333
0 0.657813 0.915417 0.076875 0.085833
0 0.622812 0.861667 0.070625 0.088333
0 0.361250 0.867083 0.087500 0.102500
0 0.186875 0.862500 0.070000 0.098333
0 0.030937 0.844167 0.061875 0.125000
0 0.467500 0.819167 0.061250 0.088333
0 0.515938 0.809583 0.071875 0.090833
0 0.742500 0.807500 0.063750 0.088333
0 0.678438 0.789167 0.064375 0.085000
0 0.602500 0.765833 0.081250 0.088333
0 0.717500 0.727917 0.063750 0.077500
0 0.961250 0.724583 0.066250 0.099167
0 0.292812 0.711667 0.063125 0.091667
0 0.604688 0.684583 0.068125 0.077500
0 0.733437 0.677500 0.056875 0.081667
0 0.505625 0.683750 0.071250 0.097500
0 0.192500 0.655417 0.068750 0.090833
0 0.936875 0.631250 0.065000 0.092500
0 0.530937 0.612083 0.083125 0.084167
0 0.080625 0.583750 0.076250 0.087500
0 0.779062 0.592083 0.084375 0.105833
0 0.363438 0.572500 0.070625 0.086667
0 0.491250 0.558750 0.065000 0.087500
0 0.300000 0.568333 0.091250 0.133333
0 0.908438 0.537083 0.066875 0.090833
0 0.524062 0.498750 0.074375 0.094167
0 0.663125 0.410833 0.068750 0.091667
0 0.955937 0.360000 0.063125 0.086667
0 0.228437 0.337500 0.074375 0.090000
0 0.320625 0.327500 0.057500 0.073333
0 0.581875 0.318333 0.072500 0.095000
0 0.753437 0.320000 0.070625 0.101667
0 0.914062 0.303333 0.073125 0.085000
0 0.414687 0.263333 0.075625 0.093333
0 0.536875 0.254583 0.065000 0.100833
0 0.106250 0.252083 0.083750 0.105833
0 0.352812 0.234583 0.070625 0.094167
0 0.245938 0.229583 0.063125 0.092500
0 0.494063 0.210417 0.056875 0.082500
0 0.923750 0.211250 0.081250 0.092500
0 0.297187 0.173333 0.055625 0.080000
0 0.458437 0.147500 0.073125 0.095000
0 0.343750 0.143333 0.051250 0.088333
0 0.914375 0.113333 0.072500 0.095000
0 0.274062 0.072500 0.069375 0.091667
0 0.536875 0.072500 0.068750 0.093333
0 0.850000 0.059583 0.057500 0.085833
0 0.060000 0.057083 0.071250 0.089167