0 0.188438 0.965000 0.068125 0.070000
0 0.093438 0.961667 0.071875 0.070000
0 0.667500 0.955417 0.077500 0.089167
0 0.792500 0.949583 0.066250 0.087500
0 0.529375 0.942083 0.072500 0.089167
0 0.380937 0.939583 0.051875 0.085833
0 0.264062 0.937500 0.075625 0.091667
0 0.459688 0.899583 0.073125 0.087500
0 0.852187 0.900417 0.063125 0.090833
0 0.233750 0.865833 0.068750 0.083333
0 0.159375 0.862917 0.060000 0.080833
0 0.620000 0.854167 0.066250 0.085000
0 0.799375 0.844167 0.057500 0.078333
0 0.550000 0.838750 0.061250 0.094167
0 0.950937 0.820833 0.074375 0.081667
0 0.360938 0.809583 0.081875 0.084167
0 0.083437 0.807083 0.061875 0.082500
0 0.262188 0.794583 0.090625 0.065833
0 0.155938 0.784167 0.065625 0.066667
0 0.690000 0.780417 0.073750 0.070833
0 0.465313 0.789583 0.074375 0.090833
0 0.575937 0.738333 0.065625 0.088333
0 0.153125 0.722500 0.071250 0.078333
0 0.235313 0.719583 0.063125 0.095833
0 0.642500 0.697917 0.065000 0.075833
0 0.940312 0.671250 0.073125 0.084167
0 0.095312 0.656250 0.074375 0.084167
0 0.545000 0.627500 0.067500 0.081667
0 0.468125 0.632500 0.060000 0.100000
0 0.815312 0.613750 0.058125 0.067500
0 0.614062 0.615833 0.068125 0.071667
0 0.698125 0.597500 0.050000 0.070000
0 0.885938 0.600417 0.064375 0.085833
0 0.265000 0.609167 0.067500 0.105000
0 0.392500 0.598750 0.061250 0.089167
0 0.743437 0.562500 0.051875 0.110000
0 0.149062 0.543750 0.074375 0.097500
0 0.678125 0.529167 0.060000 0.080000
0 0.078750 0.535000 0.068750 0.091667
0 0.582812 0.531667 0.045625 0.093333
0 0.370937 0.526250 0.069375 0.092500
0 0.640312 0.520000 0.054375 0.103333
0 0.932187 0.519167 0.083125 0.118333
0 0.250937 0.505417 0.064375 0.095833
0 0.527500 0.494167 0.056250 0.081667
0 0.853437 0.486250 0.064375 0.084167
0 0.779062 0.477500 0.056875 0.091667
0 0.726250 0.459583 0.062500 0.085833
0 0.036562 0.469167 0.073125 0.106667
0 0.159062 0.440833 0.065625 0.075000
0 0.320000 0.442917 0.060000 0.080833
0 0.391562 0.412500 0.066875 0.086667
0 0.462813 0.366667 0.063125 0.083333
0 0.931562 0.355833 0.065625 0.065000
0 0.166875 0.359167 0.070000 0.075000
0 0.725000 0.353333 0.083750 0.080000
0 0.051875 0.341250 0.066250 0.085833
0 0.345938 0.332500 0.073125 0.083333
0 0.246250 0.340000 0.058750 0.106667
0 0.863750 0.323750 0.060000 0.092500
0 0.606563 0.311667 0.070625 0.078333
0 0.753437 0.295000 0.073125 0.080000
0 0.116250 0.283333 0.060000 0.101667
0 0.957187 0.273333 0.071875 0.086667
0 0.190000 0.271667 0.060000 0.088333
0 0.675625 0.270417 0.071250 0.089167
0 0.430312 0.253333 0.054375 0.080000
0 0.313750 0.252917 0.058750 0.082500
0 0.593750 0.242083 0.068750 0.079167
0 0.787188 0.230000 0.071875 0.080000
0 0.529062 0.202083 0.065625 0.089167
0 0.665937 0.189583 0.065625 0.075833
0 0.373750 0.195000 0.058750 0.086667
0 0.253750 0.188750 0.063750 0.090833
0 0.118125 0.176250 0.077500 0.099167
0 0.325625 0.155000 0.058750 0.085000
0 0.878125 0.170833 0.073750 0.133333
0 0.767500 0.141667 0.065000 0.095000
0 0.950313 0.123750 0.064375 0.072500
0 0.695000 0.116250 0.066250 0.079167
0 0.369688 0.095000 0.063125 0.066667
0 0.181562 0.089167 0.069375 0.071667
0 0.280313 0.060833 0.063125 0.085000
0 0.357500 0.044167 0.067500 0.068333
0 0.124375 0.039167 0.071250 0.078333