0 0.676562 0.968750 0.059375 0.062500
0 0.915312 0.965417 0.073125 0.069167
0 0.728750 0.955000 0.070000 0.090000
0 0.463125 0.948750 0.066250 0.090833
0 0.782813 0.912083 0.059375 0.090833
0 0.350625 0.894167 0.067500 0.095000
0 0.956562 0.894167 0.086875 0.155000
0 0.525625 0.837083 0.061250 0.082500
0 0.266250 0.830417 0.073750 0.084167
0 0.622188 0.815000 0.074375 0.096667
0 0.031250 0.782500 0.061250 0.085000
0 0.093750 0.767917 0.066250 0.094167
0 0.260313 0.745833 0.065625 0.083333
0 0.476250 0.687500 0.065000 0.101667
0 0.123750 0.657917 0.070000 0.075833
0 0.409375 0.661250 0.081250 0.122500
0 0.201250 0.622917 0.072500 0.095833
0 0.120313 0.586667 0.074375 0.098333
0 0.526250 0.560000 0.063750 0.081667
0 0.921562 0.542500 0.069375 0.090000
0 0.543750 0.504583 0.057500 0.095833
0 0.971250 0.457083 0.057500 0.087500
0 0.721250 0.453333 0.073750 0.093333
0 0.400313 0.421667 0.074375 0.093333
0 0.230313 0.415833 0.071875 0.096667
0 0.900937 0.394167 0.079375 0.070000
0 0.538125 0.390833 0.066250 0.095000
0 0.504062 0.362500 0.066875 0.088333
0 0.788750 0.340417 0.070000 0.090833
0 0.964688 0.345833 0.070625 0.110000
0 0.843437 0.312500 0.055625 0.076667
0 0.278125 0.305000 0.062500 0.078333
0 0.907813 0.309167 0.086875 0.100000
0 0.240625 0.275000 0.066250 0.091667
0 0.935937 0.222083 0.046875 0.102500
0 0.057813 0.215000 0.068125 0.091667
0 0.260000 0.214167 0.072500 0.098333
0 0.498125 0.185000 0.068750 0.096667
0 0.776250 0.151667 0.063750 0.095000
0 0.952500 0.147500 0.065000 0.098333
0 0.439063 0.113333 0.073125 0.091667
0 0.169063 0.119167 0.054375 0.110000
0 0.021250 0.072083 0.042500 0.075833
0 0.268750 0.080833 0.076250 0.096667
0 0.945000 0.053333 0.067500 0.085000
0 0.380937 0.065417 0.049375 0.114167
0 0.336562 0.050000 0.069375 0.093333
0 0.099062 0.054583 0.066875 0.104167
0 0.835000 0.038333 0.071250 0.076667
0 0.767813 0.038750 0.066875 0.077500
0 0.678750 0.034583 0.066250 0.069167