0 0.030937 0.977500 0.061875 0.045000
0 0.309375 0.974583 0.077500 0.050833
0 0.665312 0.962917 0.075625 0.074167
0 0.420938 0.945000 0.070625 0.098333
0 0.885625 0.937500 0.066250 0.090000
0 0.155938 0.927083 0.068125 0.094167
0 0.360625 0.918750 0.065000 0.090833
0 0.507500 0.908750 0.071250 0.089167
0 0.380312 0.865833 0.069375 0.091667
0 0.732500 0.839167 0.066250 0.085000
0 0.018437 0.838750 0.036875 0.085833
0 0.131250 0.837083 0.066250 0.092500
0 0.497188 0.830417 0.074375 0.082500
0 0.580313 0.823333 0.068125 0.090000
0 0.318125 0.800000 0.070000 0.091667
0 0.636250 0.782500 0.080000 0.098333
0 0.090313 0.774167 0.069375 0.103333
0 0.840625 0.747083 0.073750 0.092500
0 0.924375 0.745833 0.070000 0.091667
0 0.680625 0.703333 0.066250 0.083333
0 0.467187 0.707083 0.083125 0.094167
0 0.273125 0.710417 0.076250 0.100833
0 0.329062 0.689583 0.060625 0.092500
0 0.708750 0.637917 0.068750 0.092500
0 0.200625 0.656250 0.066250 0.129167
0 0.416875 0.602500 0.068750 0.098333
0 0.635938 0.596667 0.074375 0.090000
0 0.253125 0.598333 0.063750 0.106667
0 0.023438 0.564167 0.046875 0.093333
0 0.713125 0.543750 0.063750 0.077500
0 0.382188 0.536250 0.071875 0.080833
0 0.930625 0.530000 0.071250 0.103333
0 0.153750 0.482917 0.070000 0.094167
0 0.635312 0.463750 0.066875 0.094167
0 0.322500 0.452083 0.072500 0.092500
0 0.548750 0.392917 0.063750 0.079167
0 0.424375 0.399583 0.072500 0.109167
0 0.116875 0.390833 0.073750 0.095000
0 0.054375 0.380000 0.063750 0.088333
0 0.344687 0.329167 0.066875 0.108333
0 0.158750 0.297500 0.070000 0.093333
0 0.244375 0.270000 0.073750 0.100000
0 0.929375 0.263750 0.067500 0.100833
0 0.079062 0.249167 0.068125 0.093333
0 0.966875 0.189167 0.066250 0.100000
0 0.036875 0.169167 0.073750 0.100000
0 0.525312 0.126667 0.073125 0.091667
0 0.241250 0.080417 0.068750 0.094167
0 0.945625 0.062500 0.065000 0.093333
0 0.414687 0.062083 0.071875 0.107500
0 0.893437 0.041667 0.066875 0.083333