0 0.419687 0.982500 0.058125 0.035000
0 0.324375 0.979167 0.076250 0.041667
0 0.491563 0.974583 0.066875 0.050833
0 0.664062 0.971667 0.064375 0.056667
0 0.061562 0.965833 0.063125 0.068333
0 0.799063 0.965417 0.068125 0.069167
0 0.202187 0.957917 0.073125 0.084167
0 0.564063 0.956250 0.065625 0.087500
0 0.982812 0.950833 0.034375 0.081667
0 0.368750 0.953333 0.066250 0.086667
0 0.267188 0.951250 0.083125 0.085833
0 0.727812 0.948750 0.060625 0.102500
0 0.421875 0.930833 0.058750 0.068333
0 0.322813 0.925833 0.056875 0.071667
0 0.485000 0.925000 0.071250 0.073333
0 0.804375 0.910417 0.068750 0.065833
0 0.642813 0.920833 0.039375 0.086667
0 0.081875 0.919583 0.068750 0.084167
0 0.138750 0.923333 0.055000 0.108333
0 0.597812 0.911250 0.051875 0.087500
0 0.916562 0.904583 0.066875 0.082500
0 0.311875 0.875833 0.051250 0.056667
0 0.974375 0.888750 0.051250 0.099167
0 0.217812 0.878750 0.056875 0.082500
0 0.850625 0.897500 0.052500 0.123333
0 0.377188 0.870000 0.076875 0.068333
0 0.669687 0.875000 0.069375 0.080000
0 0.897500 0.862500 0.070000 0.066667
0 0.263750 0.872083 0.052500 0.085833
0 0.442812 0.870833 0.055625 0.088333
0 0.783438 0.875000 0.073125 0.103333
0 0.164375 0.866667 0.070000 0.093333
0 0.490625 0.849167 0.075000 0.088333
0 0.755000 0.840417 0.085000 0.079167
0 0.645938 0.826667 0.069375 0.085000
0 0.308437 0.817917 0.051875 0.069167
0 0.056563 0.841667 0.080625 0.116667
0 0.020938 0.819167 0.041875 0.081667
0 0.530625 0.813750 0.078750 0.075833
0 0.593125 0.810833 0.051250 0.078333
0 0.392500 0.822500 0.075000 0.103333
0 0.895625 0.797917 0.060000 0.080833
0 0.719688 0.804167 0.069375 0.093333
0 0.828438 0.800417 0.075625 0.087500
0 0.333437 0.794167 0.064375 0.078333
0 0.115312 0.807083 0.069375 0.109167
0 0.971250 0.802500 0.057500 0.106667
0 0.208750 0.782500 0.056250 0.075000
0 0.156875 0.776667 0.057500 0.080000
0 0.505313 0.760417 0.051875 0.064167
0 0.637813 0.755833 0.076875 0.068333
0 0.273750 0.753750 0.060000 0.070833
0 0.903438 0.748750 0.068125 0.067500
0 0.450000 0.761667 0.071250 0.095000
0 0.987500 0.725833 0.025000 0.058333
0 0.702812 0.730833 0.051875 0.080000
0 0.755313 0.723750 0.060625 0.075833
0 0.010000 0.730833 0.020000 0.090000
0 0.823750 0.721250 0.072500 0.072500
0 0.076875 0.730417 0.085000 0.092500
0 0.340938 0.711667 0.069375 0.061667
0 0.218750 0.717917 0.055000 0.074167
0 0.566562 0.725000 0.074375 0.091667
0 0.135937 0.700000 0.075625 0.073333
0 0.189688 0.696667 0.056875 0.068333
0 0.942500 0.696667 0.071250 0.088333
0 0.390000 0.695833 0.043750 0.091667
0 0.266562 0.687500 0.073125 0.075000
0 0.499688 0.687917 0.058125 0.090833
0 0.648125 0.681250 0.090000 0.082500
0 0.887813 0.673750 0.050625 0.069167
0 0.541562 0.660417 0.050625 0.074167
0 0.799375 0.662917 0.067500 0.080833
0 0.588437 0.650000 0.050625 0.058333
0 0.733437 0.654167 0.065625 0.081667
0 0.335000 0.650417 0.071250 0.075833
0 0.178437 0.631667 0.083125 0.068333
0 0.986563 0.633750 0.026875 0.087500
0 0.913125 0.634167 0.063750 0.090000
0 0.435312 0.637917 0.068125 0.112500
0 0.679688 0.608333 0.056875 0.075000
0 0.265313 0.613333 0.090625 0.093333
0 0.021562 0.620833 0.043125 0.130000
0 0.378437 0.590000 0.063125 0.071667
0 0.083437 0.616250 0.080625 0.130833
0 0.218125 0.584167 0.062500 0.071667
0 0.492188 0.578750 0.066875 0.062500
0 0.587500 0.586667 0.056250 0.085000
0 0.542188 0.579167 0.046875 0.090000
0 0.737500 0.577917 0.052500 0.094167
0 0.154688 0.540000 0.069375 0.073333
0 0.639687 0.539583 0.073125 0.077500
0 0.822187 0.570000 0.139375 0.150000
0 0.236563 0.536250 0.078125 0.082500
0 0.924375 0.543750 0.066250 0.099167
0 0.312500 0.524167 0.071250 0.076667
0 0.980938 0.517917 0.038125 0.085833
0 0.373437 0.520000 0.081875 0.095000
0 0.479375 0.522083 0.063750 0.109167
0 0.078750 0.514167 0.073750 0.096667
0 0.429688 0.518333 0.048125 0.108333
0 0.018437 0.504167 0.036875 0.096667
0 0.828125 0.495833 0.050000 0.086667
0 0.222188 0.487500 0.061875 0.086667
0 0.883125 0.487500 0.067500 0.090000
0 0.710000 0.503750 0.077500 0.137500
0 0.625625 0.472917 0.062500 0.085833
0 0.158438 0.465000 0.064375 0.078333
0 0.543438 0.484167 0.105625 0.118333
0 0.388125 0.445833 0.077500 0.081667
0 0.242812 0.432500 0.065625 0.063333
0 0.770312 0.447917 0.053125 0.095833
0 0.825313 0.425833 0.068125 0.078333
0 0.886563 0.424583 0.083125 0.082500
0 0.057500 0.428750 0.088750 0.100833
0 0.466875 0.415417 0.055000 0.077500
0 0.683125 0.420833 0.062500 0.091667
0 0.324375 0.428750 0.076250 0.110833
0 0.966875 0.441667 0.066250 0.138333
0 0.200000 0.393750 0.041250 0.064167
0 0.157812 0.403333 0.061875 0.091667
0 0.615000 0.406250 0.096250 0.104167
0 0.517500 0.411667 0.053750 0.116667
0 0.252500 0.381250 0.065000 0.055833
0 0.901875 0.375833 0.087500 0.081667
0 0.116875 0.372083 0.051250 0.097500
0 0.728750 0.360000 0.072500 0.088333
0 0.575937 0.349583 0.058125 0.069167
0 0.075938 0.342917 0.069375 0.105833
0 0.980625 0.329167 0.038750 0.080000
0 0.173125 0.325417 0.065000 0.082500
0 0.398438 0.336667 0.071875 0.111667
0 0.271250 0.320417 0.082500 0.085833
0 0.026250 0.308750 0.052500 0.089167
0 0.637813 0.304583 0.065625 0.082500
0 0.489063 0.305833 0.074375 0.091667
0 0.329688 0.320417 0.083125 0.122500
0 0.217812 0.296667 0.055625 0.078333
0 0.556250 0.293750 0.050000 0.075833
0 0.102813 0.282500 0.080625 0.075000
0 0.856875 0.313750 0.146250 0.142500
0 0.590000 0.281667 0.043750 0.080000
0 0.154375 0.278750 0.052500 0.092500
0 0.744375 0.268333 0.073750 0.103333
0 0.942500 0.267917 0.053750 0.107500
0 0.979688 0.246250 0.040625 0.082500
0 0.815000 0.235417 0.080000 0.089167
0 0.224688 0.230000 0.088125 0.083333
0 0.476562 0.228750 0.086875 0.087500
0 0.681250 0.223333 0.055000 0.086667
0 0.030625 0.222917 0.061250 0.090833
0 0.086250 0.227917 0.060000 0.105833
0 0.885000 0.205000 0.078750 0.095000
0 0.752188 0.200417 0.069375 0.087500
0 0.379375 0.215833 0.082500 0.128333
0 0.299687 0.208750 0.065625 0.114167
0 0.634687 0.200833 0.070625 0.110000
0 0.554375 0.190417 0.070000 0.105833
0 0.982187 0.183333 0.035625 0.096667
0 0.173437 0.187917 0.070625 0.119167
0 0.320000 0.152500 0.070000 0.066667
0 0.785312 0.157500 0.064375 0.083333
0 0.155625 0.147500 0.080000 0.076667
0 0.065312 0.142083 0.068125 0.089167
0 0.836875 0.139583 0.055000 0.094167
0 0.441563 0.142500 0.064375 0.101667
0 0.967812 0.132083 0.064375 0.084167
0 0.225312 0.130417 0.064375 0.097500
0 0.906563 0.113750 0.095625 0.095833
0 0.647500 0.103750 0.065000 0.090833
0 0.713750 0.102083 0.065000 0.095833
0 0.800625 0.085417 0.077500 0.074167
0 0.377188 0.085417 0.071875 0.079167
0 0.531250 0.097500 0.088750 0.105000
0 0.147500 0.079167 0.083750 0.078333
0 0.055625 0.076250 0.065000 0.080833
0 0.317500 0.077500 0.065000 0.088333
0 0.458750 0.058750 0.077500 0.097500
0 0.755313 0.046667 0.060625 0.090000
0 0.970938 0.044167 0.058125 0.086667
0 0.915937 0.032083 0.055625 0.064167
0 0.796875 0.026667 0.068750 0.053333
0 0.641563 0.042917 0.099375 0.085833
0 0.488125 0.024167 0.078750 0.048333
0 0.390000 0.035417 0.066250 0.070833
0 0.333750 0.024583 0.047500 0.049167
0 0.274687 0.055417 0.066875 0.110833
0 0.214375 0.042917 0.080000 0.085833
0 0.143750 0.027917 0.056250 0.055833
0 0.081250 0.035417 0.070000 0.070833