0 0.688750 0.927917 0.070000 0.087500
0 0.560000 0.863750 0.055000 0.082500
0 0.909375 0.867917 0.076250 0.102500
0 0.502500 0.857917 0.070000 0.110833
0 0.168437 0.832917 0.064375 0.084167
0 0.092188 0.838333 0.080625 0.113333
0 0.236875 0.802917 0.071250 0.090833
0 0.601250 0.789583 0.107500 0.065833
0 0.456875 0.774583 0.056250 0.082500
0 0.521563 0.766250 0.073125 0.095833
0 0.133125 0.739583 0.062500 0.082500
0 0.308125 0.663333 0.067500 0.085000
0 0.569063 0.623333 0.063125 0.083333
0 0.966250 0.584583 0.067500 0.092500
0 0.804375 0.586250 0.071250 0.095833
0 0.104688 0.581667 0.068125 0.096667
0 0.036875 0.570000 0.066250 0.076667
0 0.973750 0.525833 0.052500 0.078333
0 0.463125 0.532917 0.065000 0.105833
0 0.243438 0.503750 0.068125 0.082500
0 0.073750 0.500417 0.072500 0.090833
0 0.552500 0.476250 0.075000 0.099167
0 0.945625 0.407500 0.076250 0.088333
0 0.560000 0.381667 0.061250 0.081667
0 0.350938 0.360417 0.079375 0.087500
0 0.185312 0.321250 0.094375 0.097500
0 0.411875 0.301250 0.072500 0.100833
0 0.974688 0.280000 0.050625 0.091667
0 0.118125 0.268333 0.068750 0.103333
0 0.829688 0.232917 0.074375 0.097500
0 0.610938 0.207500 0.116875 0.081667
0 0.278438 0.171667 0.074375 0.085000
0 0.664062 0.165417 0.074375 0.087500
0 0.853125 0.107500 0.072500 0.106667
0 0.540000 0.073750 0.070000 0.082500
0 0.650937 0.042083 0.069375 0.084167