0 0.370000 0.964583 0.062500 0.070833
0 0.587500 0.939583 0.071250 0.072500
0 0.514687 0.929167 0.063125 0.078333
0 0.704375 0.901250 0.075000 0.092500
0 0.634375 0.895000 0.068750 0.091667
0 0.330313 0.885417 0.071875 0.094167
0 0.157188 0.873750 0.071875 0.080833
0 0.672500 0.832917 0.067500 0.070833
0 0.411875 0.817500 0.062500 0.073333
0 0.097500 0.819583 0.066250 0.087500
0 0.241875 0.812500 0.072500 0.083333
0 0.480938 0.787917 0.060625 0.109167
0 0.224375 0.739583 0.065000 0.072500
0 0.165937 0.732500 0.073125 0.096667
0 0.661875 0.707500 0.070000 0.083333
0 0.295938 0.677083 0.074375 0.087500
0 0.578438 0.653333 0.080625 0.068333
0 0.900312 0.655833 0.063125 0.078333
0 0.510625 0.652500 0.051250 0.071667
0 0.973750 0.646250 0.052500 0.074167
0 0.275313 0.598333 0.070625 0.090000
0 0.510625 0.587500 0.073750 0.083333
0 0.382500 0.556667 0.063750 0.088333
0 0.442812 0.548750 0.050625 0.077500
0 0.682500 0.529583 0.062500 0.087500
0 0.812813 0.523750 0.065625 0.077500
0 0.034375 0.517917 0.068750 0.079167
0 0.427500 0.465000 0.067500 0.076667
0 0.332813 0.462500 0.066875 0.080000
0 0.239687 0.425417 0.066875 0.085833
0 0.736250 0.397917 0.053750 0.062500
0 0.688750 0.399167 0.057500 0.078333
0 0.348125 0.362917 0.065000 0.085833
0 0.255937 0.325000 0.083125 0.095000
0 0.633125 0.300833 0.070000 0.080000
0 0.481563 0.292500 0.063125 0.090000
0 0.745313 0.275000 0.064375 0.076667
0 0.358438 0.270417 0.068125 0.085833
0 0.846250 0.193750 0.053750 0.080833
0 0.282187 0.181250 0.086875 0.062500
0 0.949375 0.186250 0.092500 0.092500
0 0.294375 0.134583 0.085000 0.062500
0 0.442812 0.147500 0.069375 0.090000
0 0.721562 0.139583 0.069375 0.085833
0 0.156250 0.130000 0.065000 0.088333
0 0.888125 0.119167 0.067500 0.081667
0 0.073750 0.104167 0.073750 0.088333
0 0.523750 0.072083 0.062500 0.080833
0 0.021562 0.060417 0.043125 0.082500
0 0.468125 0.046667 0.065000 0.093333