0 0.285625 0.983333 0.066250 0.033333
0 0.857187 0.971667 0.058125 0.056667
0 0.351250 0.970833 0.086250 0.058333
0 0.646875 0.967083 0.075000 0.065833
0 0.572812 0.964583 0.070625 0.070833
0 0.800625 0.956250 0.062500 0.087500
0 0.076250 0.950417 0.076250 0.084167
0 0.411562 0.946667 0.085625 0.093333
0 0.482187 0.943333 0.073125 0.113333
0 0.134687 0.930417 0.084375 0.092500
0 0.570000 0.938750 0.111250 0.122500
0 0.289687 0.918750 0.134375 0.112500
0 0.766875 0.901667 0.072500 0.098333
0 0.877812 0.897083 0.085625 0.129167
0 0.649375 0.882083 0.103750 0.112500
0 0.188125 0.866250 0.077500 0.102500
0 0.252188 0.848333 0.080625 0.088333
0 0.384062 0.846250 0.108125 0.109167
0 0.093438 0.851667 0.094375 0.120000
0 0.571250 0.842917 0.165000 0.119167
0 0.906875 0.832083 0.065000 0.102500
0 0.799375 0.830833 0.077500 0.125000
0 0.316563 0.820000 0.050625 0.116667
0 0.683438 0.800833 0.045625 0.088333
0 0.500313 0.789583 0.074375 0.089167
0 0.455313 0.809583 0.088125 0.152500
0 0.175313 0.782500 0.085625 0.110000
0 0.861875 0.777083 0.056250 0.114167
0 0.265000 0.775417 0.083750 0.115833
0 0.641563 0.760000 0.066875 0.106667
0 0.112187 0.755417 0.060625 0.115833
0 0.577812 0.745417 0.074375 0.114167
0 0.229375 0.735833 0.068750 0.113333
0 0.706250 0.732500 0.058750 0.110000
0 0.795312 0.717083 0.068125 0.097500
0 0.483750 0.718750 0.122500 0.134167
0 0.352187 0.676250 0.081875 0.104167
0 0.155312 0.680833 0.115625 0.113333
0 0.920937 0.700000 0.091875 0.158333
0 0.597187 0.655833 0.080625 0.073333
0 0.735313 0.659167 0.065625 0.103333
0 0.882812 0.660833 0.046875 0.111667
0 0.413750 0.638333 0.056250 0.085000
0 0.467813 0.614167 0.068125 0.080000
0 0.215938 0.627083 0.094375 0.105833
0 0.538125 0.644583 0.088750 0.145833
0 0.595000 0.583333 0.080000 0.081667
0 0.841250 0.647083 0.055000 0.220833
0 0.337500 0.584583 0.062500 0.117500
0 0.393125 0.569167 0.063750 0.093333
0 0.699375 0.583750 0.087500 0.125833
0 0.278125 0.585833 0.062500 0.131667
0 0.232813 0.576667 0.075625 0.125000
0 0.755313 0.561250 0.080625 0.102500
0 0.534687 0.534583 0.059375 0.079167
0 0.622500 0.525000 0.076250 0.085000
0 0.364063 0.515000 0.075625 0.068333
0 0.561250 0.507500 0.107500 0.090000
0 0.772500 0.501667 0.085000 0.081667
0 0.150312 0.514167 0.069375 0.111667
0 0.649062 0.473750 0.063125 0.065833
0 0.210313 0.485000 0.085625 0.125000
0 0.254063 0.470000 0.075625 0.098333
0 0.776875 0.456667 0.085000 0.085000
0 0.839063 0.452083 0.058125 0.094167
0 0.535000 0.430000 0.078750 0.063333
0 0.471562 0.447917 0.053125 0.102500
0 0.704688 0.462500 0.053125 0.155000
0 0.247500 0.410417 0.096250 0.102500
0 0.585313 0.416250 0.070625 0.119167
0 0.647813 0.399583 0.089375 0.095833
0 0.839375 0.392083 0.092500 0.085833
0 0.369375 0.383750 0.082500 0.072500
0 0.541562 0.360417 0.116875 0.104167
0 0.265625 0.345417 0.110000 0.112500
0 0.666250 0.335000 0.080000 0.110000
0 0.750000 0.340833 0.087500 0.125000
0 0.505938 0.323333 0.116875 0.093333
0 0.337500 0.312917 0.070000 0.082500
0 0.820000 0.313750 0.066250 0.087500
0 0.864375 0.323750 0.055000 0.115833
0 0.373125 0.301250 0.077500 0.082500
0 0.478125 0.276250 0.112500 0.062500
0 0.920000 0.291250 0.062500 0.099167
0 0.395313 0.245000 0.100625 0.058333
0 0.227813 0.285000 0.111875 0.138333
0 0.537500 0.234167 0.045000 0.061667
0 0.847500 0.237917 0.068750 0.074167
0 0.786875 0.243750 0.053750 0.097500
0 0.590938 0.231250 0.096875 0.089167
0 0.481563 0.220417 0.079375 0.079167
0 0.673125 0.219583 0.108750 0.102500
0 0.408125 0.196667 0.127500 0.076667
0 0.876875 0.215833 0.065000 0.118333
0 0.921250 0.187500 0.071250 0.108333
0 0.540312 0.164167 0.130625 0.078333
0 0.400625 0.149167 0.091250 0.061667
0 0.946875 0.140000 0.075000 0.085000
0 0.866250 0.134583 0.066250 0.084167
0 0.608750 0.127500 0.070000 0.088333
0 0.732500 0.131250 0.065000 0.109167
0 0.521875 0.097917 0.091250 0.052500
0 0.686562 0.143750 0.088125 0.167500
0 0.773125 0.129583 0.103750 0.147500
0 0.943125 0.079583 0.073750 0.057500
0 0.965938 0.034167 0.050625 0.068333
0 0.904062 0.028750 0.078125 0.057500
0 0.745625 0.038333 0.113750 0.076667
0 0.654375 0.049167 0.072500 0.098333
0 0.600625 0.044583 0.065000 0.089167