0 0.044062 0.957083 0.068125 0.085833
0 0.384062 0.950833 0.078125 0.098333
0 0.913125 0.922500 0.077500 0.091667
0 0.964375 0.880417 0.071250 0.095833
0 0.021875 0.820833 0.043750 0.086667
0 0.110312 0.823333 0.066875 0.096667
0 0.233437 0.795417 0.091875 0.114167
0 0.590313 0.768750 0.066875 0.095833
0 0.737500 0.685417 0.091250 0.085833
0 0.651563 0.635000 0.069375 0.085000
0 0.958438 0.643333 0.078125 0.108333
0 0.167500 0.602500 0.076250 0.096667
0 0.441563 0.585417 0.073125 0.094167
0 0.242188 0.552500 0.070625 0.095000
0 0.061562 0.547083 0.068125 0.097500
0 0.972812 0.519583 0.054375 0.105833
0 0.472813 0.476250 0.064375 0.100833
0 0.261875 0.465417 0.058750 0.085833
0 0.314375 0.413333 0.078750 0.106667
0 0.915937 0.384583 0.080625 0.109167
0 0.471250 0.372083 0.065000 0.094167
0 0.627500 0.338750 0.087500 0.104167
0 0.877812 0.317917 0.088125 0.109167
0 0.072188 0.270417 0.069375 0.094167
0 0.668750 0.247500 0.086250 0.100000
0 0.759375 0.238333 0.067500 0.088333
0 0.307812 0.216250 0.079375 0.095833
0 0.829375 0.127917 0.091250 0.114167
0 0.203437 0.088750 0.074375 0.100833