0 0.952500 0.971250 0.068750 0.057500
0 0.410938 0.961667 0.068125 0.076667
0 0.761563 0.955417 0.073125 0.089167
0 0.278750 0.932500 0.070000 0.088333
0 0.345938 0.902917 0.071875 0.095833
0 0.402187 0.875000 0.064375 0.086667
0 0.929375 0.870000 0.068750 0.096667
0 0.410313 0.782917 0.073125 0.097500
0 0.170625 0.770000 0.071250 0.093333
0 0.770000 0.765833 0.067500 0.095000
0 0.833125 0.765417 0.058750 0.104167
0 0.696562 0.708750 0.074375 0.092500
0 0.075625 0.703750 0.066250 0.089167
0 0.290625 0.705000 0.071250 0.096667
0 0.763750 0.668333 0.062500 0.095000
0 0.956250 0.655417 0.062500 0.087500
0 0.018437 0.655000 0.036875 0.090000
0 0.824688 0.655833 0.051875 0.105000
0 0.347500 0.655833 0.075000 0.108333
0 0.878750 0.647917 0.060000 0.109167
0 0.126250 0.627917 0.060000 0.080833
0 0.427812 0.625417 0.069375 0.092500
0 0.060000 0.609167 0.062500 0.088333
0 0.638437 0.600833 0.070625 0.101667
0 0.491875 0.592917 0.076250 0.097500
0 0.368125 0.582917 0.063750 0.094167
0 0.181875 0.582500 0.073750 0.105000
0 0.570000 0.575000 0.073750 0.095000
0 0.302500 0.570833 0.068750 0.100000
0 0.969063 0.561667 0.061875 0.086667
0 0.724688 0.552083 0.073125 0.094167
0 0.101875 0.547083 0.076250 0.084167
0 0.918438 0.520833 0.054375 0.080000
0 0.250625 0.522500 0.062500 0.083333
0 0.800937 0.522917 0.065625 0.089167
0 0.683125 0.521667 0.081250 0.101667
0 0.032813 0.503750 0.061875 0.090833
0 0.407500 0.493750 0.062500 0.072500
0 0.616250 0.497500 0.065000 0.101667
0 0.337500 0.486250 0.073750 0.095833
0 0.091563 0.459167 0.066875 0.083333
0 0.511250 0.457500 0.061250 0.088333
0 0.676250 0.437500 0.063750 0.085000
0 0.835313 0.442500 0.073125 0.098333
0 0.745000 0.433333 0.071250 0.106667
0 0.274062 0.430833 0.070625 0.101667
0 0.406875 0.415833 0.063750 0.073333
0 0.982187 0.423750 0.035625 0.092500
0 0.016563 0.377917 0.033125 0.084167
0 0.878125 0.362917 0.065000 0.082500
0 0.949063 0.359583 0.055625 0.080833
0 0.068750 0.365000 0.057500 0.098333
0 0.525937 0.357917 0.076875 0.095833
0 0.784687 0.348750 0.056875 0.087500
0 0.718125 0.329583 0.061250 0.097500
0 0.185625 0.323333 0.057500 0.095000
0 0.302812 0.313750 0.059375 0.084167
0 0.629062 0.305417 0.056875 0.125833
0 0.583438 0.280417 0.056875 0.085833
0 0.241250 0.289583 0.055000 0.104167
0 0.677813 0.283750 0.060625 0.097500
0 0.513437 0.264583 0.065625 0.077500
0 0.444063 0.241250 0.065625 0.080833
0 0.292500 0.222917 0.058750 0.075833
0 0.971875 0.220000 0.056250 0.103333
0 0.913750 0.200417 0.058750 0.097500
0 0.521250 0.171250 0.065000 0.085833
0 0.326562 0.162917 0.068125 0.097500
0 0.732500 0.154167 0.056250 0.095000
0 0.016875 0.130000 0.033750 0.088333
0 0.677188 0.127500 0.045625 0.090000
0 0.272813 0.112500 0.061875 0.103333
0 0.617500 0.106250 0.060000 0.094167
0 0.973437 0.080417 0.053125 0.095833
0 0.385937 0.067917 0.059375 0.079167
0 0.456875 0.063333 0.063750 0.085000
0 0.233125 0.062500 0.062500 0.088333
0 0.529687 0.046250 0.070625 0.082500
0 0.659687 0.033750 0.055625 0.067500
0 0.598437 0.024167 0.058125 0.048333
0 0.320625 0.046667 0.060000 0.093333