0 0.657500 0.977083 0.061250 0.045833
0 0.938438 0.974167 0.070625 0.051667
0 0.371563 0.962917 0.063125 0.074167
0 0.839063 0.960833 0.071875 0.078333
0 0.093125 0.957083 0.080000 0.085833
0 0.263437 0.953333 0.061875 0.093333
0 0.722812 0.935000 0.071875 0.100000
0 0.357187 0.914583 0.064375 0.065833
0 0.023438 0.903333 0.046875 0.083333
0 0.949688 0.905000 0.068125 0.105000
0 0.442500 0.864583 0.068750 0.095833
0 0.825625 0.861667 0.070000 0.096667
0 0.075938 0.827083 0.069375 0.099167
0 0.967500 0.815417 0.065000 0.092500
0 0.748750 0.795000 0.071250 0.090000
0 0.657188 0.787083 0.076875 0.087500
0 0.515625 0.731250 0.073750 0.092500
0 0.817813 0.724167 0.070625 0.091667
0 0.118750 0.719167 0.068750 0.091667
0 0.682187 0.697500 0.074375 0.090000
0 0.578125 0.673333 0.071250 0.116667
0 0.637813 0.652917 0.070625 0.089167
0 0.425938 0.628750 0.071875 0.094167
0 0.776250 0.608750 0.073750 0.095833
0 0.633750 0.583750 0.071250 0.077500
0 0.699375 0.596667 0.068750 0.105000
0 0.210625 0.540833 0.065000 0.090000
0 0.472187 0.540417 0.065625 0.102500
0 0.385313 0.530417 0.064375 0.087500
0 0.529062 0.529167 0.065625 0.091667
0 0.730313 0.521250 0.066875 0.100833
0 0.306250 0.510833 0.077500 0.080000
0 0.112500 0.502083 0.073750 0.097500
0 0.025937 0.474583 0.051875 0.090833
0 0.310000 0.451667 0.070000 0.083333
0 0.666875 0.439583 0.076250 0.085833
0 0.129375 0.425833 0.071250 0.086667
0 0.624062 0.434583 0.060625 0.105833
0 0.263750 0.430833 0.068750 0.100000
0 0.964063 0.412083 0.068125 0.085833
0 0.408750 0.391667 0.067500 0.091667
0 0.873437 0.387500 0.071875 0.101667
0 0.185938 0.362083 0.069375 0.080833
0 0.111875 0.355833 0.062500 0.078333
0 0.982500 0.242917 0.035000 0.084167
0 0.315937 0.247917 0.070625 0.095833
0 0.731563 0.223333 0.066875 0.086667
0 0.152812 0.120000 0.056875 0.075000
0 0.644375 0.058750 0.078750 0.075833
0 0.136875 0.040417 0.070000 0.080833