0 0.262500 0.969583 0.063750 0.060833
0 0.803438 0.966667 0.065625 0.066667
0 0.684063 0.961667 0.073125 0.076667
0 0.053750 0.946667 0.055000 0.085000
0 0.358750 0.947500 0.067500 0.105000
0 0.869062 0.941667 0.095625 0.116667
0 0.951562 0.918333 0.061875 0.095000
0 0.224688 0.897917 0.075625 0.100833
0 0.091875 0.897083 0.072500 0.102500
0 0.500625 0.874167 0.055000 0.083333
0 0.311563 0.862500 0.073125 0.096667
0 0.576562 0.860833 0.081875 0.106667
0 0.118125 0.830417 0.061250 0.074167
0 0.448125 0.830417 0.076250 0.087500
0 0.053750 0.812083 0.071250 0.095833
0 0.371250 0.795833 0.068750 0.088333
0 0.750000 0.782083 0.061250 0.095833
0 0.430625 0.762083 0.067500 0.089167
0 0.921875 0.764583 0.063750 0.095833
0 0.794687 0.758333 0.051875 0.096667
0 0.116875 0.744583 0.096250 0.104167
0 0.022187 0.677083 0.044375 0.090833
0 0.928438 0.613750 0.071875 0.092500
0 0.076250 0.565000 0.071250 0.080000
0 0.357500 0.524583 0.062500 0.077500
0 0.665625 0.523750 0.062500 0.084167
0 0.516563 0.498750 0.058125 0.077500
0 0.142813 0.417083 0.070625 0.080833
0 0.581562 0.406667 0.059375 0.081667
0 0.266875 0.393750 0.062500 0.084167
0 0.373125 0.390000 0.061250 0.081667
0 0.977812 0.389167 0.044375 0.086667
0 0.836562 0.377917 0.053125 0.082500
0 0.165000 0.346250 0.063750 0.089167
0 0.466562 0.316667 0.066875 0.088333
0 0.709063 0.302917 0.066875 0.087500
0 0.595625 0.278750 0.058750 0.079167
0 0.529375 0.285833 0.070000 0.100000
0 0.753437 0.235417 0.069375 0.085833
0 0.072813 0.209583 0.064375 0.089167
0 0.380000 0.186667 0.061250 0.086667
0 0.026562 0.117917 0.053125 0.092500
0 0.905625 0.102500 0.067500 0.088333
0 0.436875 0.094167 0.073750 0.090000
0 0.757500 0.083750 0.072500 0.080833
0 0.934688 0.065417 0.066875 0.089167
0 0.330000 0.037917 0.068750 0.075833