0 0.216875 0.933333 0.080000 0.071667
0 0.839063 0.925417 0.098125 0.099167
0 0.436875 0.888750 0.071250 0.095833
0 0.940312 0.875000 0.058125 0.083333
0 0.244688 0.872083 0.084375 0.084167
0 0.845000 0.839583 0.057500 0.074167
0 0.040000 0.812500 0.063750 0.081667
0 0.860938 0.735833 0.078125 0.101667
0 0.820937 0.695833 0.060625 0.083333
0 0.450313 0.672500 0.061875 0.080000
0 0.755000 0.604167 0.061250 0.101667
0 0.264375 0.542083 0.066250 0.077500
0 0.135625 0.491667 0.062500 0.070000
0 0.186562 0.443333 0.070625 0.101667
0 0.973125 0.397917 0.052500 0.069167
0 0.110000 0.378333 0.062500 0.090000
0 0.650312 0.387917 0.081875 0.117500
0 0.921875 0.371667 0.067500 0.093333
0 0.308750 0.339583 0.065000 0.087500
0 0.215938 0.347917 0.104375 0.120833
0 0.573750 0.292083 0.080000 0.104167
0 0.980938 0.285417 0.038125 0.094167
0 0.895625 0.292500 0.066250 0.125000
0 0.422812 0.273750 0.056875 0.092500
0 0.495937 0.281250 0.085625 0.112500
0 0.283438 0.263333 0.078125 0.105000
0 0.109687 0.214583 0.069375 0.075833
0 0.594063 0.157917 0.078125 0.095833
0 0.242812 0.101667 0.056875 0.076667
0 0.772813 0.046250 0.061875 0.092500
0 0.305312 0.025417 0.058125 0.050833
0 0.241563 0.022917 0.070625 0.045833
0 0.157500 0.041667 0.063750 0.083333