0 0.307188 0.976667 0.060625 0.046667
0 0.780000 0.971250 0.075000 0.057500
0 0.370625 0.969583 0.062500 0.060833
0 0.940937 0.968333 0.071875 0.063333
0 0.497812 0.960000 0.080625 0.080000
0 0.849688 0.930417 0.068125 0.089167
0 0.709063 0.910417 0.071875 0.087500
0 0.798125 0.877083 0.061250 0.084167
0 0.269062 0.884167 0.070625 0.101667
0 0.064062 0.872917 0.065625 0.095833
0 0.170937 0.846667 0.060625 0.085000
0 0.668750 0.858333 0.077500 0.113333
0 0.848750 0.827500 0.066250 0.100000
0 0.084062 0.795000 0.070625 0.095000
0 0.261875 0.730417 0.072500 0.090833
0 0.483125 0.720833 0.076250 0.103333
0 0.626250 0.705000 0.072500 0.086667
0 0.290312 0.686667 0.069375 0.083333
0 0.686562 0.695000 0.060625 0.105000
0 0.555625 0.693333 0.080000 0.103333
0 0.375000 0.657500 0.075000 0.103333
0 0.154062 0.628333 0.069375 0.091667
0 0.035000 0.603750 0.066250 0.092500
0 0.685937 0.597917 0.068125 0.092500
0 0.233437 0.573333 0.065625 0.093333
0 0.320937 0.572500 0.065625 0.095000
0 0.170625 0.539167 0.068750 0.105000
0 0.746875 0.517500 0.053750 0.116667
0 0.230000 0.437083 0.061250 0.087500
0 0.531875 0.419583 0.068750 0.092500
0 0.591875 0.416250 0.071250 0.092500
0 0.347187 0.387500 0.060625 0.083333
0 0.768750 0.379167 0.067500 0.088333
0 0.953750 0.363333 0.070000 0.098333
0 0.695000 0.352083 0.070000 0.134167
0 0.753750 0.322917 0.055000 0.094167
0 0.857812 0.321667 0.073125 0.100000
0 0.169063 0.316250 0.060625 0.112500
0 0.419375 0.313333 0.062500 0.111667
0 0.593750 0.297083 0.067500 0.094167
0 0.921562 0.278750 0.061875 0.085833
0 0.234687 0.278750 0.064375 0.094167
0 0.371250 0.228750 0.063750 0.092500
0 0.256250 0.215000 0.110000 0.106667
0 0.560625 0.207500 0.070000 0.096667
0 0.486250 0.197500 0.065000 0.088333
0 0.964688 0.187083 0.070625 0.087500
0 0.081875 0.168750 0.066250 0.092500
0 0.332813 0.146667 0.068125 0.083333
0 0.701875 0.127083 0.076250 0.084167
0 0.893437 0.120833 0.068125 0.078333
0 0.784062 0.119167 0.058125 0.076667
0 0.974375 0.098333 0.051250 0.093333
0 0.399062 0.097083 0.070625 0.102500
0 0.086250 0.062500 0.067500 0.088333
0 0.715938 0.052917 0.059375 0.100833
0 0.666875 0.020000 0.082500 0.040000
0 0.599063 0.024583 0.064375 0.049167
0 0.170313 0.026667 0.070625 0.053333