0 0.618750 0.981250 0.067500 0.037500
0 0.847500 0.980000 0.067500 0.040000
0 0.522500 0.961250 0.067500 0.077500
0 0.959375 0.902083 0.078750 0.082500
0 0.042500 0.897500 0.066250 0.093333
0 0.306875 0.901250 0.065000 0.115833
0 0.238437 0.855833 0.075625 0.111667
0 0.357500 0.843333 0.056250 0.095000
0 0.962500 0.810833 0.060000 0.111667
0 0.487500 0.799167 0.063750 0.090000
0 0.612187 0.791250 0.064375 0.084167
0 0.869687 0.772500 0.060625 0.090000
0 0.783438 0.758333 0.071875 0.091667
0 0.274062 0.738333 0.063125 0.130000
0 0.086563 0.715000 0.064375 0.103333
0 0.925937 0.692917 0.068125 0.095833
0 0.250000 0.675417 0.067500 0.109167
0 0.320937 0.669583 0.086875 0.122500
0 0.048125 0.657500 0.070000 0.111667
0 0.894375 0.638750 0.090000 0.105833
0 0.465000 0.619167 0.058750 0.093333
0 0.342813 0.610833 0.071875 0.093333
0 0.154688 0.579167 0.064375 0.088333
0 0.408125 0.581250 0.072500 0.102500
0 0.279375 0.543333 0.068750 0.100000
0 0.414062 0.497083 0.076875 0.085833
0 0.103125 0.500833 0.070000 0.093333
0 0.332500 0.491667 0.071250 0.098333
0 0.387500 0.405833 0.081250 0.093333
0 0.910000 0.396250 0.086250 0.124167
0 0.011562 0.341250 0.023125 0.084167
0 0.729688 0.343750 0.065625 0.097500
0 0.068750 0.332917 0.066250 0.095833
0 0.603750 0.308333 0.065000 0.091667
0 0.901875 0.306250 0.068750 0.102500
0 0.679375 0.285000 0.075000 0.103333
0 0.037187 0.262917 0.074375 0.079167
0 0.855625 0.267500 0.076250 0.111667
0 0.418125 0.257500 0.076250 0.095000
0 0.347813 0.251250 0.074375 0.092500
0 0.777500 0.232917 0.058750 0.104167
0 0.239687 0.197500 0.066875 0.101667
0 0.716875 0.183750 0.067500 0.095833
0 0.332813 0.160417 0.063125 0.084167
0 0.660625 0.175000 0.060000 0.155000
0 0.801562 0.129167 0.064375 0.096667
0 0.280000 0.108333 0.063750 0.108333
0 0.835000 0.013750 0.046250 0.027500
0 0.291875 0.022917 0.065000 0.045833