0 0.212500 0.970417 0.088750 0.059167
0 0.540937 0.962500 0.066875 0.075000
0 0.965313 0.956250 0.069375 0.087500
0 0.050625 0.950833 0.086250 0.098333
0 0.430312 0.949167 0.070625 0.101667
0 0.795312 0.934167 0.070625 0.075000
0 0.363125 0.936667 0.070000 0.098333
0 0.925625 0.900833 0.067500 0.090000
0 0.531875 0.891667 0.065000 0.091667
0 0.838125 0.875000 0.066250 0.103333
0 0.015938 0.863750 0.031875 0.087500
0 0.773750 0.860833 0.090000 0.098333
0 0.476875 0.838750 0.062500 0.085833
0 0.650000 0.842083 0.071250 0.097500
0 0.847187 0.789167 0.066875 0.091667
0 0.892188 0.770000 0.055625 0.066667
0 0.079375 0.775000 0.070000 0.088333
0 0.218125 0.750833 0.080000 0.103333
0 0.605000 0.736667 0.063750 0.091667
0 0.668125 0.718750 0.061250 0.087500
0 0.949375 0.705833 0.065000 0.093333
0 0.777500 0.651667 0.071250 0.091667
0 0.065625 0.636667 0.072500 0.095000
0 0.659375 0.604167 0.082500 0.110000
0 0.462500 0.560833 0.071250 0.093333
0 0.170000 0.525833 0.068750 0.086667
0 0.034688 0.515833 0.069375 0.093333
0 0.770625 0.500833 0.070000 0.090000
0 0.368750 0.489167 0.066250 0.086667
0 0.876250 0.474583 0.071250 0.092500
0 0.634375 0.469167 0.070000 0.083333
0 0.113750 0.470000 0.061250 0.091667
0 0.968750 0.461667 0.062500 0.096667
0 0.195312 0.435000 0.105625 0.081667
0 0.020000 0.405000 0.040000 0.093333
0 0.591250 0.380833 0.063750 0.090000
0 0.984062 0.380417 0.031875 0.100833
0 0.082500 0.372500 0.086250 0.086667
0 0.170000 0.362083 0.081250 0.095833
0 0.355625 0.335000 0.062500 0.081667
0 0.016563 0.317083 0.033125 0.075833
0 0.648750 0.284167 0.076250 0.096667
0 0.465313 0.277917 0.049375 0.095833
0 0.420312 0.270833 0.063125 0.091667
0 0.295000 0.251667 0.061250 0.071667
0 0.508437 0.250833 0.069375 0.085000
0 0.107500 0.212500 0.063750 0.080000
0 0.576250 0.215000 0.056250 0.091667
0 0.355000 0.210000 0.053750 0.081667
0 0.423750 0.192083 0.073750 0.080833
0 0.893750 0.196667 0.051250 0.098333
0 0.024688 0.182500 0.049375 0.076667
0 0.764687 0.184167 0.066875 0.090000
0 0.513437 0.167500 0.075625 0.123333
0 0.137187 0.146667 0.074375 0.085000
0 0.964688 0.143333 0.070625 0.091667
0 0.716875 0.145833 0.067500 0.100000
0 0.839375 0.126667 0.065000 0.088333
0 0.213438 0.117500 0.068125 0.108333
0 0.073750 0.092083 0.078750 0.094167
0 0.332500 0.088333 0.076250 0.101667
0 0.600000 0.075000 0.063750 0.091667
0 0.253750 0.067083 0.065000 0.087500
0 0.977187 0.045000 0.045625 0.081667
0 0.776250 0.028750 0.071250 0.057500
0 0.392813 0.042500 0.065625 0.085000
0 0.156875 0.020417 0.067500 0.040833
0 0.086563 0.027917 0.075625 0.055833