0 0.072813 0.979167 0.075625 0.041667
0 0.237187 0.975000 0.075625 0.050000
0 0.130938 0.930417 0.084375 0.087500
0 0.445625 0.926667 0.077500 0.088333
0 0.825313 0.897083 0.071875 0.095833
0 0.977500 0.855417 0.045000 0.089167
0 0.511563 0.839583 0.066875 0.087500
0 0.211250 0.834583 0.076250 0.100833
0 0.309063 0.824583 0.078125 0.114167
0 0.666562 0.801250 0.106875 0.080833
0 0.386250 0.805000 0.075000 0.098333
0 0.826250 0.786667 0.077500 0.106667
0 0.770625 0.757917 0.081250 0.090833
0 0.520938 0.757917 0.073125 0.097500
0 0.966875 0.745833 0.066250 0.111667
0 0.261562 0.729167 0.075625 0.101667
0 0.798125 0.685833 0.088750 0.095000
0 0.397813 0.627083 0.094375 0.087500
0 0.236875 0.621667 0.058750 0.078333
0 0.030312 0.611667 0.060625 0.090000
0 0.328750 0.575833 0.071250 0.105000
0 0.730313 0.507500 0.086875 0.108333
0 0.151562 0.498333 0.073125 0.096667
0 0.519375 0.465000 0.066250 0.098333
0 0.827187 0.425833 0.073125 0.093333
0 0.673125 0.435833 0.075000 0.115000
0 0.431875 0.420417 0.077500 0.109167
0 0.796875 0.362500 0.090000 0.090000
0 0.545312 0.344583 0.061875 0.094167
0 0.982187 0.342917 0.035625 0.095833
0 0.217188 0.337083 0.074375 0.100833
0 0.027500 0.288750 0.055000 0.100833
0 0.801250 0.281667 0.087500 0.088333
0 0.385000 0.286667 0.091250 0.120000
0 0.197500 0.267083 0.085000 0.085833
0 0.264062 0.236250 0.093125 0.104167
0 0.623437 0.202917 0.076875 0.087500
0 0.034688 0.170833 0.069375 0.101667
0 0.966250 0.127917 0.067500 0.089167
0 0.784062 0.117083 0.074375 0.095833