0 0.053125 0.979583 0.057500 0.040833
0 0.931875 0.969583 0.053750 0.060833
0 0.191562 0.967917 0.065625 0.064167
0 0.613437 0.966667 0.073125 0.063333
0 0.720000 0.967083 0.058750 0.065833
0 0.460000 0.962917 0.057500 0.074167
0 0.851250 0.938333 0.051250 0.078333
0 0.252500 0.931667 0.066250 0.088333
0 0.029375 0.921250 0.058750 0.067500
0 0.766875 0.909583 0.068750 0.080833
0 0.640312 0.905833 0.050625 0.076667
0 0.165000 0.899167 0.058750 0.073333
0 0.945937 0.902083 0.048125 0.080833
0 0.074375 0.894583 0.046250 0.077500
0 0.978125 0.889583 0.043750 0.084167
0 0.690312 0.887500 0.071875 0.080000
0 0.577812 0.880000 0.103125 0.131667
0 0.211250 0.847500 0.051250 0.071667
0 0.032813 0.847917 0.065625 0.084167
0 0.790625 0.841667 0.060000 0.075000
0 0.267500 0.840833 0.055000 0.085000
0 0.730625 0.832083 0.050000 0.072500
0 0.677500 0.801667 0.051250 0.071667
0 0.550625 0.790000 0.060000 0.071667
0 0.113750 0.795000 0.071250 0.088333
0 0.857500 0.784167 0.061250 0.083333
0 0.359375 0.770833 0.065000 0.076667
0 0.951250 0.769167 0.066250 0.090000
0 0.500625 0.743333 0.045000 0.061667
0 0.550625 0.733333 0.061250 0.073333
0 0.378750 0.698333 0.088750 0.073333
0 0.301875 0.723333 0.065000 0.128333
0 0.107813 0.694583 0.056875 0.075833
0 0.680625 0.679167 0.065000 0.060000
0 0.022812 0.722917 0.045625 0.147500
0 0.821250 0.687500 0.061250 0.090000
0 0.176875 0.666667 0.052500 0.068333
0 0.975313 0.659167 0.049375 0.070000
0 0.042813 0.654583 0.068125 0.072500
0 0.889687 0.658333 0.070625 0.090000
0 0.577500 0.650833 0.078750 0.101667
0 0.758125 0.642500 0.062500 0.096667
0 0.684688 0.616667 0.074375 0.070000
0 0.334375 0.620833 0.062500 0.086667
0 0.861875 0.604583 0.062500 0.084167
0 0.075625 0.595417 0.052500 0.074167
0 0.206875 0.593333 0.055000 0.078333
0 0.976562 0.573333 0.046875 0.065000
0 0.531875 0.559167 0.055000 0.066667
0 0.388750 0.527500 0.056250 0.073333
0 0.250000 0.521667 0.060000 0.098333
0 0.649687 0.496667 0.046875 0.061667
0 0.198437 0.500417 0.054375 0.082500
0 0.336875 0.467500 0.062500 0.083333
0 0.896250 0.462083 0.063750 0.079167
0 0.716875 0.446250 0.047500 0.069167
0 0.781250 0.444167 0.063750 0.080000
0 0.109063 0.442500 0.056875 0.080000
0 0.467500 0.435417 0.041250 0.070833
0 0.177187 0.430000 0.055625 0.076667
0 0.583125 0.408333 0.062500 0.068333
0 0.875938 0.393333 0.053125 0.060000
0 0.313125 0.399167 0.047500 0.080000
0 0.930000 0.389583 0.048750 0.067500
0 0.372500 0.387500 0.063750 0.083333
0 0.151250 0.375417 0.052500 0.072500
0 0.059062 0.375833 0.046875 0.073333
0 0.677500 0.361250 0.063750 0.085833
0 0.216250 0.352500 0.066250 0.080000
0 0.751250 0.334167 0.046250 0.056667
0 0.017812 0.341250 0.035625 0.074167
0 0.431250 0.345000 0.061250 0.088333
0 0.106563 0.329167 0.090625 0.078333
0 0.898750 0.328333 0.061250 0.078333
0 0.291563 0.318333 0.061875 0.083333
0 0.658125 0.280000 0.085000 0.080000
0 0.569063 0.268333 0.053125 0.070000
0 0.195625 0.270417 0.058750 0.075833
0 0.101875 0.256667 0.062500 0.076667
0 0.511875 0.247083 0.057500 0.072500
0 0.284375 0.240833 0.047500 0.063333
0 0.813750 0.245000 0.076250 0.088333
0 0.394062 0.236250 0.056875 0.072500
0 0.895000 0.237083 0.061250 0.087500
0 0.336250 0.255417 0.056250 0.129167
0 0.065000 0.250000 0.071250 0.130000
0 0.168437 0.210417 0.078125 0.085833
0 0.954688 0.193750 0.060625 0.074167
0 0.591875 0.194167 0.062500 0.096667
0 0.480000 0.158333 0.061250 0.081667
0 0.715313 0.136667 0.058125 0.071667
0 0.370937 0.162083 0.085625 0.134167
0 0.790312 0.134167 0.086875 0.108333
0 0.076250 0.108333 0.048750 0.081667
0 0.443750 0.123333 0.060000 0.121667
0 0.024063 0.093333 0.048125 0.075000
0 0.899687 0.028750 0.013125 0.015833
0 0.131875 0.051667 0.055000 0.068333
0 0.504687 0.058333 0.058125 0.085000
0 0.980313 0.054167 0.039375 0.083333
0 0.789687 0.039167 0.055625 0.070000
0 0.574063 0.019583 0.066875 0.039167
0 0.445625 0.033333 0.063750 0.066667
0 0.385937 0.039167 0.064375 0.078333
0 0.205625 0.031250 0.070000 0.062500