0 0.454375 0.969583 0.067500 0.060833
0 0.328125 0.950833 0.075000 0.093333
0 0.886250 0.923333 0.066250 0.098333
0 0.629375 0.916667 0.072500 0.095000
0 0.396875 0.895833 0.070000 0.076667
0 0.506250 0.885833 0.061250 0.080000
0 0.129375 0.891667 0.070000 0.111667
0 0.615000 0.835417 0.066250 0.069167
0 0.025937 0.849167 0.051875 0.096667
0 0.908750 0.827500 0.068750 0.083333
0 0.767500 0.830833 0.073750 0.093333
0 0.628750 0.779167 0.070000 0.086667
0 0.874375 0.750833 0.060000 0.086667
0 0.276250 0.732500 0.063750 0.086667
0 0.348750 0.726667 0.071250 0.091667
0 0.209063 0.711250 0.071875 0.082500
0 0.663750 0.679167 0.056250 0.073333
0 0.139375 0.664167 0.072500 0.090000
0 0.290000 0.644167 0.077500 0.083333
0 0.210938 0.637500 0.071875 0.075000
0 0.980313 0.635833 0.039375 0.086667
0 0.403750 0.615833 0.086250 0.136667
0 0.723125 0.575000 0.072500 0.088333
0 0.280313 0.560417 0.066875 0.089167
0 0.148125 0.550833 0.060000 0.086667
0 0.548125 0.528333 0.080000 0.088333
0 0.888750 0.519167 0.071250 0.093333
0 0.022812 0.502500 0.045625 0.100000
0 0.081250 0.493333 0.066250 0.098333
0 0.325625 0.480417 0.073750 0.085833
0 0.603125 0.475833 0.075000 0.085000
0 0.489375 0.475000 0.060000 0.085000
0 0.705000 0.466667 0.071250 0.095000
0 0.326562 0.414167 0.068125 0.056667
0 0.401250 0.431667 0.076250 0.111667
0 0.533750 0.401667 0.066250 0.085000
0 0.613750 0.406250 0.065000 0.095833
0 0.330000 0.355417 0.068750 0.079167
0 0.122813 0.349583 0.061875 0.089167
0 0.233125 0.335000 0.070000 0.085000
0 0.158125 0.317500 0.060000 0.085000
0 0.937500 0.305000 0.071250 0.091667
0 0.660000 0.272500 0.068750 0.080000
0 0.790000 0.268750 0.083750 0.097500
0 0.012812 0.245417 0.025625 0.089167
0 0.724688 0.237500 0.063125 0.090000
0 0.322500 0.233333 0.058750 0.111667
0 0.390000 0.208750 0.088750 0.087500
0 0.875000 0.180833 0.068750 0.090000
0 0.570625 0.159167 0.065000 0.090000
0 0.028438 0.146667 0.056875 0.088333
0 0.372500 0.120833 0.063750 0.086667
0 0.701875 0.114167 0.070000 0.093333
0 0.092500 0.100833 0.068750 0.086667
0 0.628125 0.067083 0.060000 0.084167
0 0.165625 0.061667 0.067500 0.091667
0 0.962187 0.022083 0.068125 0.044167
0 0.866875 0.032917 0.065000 0.065833
0 0.241250 0.037083 0.063750 0.074167