0 0.069062 0.978333 0.066875 0.043333
0 0.183125 0.975833 0.078750 0.048333
0 0.264688 0.969167 0.073125 0.061667
0 0.964063 0.965833 0.071875 0.068333
0 0.721562 0.964167 0.084375 0.071667
0 0.340938 0.939583 0.060625 0.082500
0 0.969375 0.899583 0.061250 0.090833
0 0.435312 0.892083 0.069375 0.117500
0 0.795625 0.870000 0.065000 0.085000
0 0.103125 0.856250 0.073750 0.095833
0 0.693438 0.850417 0.065625 0.109167
0 0.839375 0.834167 0.081250 0.080000
0 0.210000 0.828750 0.086250 0.074167
0 0.985938 0.825000 0.028125 0.096667
0 0.936250 0.822083 0.072500 0.107500
0 0.378437 0.830000 0.055625 0.133333
0 0.655625 0.807917 0.066250 0.095833
0 0.482812 0.802083 0.069375 0.084167
0 0.780312 0.782083 0.060625 0.090833
0 0.195937 0.767083 0.069375 0.082500
0 0.833125 0.765417 0.070000 0.087500
0 0.024375 0.763750 0.048750 0.089167
0 0.861875 0.732083 0.077500 0.094167
0 0.760625 0.670000 0.072500 0.075000
0 0.561250 0.631667 0.068750 0.101667
0 0.825000 0.591667 0.077500 0.078333
0 0.896875 0.580833 0.083750 0.083333
0 0.740625 0.562083 0.073750 0.100833
0 0.134375 0.522500 0.065000 0.085000
0 0.792500 0.511667 0.073750 0.093333
0 0.316563 0.524167 0.061875 0.131667
0 0.478438 0.500417 0.060625 0.097500
0 0.391562 0.482083 0.066875 0.125833
0 0.115625 0.460000 0.072500 0.088333
0 0.659062 0.448333 0.080625 0.093333
0 0.163750 0.379167 0.047500 0.120000
0 0.909062 0.358333 0.073125 0.091667
0 0.610313 0.355833 0.083125 0.086667
0 0.299687 0.362500 0.061875 0.110000
0 0.125312 0.367500 0.055625 0.130000
0 0.265000 0.291250 0.076250 0.112500
0 0.020313 0.223333 0.040625 0.131667
0 0.587500 0.201250 0.061250 0.112500
0 0.876875 0.178750 0.095000 0.085833
0 0.677500 0.178333 0.070000 0.100000
0 0.338438 0.181667 0.058125 0.111667
0 0.259062 0.156667 0.058125 0.133333
0 0.532813 0.089583 0.060625 0.119167
0 0.683438 0.068333 0.065625 0.113333
0 0.096250 0.065000 0.067500 0.106667
0 0.253125 0.061667 0.066250 0.105000
0 0.959688 0.023750 0.071875 0.047500
0 0.912188 0.052917 0.074375 0.105833
0 0.398750 0.054167 0.083750 0.108333