0 0.385000 0.968750 0.072500 0.062500
0 0.939063 0.950000 0.071875 0.100000
0 0.531563 0.939167 0.085625 0.085000
0 0.307812 0.922917 0.088125 0.065833
0 0.208125 0.915833 0.077500 0.100000
0 0.656250 0.915833 0.077500 0.101667
0 0.829063 0.907083 0.066875 0.094167
0 0.393437 0.875000 0.081875 0.095000
0 0.308125 0.845833 0.078750 0.081667
0 0.937500 0.827917 0.076250 0.087500
0 0.360000 0.805000 0.062500 0.080000
0 0.550312 0.810833 0.073125 0.096667
0 0.973750 0.795417 0.052500 0.092500
0 0.763437 0.808750 0.094375 0.142500
0 0.025625 0.765833 0.051250 0.080000
0 0.492188 0.768333 0.063125 0.096667
0 0.421563 0.752500 0.073125 0.086667
0 0.697500 0.712083 0.075000 0.089167
0 0.816875 0.687083 0.073750 0.084167
0 0.634375 0.685833 0.072500 0.096667
0 0.060625 0.682500 0.077500 0.100000
0 0.035000 0.632917 0.070000 0.084167
0 0.857187 0.627917 0.110625 0.175833
0 0.949688 0.600833 0.083125 0.125000
0 0.205937 0.594167 0.069375 0.120000
0 0.161250 0.579167 0.073750 0.131667
0 0.633437 0.552500 0.068125 0.103333
0 0.925937 0.520417 0.068125 0.080833
0 0.665625 0.480000 0.087500 0.088333
0 0.665937 0.375417 0.070625 0.105833
0 0.974688 0.355417 0.050625 0.084167
0 0.720313 0.347500 0.085625 0.101667
0 0.873750 0.329583 0.066250 0.107500
0 0.262500 0.278333 0.087500 0.091667
0 0.726562 0.269167 0.083125 0.085000
0 0.167813 0.218333 0.075625 0.101667
0 0.242812 0.186250 0.080625 0.085833
0 0.740313 0.187917 0.069375 0.090833
0 0.948750 0.165833 0.075000 0.080000
0 0.890938 0.104167 0.086875 0.091667
0 0.783750 0.060833 0.092500 0.083333
0 0.733437 0.024167 0.084375 0.048333
0 0.050313 0.026250 0.096875 0.052500