0 0.853750 0.964167 0.066250 0.071667
0 0.524062 0.648333 0.071875 0.103333
0 0.769687 0.586667 0.089375 0.070000
0 0.021250 0.554167 0.042500 0.096667
0 0.860313 0.485833 0.083125 0.123333
0 0.185000 0.462500 0.068750 0.095000
0 0.098750 0.447500 0.068750 0.098333
0 0.734062 0.445000 0.073125 0.100000
0 0.613750 0.389583 0.080000 0.105833
0 0.669063 0.355000 0.066875 0.090000
0 0.824688 0.311250 0.065625 0.089167
0 0.430000 0.278750 0.066250 0.094167
0 0.380000 0.238333 0.062500 0.090000
0 0.230000 0.142917 0.078750 0.099167
0 0.271250 0.040833 0.063750 0.081667