0 0.562813 0.982917 0.044375 0.034167
0 0.418125 0.980000 0.058750 0.040000
0 0.943438 0.979167 0.069375 0.041667
0 0.670312 0.971250 0.065625 0.057500
0 0.757188 0.967083 0.093125 0.065833
0 0.470938 0.964583 0.059375 0.070833
0 0.346562 0.963333 0.074375 0.073333
0 0.285625 0.952083 0.058750 0.082500
0 0.518437 0.952083 0.046875 0.084167
0 0.607500 0.949583 0.067500 0.100833
0 0.551250 0.930833 0.062500 0.068333
0 0.879062 0.935833 0.085625 0.113333
0 0.972500 0.912500 0.055000 0.091667
0 0.652188 0.902083 0.065625 0.079167
0 0.477187 0.896667 0.060625 0.070000
0 0.740313 0.905000 0.064375 0.100000
0 0.937500 0.890417 0.060000 0.080833
0 0.780312 0.888750 0.054375 0.079167
0 0.371563 0.893333 0.083125 0.093333
0 0.900000 0.854583 0.058750 0.065833
0 0.315625 0.850833 0.056250 0.080000
0 0.985938 0.834583 0.028125 0.064167
0 0.718437 0.850000 0.113125 0.098333
0 0.193438 0.822917 0.063125 0.089167
0 0.941875 0.811250 0.071250 0.079167
0 0.075313 0.819583 0.075625 0.102500
0 0.882812 0.772500 0.066875 0.080000
0 0.450625 0.798333 0.112500 0.131667
0 0.199687 0.731667 0.076875 0.093333
0 0.975625 0.721250 0.048750 0.082500
0 0.380625 0.716667 0.067500 0.101667
0 0.517188 0.716250 0.066875 0.104167
0 0.259375 0.690000 0.068750 0.090000
0 0.156875 0.655417 0.076250 0.085833
0 0.548750 0.641250 0.053750 0.090833
0 0.050000 0.632917 0.100000 0.119167
0 0.909375 0.596250 0.113750 0.112500
0 0.245000 0.572083 0.068750 0.094167
0 0.550312 0.550417 0.073125 0.095833
0 0.180000 0.559583 0.091250 0.127500
0 0.779375 0.519583 0.068750 0.092500
0 0.843437 0.513750 0.065625 0.090833
0 0.625000 0.509167 0.072500 0.083333
0 0.902188 0.508333 0.064375 0.090000
0 0.269375 0.497500 0.070000 0.106667
0 0.349375 0.487083 0.067500 0.089167
0 0.161250 0.482500 0.073750 0.083333
0 0.454688 0.471250 0.066875 0.079167
0 0.549375 0.454167 0.065000 0.081667
0 0.674687 0.447083 0.071875 0.090833
0 0.410625 0.428750 0.083750 0.092500
0 0.493125 0.413333 0.067500 0.091667
0 0.630000 0.383333 0.065000 0.090000
0 0.220625 0.375417 0.078750 0.089167
0 0.170000 0.309167 0.071250 0.098333
0 0.749687 0.269167 0.065625 0.088333
0 0.538750 0.270417 0.076250 0.090833
0 0.463438 0.265833 0.073125 0.083333
0 0.921562 0.253333 0.069375 0.088333
0 0.960938 0.276250 0.078125 0.140833
0 0.581562 0.214583 0.075625 0.104167
0 0.885312 0.210000 0.078125 0.103333
0 0.691250 0.208333 0.070000 0.100000
0 0.953438 0.185833 0.065625 0.071667
0 0.550625 0.177917 0.055000 0.075833
0 0.330000 0.175833 0.076250 0.101667
0 0.204687 0.167083 0.068125 0.097500
0 0.167813 0.120000 0.080625 0.115000
0 0.072500 0.102917 0.115000 0.100833
0 0.913125 0.105417 0.092500 0.117500
0 0.980000 0.057917 0.040000 0.085833
0 0.861250 0.044167 0.062500 0.076667
0 0.800625 0.034583 0.065000 0.069167
0 0.281250 0.044583 0.067500 0.089167
0 0.186875 0.039583 0.063750 0.079167