0 0.021250 0.935417 0.042500 0.070833
0 0.091875 0.927083 0.053750 0.077500
0 0.858750 0.898333 0.048750 0.051667
0 0.141563 0.907917 0.064375 0.095833
0 0.680625 0.887083 0.066250 0.077500
0 0.303750 0.876667 0.068750 0.075000
0 0.854688 0.839167 0.053125 0.075000
0 0.952500 0.814583 0.063750 0.075833
0 0.315312 0.809167 0.081875 0.076667
0 0.570312 0.811667 0.063125 0.090000
0 0.785312 0.772500 0.075625 0.081667
0 0.106875 0.753750 0.061250 0.060833
0 0.842812 0.762083 0.068125 0.085833
0 0.540937 0.732917 0.081875 0.077500
0 0.375625 0.698750 0.070000 0.099167
0 0.016875 0.677917 0.033750 0.069167
0 0.057500 0.635000 0.045000 0.066667
0 0.552500 0.642083 0.056250 0.092500
0 0.981563 0.610000 0.036875 0.070000
0 0.734062 0.619167 0.055625 0.100000
0 0.112500 0.622500 0.070000 0.110000
0 0.463438 0.552083 0.066875 0.089167
0 0.079687 0.498333 0.059375 0.073333
0 0.160000 0.504167 0.061250 0.086667
0 0.588750 0.470417 0.056250 0.077500
0 0.651875 0.460833 0.060000 0.068333
0 0.485938 0.465000 0.054375 0.085000
0 0.420312 0.467083 0.061875 0.092500
0 0.053125 0.438333 0.068750 0.065000
0 0.815000 0.411250 0.061250 0.085833
0 0.130000 0.389167 0.078750 0.060000
0 0.861875 0.396250 0.050000 0.079167
0 0.288438 0.352500 0.066875 0.076667
0 0.118438 0.334167 0.105625 0.080000
0 0.620313 0.320833 0.075625 0.090000
0 0.848437 0.282500 0.084375 0.076667
0 0.200937 0.237500 0.069375 0.055000
0 0.083125 0.242500 0.060000 0.090000
0 0.774687 0.225833 0.063125 0.076667
0 0.259688 0.188333 0.100625 0.086667
0 0.433125 0.160417 0.070000 0.087500
0 0.570000 0.143750 0.068750 0.079167
0 0.197500 0.140000 0.055000 0.086667
0 0.113750 0.104167 0.062500 0.090000
0 0.727812 0.089583 0.058125 0.070833
0 0.156562 0.090417 0.044375 0.089167
0 0.022500 0.063750 0.045000 0.075833
0 0.906250 0.034583 0.065000 0.069167
0 0.638125 0.036667 0.051250 0.073333
0 0.450000 0.031667 0.065000 0.063333
0 0.051562 0.035417 0.070625 0.070833