0 0.421563 0.977917 0.066875 0.044167
0 0.848750 0.967500 0.072500 0.065000
0 0.539375 0.964583 0.073750 0.070833
0 0.655625 0.954167 0.070000 0.091667
0 0.133437 0.908750 0.071875 0.089167
0 0.252812 0.892083 0.068125 0.095833
0 0.483438 0.861250 0.071875 0.087500
0 0.738750 0.827500 0.078750 0.100000
0 0.598750 0.785833 0.070000 0.090000
0 0.295938 0.805833 0.095625 0.130000
0 0.483125 0.765833 0.071250 0.088333
0 0.393750 0.770000 0.057500 0.096667
0 0.200937 0.729167 0.070625 0.100000
0 0.362187 0.702083 0.078125 0.087500
0 0.935937 0.696250 0.073125 0.094167
0 0.031563 0.682500 0.053125 0.090000
0 0.765625 0.646667 0.078750 0.078333
0 0.907500 0.626667 0.062500 0.068333
0 0.686250 0.643333 0.062500 0.101667
0 0.610000 0.614167 0.070000 0.093333
0 0.425312 0.607917 0.075625 0.095833
0 0.975625 0.607500 0.048750 0.146667
0 0.022500 0.547917 0.045000 0.082500
0 0.928750 0.522917 0.070000 0.099167
0 0.599688 0.499583 0.071875 0.095833
0 0.095000 0.492917 0.068750 0.092500
0 0.713437 0.493750 0.071875 0.095833
0 0.646250 0.462500 0.062500 0.085000
0 0.803125 0.450000 0.072500 0.090000
0 0.717500 0.436250 0.075000 0.077500
0 0.893750 0.420417 0.067500 0.090833
0 0.655312 0.405417 0.063125 0.102500
0 0.581562 0.395417 0.068125 0.097500
0 0.512813 0.409583 0.088125 0.132500
0 0.139687 0.376250 0.075625 0.099167
0 0.520312 0.337917 0.064375 0.072500
0 0.763437 0.349583 0.069375 0.099167
0 0.967500 0.329583 0.065000 0.112500
0 0.680312 0.299583 0.068125 0.089167
0 0.092188 0.292500 0.064375 0.095000
0 0.400625 0.270417 0.052500 0.095833
0 0.448437 0.270833 0.058125 0.105000
0 0.310312 0.265833 0.061875 0.108333
0 0.023750 0.191667 0.047500 0.093333
0 0.477812 0.186250 0.070625 0.109167
0 0.353438 0.182083 0.079375 0.105833
0 0.244062 0.172500 0.060625 0.101667
0 0.165000 0.169167 0.085000 0.098333
0 0.956250 0.162083 0.068750 0.090833
0 0.575625 0.144583 0.070000 0.099167
0 0.801562 0.139167 0.075625 0.096667
0 0.876563 0.132917 0.068125 0.092500
0 0.509062 0.105417 0.074375 0.097500
0 0.205313 0.086667 0.065625 0.083333
0 0.668750 0.109167 0.078750 0.131667
0 0.754687 0.074583 0.064375 0.089167
0 0.135313 0.066250 0.071875 0.090833
0 0.955937 0.059583 0.071875 0.099167
0 0.587812 0.062917 0.080625 0.105833