0 0.139375 0.966667 0.092500 0.066667
0 0.884375 0.951250 0.070000 0.097500
0 0.418750 0.935417 0.090000 0.090833
0 0.159688 0.911667 0.074375 0.078333
0 0.527188 0.890000 0.109375 0.095000
0 0.034688 0.862917 0.069375 0.084167
0 0.235313 0.827917 0.104375 0.077500
0 0.465938 0.797500 0.076875 0.081667
0 0.220625 0.722083 0.083750 0.080833
0 0.656875 0.723750 0.077500 0.094167
0 0.033438 0.702083 0.066875 0.067500
0 0.476562 0.677083 0.073125 0.090833
0 0.230937 0.635417 0.099375 0.085833
0 0.021562 0.624167 0.043125 0.076667
0 0.845000 0.620833 0.073750 0.095000
0 0.641875 0.615417 0.071250 0.095833
0 0.500313 0.562083 0.073125 0.092500
0 0.585938 0.557917 0.093125 0.099167
0 0.071250 0.544167 0.115000 0.075000
0 0.430312 0.511250 0.090625 0.087500
0 0.317500 0.470417 0.101250 0.074167
0 0.789687 0.448750 0.094375 0.112500
0 0.354687 0.432083 0.080625 0.079167
0 0.245625 0.390000 0.087500 0.091667
0 0.719063 0.360417 0.081875 0.089167
0 0.778750 0.360000 0.085000 0.091667
0 0.478438 0.338750 0.074375 0.097500
0 0.865938 0.320833 0.063125 0.096667
0 0.181562 0.300833 0.079375 0.100000
0 0.476250 0.253333 0.085000 0.085000
0 0.393750 0.201667 0.090000 0.091667
0 0.911875 0.171250 0.105000 0.087500
0 0.456250 0.165000 0.105000 0.080000
0 0.022812 0.152500 0.045625 0.081667
0 0.689063 0.123333 0.071875 0.085000
0 0.458125 0.091250 0.087500 0.082500
0 0.245000 0.092917 0.095000 0.089167
0 0.270937 0.037917 0.080625 0.069167
0 0.735625 0.035833 0.087500 0.071667