0 0.631875 0.969583 0.060000 0.060833
0 0.700625 0.957917 0.050000 0.070833
0 0.617188 0.901667 0.064375 0.081667
0 0.550625 0.897500 0.062500 0.081667
0 0.765625 0.875833 0.062500 0.068333
0 0.686562 0.870000 0.059375 0.076667
0 0.514062 0.824167 0.066875 0.070000
0 0.595625 0.816667 0.053750 0.070000
0 0.838125 0.800417 0.056250 0.070833
0 0.953750 0.794583 0.061250 0.082500
0 0.641875 0.769167 0.065000 0.080000
0 0.555625 0.744583 0.055000 0.067500
0 0.896875 0.732500 0.062500 0.075000
0 0.488438 0.725000 0.069375 0.075000
0 0.406562 0.698750 0.054375 0.094167
0 0.295938 0.694583 0.053125 0.087500
0 0.350313 0.677500 0.045625 0.106667
0 0.951250 0.659583 0.056250 0.084167
0 0.031250 0.659583 0.062500 0.092500
0 0.240000 0.655417 0.061250 0.085833
0 0.875938 0.637083 0.065625 0.075833
0 0.525937 0.624583 0.060625 0.080833
0 0.443750 0.613333 0.060000 0.078333
0 0.963437 0.561667 0.059375 0.073333
0 0.056875 0.563750 0.061250 0.077500
0 0.379688 0.550417 0.061875 0.077500
0 0.453125 0.504583 0.058750 0.085833
0 0.524687 0.498333 0.054375 0.081667
0 0.021562 0.492917 0.043125 0.080833
0 0.943438 0.474583 0.051875 0.067500
0 0.092500 0.475417 0.067500 0.074167
0 0.320625 0.460833 0.070000 0.061667
0 0.110000 0.390000 0.073750 0.076667
0 0.499375 0.381667 0.057500 0.073333
0 0.361563 0.378333 0.059375 0.070000
0 0.280625 0.379583 0.063750 0.075833
0 0.965000 0.379167 0.067500 0.085000
0 0.887813 0.351667 0.059375 0.073333
0 0.583125 0.340000 0.053750 0.071667
0 0.220625 0.340833 0.068750 0.088333
0 0.049688 0.332500 0.063125 0.081667
0 0.533125 0.298333 0.058750 0.076667
0 0.637813 0.294167 0.060625 0.086667
0 0.171875 0.277083 0.065000 0.074167
0 0.340313 0.262500 0.054375 0.075000
0 0.406875 0.268750 0.048750 0.094167
0 0.825937 0.252500 0.059375 0.086667
0 0.463750 0.241667 0.052500 0.073333
0 0.523125 0.205833 0.070000 0.070000
0 0.088125 0.200833 0.058750 0.073333
0 0.303438 0.182083 0.060625 0.077500
0 0.381250 0.149583 0.065000 0.074167
0 0.824688 0.130417 0.059375 0.067500
0 0.039688 0.128750 0.061875 0.084167
0 0.448750 0.128333 0.050000 0.086667
0 0.515625 0.117917 0.056250 0.069167
0 0.640938 0.101667 0.065625 0.083333
0 0.206563 0.077917 0.050625 0.079167
0 0.103750 0.080417 0.062500 0.087500
0 0.744687 0.062083 0.053125 0.067500
0 0.318125 0.050833 0.061250 0.075000
0 0.400625 0.048750 0.065000 0.079167
0 0.813438 0.036250 0.055625 0.072500
0 0.157188 0.023750 0.058125 0.047500