0 0.596875 0.975833 0.063750 0.048333
0 0.071875 0.970833 0.071250 0.058333
0 0.407500 0.964167 0.062500 0.071667
0 0.278125 0.961250 0.078750 0.077500
0 0.876563 0.945833 0.059375 0.088333
0 0.698438 0.919583 0.071875 0.095833
0 0.062187 0.905000 0.069375 0.066667
0 0.856563 0.869167 0.059375 0.083333
0 0.924375 0.872500 0.075000 0.091667
0 0.331875 0.861667 0.068750 0.090000
0 0.026562 0.842500 0.053125 0.093333
0 0.269375 0.805833 0.065000 0.086667
0 0.394688 0.775833 0.071875 0.073333
0 0.153125 0.750000 0.070000 0.085000
0 0.937187 0.726667 0.075625 0.090000
0 0.682187 0.705417 0.078125 0.099167
0 0.355625 0.707500 0.095000 0.110000
0 0.501250 0.683333 0.075000 0.091667
0 0.302187 0.668333 0.060625 0.086667
0 0.237813 0.661250 0.066875 0.087500
0 0.024688 0.658333 0.049375 0.090000
0 0.167500 0.641250 0.066250 0.079167
0 0.335625 0.602500 0.072500 0.098333
0 0.502812 0.550833 0.061875 0.088333
0 0.207500 0.543750 0.073750 0.084167
0 0.874687 0.505000 0.101875 0.106667
0 0.716875 0.478333 0.075000 0.098333
0 0.980313 0.467500 0.039375 0.083333
0 0.963125 0.399583 0.073750 0.074167
0 0.536250 0.405000 0.078750 0.085000
0 0.619375 0.366667 0.070000 0.060000
0 0.404062 0.373333 0.073125 0.085000
0 0.807187 0.357917 0.068125 0.105833
0 0.653438 0.302500 0.068125 0.083333
0 0.403125 0.277917 0.068750 0.092500
0 0.348125 0.247917 0.081250 0.067500
0 0.759062 0.252917 0.069375 0.089167
0 0.421875 0.184167 0.067500 0.081667
0 0.349375 0.178333 0.062500 0.071667
0 0.867500 0.133333 0.065000 0.091667
0 0.462187 0.122917 0.090625 0.100833
0 0.324062 0.100000 0.068125 0.096667
0 0.234687 0.057083 0.069375 0.069167
0 0.354375 0.030000 0.070000 0.060000