0 0.320625 0.878750 0.065000 0.094167
0 0.358125 0.817500 0.075000 0.090000
0 0.698125 0.784583 0.081250 0.085833
0 0.297500 0.745417 0.066250 0.092500
0 0.865000 0.731667 0.077500 0.131667
0 0.658125 0.688333 0.065000 0.091667
0 0.475625 0.676667 0.067500 0.096667
0 0.924375 0.653333 0.068750 0.086667
0 0.249375 0.603750 0.083750 0.084167
0 0.745313 0.535000 0.081875 0.118333
0 0.183750 0.467500 0.066250 0.091667
0 0.870938 0.447083 0.073125 0.104167
0 0.342500 0.432917 0.070000 0.097500
0 0.716875 0.416250 0.080000 0.090833
0 0.589063 0.417500 0.073125 0.095000
0 0.818125 0.334583 0.060000 0.099167
0 0.222500 0.336667 0.076250 0.103333
0 0.688125 0.315833 0.063750 0.080000
0 0.411562 0.278333 0.073125 0.085000
0 0.230313 0.270417 0.080625 0.069167
0 0.785000 0.258750 0.080000 0.087500
0 0.663125 0.232917 0.076250 0.092500
0 0.425000 0.213750 0.075000 0.077500
0 0.743437 0.205833 0.083125 0.085000
0 0.894687 0.146667 0.066875 0.083333
0 0.047500 0.135000 0.075000 0.085000
0 0.201875 0.095833 0.082500 0.095000