0 0.364375 0.980417 0.057500 0.039167
0 0.194375 0.978333 0.047500 0.043333
0 0.030312 0.976667 0.060625 0.046667
0 0.251563 0.970417 0.050625 0.059167
0 0.310625 0.966667 0.051250 0.066667
0 0.725938 0.950000 0.054375 0.073333
0 0.583125 0.955000 0.103750 0.090000
0 0.108438 0.947083 0.064375 0.080833
0 0.664687 0.946667 0.059375 0.086667
0 0.909375 0.939583 0.056250 0.077500
0 0.820312 0.912917 0.045625 0.069167
0 0.952187 0.915417 0.044375 0.082500
0 0.763437 0.905417 0.054375 0.079167
0 0.255000 0.901250 0.063750 0.072500
0 0.200625 0.898750 0.060000 0.094167
0 0.643437 0.880000 0.058125 0.068333
0 0.084687 0.876250 0.046875 0.067500
0 0.377500 0.878333 0.052500 0.076667
0 0.555000 0.875417 0.056250 0.075833
0 0.849063 0.887917 0.073125 0.107500
0 0.132500 0.862083 0.046250 0.065833
0 0.908750 0.860417 0.055000 0.070833
0 0.702812 0.869583 0.059375 0.089167
0 0.258750 0.842917 0.085000 0.080833
0 0.739688 0.835417 0.061875 0.074167
0 0.310625 0.829583 0.055000 0.067500
0 0.168750 0.830417 0.045000 0.080833
0 0.634062 0.816667 0.049375 0.063333
0 0.902500 0.808333 0.088750 0.096667
0 0.016563 0.789167 0.033125 0.086667
0 0.306563 0.762917 0.045625 0.074167
0 0.417500 0.752917 0.055000 0.075833
0 0.116562 0.751667 0.050625 0.078333
0 0.063437 0.742917 0.049375 0.064167
0 0.267188 0.752917 0.066875 0.090833
0 0.478125 0.757083 0.081250 0.120833
0 0.166250 0.737083 0.050000 0.082500
0 0.724063 0.720833 0.053125 0.058333
0 0.929688 0.724167 0.066875 0.066667
0 0.362500 0.729167 0.071250 0.098333
0 0.568125 0.676667 0.058750 0.068333
0 0.639375 0.695417 0.076250 0.114167
0 0.104375 0.667500 0.052500 0.060000
0 0.042188 0.658750 0.054375 0.080833
0 0.354375 0.650833 0.063750 0.071667
0 0.929375 0.643333 0.052500 0.076667
0 0.517500 0.637500 0.051250 0.080000
0 0.600938 0.627917 0.051875 0.069167
0 0.301875 0.620000 0.048750 0.066667
0 0.170000 0.627917 0.058750 0.084167
0 0.464687 0.615833 0.068125 0.078333
0 0.336875 0.592083 0.048750 0.069167
0 0.386875 0.580833 0.051250 0.063333
0 0.865625 0.594167 0.051250 0.101667
0 0.969063 0.567083 0.043125 0.085833
0 0.206250 0.558750 0.050000 0.070833
0 0.643125 0.549167 0.051250 0.075000
0 0.819688 0.550417 0.059375 0.080833
0 0.525312 0.544167 0.053125 0.075000
0 0.687500 0.553750 0.051250 0.099167
0 0.470938 0.530000 0.061875 0.081667
0 0.772188 0.518750 0.053125 0.065833
0 0.103438 0.550000 0.068125 0.128333
0 0.721250 0.517917 0.045000 0.069167
0 0.917500 0.515833 0.060000 0.071667
0 0.145937 0.519167 0.050625 0.086667
0 0.317500 0.492917 0.055000 0.067500
0 0.426250 0.479583 0.050000 0.074167
0 0.727187 0.470833 0.046875 0.078333
0 0.770625 0.451250 0.051250 0.070833
0 0.098125 0.437500 0.043750 0.070000
0 0.225000 0.436667 0.066250 0.080000
0 0.015625 0.440417 0.031250 0.089167
0 0.946250 0.416667 0.060000 0.080000
0 0.054688 0.410833 0.050625 0.070000
0 0.434375 0.356667 0.056250 0.053333
0 0.351562 0.358333 0.053125 0.060000
0 0.071875 0.344167 0.058750 0.076667
0 0.021875 0.344167 0.043750 0.080000
0 0.210938 0.326250 0.055625 0.069167
0 0.819688 0.360833 0.036875 0.143333
0 0.672813 0.325000 0.064375 0.083333
0 0.425000 0.305833 0.063750 0.048333
0 0.945937 0.293333 0.054375 0.075000
0 0.127812 0.282500 0.051875 0.073333
0 0.441250 0.283333 0.051250 0.095000
0 0.181250 0.264167 0.051250 0.060000
0 0.579375 0.274583 0.063750 0.082500
0 0.301563 0.273333 0.066875 0.083333
0 0.488438 0.250417 0.055625 0.077500
0 0.267188 0.220833 0.044375 0.060000
0 0.580625 0.222500 0.081250 0.085000
0 0.657813 0.220417 0.069375 0.104167
0 0.458125 0.191250 0.056250 0.074167
0 0.813438 0.193333 0.065625 0.088333
0 0.975000 0.192500 0.050000 0.090000
0 0.722812 0.186667 0.065625 0.085000
0 0.218125 0.179167 0.070000 0.076667
0 0.607500 0.160833 0.046250 0.058333
0 0.410625 0.157500 0.057500 0.071667
0 0.755938 0.148750 0.061875 0.084167
0 0.872188 0.127083 0.046875 0.074167
0 0.665937 0.109167 0.053125 0.068333
0 0.821562 0.108750 0.055625 0.075833
0 0.218125 0.097917 0.055000 0.070833
0 0.388750 0.086667 0.061250 0.075000
0 0.905937 0.077083 0.049375 0.069167
0 0.445937 0.073750 0.054375 0.077500
0 0.167813 0.044167 0.053125 0.086667
0 0.671875 0.037500 0.063750 0.075000
0 0.519062 0.022500 0.056875 0.045000
0 0.227813 0.030000 0.045625 0.060000