0 0.349062 0.962500 0.060625 0.075000
0 0.873750 0.960417 0.066250 0.074167
0 0.506875 0.960417 0.062500 0.079167
0 0.110625 0.918333 0.058750 0.078333
0 0.474062 0.903750 0.054375 0.070833
0 0.045000 0.904583 0.065000 0.085833
0 0.255937 0.897500 0.049375 0.073333
0 0.306563 0.880833 0.056875 0.068333
0 0.712500 0.880417 0.056250 0.074167
0 0.779375 0.873333 0.061250 0.083333
0 0.329062 0.833333 0.060625 0.063333
0 0.513125 0.841667 0.056250 0.086667
0 0.137813 0.833750 0.060625 0.080833
0 0.189688 0.785000 0.060625 0.078333
0 0.611875 0.780417 0.055000 0.070833
0 0.438125 0.787917 0.065000 0.085833
0 0.256563 0.789167 0.063125 0.091667
0 0.376563 0.775000 0.051875 0.081667
0 0.088438 0.766250 0.054375 0.074167
0 0.136250 0.754583 0.070000 0.074167
0 0.286562 0.755417 0.055625 0.080833
0 0.342500 0.728750 0.050000 0.069167
0 0.980313 0.716250 0.039375 0.079167
0 0.437500 0.708333 0.056250 0.066667
0 0.381250 0.686250 0.050000 0.062500
0 0.179375 0.659167 0.060000 0.078333
0 0.712500 0.656667 0.065000 0.078333
0 0.303750 0.661667 0.068750 0.100000
0 0.585938 0.645417 0.058125 0.070833
0 0.035000 0.628333 0.046250 0.063333
0 0.422187 0.628333 0.073125 0.103333
0 0.085312 0.609583 0.045625 0.069167
0 0.821562 0.572083 0.055625 0.067500
0 0.029687 0.560417 0.044375 0.059167
0 0.701250 0.556250 0.071250 0.089167
0 0.395313 0.550417 0.053125 0.079167
0 0.092188 0.552083 0.108125 0.135833
0 0.311250 0.513750 0.045000 0.060833
0 0.011875 0.505833 0.023750 0.058333
0 0.353125 0.479583 0.057500 0.079167
0 0.559688 0.483333 0.101875 0.096667
0 0.069687 0.458750 0.054375 0.080833
0 0.279375 0.472917 0.082500 0.119167
0 0.768125 0.445000 0.062500 0.080000
0 0.024688 0.437083 0.049375 0.072500
0 0.980938 0.436667 0.038125 0.081667
0 0.663125 0.425417 0.068750 0.074167
0 0.875938 0.414583 0.075625 0.104167
0 0.918125 0.375000 0.060000 0.075000
0 0.830313 0.364583 0.056875 0.077500
0 0.667500 0.356667 0.050000 0.063333
0 0.609688 0.374583 0.080625 0.102500
0 0.519687 0.376250 0.150625 0.132500
0 0.738125 0.339583 0.058750 0.075833
0 0.956250 0.309583 0.052500 0.067500
0 0.792188 0.304167 0.063125 0.076667
0 0.536250 0.296250 0.066250 0.064167
0 0.860000 0.293750 0.052500 0.077500
0 0.437812 0.295000 0.086875 0.106667
0 0.079062 0.283333 0.058125 0.083333
0 0.059687 0.255417 0.046875 0.065833
0 0.235000 0.247083 0.060000 0.082500
0 0.961875 0.207500 0.060000 0.075000
0 0.864062 0.205417 0.069375 0.084167
0 0.365312 0.190833 0.088125 0.111667
0 0.793750 0.144583 0.055000 0.070833
0 0.971562 0.140000 0.056875 0.068333
0 0.880000 0.135833 0.066250 0.068333
0 0.414687 0.134583 0.060625 0.085833
0 0.544375 0.116667 0.067500 0.086667
0 0.322188 0.107083 0.088125 0.104167
0 0.117188 0.095000 0.061875 0.081667
0 0.206250 0.089167 0.056250 0.078333
0 0.921875 0.090000 0.053750 0.083333
0 0.580000 0.064583 0.057500 0.072500
0 0.803125 0.052917 0.056250 0.069167
0 0.374063 0.055000 0.058125 0.085000
0 0.980000 0.039583 0.040000 0.079167