0 0.043437 0.969167 0.071875 0.061667
0 0.162812 0.967500 0.074375 0.065000
0 0.507188 0.961667 0.065625 0.076667
0 0.037187 0.907917 0.073125 0.072500
0 0.381563 0.885417 0.065625 0.090833
0 0.788438 0.837500 0.058125 0.078333
0 0.145000 0.840833 0.073750 0.086667
0 0.915312 0.792083 0.101875 0.072500
0 0.390000 0.799167 0.106250 0.091667
0 0.101562 0.757917 0.071875 0.075833
0 0.449062 0.711250 0.071875 0.077500
0 0.096250 0.689167 0.060000 0.068333
0 0.703438 0.659167 0.080625 0.100000
0 0.070312 0.605417 0.076875 0.077500
0 0.975625 0.605000 0.048750 0.091667
0 0.686250 0.565000 0.070000 0.090000
0 0.049688 0.549583 0.070625 0.074167
0 0.444063 0.527500 0.058125 0.091667
0 0.868750 0.498333 0.061250 0.078333
0 0.023125 0.457500 0.046250 0.085000
0 0.918750 0.446250 0.070000 0.099167
0 0.442188 0.418750 0.065625 0.092500
0 0.972187 0.389583 0.055625 0.092500
0 0.666250 0.369583 0.105000 0.064167
0 0.621250 0.265000 0.048750 0.071667
0 0.973750 0.256667 0.052500 0.078333
0 0.348750 0.261667 0.068750 0.090000
0 0.848437 0.215417 0.068125 0.077500
0 0.071250 0.191250 0.065000 0.089167
0 0.635312 0.179167 0.056875 0.085000
0 0.692813 0.160833 0.075625 0.066667
0 0.020313 0.167500 0.040625 0.095000
0 0.540312 0.079583 0.103125 0.099167
0 0.200625 0.057500 0.061250 0.078333
0 0.291563 0.072917 0.086875 0.117500
0 0.919063 0.026250 0.060625 0.052500
0 0.480938 0.033750 0.068125 0.067500