0 0.432812 0.975000 0.060625 0.050000
0 0.694688 0.939583 0.078125 0.099167
0 0.140313 0.931667 0.068125 0.085000
0 0.499688 0.935833 0.080625 0.128333
0 0.436563 0.902500 0.080625 0.093333
0 0.981875 0.900000 0.036250 0.103333
0 0.269688 0.877500 0.074375 0.096667
0 0.095000 0.871250 0.088750 0.090833
0 0.532813 0.837500 0.068125 0.081667
0 0.025313 0.845833 0.050625 0.098333
0 0.821250 0.808750 0.062500 0.084167
0 0.373125 0.810417 0.065000 0.087500
0 0.946562 0.791250 0.065625 0.092500
0 0.071563 0.791250 0.076875 0.094167
0 0.442188 0.790417 0.078125 0.097500
0 0.762813 0.746250 0.073125 0.087500
0 0.046875 0.745833 0.070000 0.100000
0 0.326250 0.735833 0.075000 0.098333
0 0.571875 0.721667 0.055000 0.075000
0 0.510312 0.716667 0.061875 0.083333
0 0.914375 0.715000 0.065000 0.083333
0 0.698750 0.707500 0.056250 0.093333
0 0.110937 0.709167 0.068125 0.105000
0 0.981563 0.699583 0.036875 0.104167
0 0.365000 0.690833 0.087500 0.091667
0 0.640000 0.692917 0.060000 0.099167
0 0.827500 0.685833 0.096250 0.090000
0 0.481875 0.645000 0.063750 0.090000
0 0.938438 0.636250 0.073125 0.085833
0 0.759687 0.625000 0.065625 0.076667
0 0.612187 0.624583 0.063125 0.084167
0 0.540625 0.625833 0.067500 0.088333
0 0.051250 0.630000 0.081250 0.100000
0 0.672813 0.616250 0.059375 0.077500
0 0.114062 0.600833 0.070625 0.106667
0 0.759062 0.563750 0.061875 0.060833
0 0.539062 0.532917 0.074375 0.089167
0 0.062500 0.529583 0.068750 0.100833
0 0.382500 0.531250 0.081250 0.117500
0 0.629687 0.519167 0.073125 0.098333
0 0.961250 0.484167 0.060000 0.086667
0 0.126875 0.488333 0.073750 0.100000
0 0.612812 0.462500 0.061875 0.073333
0 0.519687 0.413333 0.076875 0.096667
0 0.028750 0.390000 0.057500 0.098333
0 0.850938 0.390000 0.090625 0.110000
0 0.160000 0.368750 0.071250 0.100833
0 0.539375 0.362083 0.063750 0.097500
0 0.725625 0.343750 0.068750 0.072500
0 0.601562 0.361250 0.066875 0.107500
0 0.659062 0.335833 0.050625 0.073333
0 0.873125 0.336250 0.067500 0.085833
0 0.811875 0.308750 0.065000 0.082500
0 0.018437 0.299583 0.036875 0.100833
0 0.577187 0.285833 0.065625 0.080000
0 0.130938 0.287083 0.061875 0.087500
0 0.719063 0.272083 0.079375 0.072500
0 0.275938 0.295833 0.118125 0.131667
0 0.917500 0.264583 0.078750 0.092500
0 0.633437 0.256667 0.081875 0.100000
0 0.800312 0.231250 0.060625 0.075833
0 0.858750 0.234167 0.060000 0.086667
0 0.759687 0.210000 0.068125 0.083333
0 0.656563 0.188750 0.064375 0.080833
0 0.222812 0.190417 0.061875 0.084167
0 0.153750 0.195417 0.083750 0.104167
0 0.944063 0.189583 0.074375 0.109167
0 0.885625 0.165833 0.060000 0.091667
0 0.050313 0.153333 0.081875 0.115000
0 0.281562 0.126250 0.069375 0.074167
0 0.717187 0.107500 0.068125 0.093333
0 0.855000 0.094583 0.066250 0.079167
0 0.210938 0.100000 0.061875 0.091667
0 0.099375 0.077917 0.057500 0.090833
0 0.771250 0.034167 0.062500 0.068333
0 0.703438 0.023750 0.079375 0.047500
0 0.624062 0.025833 0.088125 0.051667
0 0.286875 0.040417 0.067500 0.080833
0 0.172813 0.034167 0.075625 0.068333
0 0.048750 0.031667 0.063750 0.063333