0 0.354687 0.970000 0.066875 0.060000
0 0.467187 0.947500 0.069375 0.090000
0 0.531875 0.916667 0.062500 0.088333
0 0.213125 0.907500 0.072500 0.088333
0 0.776250 0.831667 0.073750 0.091667
0 0.430625 0.817917 0.068750 0.095833
0 0.221250 0.795833 0.067500 0.098333
0 0.880625 0.793750 0.067500 0.099167
0 0.570000 0.748750 0.071250 0.089167
0 0.432500 0.692500 0.073750 0.078333
0 0.155000 0.607917 0.068750 0.090833
0 0.833125 0.603333 0.072500 0.088333
0 0.471875 0.607500 0.071250 0.096667
0 0.370000 0.585833 0.083750 0.093333
0 0.755000 0.586250 0.072500 0.100833
0 0.925000 0.566250 0.072500 0.074167
0 0.522500 0.544583 0.070000 0.099167
0 0.171875 0.513333 0.073750 0.088333
0 0.934688 0.471667 0.074375 0.095000
0 0.277187 0.347083 0.080625 0.100833
0 0.774375 0.304167 0.066250 0.101667
0 0.098125 0.256250 0.068750 0.087500
0 0.145625 0.192083 0.043750 0.064167
0 0.932500 0.206250 0.068750 0.110833
0 0.740625 0.187917 0.070000 0.094167
0 0.856563 0.184583 0.061875 0.092500
0 0.614375 0.168333 0.066250 0.083333
0 0.549687 0.168750 0.059375 0.110833
0 0.115625 0.147500 0.070000 0.101667
0 0.337187 0.101667 0.080625 0.086667
0 0.595625 0.095000 0.090000 0.083333
0 0.798438 0.096667 0.061875 0.090000
0 0.969688 0.097500 0.060625 0.093333
0 0.862500 0.050417 0.072500 0.094167
0 0.306875 0.027500 0.072500 0.055000
0 0.219688 0.030417 0.058125 0.060833