0 0.752812 0.967917 0.055625 0.064167
0 0.375312 0.937500 0.106875 0.113333
0 0.198437 0.925000 0.079375 0.115000
0 0.173437 0.835833 0.060625 0.100000
0 0.325937 0.821667 0.064375 0.076667
0 0.957812 0.828333 0.068125 0.108333
0 0.107500 0.803333 0.071250 0.101667
0 0.252500 0.786667 0.073750 0.076667
0 0.167187 0.779583 0.060625 0.069167
0 0.904375 0.770833 0.063750 0.093333
0 0.033750 0.771667 0.067500 0.113333
0 0.516563 0.757500 0.073125 0.118333
0 0.082500 0.727500 0.067500 0.085000
0 0.953750 0.722500 0.055000 0.078333
0 0.158125 0.710000 0.055000 0.073333
0 0.422500 0.695833 0.071250 0.081667
0 0.239375 0.697500 0.070000 0.088333
0 0.334375 0.714583 0.117500 0.132500
0 0.747500 0.672917 0.068750 0.087500
0 0.308750 0.648750 0.062500 0.069167
0 0.113750 0.641667 0.071250 0.128333
0 0.057188 0.609583 0.054375 0.072500
0 0.201563 0.626250 0.098125 0.119167
0 0.879687 0.606667 0.066875 0.096667
0 0.404375 0.604583 0.067500 0.094167
0 0.335625 0.582083 0.068750 0.072500
0 0.468750 0.566667 0.081250 0.090000
0 0.269375 0.552083 0.080000 0.100833
0 0.861563 0.532917 0.064375 0.089167
0 0.057813 0.533750 0.061875 0.090833
0 0.191875 0.521250 0.056250 0.080833
0 0.940625 0.503333 0.061250 0.078333
0 0.401875 0.507500 0.068750 0.101667
0 0.459062 0.490417 0.054375 0.069167
0 0.325313 0.478333 0.054375 0.066667
0 0.240937 0.473750 0.065625 0.089167
0 0.113125 0.464583 0.070000 0.085833
0 0.848750 0.454583 0.068750 0.082500
0 0.021875 0.449167 0.043750 0.095000
0 0.614062 0.447500 0.069375 0.096667
0 0.983437 0.429167 0.033125 0.088333
0 0.437500 0.420417 0.050000 0.082500
0 0.389062 0.416667 0.048125 0.075000
0 0.838125 0.393333 0.056250 0.080000
0 0.065937 0.392083 0.061875 0.082500
0 0.252500 0.381667 0.057500 0.075000
0 0.949063 0.375417 0.075625 0.085833
0 0.803438 0.376250 0.068125 0.090833
0 0.512188 0.367083 0.059375 0.080833
0 0.341562 0.365833 0.061875 0.083333
0 0.456875 0.351667 0.061250 0.088333
0 0.018125 0.352500 0.036250 0.090000
0 0.565312 0.324167 0.064375 0.080000
0 0.062187 0.316667 0.058125 0.070000
0 0.245625 0.312500 0.065000 0.083333
0 0.683125 0.306667 0.058750 0.088333
0 0.860000 0.302083 0.070000 0.094167
0 0.482812 0.280000 0.041875 0.066667
0 0.190000 0.273750 0.056250 0.077500
0 0.085000 0.263750 0.061250 0.079167
0 0.760312 0.259583 0.064375 0.077500
0 0.343438 0.256667 0.058125 0.083333
0 0.618750 0.246250 0.092500 0.102500
0 0.026875 0.236667 0.053750 0.093333
0 0.536250 0.219167 0.063750 0.070000
0 0.149062 0.223750 0.068125 0.079167
0 0.474375 0.215417 0.056250 0.064167
0 0.742500 0.209167 0.058750 0.078333
0 0.828438 0.213333 0.078125 0.091667
0 0.916250 0.207917 0.090000 0.104167
0 0.110000 0.187083 0.070000 0.072500
0 0.630625 0.163750 0.055000 0.075833
0 0.677813 0.186250 0.071875 0.122500
0 0.357187 0.151250 0.070625 0.087500
0 0.572500 0.155000 0.072500 0.096667
0 0.110937 0.128750 0.063125 0.074167
0 0.419375 0.112917 0.065000 0.075833
0 0.234375 0.110000 0.053750 0.076667
0 0.919063 0.110833 0.054375 0.093333
0 0.970938 0.123750 0.058125 0.122500
0 0.034063 0.093333 0.063125 0.085000
0 0.610938 0.098750 0.066875 0.097500
0 0.357187 0.070000 0.065625 0.076667
0 0.886250 0.065000 0.060000 0.081667
0 0.749687 0.090833 0.085625 0.153333
0 0.112812 0.052500 0.045625 0.078333
0 0.822500 0.056250 0.065000 0.087500
0 0.065625 0.052917 0.057500 0.082500
0 0.679688 0.032917 0.059375 0.065833
0 0.560625 0.045000 0.070000 0.090000
0 0.295625 0.037083 0.085000 0.074167