0 0.772813 0.961250 0.084375 0.077500
0 0.674375 0.955833 0.072500 0.088333
0 0.532813 0.950417 0.069375 0.090833
0 0.063125 0.940000 0.072500 0.091667
0 0.839063 0.933333 0.091875 0.095000
0 0.295312 0.919167 0.070625 0.088333
0 0.154688 0.879167 0.070625 0.115000
0 0.612500 0.856667 0.075000 0.085000
0 0.316250 0.838750 0.068750 0.082500
0 0.557500 0.769583 0.075000 0.100833
0 0.967500 0.710833 0.065000 0.088333
0 0.968125 0.623750 0.063750 0.075833
0 0.341250 0.618333 0.072500 0.090000
0 0.585000 0.614583 0.065000 0.090833
0 0.741875 0.578333 0.081250 0.090000
0 0.466250 0.533333 0.095000 0.088333
0 0.324375 0.506250 0.070000 0.080833
0 0.765312 0.482917 0.066875 0.090833
0 0.934375 0.473750 0.076250 0.097500
0 0.828438 0.455000 0.063125 0.101667
0 0.457500 0.442083 0.106250 0.115833
0 0.291250 0.416667 0.072500 0.096667
0 0.397813 0.259167 0.074375 0.098333
0 0.805000 0.235417 0.068750 0.100833
0 0.315000 0.234583 0.077500 0.099167
0 0.890312 0.210417 0.076875 0.112500
0 0.758750 0.188333 0.070000 0.116667
0 0.121250 0.174167 0.072500 0.095000
0 0.471562 0.172917 0.065625 0.099167
0 0.395937 0.162917 0.079375 0.079167
0 0.769687 0.060417 0.074375 0.094167
0 0.600313 0.027083 0.053125 0.054167
0 0.399687 0.042083 0.059375 0.084167
0 0.295938 0.046667 0.073125 0.093333
0 0.204063 0.029167 0.083125 0.058333