0 0.538438 0.960000 0.059375 0.080000
0 0.473438 0.957083 0.060625 0.085833
0 0.745000 0.952917 0.061250 0.094167
0 0.184375 0.942083 0.075000 0.087500
0 0.016875 0.932917 0.033750 0.077500
0 0.805312 0.919583 0.054375 0.065833
0 0.071250 0.924583 0.067500 0.087500
0 0.133125 0.903750 0.055000 0.100833
0 0.696875 0.905417 0.065000 0.109167
0 0.396562 0.877083 0.068125 0.067500
0 0.168437 0.864583 0.053125 0.087500
0 0.618437 0.855000 0.063125 0.091667
0 0.841562 0.837500 0.061875 0.088333
0 0.105938 0.827083 0.093125 0.085833
0 0.207187 0.838333 0.054375 0.110000
0 0.242188 0.819167 0.069375 0.088333
0 0.398438 0.813333 0.075625 0.086667
0 0.702187 0.803750 0.059375 0.074167
0 0.274062 0.803750 0.080625 0.100833
0 0.549687 0.788750 0.074375 0.077500
0 0.325625 0.808750 0.052500 0.137500
0 0.625625 0.765417 0.062500 0.080833
0 0.981563 0.771250 0.036875 0.094167
0 0.260313 0.738333 0.104375 0.058333
0 0.428750 0.746250 0.081250 0.082500
0 0.024063 0.743333 0.048125 0.086667
0 0.508125 0.750417 0.083750 0.109167
0 0.183438 0.704583 0.061875 0.075833
0 0.271875 0.680417 0.088750 0.055833
0 0.640938 0.684583 0.064375 0.080833
0 0.471250 0.694583 0.068750 0.109167
0 0.570312 0.681250 0.068125 0.110833
0 0.115625 0.644583 0.073750 0.085833
0 0.258437 0.631250 0.090625 0.072500
0 0.673438 0.642500 0.068125 0.103333
0 0.528750 0.638750 0.058750 0.127500
0 0.597500 0.607083 0.092500 0.067500
0 0.688125 0.584167 0.068750 0.090000
0 0.116562 0.565417 0.095625 0.062500
0 0.497500 0.569167 0.071250 0.095000
0 0.206563 0.554167 0.078125 0.086667
0 0.580937 0.545000 0.066875 0.070000
0 0.442500 0.529583 0.098750 0.069167
0 0.773125 0.535417 0.068750 0.094167
0 0.089688 0.513333 0.063125 0.078333
0 0.189062 0.498750 0.079375 0.080833
0 0.052500 0.487500 0.071250 0.090000
0 0.695937 0.482917 0.063125 0.092500
0 0.297187 0.470833 0.063125 0.078333
0 0.242500 0.478333 0.070000 0.106667
0 0.173750 0.467917 0.063750 0.095833
0 0.379063 0.450833 0.083125 0.083333
0 0.121875 0.464167 0.050000 0.115000
0 0.069687 0.433333 0.056875 0.055000
0 0.856563 0.450000 0.065625 0.093333
0 0.612812 0.469167 0.103125 0.143333
0 0.810625 0.416250 0.060000 0.082500
0 0.023438 0.394583 0.046875 0.109167
0 0.268125 0.375833 0.081250 0.081667
0 0.872188 0.359583 0.064375 0.089167
0 0.582187 0.343750 0.063125 0.074167
0 0.670937 0.355833 0.060625 0.106667
0 0.440312 0.371667 0.105625 0.145000
0 0.950625 0.319167 0.070000 0.090000
0 0.216562 0.298750 0.074375 0.077500
0 0.577187 0.285417 0.079375 0.062500
0 0.305312 0.273333 0.073125 0.111667
0 0.463125 0.257917 0.086250 0.102500
0 0.223750 0.230000 0.076250 0.078333
0 0.587187 0.219167 0.061875 0.076667
0 0.529062 0.230417 0.063125 0.114167
0 0.115625 0.189583 0.095000 0.072500
0 0.720000 0.197917 0.072500 0.097500
0 0.971875 0.190833 0.056250 0.088333
0 0.258437 0.177917 0.071875 0.084167
0 0.646875 0.177500 0.057500 0.106667
0 0.445937 0.163750 0.075625 0.114167
0 0.578750 0.149167 0.075000 0.096667
0 0.345313 0.120833 0.063125 0.078333
0 0.113750 0.119583 0.066250 0.075833
0 0.176875 0.109167 0.060000 0.093333
0 0.138750 0.087500 0.068750 0.056667
0 0.402187 0.105000 0.065625 0.105000
0 0.975938 0.093750 0.048125 0.085833
0 0.537813 0.086667 0.068125 0.078333
0 0.066562 0.098750 0.076875 0.107500
0 0.263750 0.078333 0.075000 0.073333
0 0.134687 0.034167 0.094375 0.056667
0 0.364063 0.048750 0.089375 0.087500
0 0.060312 0.032083 0.058125 0.059167
0 0.778125 0.034167 0.087500 0.068333
0 0.605938 0.028333 0.064375 0.056667
0 0.558438 0.017917 0.048125 0.035833
0 0.309375 0.032500 0.042500 0.065000
0 0.255937 0.031667 0.064375 0.063333
0 0.212812 0.031250 0.043125 0.062500