0 0.786250 0.977083 0.062500 0.045833
0 0.444688 0.972083 0.051875 0.055833
0 0.356563 0.955000 0.065625 0.090000
0 0.738437 0.939583 0.054375 0.072500
0 0.268125 0.922917 0.056250 0.075833
0 0.203437 0.917500 0.069375 0.090000
0 0.909062 0.903333 0.053125 0.076667
0 0.451562 0.872917 0.063125 0.085833
0 0.028438 0.847083 0.053125 0.079167
0 0.883750 0.844583 0.060000 0.075833
0 0.979375 0.793333 0.041250 0.068333
0 0.490938 0.799167 0.060625 0.086667
0 0.895000 0.772500 0.056250 0.073333
0 0.550625 0.776667 0.058750 0.091667
0 0.039375 0.759583 0.063750 0.080833
0 0.700000 0.758333 0.065000 0.086667
0 0.626875 0.749583 0.061250 0.074167
0 0.955000 0.730833 0.068750 0.073333
0 0.828438 0.667083 0.056875 0.072500
0 0.142500 0.652917 0.055000 0.075833
0 0.908438 0.652917 0.061875 0.080833
0 0.754375 0.642083 0.061250 0.079167
0 0.791875 0.583750 0.057500 0.069167
0 0.540000 0.565833 0.061250 0.081667
0 0.840000 0.562500 0.072500 0.100000
0 0.975000 0.525417 0.050000 0.075833
0 0.436563 0.523750 0.060625 0.087500
0 0.163125 0.505833 0.057500 0.083333
0 0.806562 0.498333 0.060625 0.085000
0 0.632500 0.476667 0.073750 0.083333
0 0.526875 0.466250 0.056250 0.092500
0 0.090938 0.467500 0.055625 0.115000
0 0.347813 0.452083 0.085625 0.100833
0 0.901250 0.438333 0.053750 0.096667
0 0.466250 0.434583 0.063750 0.089167
0 0.960313 0.400417 0.063125 0.085833
0 0.331875 0.380833 0.062500 0.081667
0 0.595625 0.365833 0.061250 0.083333
0 0.886250 0.334167 0.065000 0.085000
0 0.023125 0.303750 0.046250 0.080833
0 0.466250 0.308750 0.053750 0.097500
0 0.587812 0.301250 0.063125 0.085833
0 0.523750 0.294583 0.063750 0.084167
0 0.370625 0.264167 0.062500 0.080000
0 0.127188 0.211667 0.064375 0.088333
0 0.433125 0.191250 0.055000 0.072500
0 0.235000 0.161667 0.061250 0.081667
0 0.596875 0.155833 0.061250 0.091667
0 0.646563 0.105417 0.068125 0.094167
0 0.215000 0.089167 0.063750 0.086667
0 0.742500 0.077917 0.070000 0.094167
0 0.285938 0.067500 0.066875 0.088333
0 0.894062 0.044167 0.064375 0.088333
0 0.618437 0.034167 0.066875 0.068333