0 0.468125 0.966667 0.058750 0.066667
0 0.175625 0.956250 0.062500 0.087500
0 0.389062 0.919583 0.065625 0.079167
0 0.138750 0.903333 0.065000 0.071667
0 0.403438 0.867917 0.068125 0.074167
0 0.568438 0.872083 0.070625 0.092500
0 0.298438 0.887917 0.056875 0.135833
0 0.031875 0.847917 0.060000 0.075833
0 0.148750 0.837500 0.073750 0.058333
0 0.668125 0.858333 0.106250 0.143333
0 0.338125 0.827500 0.075000 0.095000
0 0.440312 0.819583 0.081875 0.102500
0 0.195312 0.781667 0.063125 0.090000
0 0.053125 0.774583 0.065000 0.100833
0 0.135625 0.767500 0.066250 0.088333
0 0.282187 0.765833 0.070625 0.093333
0 0.076250 0.725417 0.062500 0.085833
0 0.195000 0.697917 0.070000 0.084167
0 0.022187 0.686667 0.044375 0.096667
0 0.258750 0.676667 0.070000 0.090000
0 0.024063 0.597083 0.048125 0.082500
0 0.122188 0.597083 0.080625 0.092500
0 0.317812 0.626250 0.090625 0.152500
0 0.054375 0.565833 0.065000 0.081667
0 0.246875 0.537500 0.068750 0.100000
0 0.319063 0.531667 0.080625 0.113333
0 0.191250 0.501250 0.070000 0.094167
0 0.127812 0.488333 0.071875 0.103333
0 0.023750 0.450000 0.047500 0.091667
0 0.400313 0.436250 0.068125 0.077500
0 0.336250 0.437500 0.065000 0.081667
0 0.529687 0.412083 0.064375 0.087500
0 0.915937 0.422917 0.081875 0.119167
0 0.468750 0.408750 0.073750 0.094167
0 0.759062 0.372500 0.115625 0.091667
0 0.878750 0.337500 0.072500 0.078333
0 0.545000 0.337500 0.070000 0.081667
0 0.330625 0.338333 0.071250 0.096667
0 0.415938 0.340000 0.070625 0.103333
0 0.623125 0.307500 0.068750 0.078333
0 0.701250 0.307917 0.071250 0.090833
0 0.967812 0.292083 0.064375 0.077500
0 0.369375 0.262500 0.080000 0.078333
0 0.470938 0.267917 0.075625 0.094167
0 0.522500 0.251250 0.060000 0.090833
0 0.596875 0.239167 0.096250 0.133333
0 0.331875 0.214583 0.065000 0.084167
0 0.977500 0.205417 0.045000 0.099167
0 0.472813 0.173750 0.068125 0.092500
0 0.161562 0.170833 0.068125 0.098333
0 0.934063 0.145417 0.079375 0.090833
0 0.542500 0.142500 0.071250 0.098333
0 0.402187 0.108333 0.058125 0.073333
0 0.227500 0.114583 0.058750 0.089167
0 0.286250 0.107083 0.065000 0.080833
0 0.650000 0.118750 0.085000 0.115833
0 0.964375 0.052083 0.071250 0.104167