0 0.340938 0.954167 0.074375 0.091667
0 0.880938 0.924167 0.059375 0.106667
0 0.547188 0.851250 0.075625 0.082500
0 0.905625 0.802500 0.071250 0.093333
0 0.540625 0.772083 0.100000 0.085833
0 0.597812 0.679583 0.074375 0.089167
0 0.272188 0.670417 0.078125 0.092500
0 0.028125 0.655833 0.056250 0.105000
0 0.403125 0.639583 0.062500 0.097500
0 0.030312 0.537500 0.060625 0.093333
0 0.625313 0.523750 0.074375 0.100833
0 0.061562 0.436667 0.081875 0.083333
0 0.429375 0.420833 0.076250 0.100000
0 0.499688 0.396667 0.071875 0.086667
0 0.866563 0.250833 0.073125 0.088333