0 0.808125 0.979167 0.053750 0.041667
0 0.504375 0.977917 0.052500 0.044167
0 0.429688 0.974583 0.053125 0.050833
0 0.188125 0.963333 0.065000 0.073333
0 0.028438 0.960833 0.056875 0.078333
0 0.098125 0.953333 0.053750 0.078333
0 0.305625 0.948750 0.058750 0.079167
0 0.865313 0.942500 0.056875 0.070000
0 0.910000 0.930833 0.050000 0.070000
0 0.767188 0.935833 0.059375 0.081667
0 0.580625 0.917917 0.062500 0.075833
0 0.664375 0.920417 0.055000 0.085833
0 0.973750 0.915000 0.052500 0.076667
0 0.475625 0.908333 0.065000 0.078333
0 0.246875 0.890000 0.053750 0.075000
0 0.175000 0.860417 0.062500 0.080833
0 0.777500 0.848750 0.052500 0.064167
0 0.627812 0.856667 0.058125 0.080000
0 0.085312 0.850417 0.058125 0.072500
0 0.308437 0.842500 0.055625 0.085000
0 0.953125 0.819583 0.056250 0.069167
0 0.561875 0.811667 0.050000 0.065000
0 0.148125 0.795417 0.053750 0.087500
0 0.378437 0.785417 0.075625 0.077500
0 0.272500 0.756667 0.046250 0.075000
0 0.431563 0.755417 0.044375 0.079167
0 0.734062 0.757083 0.063125 0.092500
0 0.477500 0.751250 0.052500 0.087500
0 0.911250 0.737083 0.072500 0.070833
0 0.874375 0.709167 0.065000 0.073333
0 0.783438 0.707917 0.065625 0.094167
0 0.450937 0.676667 0.055625 0.073333
0 0.133125 0.665833 0.063750 0.078333
0 0.622500 0.662500 0.051250 0.073333
0 0.062500 0.665417 0.057500 0.085833
0 0.422187 0.655833 0.049375 0.071667
0 0.821875 0.657500 0.050000 0.076667
0 0.873750 0.643333 0.052500 0.056667
0 0.288750 0.633750 0.057500 0.062500
0 0.561875 0.635417 0.048750 0.067500
0 0.361250 0.626250 0.053750 0.079167
0 0.700000 0.607083 0.057500 0.074167
0 0.774375 0.599583 0.051250 0.072500
0 0.246562 0.594583 0.056875 0.077500
0 0.042500 0.573333 0.056250 0.070000
0 0.885312 0.566667 0.065625 0.070000
0 0.411250 0.563750 0.058750 0.077500
0 0.118438 0.563333 0.059375 0.085000
0 0.543125 0.552917 0.048750 0.072500
0 0.611875 0.541667 0.055000 0.065000
0 0.337813 0.527083 0.056875 0.065833
0 0.749062 0.509167 0.068125 0.061667
0 0.410938 0.492917 0.056875 0.074167
0 0.483750 0.495833 0.058750 0.088333
0 0.860625 0.474583 0.043750 0.072500
0 0.725938 0.482917 0.054375 0.090833
0 0.900000 0.471667 0.050000 0.070000
0 0.069687 0.468750 0.051875 0.075833
0 0.652813 0.468750 0.060625 0.082500
0 0.808438 0.455000 0.055625 0.073333
0 0.111875 0.444583 0.057500 0.085833
0 0.540312 0.428750 0.046875 0.079167
0 0.783750 0.412083 0.056250 0.074167
0 0.481250 0.389167 0.062500 0.080000
0 0.941250 0.389167 0.068750 0.088333
0 0.184062 0.376667 0.050625 0.091667
0 0.582812 0.360833 0.056875 0.081667
0 0.767500 0.352500 0.056250 0.076667
0 0.844688 0.344583 0.078125 0.107500
0 0.299063 0.340000 0.079375 0.103333
0 0.245312 0.315833 0.055625 0.078333
0 0.088125 0.308750 0.055000 0.069167
0 0.710938 0.308333 0.049375 0.070000
0 0.621875 0.296250 0.063750 0.077500
0 0.647813 0.286250 0.046875 0.080833
0 0.884687 0.265000 0.059375 0.076667
0 0.186875 0.255000 0.058750 0.070000
0 0.266250 0.241250 0.070000 0.069167
0 0.905937 0.227083 0.059375 0.062500
0 0.694063 0.213750 0.064375 0.080833
0 0.060625 0.198333 0.056250 0.085000
0 0.816562 0.194167 0.054375 0.078333
0 0.455625 0.198333 0.080000 0.103333
0 0.091875 0.180000 0.048750 0.080000
0 0.745313 0.176250 0.061875 0.080833
0 0.022187 0.150833 0.044375 0.066667
0 0.881250 0.151667 0.072500 0.073333
0 0.278438 0.151250 0.061875 0.075833
0 0.161875 0.145417 0.051250 0.072500
0 0.637188 0.146250 0.059375 0.075833
0 0.193750 0.125000 0.060000 0.066667
0 0.921875 0.125417 0.056250 0.085833
0 0.360938 0.102083 0.056875 0.075833
0 0.693438 0.082917 0.053125 0.075833
0 0.132812 0.066667 0.059375 0.080000
0 0.280000 0.058333 0.058750 0.073333
0 0.047813 0.054167 0.053125 0.065000
0 0.954063 0.029167 0.056875 0.058333
0 0.774375 0.029583 0.090000 0.059167
0 0.573750 0.032083 0.067500 0.064167
0 0.496563 0.032917 0.056875 0.065833
0 0.213750 0.027500 0.058750 0.055000