0 0.883125 0.973333 0.061250 0.053333
0 0.710313 0.962917 0.106875 0.074167
0 0.190312 0.962083 0.066875 0.075833
0 0.400625 0.956667 0.106250 0.086667
0 0.523750 0.955833 0.071250 0.088333
0 0.796875 0.939167 0.066250 0.078333
0 0.194375 0.905417 0.056250 0.075833
0 0.973750 0.901250 0.052500 0.072500
0 0.689688 0.900000 0.066875 0.086667
0 0.869687 0.914167 0.076875 0.126667
0 0.913125 0.878750 0.043750 0.080833
0 0.375312 0.881667 0.074375 0.105000
0 0.552188 0.866667 0.083125 0.098333
0 0.618437 0.846667 0.053125 0.086667
0 0.263750 0.852917 0.071250 0.124167
0 0.440937 0.828750 0.053125 0.089167
0 0.189688 0.819583 0.069375 0.087500
0 0.482812 0.815417 0.060625 0.092500
0 0.887813 0.794583 0.078125 0.075833
0 0.452188 0.750000 0.064375 0.066667
0 0.544063 0.741250 0.060625 0.084167
0 0.220625 0.741667 0.062500 0.091667
0 0.922500 0.721667 0.075000 0.075000
0 0.338438 0.720417 0.059375 0.085833
0 0.380312 0.700833 0.053125 0.070000
0 0.740938 0.705417 0.064375 0.094167
0 0.302500 0.696250 0.052500 0.075833
0 0.583750 0.698333 0.067500 0.095000
0 0.514375 0.690000 0.061250 0.086667
0 0.965625 0.668750 0.055000 0.070833
0 0.188125 0.666667 0.066250 0.088333
0 0.921875 0.645417 0.056250 0.075833
0 0.075938 0.629583 0.074375 0.079167
0 0.696562 0.655417 0.075625 0.139167
0 0.642500 0.630000 0.081250 0.090000
0 0.753750 0.587083 0.068750 0.079167
0 0.054062 0.585833 0.065625 0.078333
0 0.182812 0.557917 0.075625 0.072500
0 0.316250 0.556250 0.070000 0.079167
0 0.854688 0.569167 0.056875 0.106667
0 0.465000 0.547917 0.065000 0.070833
0 0.905937 0.561667 0.074375 0.121667
0 0.715625 0.540833 0.061250 0.090000
0 0.967500 0.541667 0.065000 0.113333
0 0.793125 0.515000 0.060000 0.073333
0 0.480625 0.497917 0.062500 0.077500
0 0.225312 0.495417 0.063125 0.084167
0 0.938125 0.469167 0.077500 0.088333
0 0.073438 0.459167 0.054375 0.071667
0 0.139063 0.458750 0.061875 0.075833
0 0.860000 0.462083 0.065000 0.087500
0 0.777188 0.459167 0.095625 0.090000
0 0.296250 0.452917 0.091250 0.079167
0 0.396875 0.439583 0.053750 0.080833
0 0.452813 0.418333 0.058125 0.093333
0 0.030625 0.400833 0.061250 0.081667
0 0.777500 0.391667 0.051250 0.070000
0 0.720313 0.398333 0.064375 0.090000
0 0.251250 0.394167 0.052500 0.095000
0 0.866875 0.376667 0.063750 0.076667
0 0.119375 0.383750 0.056250 0.092500
0 0.511875 0.375833 0.058750 0.078333
0 0.430000 0.351667 0.060000 0.055000
0 0.082500 0.353750 0.056250 0.104167
0 0.589375 0.336667 0.055000 0.075000
0 0.322500 0.327917 0.053750 0.105833
0 0.035625 0.317083 0.061250 0.090833
0 0.433437 0.292083 0.066875 0.065833
0 0.322188 0.267083 0.055625 0.062500
0 0.086250 0.264167 0.055000 0.068333
0 0.380312 0.242083 0.044375 0.054167
0 0.163125 0.243333 0.047500 0.078333
0 0.673438 0.250417 0.073125 0.094167
0 0.270937 0.180417 0.078125 0.084167
0 0.709688 0.176250 0.061875 0.079167
0 0.376875 0.175833 0.063750 0.080000
0 0.515312 0.163333 0.058125 0.066667
0 0.855625 0.141250 0.073750 0.072500
0 0.780625 0.141667 0.061250 0.085000
0 0.306563 0.133333 0.080625 0.108333
0 0.729688 0.109583 0.056875 0.082500
0 0.174687 0.105417 0.056875 0.079167
0 0.392188 0.095417 0.064375 0.079167
0 0.235313 0.086250 0.048125 0.070833
0 0.823438 0.072500 0.065625 0.091667
0 0.664687 0.084167 0.109375 0.116667
0 0.505000 0.070000 0.056250 0.130000
0 0.759375 0.042917 0.058750 0.077500
0 0.456250 0.050000 0.055000 0.091667
0 0.340313 0.047500 0.066875 0.095000
0 0.264688 0.028333 0.058125 0.056667