0 0.540625 0.959167 0.055000 0.076667
0 0.443437 0.956667 0.064375 0.086667
0 0.720625 0.946250 0.057500 0.077500
0 0.770000 0.933333 0.065000 0.081667
0 0.184375 0.930833 0.062500 0.088333
0 0.019688 0.905000 0.039375 0.078333
0 0.173750 0.843750 0.056250 0.070833
0 0.941250 0.820833 0.057500 0.071667
0 0.798438 0.814583 0.056875 0.079167
0 0.195000 0.811667 0.073750 0.091667
0 0.461562 0.799167 0.063125 0.091667
0 0.531250 0.752083 0.081250 0.105833
0 0.653125 0.729583 0.067500 0.090833
0 0.889375 0.716667 0.067500 0.095000
0 0.719375 0.711667 0.068750 0.091667
0 0.115312 0.677500 0.074375 0.076667
0 0.954375 0.667500 0.060000 0.080000
0 0.555937 0.622500 0.064375 0.073333
0 0.442188 0.614583 0.066875 0.082500
0 0.595625 0.569583 0.070000 0.090833
0 0.069375 0.548333 0.057500 0.076667
0 0.662188 0.540833 0.058125 0.085000
0 0.717812 0.525833 0.054375 0.063333
0 0.431875 0.525000 0.052500 0.080000
0 0.374688 0.485417 0.056875 0.075833
0 0.101250 0.472083 0.073750 0.070833
0 0.603437 0.476667 0.063125 0.083333
0 0.974688 0.476250 0.050625 0.092500
0 0.215312 0.470417 0.066875 0.080833
0 0.733125 0.456250 0.056250 0.079167
0 0.427187 0.432083 0.060625 0.075833
0 0.125000 0.413333 0.053750 0.060000
0 0.918438 0.426250 0.058125 0.089167
0 0.363125 0.411250 0.066250 0.069167
0 0.657500 0.396250 0.057500 0.079167
0 0.821562 0.390000 0.059375 0.073333
0 0.487500 0.370833 0.060000 0.078333
0 0.872188 0.359167 0.065625 0.085000
0 0.259062 0.357500 0.069375 0.096667
0 0.716250 0.267500 0.060000 0.080000
0 0.497188 0.250417 0.054375 0.080833
0 0.147500 0.243333 0.058750 0.081667
0 0.439375 0.240417 0.061250 0.090833
0 0.325313 0.206667 0.063125 0.071667
0 0.768125 0.182083 0.056250 0.084167
0 0.962812 0.167500 0.060625 0.085000
0 0.523438 0.167083 0.064375 0.090833
0 0.721875 0.152083 0.065000 0.087500
0 0.471250 0.131667 0.063750 0.073333
0 0.173125 0.136667 0.068750 0.085000
0 0.583125 0.114583 0.045000 0.069167
0 0.050000 0.082083 0.058750 0.089167
0 0.519062 0.061667 0.061875 0.080000
0 0.657813 0.053750 0.050625 0.067500
0 0.190938 0.051667 0.058125 0.078333