0 0.102813 0.963333 0.068125 0.073333
0 0.867500 0.962917 0.072500 0.074167
0 0.214062 0.944583 0.074375 0.104167
0 0.692500 0.926667 0.077500 0.086667
0 0.831562 0.904583 0.075625 0.104167
0 0.765625 0.873333 0.066250 0.098333
0 0.289687 0.836667 0.078125 0.095000
0 0.922188 0.838750 0.074375 0.105833
0 0.445625 0.817083 0.066250 0.090833
0 0.562500 0.818750 0.076250 0.097500
0 0.637813 0.805833 0.069375 0.095000
0 0.369688 0.792917 0.069375 0.084167
0 0.027500 0.797083 0.055000 0.095833
0 0.102188 0.728750 0.073125 0.099167
0 0.374375 0.717083 0.102500 0.084167
0 0.838437 0.707083 0.059375 0.090833
0 0.227187 0.710833 0.080625 0.108333
0 0.111875 0.647500 0.086250 0.095000
0 0.890000 0.620000 0.066250 0.095000
0 0.316875 0.589583 0.063750 0.087500
0 0.417812 0.585000 0.068125 0.088333
0 0.960938 0.583750 0.078125 0.100833
0 0.558125 0.527917 0.080000 0.095833
0 0.640000 0.480417 0.076250 0.099167
0 0.080625 0.456250 0.073750 0.104167
0 0.849688 0.421667 0.075625 0.096667
0 0.275313 0.392083 0.069375 0.094167
0 0.173125 0.361250 0.072500 0.097500
0 0.107500 0.365000 0.067500 0.113333
0 0.048750 0.350000 0.061250 0.106667
0 0.595313 0.302917 0.071875 0.089167
0 0.809063 0.285833 0.068125 0.083333
0 0.740313 0.266667 0.065625 0.085000
0 0.091250 0.260417 0.067500 0.089167
0 0.290625 0.251667 0.086250 0.126667
0 0.493437 0.168333 0.078125 0.098333
0 0.945937 0.098333 0.073125 0.095000
0 0.500313 0.071667 0.074375 0.085000
0 0.724688 0.044583 0.079375 0.089167