0 0.810625 0.972500 0.060000 0.055000
0 0.875313 0.964167 0.056875 0.071667
0 0.046562 0.961667 0.058125 0.076667
0 0.467187 0.960000 0.069375 0.080000
0 0.191250 0.959583 0.068750 0.080833
0 0.384688 0.953333 0.058125 0.085000
0 0.745625 0.951250 0.055000 0.084167
0 0.224688 0.947500 0.061875 0.078333
0 0.925625 0.942083 0.052500 0.074167
0 0.328125 0.937083 0.053750 0.079167
0 0.811875 0.913333 0.070000 0.080000
0 0.972812 0.925000 0.051875 0.118333
0 0.320312 0.873333 0.053125 0.070000
0 0.713750 0.858750 0.041250 0.067500
0 0.892500 0.857500 0.063750 0.095000
0 0.530625 0.851667 0.071250 0.091667
0 0.351562 0.843750 0.056875 0.104167
0 0.115312 0.831250 0.061875 0.085833
0 0.797188 0.802083 0.063125 0.119167
0 0.903125 0.780833 0.068750 0.088333
0 0.105938 0.762917 0.060625 0.074167
0 0.946875 0.758333 0.066250 0.086667
0 0.172813 0.750000 0.064375 0.075000
0 0.460000 0.757917 0.061250 0.094167
0 0.347187 0.750833 0.060625 0.081667
0 0.734062 0.767917 0.058125 0.117500
0 0.867500 0.743333 0.068750 0.103333
0 0.807813 0.727500 0.054375 0.111667
0 0.274062 0.687917 0.061875 0.074167
0 0.062812 0.684167 0.061875 0.073333
0 0.575625 0.666667 0.061250 0.085000
0 0.484687 0.662500 0.055625 0.083333
0 0.121250 0.657083 0.067500 0.092500
0 0.941250 0.651667 0.082500 0.106667
0 0.369375 0.641250 0.071250 0.097500
0 0.048750 0.608333 0.065000 0.080000
0 0.726875 0.598333 0.070000 0.080000
0 0.679063 0.578750 0.059375 0.072500
0 0.312188 0.570000 0.065625 0.090000
0 0.134687 0.562083 0.061875 0.080833
0 0.097500 0.552917 0.062500 0.089167
0 0.165000 0.541667 0.066250 0.100000
0 0.252812 0.528333 0.064375 0.085000
0 0.592500 0.530833 0.070000 0.091667
0 0.375937 0.527083 0.063125 0.084167
0 0.761563 0.511250 0.060625 0.080833
0 0.685000 0.502917 0.072500 0.075833
0 0.380000 0.440833 0.067500 0.081667
0 0.018125 0.436250 0.036250 0.074167
0 0.535625 0.439583 0.068750 0.084167
0 0.728750 0.424583 0.065000 0.079167
0 0.432500 0.399167 0.060000 0.078333
0 0.324688 0.392917 0.066875 0.089167
0 0.033125 0.386667 0.066250 0.081667
0 0.870938 0.368333 0.066875 0.095000
0 0.595625 0.364583 0.063750 0.092500
0 0.650000 0.348333 0.063750 0.093333
0 0.226250 0.337083 0.065000 0.080833
0 0.695937 0.307500 0.065625 0.078333
0 0.178437 0.312083 0.060625 0.092500
0 0.546562 0.289583 0.071875 0.084167
0 0.823125 0.280833 0.061250 0.071667
0 0.913125 0.285417 0.070000 0.087500
0 0.487812 0.264167 0.059375 0.080000
0 0.135000 0.265417 0.060000 0.085833
0 0.277813 0.262917 0.059375 0.095833
0 0.590625 0.239167 0.065000 0.088333
0 0.790000 0.226250 0.067500 0.077500
0 0.545625 0.207917 0.060000 0.080833
0 0.643125 0.178333 0.066250 0.090000
0 0.815625 0.164583 0.057500 0.075833
0 0.607500 0.153750 0.061250 0.087500
0 0.972187 0.154167 0.055625 0.096667
0 0.060000 0.166250 0.065000 0.125833
0 0.880625 0.137500 0.068750 0.085000
0 0.257500 0.108333 0.052500 0.081667
0 0.324062 0.089583 0.086875 0.065833
0 0.403125 0.090000 0.066250 0.091667
0 0.855000 0.077917 0.062500 0.070833
0 0.201875 0.081250 0.065000 0.095833
0 0.654062 0.071667 0.064375 0.080000
0 0.517500 0.072083 0.061250 0.114167
0 0.033125 0.045833 0.062500 0.085000
0 0.757500 0.036667 0.052500 0.073333
0 0.562813 0.033750 0.063125 0.067500