0 0.430937 0.973333 0.071875 0.053333
0 0.097187 0.969167 0.075625 0.061667
0 0.850625 0.949583 0.062500 0.100833
0 0.209687 0.934583 0.073125 0.100833
0 0.461250 0.928750 0.065000 0.104167
0 0.654375 0.910833 0.063750 0.091667
0 0.504375 0.911250 0.056250 0.100833
0 0.065000 0.877083 0.075000 0.100833
0 0.957500 0.852083 0.073750 0.095833
0 0.573750 0.816667 0.068750 0.100000
0 0.260000 0.807917 0.065000 0.085833
0 0.820937 0.805833 0.071875 0.088333
0 0.405625 0.818750 0.087500 0.117500
0 0.462500 0.768750 0.042500 0.080833
0 0.506250 0.753750 0.053750 0.114167
0 0.743125 0.736667 0.075000 0.088333
0 0.636563 0.727500 0.068125 0.093333
0 0.926250 0.726667 0.072500 0.100000
0 0.041875 0.707917 0.068750 0.089167
0 0.230625 0.692500 0.056250 0.085000
0 0.181875 0.720833 0.082500 0.141667
0 0.121563 0.695000 0.054375 0.091667
0 0.379375 0.693333 0.068750 0.095000
0 0.509687 0.639167 0.080625 0.120000
0 0.623125 0.608333 0.066250 0.093333
0 0.316250 0.590000 0.075000 0.080000
0 0.060312 0.558333 0.074375 0.100000
0 0.415000 0.522500 0.065000 0.061667
0 0.346250 0.518750 0.063750 0.079167
0 0.168125 0.515000 0.080000 0.100000
0 0.294375 0.503333 0.060000 0.096667
0 0.234375 0.493750 0.067500 0.099167
0 0.516563 0.463750 0.088125 0.097500
0 0.957812 0.460000 0.073125 0.096667
0 0.579375 0.458333 0.073750 0.101667
0 0.379375 0.452083 0.088750 0.090833
0 0.069687 0.405000 0.074375 0.091667
0 0.530312 0.393333 0.046875 0.131667
0 0.679063 0.363333 0.078125 0.110000
0 0.333437 0.355000 0.076875 0.093333
0 0.952500 0.352500 0.066250 0.091667
0 0.173125 0.357083 0.078750 0.102500
0 0.471562 0.352083 0.060625 0.094167
0 0.611875 0.326250 0.070000 0.099167
0 0.443437 0.322917 0.085625 0.095833
0 0.249062 0.320417 0.068125 0.092500
0 0.035312 0.274167 0.070625 0.096667
0 0.304375 0.280833 0.070000 0.115000
0 0.794687 0.254167 0.065625 0.106667
0 0.855000 0.244167 0.062500 0.101667
0 0.456250 0.227917 0.071250 0.100833
0 0.108125 0.212917 0.077500 0.094167
0 0.953438 0.188333 0.051875 0.066667
0 0.428438 0.190833 0.075625 0.085000
0 0.354063 0.187917 0.068125 0.082500
0 0.901563 0.204167 0.059375 0.120000
0 0.235937 0.170417 0.063125 0.092500
0 0.434063 0.121250 0.066875 0.080833
0 0.543125 0.092917 0.065000 0.094167
0 0.111875 0.078750 0.082500 0.090833
0 0.637813 0.076667 0.085625 0.100000
0 0.414687 0.022083 0.058125 0.044167
0 0.301250 0.045833 0.072500 0.091667
0 0.133437 0.030417 0.073125 0.060833