0 0.835313 0.968333 0.060625 0.063333
0 0.564375 0.966250 0.048750 0.067500
0 0.765938 0.946250 0.058125 0.079167
0 0.371563 0.935000 0.053125 0.070000
0 0.628125 0.893750 0.057500 0.087500
0 0.720000 0.876250 0.056250 0.065833
0 0.491875 0.876250 0.060000 0.079167
0 0.028438 0.874583 0.056875 0.077500
0 0.326250 0.870833 0.060000 0.075000
0 0.567500 0.857500 0.053750 0.080000
0 0.406875 0.835000 0.070000 0.076667
0 0.887188 0.837917 0.044375 0.089167
0 0.168125 0.832500 0.076250 0.085000
0 0.707500 0.801667 0.052500 0.075000
0 0.623437 0.787917 0.053125 0.079167
0 0.477500 0.780417 0.050000 0.069167
0 0.803438 0.778750 0.053125 0.090833
0 0.307500 0.757500 0.045000 0.068333
0 0.125000 0.754167 0.061250 0.068333
0 0.221875 0.752500 0.061250 0.070000
0 0.049688 0.750417 0.054375 0.077500
0 0.949375 0.738333 0.061250 0.076667
0 0.587187 0.713750 0.060625 0.074167
0 0.835938 0.699167 0.048125 0.071667
0 0.392188 0.691250 0.055625 0.060833
0 0.900312 0.675000 0.054375 0.073333
0 0.022500 0.670000 0.045000 0.078333
0 0.676562 0.665833 0.059375 0.075000
0 0.776563 0.662083 0.051875 0.072500
0 0.133125 0.661667 0.061250 0.071667
0 0.483750 0.655833 0.057500 0.076667
0 0.247812 0.614167 0.048125 0.060000
0 0.605313 0.613333 0.065625 0.085000
0 0.717500 0.612500 0.048750 0.085000
0 0.286562 0.601250 0.051875 0.080833
0 0.176875 0.592083 0.058750 0.077500
0 0.782813 0.564583 0.068125 0.072500
0 0.878125 0.565417 0.053750 0.077500
0 0.400938 0.556667 0.060625 0.076667
0 0.510625 0.557083 0.051250 0.082500
0 0.103125 0.550833 0.053750 0.071667
0 0.287500 0.542500 0.047500 0.071667
0 0.973437 0.517083 0.053125 0.067500
0 0.031563 0.499583 0.063125 0.070833
0 0.728125 0.500833 0.053750 0.078333
0 0.275938 0.480833 0.071875 0.090000
0 0.414062 0.462500 0.056875 0.080000
0 0.969375 0.441250 0.061250 0.062500
0 0.481250 0.443750 0.050000 0.075833
0 0.164687 0.437500 0.066875 0.081667
0 0.805312 0.418750 0.066875 0.087500
0 0.848750 0.412083 0.056250 0.087500
0 0.026562 0.401667 0.045625 0.080000
0 0.253437 0.396250 0.060625 0.074167
0 0.919063 0.389583 0.051875 0.095833
0 0.090625 0.368333 0.057500 0.080000
0 0.777188 0.340417 0.051875 0.079167
0 0.305000 0.326250 0.066250 0.070833
0 0.707500 0.316667 0.057500 0.080000
0 0.664687 0.302500 0.025625 0.051667
0 0.490000 0.314167 0.060000 0.083333
0 0.976562 0.319583 0.046875 0.095833
0 0.859375 0.306250 0.058750 0.084167
0 0.051250 0.293750 0.057500 0.082500
0 0.126250 0.256250 0.065000 0.069167
0 0.554375 0.252917 0.051250 0.075833
0 0.796875 0.234167 0.056250 0.075000
0 0.327500 0.229583 0.057500 0.080833
0 0.677813 0.177917 0.060625 0.062500
0 0.588125 0.177500 0.053750 0.076667
0 0.048125 0.172083 0.057500 0.079167
0 0.861250 0.168333 0.046250 0.078333
0 0.372500 0.145417 0.060000 0.074167
0 0.837812 0.111667 0.058125 0.078333
0 0.625625 0.097917 0.058750 0.089167
0 0.285625 0.079583 0.052500 0.079167
0 0.915312 0.079167 0.060625 0.083333
0 0.701250 0.077083 0.056250 0.080833
0 0.363125 0.072917 0.057500 0.075833
0 0.061562 0.070833 0.059375 0.076667
0 0.428438 0.047083 0.058125 0.062500
0 0.223750 0.041667 0.056250 0.083333