0 0.820937 0.969167 0.071875 0.061667
0 0.111562 0.945417 0.073125 0.077500
0 0.359687 0.949583 0.073125 0.090833
0 0.787813 0.942500 0.065625 0.083333
0 0.719688 0.922917 0.065625 0.085833
0 0.051250 0.895417 0.076250 0.077500
0 0.440625 0.885833 0.071250 0.085000
0 0.514375 0.885833 0.077500 0.086667
0 0.736875 0.847500 0.063750 0.073333
0 0.900625 0.851667 0.066250 0.091667
0 0.323437 0.840000 0.068125 0.088333
0 0.486250 0.825000 0.083750 0.075000
0 0.381875 0.831250 0.066250 0.087500
0 0.127500 0.827500 0.058750 0.080000
0 0.804688 0.803333 0.058125 0.081667
0 0.245312 0.775833 0.065625 0.083333
0 0.569375 0.768750 0.061250 0.074167
0 0.413438 0.765417 0.068125 0.092500
0 0.477187 0.748750 0.055625 0.092500
0 0.745000 0.744583 0.067500 0.085833
0 0.309375 0.751250 0.067500 0.099167
0 0.139375 0.735417 0.083750 0.110833
0 0.960938 0.719583 0.068125 0.090833
0 0.087813 0.717083 0.065625 0.087500
0 0.608437 0.714583 0.060625 0.084167
0 0.846562 0.712917 0.068125 0.092500
0 0.241250 0.693333 0.060000 0.078333
0 0.793438 0.690417 0.060625 0.082500
0 0.534375 0.689583 0.071250 0.090833
0 0.197187 0.673750 0.055625 0.089167
0 0.059687 0.671250 0.064375 0.084167
0 0.687813 0.659583 0.065625 0.092500
0 0.315312 0.668750 0.108125 0.130833
0 0.815312 0.630417 0.058125 0.075833
0 0.493750 0.622500 0.081250 0.093333
0 0.623750 0.633333 0.078750 0.130000
0 0.926875 0.612083 0.067500 0.099167
0 0.261562 0.603333 0.068125 0.093333
0 0.773125 0.593333 0.058750 0.083333
0 0.566875 0.586250 0.063750 0.082500
0 0.741563 0.552083 0.055625 0.072500
0 0.664375 0.548333 0.056250 0.073333
0 0.173437 0.564583 0.106875 0.119167
0 0.839688 0.541250 0.066875 0.089167
0 0.314063 0.538333 0.064375 0.085000
0 0.399687 0.532917 0.068125 0.089167
0 0.223750 0.515417 0.056250 0.077500
0 0.767188 0.507083 0.069375 0.079167
0 0.097812 0.510000 0.064375 0.091667
0 0.702187 0.501667 0.064375 0.080000
0 0.904687 0.479583 0.060625 0.064167
0 0.593750 0.477083 0.050000 0.087500
0 0.264688 0.473750 0.066875 0.092500
0 0.166250 0.476250 0.061250 0.097500
0 0.545937 0.462083 0.054375 0.079167
0 0.658438 0.465000 0.065625 0.091667
0 0.817187 0.455000 0.050625 0.096667
0 0.121875 0.445833 0.068750 0.081667
0 0.400625 0.440000 0.065000 0.083333
0 0.767500 0.424583 0.052500 0.077500
0 0.711562 0.426250 0.059375 0.084167
0 0.876250 0.416667 0.055000 0.073333
0 0.924375 0.408750 0.055000 0.079167
0 0.368125 0.411667 0.062500 0.086667
0 0.270937 0.403333 0.066875 0.083333
0 0.066250 0.409167 0.070000 0.110000
0 0.974063 0.372917 0.051875 0.062500
0 0.527500 0.391250 0.096250 0.100833
0 0.590625 0.378333 0.056250 0.076667
0 0.448437 0.383750 0.059375 0.092500
0 0.801250 0.370417 0.060000 0.070833
0 0.150312 0.380417 0.083125 0.094167
0 0.114375 0.328750 0.083750 0.075833
0 0.966562 0.319167 0.066875 0.080000
0 0.466875 0.307500 0.051250 0.081667
0 0.607500 0.303750 0.088750 0.090833
0 0.810937 0.299167 0.061875 0.085000
0 0.717500 0.281250 0.052500 0.079167
0 0.903750 0.263333 0.071250 0.083333
0 0.070938 0.269167 0.069375 0.116667
0 0.126562 0.247083 0.064375 0.092500
0 0.606250 0.229583 0.058750 0.062500
0 0.850938 0.217500 0.056875 0.081667
0 0.697812 0.212500 0.049375 0.073333
0 0.974063 0.200000 0.051875 0.078333
0 0.554063 0.203750 0.056875 0.090833
0 0.622812 0.192083 0.079375 0.077500
0 0.406562 0.196250 0.089375 0.097500
0 0.796562 0.184167 0.063125 0.090000
0 0.727812 0.183750 0.065625 0.095833
0 0.510625 0.175833 0.056250 0.086667
0 0.116562 0.168750 0.059375 0.080833
0 0.069062 0.157917 0.059375 0.072500
0 0.020625 0.158750 0.041250 0.100833
0 0.702812 0.132083 0.048125 0.077500
0 0.570312 0.124583 0.064375 0.077500
0 0.754687 0.124583 0.058125 0.084167
0 0.627812 0.113750 0.058125 0.075833
0 0.953750 0.127500 0.072500 0.106667
0 0.512188 0.085833 0.070625 0.101667
0 0.068437 0.079583 0.073125 0.090833
0 0.675312 0.066250 0.066875 0.094167
0 0.970938 0.055833 0.058125 0.081667
0 0.769062 0.047500 0.080625 0.095000
0 0.378437 0.039583 0.098125 0.079167
0 0.204063 0.040417 0.065625 0.080833