0 0.200000 0.973333 0.056250 0.053333
0 0.556562 0.963750 0.065625 0.072500
0 0.953125 0.962083 0.065000 0.075833
0 0.863437 0.960833 0.068125 0.078333
0 0.284062 0.957083 0.063125 0.080833
0 0.436250 0.952500 0.065000 0.083333
0 0.159688 0.920000 0.059375 0.098333
0 0.523438 0.910000 0.068125 0.080000
0 0.794687 0.879167 0.075625 0.088333
0 0.361563 0.869167 0.058125 0.086667
0 0.425000 0.855417 0.066250 0.085833
0 0.114375 0.848750 0.062500 0.085833
0 0.475625 0.834583 0.056250 0.084167
0 0.835313 0.830000 0.053125 0.076667
0 0.729062 0.822917 0.060625 0.075833
0 0.596250 0.782083 0.055000 0.089167
0 0.142813 0.777083 0.068125 0.087500
0 0.645000 0.765000 0.078750 0.085000
0 0.717187 0.762083 0.073125 0.080833
0 0.959375 0.725833 0.058750 0.071667
0 0.500938 0.708333 0.065625 0.095000
0 0.363125 0.695417 0.073750 0.112500
0 0.765625 0.685417 0.051250 0.109167
0 0.925625 0.670833 0.057500 0.088333
0 0.980625 0.648750 0.038750 0.089167
0 0.425000 0.631667 0.065000 0.085000
0 0.311875 0.627083 0.056250 0.080833
0 0.492812 0.600000 0.061875 0.080000
0 0.770938 0.577917 0.058125 0.077500
0 0.070938 0.580417 0.070625 0.094167
0 0.708125 0.564167 0.060000 0.081667
0 0.645000 0.534583 0.057500 0.082500
0 0.592812 0.498333 0.050625 0.075000
0 0.199063 0.486250 0.069375 0.085833
0 0.094687 0.473333 0.060625 0.075000
0 0.475313 0.451667 0.070625 0.088333
0 0.396562 0.445833 0.059375 0.083333
0 0.702187 0.443333 0.064375 0.085000
0 0.285313 0.415417 0.075625 0.067500
0 0.027500 0.410000 0.055000 0.081667
0 0.740625 0.332917 0.065000 0.077500
0 0.288750 0.315833 0.061250 0.073333
0 0.105938 0.308750 0.060625 0.072500
0 0.153750 0.298750 0.053750 0.080833
0 0.926250 0.287917 0.055000 0.074167
0 0.779375 0.271667 0.066250 0.088333
0 0.824688 0.250833 0.051875 0.081667
0 0.479063 0.230000 0.049375 0.063333
0 0.246562 0.229167 0.065625 0.090000
0 0.875000 0.214583 0.055000 0.074167
0 0.409062 0.214583 0.054375 0.074167
0 0.090000 0.221667 0.078750 0.096667
0 0.309375 0.203750 0.057500 0.084167
0 0.191875 0.190833 0.066250 0.086667
0 0.465000 0.158333 0.053750 0.071667
0 0.645312 0.152083 0.078125 0.077500
0 0.554688 0.140417 0.044375 0.059167
0 0.093750 0.144167 0.067500 0.083333
0 0.716875 0.125833 0.091250 0.083333
0 0.400938 0.117083 0.063125 0.072500
0 0.279062 0.117917 0.064375 0.097500
0 0.343750 0.075833 0.058750 0.071667
0 0.437188 0.072500 0.060625 0.083333
0 0.758125 0.054583 0.058750 0.075833
0 0.888125 0.032917 0.050000 0.065833
0 0.836250 0.027917 0.051250 0.055833
0 0.312812 0.027917 0.055625 0.055833