0 0.339687 0.979167 0.059375 0.041667
0 0.763750 0.970000 0.066250 0.060000
0 0.114687 0.965417 0.050625 0.069167
0 0.039062 0.963750 0.050625 0.072500
0 0.845938 0.961667 0.066875 0.076667
0 0.146563 0.955417 0.051875 0.089167
0 0.083125 0.909583 0.057500 0.079167
0 0.934375 0.902083 0.055000 0.100833
0 0.555000 0.882500 0.058750 0.080000
0 0.190625 0.867917 0.055000 0.069167
0 0.839688 0.865000 0.049375 0.065000
0 0.252812 0.859583 0.055625 0.080833
0 0.430000 0.852083 0.055000 0.070833
0 0.905312 0.859583 0.053125 0.090833
0 0.526875 0.805833 0.052500 0.083333
0 0.466875 0.795000 0.055000 0.073333
0 0.113437 0.779583 0.058125 0.072500
0 0.816250 0.792500 0.060000 0.101667
0 0.771563 0.776250 0.036875 0.072500
0 0.033750 0.768333 0.057500 0.081667
0 0.867500 0.765000 0.086250 0.086667
0 0.366875 0.780417 0.092500 0.125833
0 0.597500 0.736250 0.060000 0.085833
0 0.174375 0.735833 0.062500 0.088333
0 0.088125 0.709583 0.052500 0.072500
0 0.213750 0.710000 0.047500 0.086667
0 0.455313 0.709167 0.059375 0.086667
0 0.974688 0.692500 0.050625 0.066667
0 0.299063 0.657917 0.049375 0.062500
0 0.580937 0.655417 0.056875 0.072500
0 0.794063 0.652917 0.053125 0.079167
0 0.105938 0.641250 0.049375 0.067500
0 0.060000 0.660833 0.065000 0.111667
0 0.453750 0.622500 0.050000 0.071667
0 0.888125 0.623750 0.051250 0.087500
0 0.750313 0.644167 0.094375 0.128333
0 0.176875 0.625417 0.078750 0.137500
0 0.574063 0.592500 0.065625 0.083333
0 0.954063 0.584167 0.055625 0.078333
0 0.490625 0.581250 0.062500 0.080833
0 0.347500 0.575000 0.056250 0.068333
0 0.871875 0.531667 0.061250 0.076667
0 0.934063 0.525000 0.053125 0.071667
0 0.280625 0.524583 0.080000 0.105833
0 0.474687 0.498750 0.053125 0.067500
0 0.608437 0.493333 0.051875 0.108333
0 0.659062 0.489583 0.069375 0.109167
0 0.076250 0.452083 0.053750 0.074167
0 0.945000 0.454167 0.073750 0.081667
0 0.313437 0.436250 0.065625 0.075833
0 0.878125 0.400417 0.056250 0.064167
0 0.597812 0.397083 0.059375 0.075833
0 0.138437 0.427500 0.081875 0.140000
0 0.041875 0.390833 0.051250 0.071667
0 0.379063 0.404583 0.068125 0.105833
0 0.254688 0.409583 0.051875 0.124167
0 0.207500 0.395000 0.066250 0.096667
0 0.340625 0.369583 0.051250 0.069167
0 0.092813 0.366250 0.055625 0.082500
0 0.294063 0.363750 0.041875 0.092500
0 0.890312 0.346250 0.050625 0.065833
0 0.424687 0.339583 0.055625 0.062500
0 0.584688 0.318750 0.060625 0.075833
0 0.341875 0.290833 0.058750 0.071667
0 0.527813 0.261667 0.058125 0.063333
0 0.760000 0.262083 0.047500 0.074167
0 0.969063 0.230000 0.061875 0.076667
0 0.693438 0.231250 0.074375 0.085833
0 0.583438 0.201250 0.061875 0.069167
0 0.030000 0.187917 0.050000 0.072500
0 0.347187 0.190417 0.058125 0.084167
0 0.142500 0.177917 0.045000 0.060833
0 0.092813 0.183333 0.055625 0.081667
0 0.207500 0.181667 0.112500 0.093333
0 0.297500 0.168750 0.045000 0.070833
0 0.834688 0.157917 0.050625 0.064167
0 0.964375 0.161667 0.061250 0.083333
0 0.697187 0.145000 0.066875 0.078333
0 0.015625 0.137500 0.031250 0.075000
0 0.566250 0.127083 0.055000 0.074167
0 0.099687 0.118333 0.055625 0.070000
0 0.235937 0.120833 0.049375 0.078333
0 0.938438 0.118333 0.059375 0.093333
0 0.886250 0.115833 0.060000 0.091667
0 0.480312 0.100417 0.058125 0.060833
0 0.801250 0.092500 0.048750 0.056667
0 0.056875 0.098333 0.048750 0.076667
0 0.020313 0.065000 0.040625 0.066667
0 0.159688 0.068750 0.059375 0.079167
0 0.711250 0.063333 0.070000 0.073333
0 0.855000 0.061667 0.055000 0.080000
0 0.575937 0.046667 0.060625 0.071667
0 0.798750 0.029167 0.058750 0.058333
0 0.420312 0.033750 0.055625 0.067500
0 0.367500 0.026250 0.043750 0.052500