0 0.780625 0.927917 0.063750 0.097500
0 0.398125 0.885417 0.047500 0.075833
0 0.556875 0.883333 0.063750 0.088333
0 0.240625 0.873333 0.056250 0.070000
0 0.875313 0.843333 0.054375 0.073333
0 0.678438 0.858333 0.065625 0.113333
0 0.100625 0.788750 0.061250 0.080833
0 0.731250 0.775000 0.051250 0.070000
0 0.225938 0.770833 0.063125 0.075000
0 0.482187 0.704583 0.061875 0.080833
0 0.078750 0.690833 0.082500 0.093333
0 0.875313 0.689583 0.073125 0.100833
0 0.404375 0.658333 0.070000 0.096667
0 0.971875 0.643333 0.056250 0.088333
0 0.781250 0.631250 0.052500 0.084167
0 0.030000 0.593333 0.060000 0.105000
0 0.588437 0.577500 0.083125 0.110000
0 0.360625 0.543750 0.065000 0.084167
0 0.504687 0.546250 0.058125 0.092500
0 0.067812 0.519167 0.054375 0.075000
0 0.164062 0.482917 0.064375 0.089167
0 0.553125 0.446667 0.057500 0.093333
0 0.246562 0.459167 0.054375 0.140000
0 0.302500 0.413750 0.055000 0.097500
0 0.577812 0.402083 0.058125 0.080833
0 0.159688 0.377083 0.056875 0.069167
0 0.461562 0.368333 0.050625 0.060000
0 0.955000 0.369583 0.057500 0.075833
0 0.441563 0.419583 0.135625 0.175833
0 0.286875 0.270833 0.065000 0.103333
0 0.775000 0.177500 0.062500 0.088333
0 0.603437 0.162500 0.054375 0.070000
0 0.954688 0.159583 0.061875 0.084167
0 0.475625 0.117083 0.066250 0.087500
0 0.119063 0.120417 0.086875 0.102500
0 0.826250 0.105000 0.070000 0.085000
0 0.984062 0.055833 0.031875 0.078333
0 0.751563 0.046667 0.060625 0.076667
0 0.684375 0.030833 0.050000 0.061667
0 0.155938 0.026667 0.071875 0.053333
0 0.059687 0.022500 0.059375 0.045000