0 0.746250 0.979167 0.066250 0.041667
0 0.303438 0.977917 0.059375 0.044167
0 0.199687 0.977083 0.064375 0.045833
0 0.716875 0.945000 0.061250 0.086667
0 0.569063 0.936667 0.063125 0.083333
0 0.249688 0.933750 0.053125 0.079167
0 0.383437 0.932083 0.066875 0.080833
0 0.790312 0.920000 0.061875 0.080000
0 0.105313 0.909167 0.058125 0.071667
0 0.965938 0.910000 0.063125 0.080000
0 0.439063 0.909583 0.060625 0.082500
0 0.893750 0.900000 0.055000 0.073333
0 0.618125 0.904167 0.065000 0.085000
0 0.318125 0.899583 0.063750 0.090833
0 0.163438 0.878333 0.053125 0.090000
0 0.858750 0.876250 0.055000 0.087500
0 0.650937 0.871250 0.059375 0.079167
0 0.234687 0.873750 0.060625 0.087500
0 0.475938 0.862083 0.068125 0.090833
0 0.424687 0.843750 0.058125 0.075833
0 0.269688 0.832083 0.064375 0.087500
0 0.584063 0.824167 0.060625 0.095000
0 0.517813 0.793750 0.058125 0.072500
0 0.810000 0.793750 0.060000 0.075833
0 0.672500 0.791667 0.051250 0.071667
0 0.374688 0.791250 0.063125 0.080833
0 0.209375 0.789583 0.058750 0.084167
0 0.715938 0.780000 0.051875 0.081667
0 0.911875 0.781667 0.072500 0.095000
0 0.319063 0.750833 0.063125 0.081667
0 0.770312 0.733750 0.055625 0.070833
0 0.425938 0.727500 0.059375 0.083333
0 0.623125 0.729167 0.056250 0.090000
0 0.748437 0.700833 0.066875 0.060000
0 0.023438 0.718333 0.045625 0.098333
0 0.669063 0.709583 0.056875 0.090833
0 0.496875 0.705417 0.063750 0.084167
0 0.847812 0.700417 0.064375 0.084167
0 0.272813 0.704167 0.064375 0.098333
0 0.058438 0.694167 0.055625 0.083333
0 0.200937 0.680417 0.069375 0.085833
0 0.564688 0.671250 0.055625 0.092500
0 0.415625 0.622917 0.073750 0.069167
0 0.780937 0.601667 0.068125 0.076667
0 0.625000 0.602500 0.057500 0.085000
0 0.360000 0.589583 0.068750 0.090833
0 0.141563 0.573333 0.060625 0.080000
0 0.288750 0.570417 0.060000 0.079167
0 0.238125 0.574583 0.055000 0.089167
0 0.018750 0.579167 0.037500 0.098333
0 0.977500 0.569583 0.045000 0.080833
0 0.915000 0.565417 0.058750 0.082500
0 0.123750 0.535833 0.063750 0.073333
0 0.029687 0.525833 0.059375 0.073333
0 0.849063 0.528333 0.065625 0.081667
0 0.529062 0.529583 0.059375 0.085833
0 0.457500 0.507083 0.067500 0.074167
0 0.794687 0.507083 0.055625 0.080833
0 0.636250 0.499583 0.058750 0.085833
0 0.717187 0.489583 0.068125 0.079167
0 0.323437 0.493750 0.066875 0.089167
0 0.397188 0.482500 0.056875 0.088333
0 0.621250 0.467500 0.062500 0.081667
0 0.951562 0.464583 0.065625 0.087500
0 0.067187 0.446667 0.059375 0.081667
0 0.556562 0.435833 0.063125 0.085000
0 0.476250 0.428333 0.085000 0.076667
0 0.234063 0.427083 0.061875 0.080833
0 0.764375 0.422917 0.051250 0.075833
0 0.034375 0.417500 0.068750 0.076667
0 0.133125 0.412500 0.062500 0.080000
0 0.304688 0.392500 0.061875 0.083333
0 0.978750 0.380833 0.042500 0.068333
0 0.471562 0.370417 0.068125 0.069167
0 0.130625 0.353750 0.058750 0.059167
0 0.198125 0.357917 0.070000 0.080833
0 0.573125 0.347500 0.070000 0.071667
0 0.701250 0.352083 0.062500 0.084167
0 0.868125 0.386667 0.123750 0.170000
0 0.669063 0.331250 0.058125 0.079167
0 0.371563 0.327500 0.056875 0.080000
0 0.600000 0.301667 0.070000 0.076667
0 0.049688 0.301667 0.066875 0.086667
0 0.259062 0.295833 0.069375 0.081667
0 0.755625 0.289583 0.058750 0.074167
0 0.507188 0.288333 0.070625 0.076667
0 0.983125 0.281667 0.033750 0.090000
0 0.424375 0.268333 0.067500 0.083333
0 0.017500 0.254583 0.035000 0.077500
0 0.907500 0.249583 0.055000 0.074167
0 0.104688 0.249167 0.060625 0.080000
0 0.185312 0.244167 0.068125 0.075000
0 0.335625 0.243333 0.057500 0.076667
0 0.870938 0.244583 0.053125 0.084167
0 0.667188 0.236667 0.056875 0.073333
0 0.523125 0.221667 0.060000 0.076667
0 0.598437 0.190833 0.053125 0.093333
0 0.945625 0.176667 0.058750 0.080000
0 0.422500 0.166667 0.067500 0.081667
0 0.289062 0.147500 0.066875 0.080000
0 0.221250 0.150833 0.050000 0.105000
0 0.520000 0.129167 0.060000 0.075000
0 0.882500 0.126250 0.057500 0.095833
0 0.152188 0.112500 0.056875 0.088333
0 0.025937 0.105417 0.051875 0.080833
0 0.812813 0.090417 0.056875 0.080833
0 0.078125 0.082500 0.061250 0.076667
0 0.676562 0.073750 0.066875 0.079167
0 0.374063 0.072500 0.063125 0.080000
0 0.570937 0.057917 0.051875 0.089167
0 0.956875 0.060833 0.078750 0.100000
0 0.751563 0.059167 0.056875 0.096667
0 0.500313 0.044583 0.063125 0.087500
0 0.306563 0.042083 0.059375 0.084167
0 0.037500 0.030833 0.075000 0.061667