0 0.867500 0.989167 0.057500 0.021667
0 0.359063 0.976667 0.069375 0.046667
0 0.758125 0.968333 0.061250 0.063333
0 0.818750 0.964583 0.061250 0.070833
0 0.946250 0.961667 0.060000 0.076667
0 0.291250 0.947083 0.072500 0.080833
0 0.862500 0.935833 0.070000 0.086667
0 0.093750 0.934583 0.075000 0.092500
0 0.467187 0.912083 0.069375 0.087500
0 0.395937 0.917083 0.075625 0.099167
0 0.243750 0.895833 0.060000 0.085000
0 0.541250 0.905417 0.062500 0.109167
0 0.311563 0.889167 0.081875 0.078333
0 0.146250 0.891667 0.077500 0.093333
0 0.781563 0.905833 0.089375 0.138333
0 0.465938 0.853333 0.070625 0.061667
0 0.393437 0.848750 0.078125 0.067500
0 0.075625 0.847917 0.068750 0.087500
0 0.751563 0.827083 0.069375 0.084167
0 0.405313 0.789167 0.075625 0.078333
0 0.476875 0.779583 0.085000 0.077500
0 0.814375 0.800000 0.051250 0.133333
0 0.346875 0.785833 0.068750 0.120000
0 0.742188 0.756250 0.074375 0.097500
0 0.864375 0.762083 0.058750 0.110833
0 0.571250 0.735417 0.067500 0.087500
0 0.960625 0.732500 0.072500 0.093333
0 0.410000 0.705000 0.077500 0.090000
0 0.488438 0.703750 0.081875 0.110833
0 0.074375 0.664167 0.061250 0.071667
0 0.553750 0.674167 0.078750 0.110000
0 0.938750 0.651250 0.060000 0.099167
0 0.758437 0.651667 0.068125 0.105000
0 0.826562 0.647500 0.066875 0.098333
0 0.117500 0.626667 0.073750 0.093333
0 0.019062 0.635417 0.038125 0.114167
0 0.908750 0.613750 0.085000 0.117500
0 0.072813 0.589167 0.064375 0.088333
0 0.260937 0.583750 0.083125 0.084167
0 0.437500 0.579583 0.078750 0.082500
0 0.598437 0.581250 0.068125 0.089167
0 0.521563 0.575000 0.078125 0.083333
0 0.696250 0.571667 0.070000 0.101667
0 0.146563 0.563750 0.070625 0.112500
0 0.768437 0.530417 0.046875 0.082500
0 0.822812 0.541667 0.065625 0.110000
0 0.973437 0.524167 0.053125 0.086667
0 0.894687 0.527083 0.079375 0.105833
0 0.451250 0.504583 0.091250 0.067500
0 0.598437 0.495833 0.079375 0.081667
0 0.754687 0.477083 0.068125 0.089167
0 0.088438 0.467917 0.061875 0.095833
0 0.832500 0.465417 0.066250 0.092500
0 0.512188 0.461250 0.075625 0.120833
0 0.683750 0.442917 0.070000 0.085833
0 0.354063 0.438333 0.056875 0.108333
0 0.972812 0.430833 0.054375 0.095000
0 0.454062 0.427917 0.070625 0.092500
0 0.653438 0.448333 0.058125 0.145000
0 0.245000 0.484583 0.197500 0.234167
0 0.413438 0.411667 0.051875 0.130000
0 0.143125 0.399583 0.086250 0.114167
0 0.919375 0.394583 0.062500 0.109167
0 0.789687 0.383333 0.063125 0.090000
0 0.723750 0.385417 0.062500 0.094167
0 0.601250 0.397083 0.043750 0.122500
0 0.076563 0.355417 0.065625 0.080833
0 0.546250 0.377500 0.053750 0.151667
0 0.656875 0.345417 0.071250 0.102500
0 0.366875 0.335833 0.055000 0.106667
0 0.291875 0.305000 0.071250 0.081667
0 0.098437 0.302083 0.079375 0.077500
0 0.030000 0.314167 0.060000 0.130000
0 0.730938 0.258750 0.061875 0.114167
0 0.619687 0.265000 0.079375 0.138333
0 0.685937 0.258333 0.060625 0.146667
0 0.409062 0.218750 0.063125 0.114167
0 0.830625 0.213333 0.075000 0.106667
0 0.921875 0.196250 0.061250 0.097500
0 0.357812 0.205417 0.074375 0.125833
0 0.227500 0.262083 0.197500 0.262500
0 0.877500 0.175000 0.063750 0.113333
0 0.538750 0.146667 0.065000 0.081667
0 0.706250 0.150000 0.065000 0.100000
0 0.795625 0.135833 0.058750 0.101667
0 0.745625 0.141667 0.050000 0.116667
0 0.093438 0.131667 0.058125 0.105000
0 0.505625 0.113333 0.071250 0.091667
0 0.645625 0.140000 0.093750 0.148333
0 0.372188 0.116667 0.130625 0.103333
0 0.034688 0.107083 0.069375 0.184167
0 0.531875 0.046250 0.057500 0.065833
0 0.976562 0.059167 0.046875 0.118333
0 0.624375 0.044583 0.128750 0.089167
0 0.472187 0.048750 0.063125 0.097500
0 0.331250 0.034583 0.067500 0.069167
0 0.273125 0.019167 0.062500 0.038333
0 0.215000 0.025000 0.042500 0.050000
0 0.198750 0.099167 0.242500 0.198333