0 0.503437 0.977917 0.080625 0.044167
0 0.839063 0.975000 0.061875 0.050000
0 0.885938 0.949583 0.053125 0.070833
0 0.362500 0.953333 0.153750 0.093333
0 0.746250 0.948333 0.087500 0.103333
0 0.240313 0.939583 0.083125 0.095833
0 0.657813 0.944583 0.070625 0.110833
0 0.468438 0.916667 0.066875 0.100000
0 0.809063 0.908750 0.086875 0.109167
0 0.935312 0.898333 0.105625 0.146667
0 0.634687 0.860000 0.059375 0.070000
0 0.763750 0.857500 0.071250 0.090000
0 0.694063 0.847917 0.064375 0.084167
0 0.217812 0.847083 0.059375 0.097500
0 0.057500 0.882917 0.115000 0.215833
0 0.847812 0.794583 0.091875 0.129167
0 0.058750 0.758750 0.047500 0.067500
0 0.215625 0.762917 0.063750 0.080833
0 0.756563 0.764167 0.121875 0.106667
0 0.657813 0.767917 0.078125 0.119167
0 0.395625 0.811667 0.288750 0.210000
0 0.577812 0.810417 0.104375 0.235833
0 0.133437 0.832500 0.136875 0.291667
0 0.022812 0.722917 0.045625 0.095833
0 0.515625 0.724583 0.113750 0.110833
0 0.794687 0.701250 0.065625 0.080833
0 0.091250 0.694167 0.065000 0.071667
0 0.892188 0.689167 0.071875 0.091667
0 0.959688 0.700833 0.080625 0.150000
0 0.642813 0.663750 0.059375 0.079167
0 0.248750 0.664167 0.055000 0.118333
0 0.508437 0.635000 0.051875 0.071667
0 0.042813 0.644167 0.064375 0.090000
0 0.933438 0.651667 0.061875 0.106667
0 0.124063 0.607917 0.043125 0.057500
0 0.351562 0.658750 0.129375 0.160833
0 0.873437 0.626667 0.059375 0.098333
0 0.083437 0.618333 0.059375 0.083333
0 0.443437 0.620000 0.083125 0.091667
0 0.741875 0.637917 0.082500 0.140833
0 0.576250 0.639167 0.093750 0.146667
0 0.195625 0.616667 0.081250 0.115000
0 0.036875 0.547917 0.073750 0.084167
0 0.888437 0.529583 0.051875 0.069167
0 0.500000 0.550833 0.083750 0.120000
0 0.325625 0.548333 0.102500 0.120000
0 0.631250 0.536667 0.051250 0.098333
0 0.112500 0.517917 0.082500 0.109167
0 0.956562 0.547917 0.086875 0.170833
0 0.253125 0.515833 0.081250 0.146667
0 0.826875 0.554167 0.112500 0.235000
0 0.686875 0.563333 0.075000 0.256667
0 0.757500 0.452917 0.061250 0.080833
0 0.420312 0.475000 0.118125 0.148333
0 0.923438 0.442500 0.090625 0.110000
0 0.163125 0.469167 0.132500 0.176667
0 0.799063 0.424167 0.059375 0.091667
0 0.547500 0.472083 0.145000 0.224167
0 0.315000 0.436667 0.085000 0.156667
0 0.056875 0.433333 0.065000 0.155000
0 0.378125 0.373750 0.048750 0.067500
0 0.610938 0.401250 0.123125 0.150833
0 0.760000 0.357500 0.058750 0.083333
0 0.666562 0.361250 0.065625 0.090833
0 0.476562 0.331667 0.064375 0.083333
0 0.020938 0.324167 0.041875 0.080000
0 0.135000 0.339167 0.081250 0.121667
0 0.973125 0.334167 0.053750 0.161667
0 0.848750 0.334167 0.172500 0.208333
0 0.581250 0.280000 0.148750 0.103333
0 0.201875 0.265000 0.068750 0.086667
0 0.338750 0.295833 0.211250 0.158333
0 0.703750 0.259583 0.140000 0.144167
0 0.023750 0.224583 0.047500 0.079167
0 0.073438 0.271667 0.063125 0.175000
0 0.817813 0.220833 0.074375 0.095000
0 0.935625 0.235000 0.096250 0.150000
0 0.273125 0.192917 0.065000 0.082500
0 0.551250 0.185417 0.077500 0.084167
0 0.347813 0.183750 0.065625 0.087500
0 0.460313 0.210833 0.100625 0.161667
0 0.667188 0.171250 0.090625 0.105833
0 0.416875 0.150417 0.062500 0.080833
0 0.107500 0.147083 0.060000 0.092500
0 0.172500 0.152500 0.061250 0.106667
0 0.492812 0.131667 0.069375 0.101667
0 0.037500 0.105417 0.075000 0.090833
0 0.679063 0.090833 0.068125 0.070000
0 0.380000 0.097083 0.067500 0.082500
0 0.819063 0.128333 0.223125 0.150000
0 0.311563 0.103333 0.078125 0.130000
0 0.100000 0.054167 0.068750 0.083333
0 0.529062 0.051250 0.073125 0.085833
0 0.851875 0.092500 0.296250 0.185000
0 0.668750 0.030417 0.052500 0.060833
0 0.605625 0.085417 0.068750 0.170833
0 0.441875 0.043750 0.073750 0.087500
0 0.370937 0.030417 0.065625 0.060833
0 0.220625 0.088333 0.096250 0.176667
0 0.148750 0.038333 0.060000 0.076667
0 0.065625 0.025833 0.053750 0.051667