0 0.535312 0.979167 0.058125 0.041667
0 0.374688 0.947083 0.065625 0.082500
0 0.681250 0.950417 0.055000 0.094167
0 0.892188 0.937500 0.079375 0.100000
0 0.049063 0.896250 0.058125 0.080833
0 0.965313 0.887500 0.053125 0.068333
0 0.870000 0.883750 0.071250 0.069167
0 0.442500 0.869583 0.060000 0.079167
0 0.717500 0.839167 0.061250 0.088333
0 0.826875 0.830417 0.052500 0.077500
0 0.602500 0.816250 0.053750 0.079167
0 0.862812 0.802500 0.068125 0.091667
0 0.803750 0.762083 0.063750 0.059167
0 0.196563 0.741667 0.058125 0.073333
0 0.647500 0.735000 0.087500 0.115000
0 0.925000 0.697083 0.060000 0.070833
0 0.260937 0.699583 0.086875 0.102500
0 0.834688 0.697083 0.064375 0.119167
0 0.506563 0.672083 0.064375 0.085833
0 0.327500 0.620833 0.058750 0.075000
0 0.934688 0.630417 0.084375 0.110833
0 0.979375 0.603333 0.041250 0.085000
0 0.461562 0.584167 0.058125 0.075000
0 0.707500 0.577500 0.057500 0.078333
0 0.569063 0.564583 0.058125 0.080833
0 0.292187 0.559583 0.061875 0.092500
0 0.254063 0.548333 0.059375 0.073333
0 0.934688 0.540000 0.059375 0.068333
0 0.853750 0.538750 0.057500 0.074167
0 0.655000 0.545000 0.062500 0.086667
0 0.550625 0.492917 0.056250 0.090833
0 0.819063 0.467500 0.064375 0.088333
0 0.655937 0.442917 0.060625 0.079167
0 0.174063 0.420000 0.051875 0.066667
0 0.857187 0.391250 0.055625 0.075833
0 0.805625 0.380417 0.053750 0.064167
0 0.190938 0.348750 0.056875 0.077500
0 0.961250 0.407917 0.077500 0.205833
0 0.693125 0.344167 0.056250 0.095000
0 0.481563 0.327083 0.063125 0.072500
0 0.654062 0.330417 0.059375 0.082500
0 0.743125 0.283750 0.087500 0.057500
0 0.840938 0.270000 0.063125 0.083333
0 0.571562 0.267083 0.061875 0.077500
0 0.938750 0.285833 0.075000 0.118333
0 0.337187 0.248333 0.079375 0.100000
0 0.048125 0.186667 0.065000 0.080000
0 0.705000 0.163750 0.065000 0.079167
0 0.472500 0.161667 0.058750 0.075000
0 0.601250 0.156667 0.072500 0.090000
0 0.533438 0.135833 0.060625 0.088333
0 0.650937 0.106667 0.069375 0.073333
0 0.497500 0.102083 0.053750 0.069167
0 0.939375 0.099583 0.053750 0.067500
0 0.363125 0.091250 0.070000 0.095833
0 0.083750 0.051667 0.047500 0.081667
0 0.763125 0.030833 0.056250 0.061667
0 0.514375 0.037083 0.065000 0.074167
0 0.141563 0.030000 0.066875 0.060000