0 0.833750 0.943750 0.077500 0.104167
0 0.120000 0.907500 0.066250 0.101667
0 0.322813 0.891250 0.080625 0.112500
0 0.574063 0.817917 0.081875 0.109167
0 0.393750 0.766250 0.070000 0.100833
0 0.035000 0.749583 0.068750 0.104167
0 0.697187 0.729583 0.074375 0.109167
0 0.228125 0.646250 0.061250 0.092500
0 0.826875 0.637917 0.080000 0.115833
0 0.045625 0.581250 0.071250 0.104167
0 0.204375 0.552917 0.071250 0.104167
0 0.103438 0.537500 0.069375 0.098333
0 0.856563 0.537083 0.071875 0.100833
0 0.281875 0.497500 0.082500 0.108333
0 0.022812 0.474583 0.045625 0.087500
0 0.614375 0.452500 0.081250 0.110000
0 0.078750 0.433333 0.072500 0.096667
0 0.344062 0.414583 0.076875 0.112500
0 0.583438 0.370833 0.071875 0.091667
0 0.225312 0.339167 0.080625 0.090000
0 0.840938 0.290000 0.074375 0.110000
0 0.418750 0.235000 0.085000 0.110000
0 0.243125 0.215833 0.067500 0.101667
0 0.968750 0.202083 0.062500 0.109167
0 0.850938 0.149167 0.075625 0.101667
0 0.633437 0.122917 0.068125 0.099167
0 0.313750 0.085417 0.068750 0.097500