0 0.926562 0.973333 0.071875 0.053333
0 0.698125 0.965000 0.060000 0.070000
0 0.312188 0.949167 0.053125 0.080000
0 0.788438 0.917917 0.085625 0.077500
0 0.975938 0.924167 0.048125 0.093333
0 0.269375 0.891667 0.062500 0.078333
0 0.695937 0.900417 0.071875 0.099167
0 0.800625 0.838333 0.077500 0.065000
0 0.647500 0.829583 0.066250 0.079167
0 0.190625 0.809583 0.052500 0.065833
0 0.320312 0.845833 0.073125 0.145000
0 0.257812 0.802917 0.066875 0.075833
0 0.867812 0.779583 0.060625 0.089167
0 0.726562 0.760833 0.056875 0.090000
0 0.799687 0.756250 0.068125 0.102500
0 0.480000 0.737917 0.055000 0.092500
0 0.209375 0.731250 0.060000 0.080833
0 0.302500 0.687917 0.052500 0.069167
0 0.548438 0.683750 0.058125 0.079167
0 0.876563 0.660000 0.051875 0.076667
0 0.764375 0.659167 0.075000 0.101667
0 0.211562 0.639583 0.064375 0.074167
0 0.937500 0.631250 0.076250 0.095833
0 0.415312 0.621250 0.060625 0.079167
0 0.811875 0.608333 0.065000 0.075000
0 0.753125 0.574583 0.065000 0.062500
0 0.565312 0.588750 0.070625 0.092500
0 0.550937 0.546667 0.066875 0.080000
0 0.471562 0.534167 0.065625 0.065000
0 0.275625 0.539583 0.072500 0.082500
0 0.793125 0.517917 0.065000 0.067500
0 0.410938 0.525417 0.064375 0.094167
0 0.853750 0.505833 0.053750 0.095000
0 0.042188 0.488333 0.059375 0.095000
0 0.794063 0.453333 0.085625 0.075000
0 0.239687 0.452083 0.088125 0.117500
0 0.386250 0.440833 0.058750 0.105000
0 0.439688 0.420000 0.056875 0.091667
0 0.580000 0.409583 0.055000 0.072500
0 0.768750 0.403333 0.080000 0.065000
0 0.657188 0.425417 0.079375 0.114167
0 0.714375 0.399583 0.038750 0.139167
0 0.285000 0.371250 0.048750 0.099167
0 0.346250 0.352917 0.060000 0.079167
0 0.600938 0.334167 0.074375 0.063333
0 0.779062 0.340833 0.105625 0.085000
0 0.035000 0.335000 0.056250 0.080000
0 0.492188 0.328750 0.063125 0.090833
0 0.864062 0.305417 0.069375 0.070833
0 0.674063 0.272083 0.061875 0.082500
0 0.038750 0.263333 0.076250 0.078333
0 0.315312 0.257083 0.044375 0.070833
0 0.195312 0.272917 0.060625 0.125833
0 0.125938 0.263333 0.080625 0.123333
0 0.521563 0.230833 0.058125 0.068333
0 0.623750 0.239583 0.055000 0.104167
0 0.871875 0.224167 0.065000 0.078333
0 0.040938 0.192917 0.066875 0.070833
0 0.391562 0.184583 0.068125 0.077500
0 0.934375 0.186667 0.056250 0.095000
0 0.504687 0.185000 0.086875 0.106667
0 0.584688 0.166250 0.065625 0.075833
0 0.133437 0.151250 0.065625 0.082500
0 0.305937 0.149167 0.061875 0.086667
0 0.596250 0.120417 0.070000 0.075833
0 0.234063 0.107917 0.064375 0.094167
0 0.983125 0.084583 0.033750 0.075833
0 0.382500 0.081667 0.073750 0.093333
0 0.020625 0.051667 0.041250 0.076667
0 0.793125 0.020417 0.050000 0.040833
0 0.740625 0.027917 0.047500 0.055833
0 0.679375 0.018333 0.073750 0.036667
0 0.613437 0.021667 0.046875 0.043333
0 0.374063 0.040833 0.078125 0.081667