0 0.327500 0.984167 0.056250 0.031667
0 0.460938 0.978750 0.074375 0.042500
0 0.245312 0.975833 0.066875 0.048333
0 0.195625 0.952500 0.060000 0.076667
0 0.011562 0.926250 0.023125 0.074167
0 0.986563 0.920833 0.026875 0.073333
0 0.383750 0.920000 0.061250 0.081667
0 0.911250 0.913333 0.070000 0.093333
0 0.501250 0.911667 0.078750 0.101667
0 0.076250 0.874167 0.051250 0.070000
0 0.648125 0.862500 0.075000 0.063333
0 0.272500 0.872500 0.061250 0.096667
0 0.147187 0.861250 0.071875 0.075833
0 0.637500 0.815000 0.072500 0.070000
0 0.461875 0.803333 0.070000 0.075000
0 0.193125 0.806250 0.058750 0.087500
0 0.131250 0.788333 0.062500 0.073333
0 0.028438 0.792500 0.056875 0.093333
0 0.298125 0.766667 0.060000 0.071667
0 0.758750 0.722500 0.066250 0.073333
0 0.447188 0.714167 0.085625 0.090000
0 0.618125 0.695833 0.067500 0.086667
0 0.350625 0.700000 0.080000 0.108333
0 0.063750 0.678333 0.061250 0.081667
0 0.186250 0.660833 0.068750 0.070000
0 0.699375 0.665833 0.067500 0.093333
0 0.483750 0.641667 0.061250 0.071667
0 0.286250 0.619167 0.066250 0.086667
0 0.827812 0.632917 0.089375 0.130833
0 0.890938 0.603333 0.078125 0.106667
0 0.760000 0.577500 0.048750 0.066667
0 0.605000 0.585833 0.066250 0.093333
0 0.985313 0.536667 0.029375 0.065000
0 0.527500 0.534167 0.058750 0.066667
0 0.363125 0.547500 0.077500 0.096667
0 0.644687 0.532917 0.094375 0.119167
0 0.869375 0.506667 0.075000 0.071667
0 0.600938 0.466667 0.081875 0.095000
0 0.162500 0.471667 0.088750 0.111667
0 0.721875 0.400833 0.072500 0.093333
0 0.545000 0.395833 0.061250 0.083333
0 0.125000 0.399167 0.066250 0.093333
0 0.915312 0.397500 0.064375 0.093333
0 0.854375 0.394167 0.070000 0.096667
0 0.210000 0.385000 0.068750 0.095000
0 0.658750 0.346667 0.066250 0.101667
0 0.480625 0.340000 0.082500 0.111667
0 0.013437 0.317500 0.026875 0.076667
0 0.264062 0.325417 0.105625 0.132500
0 0.720000 0.287500 0.063750 0.080000
0 0.918750 0.282500 0.078750 0.093333
0 0.013437 0.235417 0.026875 0.057500
0 0.781875 0.231667 0.070000 0.090000
0 0.292500 0.227500 0.063750 0.083333
0 0.443125 0.214583 0.075000 0.084167
0 0.545000 0.220000 0.096250 0.098333
0 0.655000 0.195833 0.051250 0.053333
0 0.733750 0.192500 0.053750 0.066667
0 0.898750 0.189167 0.061250 0.080000
0 0.980313 0.175000 0.039375 0.091667
0 0.206875 0.173333 0.060000 0.088333
0 0.368750 0.150833 0.066250 0.090000
0 0.025313 0.155000 0.050625 0.098333
0 0.524687 0.147083 0.076875 0.117500
0 0.271562 0.123750 0.080625 0.084167
0 0.447813 0.118333 0.079375 0.115000
0 0.878125 0.096667 0.060000 0.075000
0 0.593125 0.095833 0.070000 0.093333
0 0.744375 0.075000 0.055000 0.068333
0 0.216875 0.075000 0.050000 0.081667
0 0.027813 0.070833 0.055625 0.080000
0 0.300000 0.062500 0.097500 0.093333
0 0.166875 0.054167 0.052500 0.083333
0 0.816875 0.040000 0.052500 0.068333
0 0.397813 0.055417 0.088125 0.105833
0 0.488125 0.055417 0.093750 0.110833
0 0.244688 0.014583 0.060625 0.029167
0 0.093750 0.017083 0.088750 0.034167