0 0.063437 0.954583 0.126875 0.090833
0 0.748750 0.951667 0.080000 0.096667
0 0.353438 0.939583 0.090625 0.102500
0 0.440312 0.917917 0.084375 0.092500
0 0.970625 0.917500 0.058750 0.093333
0 0.243125 0.920000 0.113750 0.133333
0 0.506250 0.890417 0.065000 0.080833
0 0.823750 0.892083 0.107500 0.092500
0 0.134375 0.884167 0.065000 0.083333
0 0.737500 0.879583 0.076250 0.092500
0 0.677813 0.864167 0.078125 0.115000
0 0.740313 0.815000 0.053125 0.058333
0 0.120313 0.803333 0.110625 0.115000
0 0.148438 0.729167 0.053125 0.085000
0 0.702500 0.724167 0.071250 0.095000
0 0.085625 0.713333 0.092500 0.110000
0 0.465313 0.681667 0.078125 0.100000
0 0.731563 0.648333 0.095625 0.071667
0 0.131250 0.664167 0.123750 0.135000
0 0.620000 0.590000 0.061250 0.080000
0 0.788125 0.600833 0.126250 0.111667
0 0.144375 0.556250 0.066250 0.095833
0 0.297187 0.520417 0.070625 0.104167
0 0.630938 0.509167 0.071875 0.095000
0 0.873125 0.502500 0.070000 0.088333
0 0.319375 0.467083 0.068750 0.087500
0 0.210625 0.450000 0.076250 0.095000
0 0.420312 0.439583 0.063125 0.080833
0 0.143750 0.453333 0.082500 0.113333
0 0.604062 0.422083 0.068125 0.102500
0 0.674063 0.423333 0.074375 0.115000
0 0.403750 0.374583 0.056250 0.084167
0 0.149688 0.358333 0.068125 0.085000
0 0.601875 0.316250 0.052500 0.085833
0 0.505000 0.316250 0.052500 0.087500
0 0.445937 0.315833 0.063125 0.088333
0 0.551562 0.308333 0.056875 0.095000
0 0.147187 0.278750 0.063125 0.082500
0 0.102813 0.294583 0.078125 0.115833
0 0.678438 0.265833 0.064375 0.098333
0 0.041250 0.248333 0.076250 0.083333
0 0.502188 0.241667 0.065625 0.071667
0 0.864062 0.234583 0.056875 0.089167
0 0.903750 0.192917 0.070000 0.072500
0 0.423438 0.208750 0.075625 0.119167
0 0.708750 0.212500 0.090000 0.131667
0 0.765000 0.202500 0.073750 0.115000
0 0.813750 0.154583 0.061250 0.070833
0 0.464062 0.168333 0.066875 0.098333
0 0.549063 0.150417 0.056875 0.087500
0 0.042500 0.146667 0.062500 0.080000
0 0.707187 0.125833 0.071875 0.066667
0 0.976250 0.126250 0.047500 0.079167
0 0.765000 0.115417 0.052500 0.072500
0 0.646250 0.124167 0.090000 0.090000
0 0.390937 0.112083 0.064375 0.087500
0 0.876563 0.093333 0.065625 0.078333
0 0.507188 0.090000 0.058125 0.085000
0 0.139063 0.087917 0.048125 0.094167
0 0.601250 0.063333 0.067500 0.101667
0 0.927500 0.049583 0.065000 0.084167
0 0.205313 0.049167 0.055625 0.085000
0 0.675625 0.050417 0.091250 0.090833
0 0.978437 0.038333 0.043125 0.076667
0 0.813125 0.048750 0.066250 0.097500
0 0.566562 0.037500 0.089375 0.075000
0 0.107188 0.030417 0.063125 0.060833
0 0.051875 0.025833 0.072500 0.051667