0 0.385937 0.982917 0.055625 0.034167
0 0.145000 0.975417 0.063750 0.049167
0 0.449375 0.972083 0.065000 0.055833
0 0.816875 0.941667 0.070000 0.091667
0 0.500625 0.930833 0.072500 0.086667
0 0.097500 0.902500 0.058750 0.090000
0 0.553750 0.887500 0.061250 0.086667
0 0.615625 0.875000 0.055000 0.085000
0 0.365625 0.878333 0.060000 0.105000
0 0.492500 0.830417 0.073750 0.087500
0 0.924375 0.832500 0.062500 0.093333
0 0.860000 0.800000 0.058750 0.088333
0 0.206875 0.803750 0.071250 0.105833
0 0.651250 0.782917 0.076250 0.092500
0 0.156250 0.762917 0.067500 0.104167
0 0.332500 0.690833 0.073750 0.090000
0 0.745625 0.636667 0.067500 0.091667
0 0.609375 0.583333 0.077500 0.091667
0 0.467500 0.520833 0.068750 0.090000
0 0.404375 0.476667 0.080000 0.098333
0 0.656875 0.463333 0.070000 0.085000
0 0.904375 0.440833 0.065000 0.086667
0 0.571250 0.440833 0.071250 0.086667
0 0.976562 0.441667 0.046875 0.091667
0 0.333750 0.440833 0.071250 0.090000
0 0.133125 0.387500 0.075000 0.086667
0 0.951875 0.370000 0.072500 0.085000
0 0.326250 0.344167 0.071250 0.090000
0 0.075000 0.335833 0.063750 0.080000
0 0.841250 0.285833 0.083750 0.113333
0 0.972812 0.272500 0.054375 0.093333
0 0.474375 0.279167 0.097500 0.120000
0 0.018437 0.190833 0.036875 0.103333
0 0.857500 0.177500 0.080000 0.110000
0 0.521875 0.165833 0.072500 0.100000
0 0.273125 0.155833 0.070000 0.093333
0 0.590625 0.109167 0.070000 0.090000
0 0.901250 0.104167 0.071250 0.130000
0 0.015938 0.059167 0.031875 0.090000
0 0.677500 0.051667 0.063750 0.095000