0 0.578438 0.962083 0.080625 0.075833
0 0.071875 0.938750 0.062500 0.095833
0 0.341875 0.923333 0.075000 0.098333
0 0.526875 0.830833 0.077500 0.116667
0 0.650000 0.799167 0.078750 0.096667
0 0.085000 0.768333 0.071250 0.098333
0 0.778750 0.676667 0.068750 0.111667
0 0.336875 0.639167 0.060000 0.116667
0 0.555000 0.597500 0.076250 0.093333
0 0.120000 0.594167 0.073750 0.096667
0 0.665000 0.415000 0.073750 0.095000
0 0.426875 0.355833 0.072500 0.103333
0 0.556875 0.352500 0.077500 0.106667
0 0.250000 0.336250 0.071250 0.104167
0 0.697500 0.319167 0.076250 0.106667
0 0.076250 0.304167 0.071250 0.100000
0 0.200313 0.251250 0.069375 0.085833
0 0.145000 0.274583 0.081250 0.135833
0 0.150625 0.106667 0.067500 0.091667
0 0.364375 0.105833 0.075000 0.103333
0 0.696250 0.075833 0.073750 0.106667