0 0.849063 0.982917 0.066875 0.034167
0 0.740938 0.976250 0.078125 0.047500
0 0.642813 0.958750 0.093125 0.082500
0 0.575000 0.954583 0.073750 0.090833
0 0.380937 0.932917 0.121875 0.082500
0 0.438750 0.897500 0.086250 0.068333
0 0.981563 0.862500 0.036875 0.090000
0 0.354375 0.854583 0.096250 0.075833
0 0.860625 0.765000 0.067500 0.075000
0 0.027813 0.769167 0.055625 0.093333
0 0.265313 0.749583 0.084375 0.100833
0 0.217188 0.716250 0.076875 0.087500
0 0.081875 0.704167 0.062500 0.076667
0 0.772813 0.670833 0.064375 0.066667
0 0.302812 0.655833 0.065625 0.080000
0 0.247812 0.643333 0.058125 0.070000
0 0.790937 0.609583 0.106875 0.075833
0 0.695000 0.611667 0.091250 0.096667
0 0.885625 0.556667 0.082500 0.071667
0 0.110000 0.534167 0.066250 0.083333
0 0.341875 0.535833 0.080000 0.090000
0 0.273125 0.538333 0.060000 0.098333
0 0.607500 0.472500 0.073750 0.076667
0 0.113125 0.420833 0.052500 0.080000
0 0.940625 0.393333 0.090000 0.091667
0 0.225625 0.360833 0.065000 0.076667
0 0.342813 0.352500 0.068125 0.063333
0 0.147500 0.350000 0.063750 0.095000
0 0.284375 0.297500 0.090000 0.073333
0 0.169687 0.240000 0.034375 0.025000
0 0.608750 0.233333 0.082500 0.063333
0 0.329062 0.209167 0.079375 0.081667
0 0.226875 0.206250 0.072500 0.099167
0 0.622188 0.175417 0.103125 0.064167
0 0.714063 0.170833 0.094375 0.063333
0 0.295938 0.165833 0.108125 0.063333
0 0.323750 0.109167 0.111250 0.075000
0 0.695000 0.099167 0.090000 0.060000
0 0.236875 0.097500 0.060000 0.083333
0 0.581250 0.042917 0.020000 0.024167
0 0.789375 0.035417 0.075000 0.070833
0 0.474687 0.022083 0.065625 0.044167
0 0.074375 0.032083 0.062500 0.064167