0 0.765312 0.981667 0.059375 0.036667
0 0.143437 0.979583 0.059375 0.040833
0 0.191562 0.960000 0.060625 0.075000
0 0.018437 0.961250 0.036875 0.077500
0 0.860000 0.954583 0.086250 0.090833
0 0.478125 0.943333 0.057500 0.078333
0 0.310625 0.923333 0.072500 0.095000
0 0.112500 0.915833 0.073750 0.096667
0 0.015938 0.877500 0.031875 0.076667
0 0.743437 0.878333 0.066875 0.083333
0 0.901250 0.851667 0.063750 0.088333
0 0.242500 0.844167 0.071250 0.086667
0 0.624687 0.820417 0.068125 0.084167
0 0.301563 0.764167 0.065625 0.086667
0 0.645625 0.744583 0.077500 0.082500
0 0.741875 0.732917 0.066250 0.094167
0 0.570312 0.715833 0.064375 0.063333
0 0.940312 0.726250 0.065625 0.085833
0 0.138125 0.709167 0.070000 0.066667
0 0.335000 0.711667 0.063750 0.090000
0 0.515312 0.691250 0.060625 0.089167
0 0.848750 0.682500 0.071250 0.090000
0 0.627500 0.673750 0.056250 0.087500
0 0.565937 0.650000 0.064375 0.075000
0 0.437500 0.677500 0.071250 0.130000
0 0.268125 0.652917 0.062500 0.082500
0 0.381250 0.667083 0.050000 0.139167
0 0.108125 0.638333 0.058750 0.088333
0 0.483125 0.635417 0.055000 0.089167
0 0.054062 0.609583 0.060625 0.090833
0 0.894375 0.604167 0.067500 0.083333
0 0.236250 0.582083 0.061250 0.079167
0 0.508750 0.567500 0.061250 0.080000
0 0.585313 0.561250 0.060625 0.079167
0 0.291250 0.558333 0.060000 0.086667
0 0.718437 0.543333 0.056875 0.068333
0 0.788125 0.555417 0.065000 0.097500
0 0.834375 0.523333 0.062500 0.081667
0 0.386562 0.515833 0.055625 0.080000
0 0.445937 0.512917 0.059375 0.080833
0 0.635000 0.510833 0.061250 0.090000
0 0.334062 0.510417 0.053125 0.089167
0 0.294063 0.482500 0.048125 0.085000
0 0.521250 0.477917 0.072500 0.087500
0 0.201563 0.461667 0.063125 0.085000
0 0.857500 0.459583 0.073750 0.087500
0 0.361250 0.445000 0.066250 0.080000
0 0.476875 0.435833 0.068750 0.093333
0 0.806250 0.434583 0.066250 0.102500
0 0.882500 0.406667 0.058750 0.075000
0 0.252812 0.396250 0.063125 0.084167
0 0.445937 0.402083 0.061875 0.097500
0 0.089375 0.390000 0.065000 0.085000
0 0.945000 0.355000 0.063750 0.078333
0 0.322813 0.356250 0.065625 0.087500
0 0.026562 0.348333 0.053125 0.075000
0 0.190938 0.335000 0.068125 0.071667
0 0.401250 0.339167 0.073750 0.090000
0 0.511875 0.335417 0.067500 0.094167
0 0.245000 0.319167 0.062500 0.088333
0 0.126250 0.291667 0.056250 0.078333
0 0.473125 0.294583 0.075000 0.089167
0 0.852812 0.305417 0.100625 0.130833
0 0.670625 0.280833 0.063750 0.086667
0 0.190312 0.265417 0.068125 0.087500
0 0.977187 0.264167 0.045625 0.086667
0 0.405938 0.233750 0.066875 0.084167
0 0.654062 0.229167 0.063125 0.078333
0 0.097500 0.220833 0.061250 0.070000
0 0.021250 0.217083 0.042500 0.082500
0 0.233125 0.202083 0.071250 0.082500
0 0.358750 0.187917 0.048750 0.067500
0 0.841875 0.195417 0.068750 0.090833
0 0.747188 0.214167 0.113125 0.130000
0 0.905000 0.185833 0.053750 0.076667
0 0.435625 0.178333 0.056250 0.078333
0 0.153750 0.167083 0.071250 0.090833
0 0.492188 0.149583 0.056875 0.079167
0 0.662813 0.144583 0.066875 0.072500
0 0.110000 0.142917 0.062500 0.080833
0 0.415312 0.134583 0.065625 0.074167
0 0.249062 0.132500 0.061875 0.075000
0 0.976562 0.125000 0.046875 0.071667
0 0.010313 0.092500 0.020625 0.053333
0 0.055000 0.088333 0.056250 0.083333
0 0.923125 0.081667 0.065000 0.088333
0 0.659062 0.081250 0.076875 0.095833
0 0.531563 0.072083 0.070625 0.082500
0 0.616563 0.030417 0.059375 0.060833
0 0.257812 0.035417 0.064375 0.070833