0 0.520000 0.979583 0.058750 0.040833
0 0.950000 0.979167 0.048750 0.041667
0 0.192500 0.972500 0.058750 0.055000
0 0.251250 0.966250 0.073750 0.067500
0 0.393750 0.952917 0.061250 0.094167
0 0.319375 0.928333 0.060000 0.088333
0 0.979062 0.920000 0.041875 0.078333
0 0.633125 0.905000 0.057500 0.078333
0 0.934688 0.895833 0.060625 0.083333
0 0.253437 0.885833 0.083125 0.085000
0 0.897188 0.880833 0.066875 0.078333
0 0.989688 0.844167 0.020625 0.060000
0 0.796250 0.855833 0.078750 0.103333
0 0.405000 0.844167 0.066250 0.090000
0 0.220938 0.830417 0.079375 0.079167
0 0.526875 0.831667 0.077500 0.095000
0 0.044375 0.812500 0.065000 0.086667
0 0.950313 0.790417 0.070625 0.090833
0 0.875938 0.761667 0.059375 0.115000
0 0.262813 0.747083 0.113125 0.094167
0 0.833438 0.745417 0.074375 0.120833
0 0.481875 0.720833 0.062500 0.086667
0 0.682500 0.720833 0.071250 0.093333
0 0.175000 0.688333 0.073750 0.081667
0 0.943125 0.695000 0.055000 0.098333
0 0.767500 0.688333 0.066250 0.088333
0 0.419063 0.696667 0.074375 0.125000
0 0.021562 0.655833 0.043125 0.083333
0 0.972187 0.622500 0.055625 0.083333
0 0.100625 0.620833 0.072500 0.083333
0 0.203125 0.602500 0.070000 0.090000
0 0.037187 0.539167 0.074375 0.080000
0 0.794375 0.523333 0.080000 0.105000
0 0.987187 0.486667 0.025625 0.078333
0 0.686875 0.509167 0.097500 0.136667
0 0.461250 0.457500 0.096250 0.156667
0 0.592500 0.380000 0.076250 0.095000
0 0.214375 0.317500 0.070000 0.096667
0 0.614688 0.278333 0.056875 0.088333
0 0.537188 0.229167 0.069375 0.101667
0 0.745625 0.203333 0.075000 0.078333
0 0.474062 0.235000 0.088125 0.173333
0 0.114375 0.187500 0.075000 0.093333
0 0.010313 0.161667 0.020625 0.065000
0 0.925625 0.153333 0.072500 0.098333
0 0.059375 0.124167 0.042500 0.066667
0 0.580625 0.125000 0.065000 0.091667
0 0.739688 0.107917 0.074375 0.092500
0 0.663125 0.107500 0.077500 0.116667
0 0.196875 0.085833 0.070000 0.076667
0 0.501875 0.085833 0.070000 0.093333
0 0.286250 0.061667 0.061250 0.085000