0 0.513750 0.972083 0.071250 0.055833
0 0.625938 0.959583 0.046875 0.057500
0 0.449688 0.919583 0.074375 0.094167
0 0.329375 0.916667 0.060000 0.088333
0 0.676875 0.888333 0.067500 0.098333
0 0.404375 0.870000 0.071250 0.095000
0 0.795000 0.846667 0.063750 0.065000
0 0.921875 0.843333 0.060000 0.078333
0 0.023438 0.842500 0.046875 0.080000
0 0.165625 0.817500 0.060000 0.073333
0 0.566875 0.822500 0.065000 0.086667
0 0.281250 0.810000 0.068750 0.091667
0 0.860000 0.787500 0.053750 0.083333
0 0.458125 0.779167 0.062500 0.083333
0 0.770000 0.757500 0.063750 0.086667
0 0.690625 0.753333 0.050000 0.085000
0 0.632500 0.734167 0.058750 0.076667
0 0.241875 0.674167 0.062500 0.080000
0 0.874375 0.653333 0.075000 0.101667
0 0.790625 0.633333 0.057500 0.078333
0 0.648750 0.634167 0.058750 0.080000
0 0.053125 0.630000 0.075000 0.105000
0 0.546875 0.590000 0.057500 0.081667
0 0.412500 0.550000 0.061250 0.081667
0 0.108125 0.543333 0.065000 0.075000
0 0.611250 0.537500 0.061250 0.080000
0 0.281250 0.544167 0.068750 0.096667
0 0.919375 0.539167 0.067500 0.090000
0 0.479375 0.517500 0.052500 0.070000
0 0.733125 0.478750 0.055000 0.075833
0 0.164375 0.458333 0.057500 0.075000
0 0.736563 0.426667 0.069375 0.068333
0 0.610625 0.427500 0.062500 0.090000
0 0.019688 0.399583 0.039375 0.087500
0 0.092500 0.386667 0.076250 0.085000
0 0.970938 0.390000 0.058125 0.105000
0 0.477812 0.395417 0.088125 0.117500
0 0.544063 0.377083 0.055625 0.109167
0 0.848750 0.371667 0.063750 0.103333
0 0.821250 0.328750 0.055000 0.067500
0 0.899687 0.337083 0.065625 0.097500
0 0.283750 0.323333 0.068750 0.091667
0 0.751250 0.292500 0.061250 0.080000
0 0.457500 0.289583 0.066250 0.104167
0 0.633125 0.194167 0.062500 0.090000
0 0.881875 0.183333 0.052500 0.071667
0 0.754687 0.181250 0.063125 0.087500
0 0.096250 0.175000 0.088750 0.105000
0 0.440625 0.150833 0.072500 0.076667
0 0.807813 0.143333 0.079375 0.101667
0 0.189688 0.105833 0.030625 0.043333
0 0.713750 0.113333 0.053750 0.061667
0 0.143125 0.078333 0.062500 0.061667
0 0.976562 0.094167 0.046875 0.096667
0 0.520625 0.086667 0.062500 0.085000
0 0.286875 0.064167 0.072500 0.090000
0 0.436250 0.046667 0.056250 0.075000
0 0.630000 0.032083 0.063750 0.064167
0 0.497500 0.014583 0.051250 0.029167
0 0.358125 0.022917 0.065000 0.045833