0 0.424375 0.974583 0.068750 0.050833
0 0.114375 0.964583 0.062500 0.070833
0 0.359375 0.963750 0.060000 0.072500
0 0.280625 0.954167 0.060000 0.076667
0 0.931875 0.945833 0.060000 0.080000
0 0.047188 0.937917 0.055625 0.082500
0 0.858125 0.920833 0.061250 0.081667
0 0.168750 0.906250 0.063750 0.080833
0 0.789375 0.900833 0.055000 0.073333
0 0.597500 0.900000 0.056250 0.071667
0 0.716250 0.904167 0.058750 0.083333
0 0.482500 0.895000 0.053750 0.068333
0 0.388125 0.895000 0.062500 0.071667
0 0.987500 0.885000 0.025000 0.073333
0 0.246875 0.879167 0.060000 0.080000
0 0.089688 0.880417 0.063125 0.087500
0 0.871563 0.852500 0.070625 0.076667
0 0.546250 0.843333 0.061250 0.081667
0 0.420625 0.845833 0.067500 0.086667
0 0.656875 0.835000 0.057500 0.088333
0 0.329062 0.830000 0.069375 0.085000
0 0.151250 0.821667 0.073750 0.075000
0 0.795000 0.813333 0.048750 0.068333
0 0.968750 0.826667 0.062500 0.096667
0 0.726562 0.817500 0.060625 0.083333
0 0.288750 0.795833 0.062500 0.071667
0 0.486875 0.799167 0.060000 0.080000
0 0.408750 0.781250 0.067500 0.077500
0 0.021250 0.775000 0.042500 0.066667
0 0.645312 0.767917 0.066875 0.085833
0 0.904375 0.755833 0.052500 0.086667
0 0.268750 0.746667 0.053750 0.078333
0 0.197500 0.747500 0.060000 0.080000
0 0.136250 0.737917 0.057500 0.080833
0 0.561250 0.744167 0.076250 0.103333
0 0.388437 0.725417 0.058125 0.079167
0 0.017188 0.713750 0.034375 0.057500
0 0.073750 0.720833 0.058750 0.080000
0 0.706250 0.720000 0.053750 0.085000
0 0.335000 0.715833 0.061250 0.081667
0 0.841875 0.709583 0.062500 0.074167
0 0.972187 0.718333 0.055625 0.101667
0 0.772500 0.701667 0.053750 0.088333
0 0.251875 0.678333 0.057500 0.081667
0 0.596875 0.667500 0.057500 0.086667
0 0.179375 0.655000 0.062500 0.071667
0 0.896875 0.643333 0.060000 0.071667
0 0.659375 0.637500 0.055000 0.073333
0 0.522500 0.637083 0.068750 0.074167
0 0.063750 0.634167 0.068750 0.070000
0 0.979062 0.621667 0.041875 0.061667
0 0.311875 0.626667 0.055000 0.071667
0 0.830000 0.621667 0.061250 0.071667
0 0.730625 0.621667 0.057500 0.085000
0 0.443125 0.587500 0.062500 0.066667
0 0.130000 0.579167 0.068750 0.076667
0 0.797500 0.575833 0.066250 0.081667
0 0.875000 0.561667 0.056250 0.065000
0 0.025937 0.567500 0.051875 0.083333
0 0.369688 0.560833 0.071875 0.071667
0 0.585625 0.551667 0.050000 0.081667
0 0.950625 0.555833 0.060000 0.096667
0 0.515000 0.544167 0.058750 0.073333
0 0.679375 0.537500 0.060000 0.080000
0 0.339687 0.531667 0.061875 0.078333
0 0.203750 0.517500 0.066250 0.076667
0 0.285938 0.515833 0.058125 0.081667
0 0.085000 0.504167 0.063750 0.070000
0 0.013125 0.483750 0.026250 0.079167
0 0.853125 0.485000 0.067500 0.088333
0 0.790000 0.474167 0.067500 0.085000
0 0.538125 0.459167 0.055000 0.070000
0 0.963125 0.446667 0.062500 0.078333
0 0.147500 0.441667 0.066250 0.075000
0 0.050625 0.422500 0.057500 0.076667
0 0.760625 0.427083 0.053750 0.090833
0 0.334375 0.418750 0.065000 0.089167
0 0.690625 0.402500 0.057500 0.073333
0 0.380000 0.392083 0.052500 0.080833
0 0.841875 0.386667 0.067500 0.071667
0 0.138125 0.355000 0.052500 0.068333
0 0.982812 0.352500 0.034375 0.080000
0 0.238437 0.346667 0.071875 0.068333
0 0.299375 0.344583 0.060000 0.090833
0 0.771875 0.331667 0.062500 0.075000
0 0.635000 0.336667 0.056250 0.085000
0 0.892500 0.314167 0.056250 0.083333
0 0.362500 0.285417 0.056250 0.080833
0 0.045000 0.281667 0.068750 0.095000
0 0.116875 0.269167 0.065000 0.083333
0 0.818750 0.254583 0.058750 0.090833
0 0.193750 0.237500 0.061250 0.073333
0 0.448125 0.227917 0.065000 0.107500
0 0.643437 0.198750 0.050625 0.069167
0 0.265313 0.205833 0.058125 0.083333
0 0.526875 0.197500 0.060000 0.083333
0 0.842812 0.197500 0.065625 0.096667
0 0.016563 0.180000 0.033125 0.075000
0 0.603125 0.168333 0.062500 0.073333
0 0.915000 0.175000 0.062500 0.091667
0 0.070000 0.173333 0.056250 0.088333
0 0.771875 0.170000 0.055000 0.085000
0 0.139375 0.165417 0.057500 0.089167
0 0.700625 0.154583 0.062500 0.069167
0 0.377500 0.165000 0.063750 0.091667
0 0.470625 0.115833 0.062500 0.070000
0 0.190625 0.118333 0.060000 0.085000
0 0.708750 0.109583 0.066250 0.072500
0 0.548750 0.100833 0.056250 0.076667
0 0.877188 0.109583 0.058125 0.097500
0 0.335938 0.087500 0.060625 0.080000
0 0.037500 0.080833 0.061250 0.076667
0 0.640625 0.077500 0.055000 0.090000
0 0.122813 0.066667 0.069375 0.071667
0 0.987187 0.065833 0.025625 0.086667
0 0.813750 0.059167 0.061250 0.080000
0 0.937500 0.060833 0.051250 0.090000
0 0.273438 0.046667 0.055625 0.075000
0 0.494375 0.032083 0.062500 0.064167