0 0.905625 0.967500 0.063750 0.065000
0 0.494688 0.957500 0.074375 0.085000
0 0.756250 0.950417 0.087500 0.099167
0 0.189375 0.940833 0.057500 0.098333
0 0.424375 0.937083 0.072500 0.099167
0 0.250000 0.910417 0.060000 0.084167
0 0.460938 0.871250 0.076875 0.085833
0 0.194375 0.860833 0.057500 0.076667
0 0.117188 0.849167 0.083125 0.118333
0 0.780625 0.850417 0.067500 0.125833
0 0.069062 0.867500 0.068125 0.186667
0 0.494063 0.795000 0.065625 0.081667
0 0.425938 0.791250 0.068125 0.089167
0 0.737187 0.779583 0.055625 0.077500
0 0.860625 0.772917 0.055000 0.084167
0 0.144375 0.775833 0.093750 0.098333
0 0.267500 0.767083 0.076250 0.112500
0 0.664062 0.700000 0.068125 0.095000
0 0.208125 0.691667 0.073750 0.085000
0 0.979375 0.705000 0.041250 0.116667
0 0.880313 0.685000 0.069375 0.098333
0 0.545312 0.688750 0.081875 0.112500
0 0.425000 0.661667 0.078750 0.095000
0 0.699063 0.635000 0.065625 0.085000
0 0.779687 0.613750 0.081875 0.102500
0 0.600000 0.596667 0.057500 0.086667
0 0.482812 0.594583 0.060625 0.087500
0 0.548750 0.595000 0.053750 0.090000
0 0.217500 0.585417 0.072500 0.135833
0 0.507812 0.545833 0.070625 0.078333
0 0.402187 0.548750 0.054375 0.084167
0 0.447813 0.514167 0.064375 0.086667
0 0.024063 0.517500 0.048125 0.111667
0 0.642500 0.510417 0.071250 0.102500
0 0.076563 0.494583 0.063125 0.072500
0 0.309688 0.480833 0.064375 0.098333
0 0.575937 0.463333 0.068125 0.083333
0 0.241875 0.464583 0.061250 0.087500
0 0.419687 0.460000 0.071875 0.098333
0 0.489687 0.446667 0.073125 0.090000
0 0.157812 0.459583 0.093125 0.119167
0 0.900937 0.453333 0.071875 0.111667
0 0.359687 0.436250 0.055625 0.080833
0 0.035000 0.427917 0.057500 0.079167
0 0.091875 0.422917 0.060000 0.080833
0 0.758437 0.462917 0.106875 0.164167
0 0.689375 0.422917 0.080000 0.105833
0 0.981563 0.458333 0.036875 0.181667
0 0.545625 0.408333 0.051250 0.090000
0 0.259062 0.391667 0.064375 0.073333
0 0.605313 0.395417 0.068125 0.082500
0 0.835313 0.404167 0.084375 0.113333
0 0.141250 0.375417 0.063750 0.075833
0 0.509375 0.369583 0.071250 0.082500
0 0.957500 0.351250 0.085000 0.100833
0 0.411875 0.320833 0.062500 0.070000
0 0.810625 0.334583 0.087500 0.134167
0 0.279375 0.309583 0.060000 0.089167
0 0.030937 0.303333 0.061875 0.096667
0 0.342187 0.290000 0.068125 0.086667
0 0.209687 0.259583 0.070625 0.087500
0 0.021562 0.229583 0.043125 0.117500
0 0.298750 0.207500 0.106250 0.111667
0 0.805625 0.163750 0.083750 0.102500
0 0.566875 0.157500 0.080000 0.100000
0 0.702187 0.157083 0.070625 0.107500
0 0.214062 0.148750 0.071875 0.092500
0 0.638750 0.130833 0.078750 0.095000
0 0.509687 0.113750 0.066875 0.090833
0 0.114062 0.094167 0.060625 0.066667
0 0.309063 0.078750 0.064375 0.082500
0 0.245312 0.067500 0.081875 0.096667