0 0.170000 0.980000 0.076250 0.040000
0 0.568125 0.971250 0.072500 0.057500
0 0.325000 0.970417 0.058750 0.059167
0 0.706875 0.962917 0.067500 0.074167
0 0.852812 0.960000 0.069375 0.080000
0 0.953125 0.956250 0.065000 0.087500
0 0.463125 0.954583 0.065000 0.090833
0 0.802813 0.933750 0.066875 0.092500
0 0.401250 0.901667 0.066250 0.098333
0 0.685625 0.880417 0.071250 0.080833
0 0.123125 0.863333 0.065000 0.088333
0 0.491563 0.862500 0.066875 0.090000
0 0.235937 0.860417 0.074375 0.094167
0 0.651250 0.865833 0.066250 0.113333
0 0.545625 0.820000 0.065000 0.091667
0 0.334375 0.801667 0.065000 0.088333
0 0.029063 0.794167 0.058125 0.083333
0 0.975313 0.765833 0.049375 0.090000
0 0.143750 0.755000 0.063750 0.101667
0 0.079062 0.737917 0.060625 0.099167
0 0.908750 0.740833 0.071250 0.106667
0 0.412500 0.730000 0.066250 0.101667
0 0.765312 0.713333 0.069375 0.098333
0 0.540000 0.664167 0.058750 0.073333
0 0.034375 0.675417 0.057500 0.105833
0 0.093750 0.655000 0.096250 0.121667
0 0.322188 0.612917 0.074375 0.110833
0 0.501875 0.560000 0.060000 0.091667
0 0.045000 0.549167 0.063750 0.090000
0 0.794375 0.547500 0.062500 0.090000
0 0.943125 0.541667 0.070000 0.088333
0 0.120000 0.523333 0.068750 0.095000
0 0.325625 0.515000 0.062500 0.081667
0 0.615000 0.506667 0.061250 0.095000
0 0.409375 0.532917 0.078750 0.149167
0 0.460625 0.489167 0.065000 0.083333
0 0.566250 0.426667 0.056250 0.095000
0 0.900312 0.421250 0.076875 0.094167
0 0.287500 0.414167 0.058750 0.083333
0 0.169375 0.420833 0.067500 0.100000
0 0.098125 0.412500 0.065000 0.086667
0 0.708750 0.402500 0.071250 0.096667
0 0.765312 0.367500 0.071875 0.096667
0 0.030937 0.367500 0.061875 0.100000
0 0.427500 0.352500 0.066250 0.103333
0 0.926875 0.336250 0.066250 0.087500
0 0.857187 0.340417 0.070625 0.095833
0 0.133750 0.329167 0.066250 0.086667
0 0.348125 0.315833 0.070000 0.096667
0 0.275000 0.305833 0.068750 0.090000
0 0.798438 0.295000 0.074375 0.093333
0 0.879062 0.267083 0.070625 0.094167
0 0.596562 0.257917 0.063125 0.080833
0 0.579688 0.196667 0.080625 0.066667
0 0.310000 0.184167 0.067500 0.060000
0 0.017188 0.203333 0.034375 0.101667
0 0.086250 0.194167 0.071250 0.100000
0 0.455625 0.176667 0.067500 0.095000
0 0.984375 0.167083 0.031250 0.090833
0 0.376563 0.158750 0.064375 0.107500
0 0.310000 0.118333 0.073750 0.083333
0 0.206875 0.119167 0.065000 0.100000
0 0.120625 0.086667 0.072500 0.091667
0 0.962812 0.088750 0.074375 0.100833
0 0.719063 0.051667 0.065625 0.093333
0 0.650000 0.039583 0.073750 0.079167
0 0.108750 0.020417 0.068750 0.040833