0 0.893750 0.972917 0.063750 0.054167
0 0.070000 0.961250 0.068750 0.077500
0 0.446250 0.940833 0.066250 0.096667
0 0.668750 0.901667 0.073750 0.095000
0 0.518750 0.896667 0.071250 0.095000
0 0.119375 0.871667 0.072500 0.091667
0 0.304375 0.842500 0.067500 0.093333
0 0.163438 0.831667 0.073125 0.093333
0 0.951562 0.821250 0.070625 0.092500
0 0.821250 0.815833 0.068750 0.096667
0 0.894062 0.801667 0.070625 0.093333
0 0.459688 0.793333 0.091875 0.165000
0 0.064062 0.746667 0.071875 0.095000
0 0.137500 0.741667 0.072500 0.093333
0 0.871563 0.730000 0.068125 0.095000
0 0.412500 0.720833 0.071250 0.093333
0 0.798750 0.721667 0.073750 0.098333
0 0.193125 0.667500 0.072500 0.093333
0 0.493125 0.664167 0.065000 0.090000
0 0.077500 0.626667 0.063750 0.088333
0 0.666250 0.623333 0.066250 0.088333
0 0.908125 0.613333 0.067500 0.091667
0 0.143750 0.579167 0.063750 0.080000
0 0.265000 0.568333 0.068750 0.098333
0 0.910000 0.503750 0.078750 0.080833
0 0.352500 0.468333 0.063750 0.085000
0 0.652813 0.475000 0.060625 0.105000
0 0.712812 0.473750 0.071875 0.104167
0 0.596875 0.465833 0.067500 0.091667
0 0.813438 0.460833 0.070625 0.088333
0 0.909687 0.432500 0.070625 0.086667
0 0.415000 0.423333 0.066250 0.085000
0 0.839063 0.416250 0.064375 0.085833
0 0.513125 0.394167 0.085000 0.113333
0 0.963437 0.366667 0.073125 0.105000
0 0.743750 0.345417 0.058750 0.089167
0 0.805312 0.335417 0.070625 0.092500
0 0.364375 0.343333 0.065000 0.108333
0 0.899375 0.295000 0.092500 0.111667
0 0.497500 0.280000 0.078750 0.098333
0 0.121250 0.272500 0.071250 0.113333
0 0.186875 0.259167 0.070000 0.093333
0 0.266250 0.242500 0.066250 0.096667
0 0.728750 0.230833 0.066250 0.093333
0 0.852500 0.175000 0.058750 0.081667
0 0.043125 0.175000 0.070000 0.095000
0 0.378750 0.150833 0.061250 0.083333
0 0.670937 0.140417 0.074375 0.097500
0 0.646875 0.091667 0.067500 0.093333
0 0.238750 0.080833 0.063750 0.096667
0 0.175625 0.076667 0.072500 0.091667
0 0.379375 0.048333 0.055000 0.078333
0 0.777500 0.049167 0.066250 0.086667
0 0.942500 0.041667 0.065000 0.083333
0 0.888437 0.053333 0.064375 0.106667
0 0.221562 0.016250 0.078125 0.032500
0 0.115000 0.032917 0.068750 0.065833
0 0.025313 0.024583 0.050625 0.049167