0 0.401875 0.955417 0.075000 0.089167
0 0.301250 0.943750 0.066250 0.112500
0 0.019688 0.940417 0.039375 0.119167
0 0.265000 0.847500 0.073750 0.100000
0 0.928125 0.824167 0.062500 0.100000
0 0.523750 0.800833 0.076250 0.086667
0 0.699688 0.837500 0.046875 0.170000
0 0.583125 0.790000 0.072500 0.103333
0 0.767500 0.788333 0.053750 0.115000
0 0.393750 0.747500 0.063750 0.110000
0 0.318750 0.734167 0.066250 0.096667
0 0.810625 0.691667 0.065000 0.078333
0 0.163750 0.655000 0.066250 0.091667
0 0.967187 0.599167 0.065625 0.090000
0 0.053750 0.600833 0.061250 0.113333
0 0.864062 0.577917 0.071875 0.090833
0 0.383750 0.575000 0.076250 0.091667
0 0.733125 0.536667 0.085000 0.105000
0 0.164687 0.525833 0.080625 0.090000
0 0.861250 0.495000 0.073750 0.098333
0 0.817813 0.457917 0.078125 0.094167
0 0.715000 0.435417 0.073750 0.100833
0 0.920000 0.419167 0.083750 0.083333
0 0.807500 0.384167 0.072500 0.086667
0 0.661875 0.373333 0.065000 0.085000
0 0.224375 0.370000 0.067500 0.081667
0 0.754687 0.344583 0.070625 0.105833
0 0.343438 0.322083 0.066875 0.122500
0 0.811875 0.299583 0.073750 0.082500
0 0.615000 0.307917 0.061250 0.104167
0 0.426250 0.292500 0.066250 0.086667
0 0.935625 0.294167 0.077500 0.096667
0 0.985625 0.276667 0.028750 0.080000
0 0.555000 0.255000 0.063750 0.088333
0 0.429063 0.208750 0.081875 0.085833
0 0.848750 0.193333 0.085000 0.096667
0 0.705000 0.194167 0.073750 0.100000
0 0.109375 0.168333 0.060000 0.101667
0 0.986875 0.112083 0.026250 0.062500
0 0.183750 0.105833 0.071250 0.096667
0 0.863125 0.096250 0.068750 0.092500
0 0.826250 0.080000 0.068750 0.108333
0 0.536250 0.064167 0.071250 0.090000
0 0.965313 0.051667 0.069375 0.095000
0 0.491563 0.025833 0.061875 0.051667
0 0.443437 0.061667 0.069375 0.123333