0 0.798125 0.971667 0.070000 0.056667
0 0.549063 0.970417 0.065625 0.059167
0 0.041875 0.930833 0.060000 0.080000
0 0.916250 0.927083 0.065000 0.082500
0 0.605000 0.925833 0.061250 0.080000
0 0.698125 0.928333 0.067500 0.088333
0 0.510625 0.895833 0.057500 0.083333
0 0.402813 0.892500 0.070625 0.076667
0 0.178125 0.880000 0.055000 0.081667
0 0.081562 0.870000 0.055625 0.078333
0 0.774687 0.863333 0.068125 0.090000
0 0.426563 0.855000 0.059375 0.073333
0 0.972812 0.873333 0.054375 0.120000
0 0.295938 0.850833 0.056875 0.085000
0 0.350000 0.840417 0.056250 0.080833
0 0.705000 0.839167 0.066250 0.080000
0 0.024688 0.839167 0.049375 0.083333
0 0.876875 0.820000 0.090000 0.118333
0 0.278750 0.787500 0.068750 0.073333
0 0.935625 0.795833 0.063750 0.101667
0 0.771250 0.781667 0.068750 0.081667
0 0.085312 0.747083 0.060625 0.074167
0 0.420000 0.730000 0.053750 0.076667
0 0.132500 0.728333 0.048750 0.085000
0 0.905625 0.722083 0.066250 0.082500
0 0.638125 0.710000 0.060000 0.068333
0 0.181250 0.715833 0.046250 0.080000
0 0.972812 0.723333 0.054375 0.101667
0 0.364687 0.702917 0.059375 0.070833
0 0.061250 0.703333 0.052500 0.071667
0 0.546875 0.701667 0.092500 0.095000
0 0.883125 0.661667 0.056250 0.066667
0 0.632500 0.650833 0.050000 0.060000
0 0.031563 0.647917 0.060625 0.070833
0 0.381563 0.646667 0.065625 0.076667
0 0.937813 0.658333 0.075625 0.101667
0 0.285625 0.645833 0.057500 0.090000
0 0.404375 0.605833 0.063750 0.070000
0 0.983437 0.609167 0.033125 0.090000
0 0.334375 0.585833 0.057500 0.076667
0 0.465313 0.587500 0.059375 0.083333
0 0.149375 0.569167 0.057500 0.080000
0 0.580625 0.569583 0.050000 0.082500
0 0.425625 0.524167 0.050000 0.080000
0 0.492500 0.534167 0.088750 0.118333
0 0.231250 0.516667 0.066250 0.098333
0 0.738437 0.507917 0.071875 0.082500
0 0.337500 0.490833 0.071250 0.073333
0 0.970313 0.492917 0.059375 0.079167
0 0.043750 0.475417 0.051250 0.077500
0 0.569375 0.460000 0.062500 0.078333
0 0.874687 0.453750 0.054375 0.072500
0 0.103125 0.451667 0.065000 0.071667
0 0.634687 0.465000 0.053125 0.103333
0 0.755313 0.439583 0.053125 0.067500
0 0.909375 0.438333 0.067500 0.070000
0 0.976875 0.426250 0.046250 0.067500
0 0.811875 0.440000 0.083750 0.096667
0 0.615313 0.400000 0.064375 0.070000
0 0.019062 0.371667 0.038125 0.081667
0 0.441875 0.366250 0.055000 0.085833
0 0.702500 0.350833 0.063750 0.090000
0 0.789062 0.300000 0.064375 0.088333
0 0.974063 0.272917 0.051875 0.084167
0 0.461562 0.257917 0.065625 0.082500
0 0.220000 0.275000 0.107500 0.135000
0 0.169063 0.254167 0.058125 0.093333
0 0.018437 0.240833 0.036875 0.096667
0 0.911250 0.213333 0.051250 0.068333
0 0.966875 0.187500 0.060000 0.080000
0 0.049063 0.198750 0.074375 0.135833
0 0.136250 0.165000 0.051250 0.075000
0 0.408125 0.182083 0.072500 0.119167
0 0.317812 0.162500 0.068125 0.085000
0 0.484375 0.149167 0.055000 0.083333
0 0.023125 0.138750 0.046250 0.077500
0 0.664687 0.115417 0.046875 0.072500
0 0.371250 0.113333 0.053750 0.068333
0 0.788125 0.096667 0.052500 0.068333
0 0.563125 0.097500 0.057500 0.078333
0 0.055000 0.087500 0.058750 0.075000
0 0.135937 0.087083 0.064375 0.084167
0 0.738750 0.080833 0.048750 0.080000
0 0.012188 0.066250 0.024375 0.067500
0 0.885000 0.057500 0.061250 0.076667
0 0.965000 0.037500 0.053750 0.060000
0 0.687500 0.049167 0.052500 0.085000
0 0.804688 0.027083 0.061875 0.054167
0 0.169375 0.041667 0.062500 0.083333
0 0.027813 0.022917 0.055625 0.045833