0 0.661250 0.983750 0.060000 0.032500
0 0.317500 0.976250 0.065000 0.047500
0 0.565625 0.971667 0.067500 0.056667
0 0.028438 0.971250 0.056875 0.057500
0 0.952500 0.969583 0.061250 0.060833
0 0.501875 0.969167 0.058750 0.061667
0 0.807187 0.962500 0.083125 0.075000
0 0.240937 0.955833 0.069375 0.088333
0 0.873750 0.939583 0.065000 0.082500
0 0.615625 0.926250 0.060000 0.080833
0 0.185625 0.917917 0.058750 0.090833
0 0.723437 0.925000 0.059375 0.108333
0 0.101562 0.911667 0.061875 0.101667
0 0.548750 0.897500 0.058750 0.081667
0 0.273438 0.885833 0.058125 0.086667
0 0.789687 0.883333 0.074375 0.100000
0 0.480312 0.871667 0.063125 0.076667
0 0.019688 0.881667 0.039375 0.098333
0 0.989062 0.867500 0.021875 0.078333
0 0.128125 0.854583 0.060000 0.092500
0 0.870313 0.859167 0.070625 0.108333
0 0.655312 0.848333 0.075625 0.098333
0 0.408438 0.842917 0.071875 0.100833
0 0.064687 0.826667 0.060625 0.078333
0 0.800937 0.812917 0.059375 0.072500
0 0.934375 0.838750 0.066250 0.135833
0 0.463125 0.801250 0.066250 0.075833
0 0.727500 0.806667 0.070000 0.098333
0 0.284062 0.793333 0.054375 0.078333
0 0.012500 0.789167 0.025000 0.091667
0 0.349062 0.792500 0.065625 0.100000
0 0.180938 0.789167 0.048125 0.101667
0 0.870938 0.762083 0.071875 0.080833
0 0.131562 0.754167 0.086875 0.086667
0 0.410625 0.744583 0.062500 0.077500
0 0.988125 0.754583 0.023750 0.107500
0 0.051562 0.736250 0.049375 0.084167
0 0.710313 0.713333 0.046875 0.066667
0 0.759375 0.709583 0.060000 0.072500
0 0.614062 0.730833 0.061875 0.128333
0 0.816250 0.714167 0.051250 0.105000
0 0.540625 0.711250 0.057500 0.120833
0 0.419375 0.679583 0.052500 0.060833
0 0.936875 0.702917 0.063750 0.109167
0 0.640312 0.681667 0.065625 0.078333
0 0.479687 0.696667 0.066875 0.110000
0 0.985938 0.669167 0.028125 0.068333
0 0.343438 0.695000 0.071875 0.121667
0 0.200313 0.682083 0.080625 0.105833
0 0.851250 0.669583 0.066250 0.082500
0 0.265000 0.682500 0.061250 0.115000
0 0.041875 0.653333 0.061250 0.066667
0 0.546250 0.637500 0.063750 0.086667
0 0.460000 0.633750 0.086250 0.079167
0 0.093125 0.640833 0.072500 0.101667
0 0.294375 0.617500 0.048750 0.066667
0 0.865625 0.608333 0.056250 0.070000
0 0.655625 0.609167 0.056250 0.075000
0 0.584063 0.607917 0.056875 0.072500
0 0.366875 0.606667 0.068750 0.100000
0 0.786563 0.610000 0.071875 0.123333
0 0.963750 0.593333 0.072500 0.098333
0 0.033750 0.582500 0.067500 0.078333
0 0.717812 0.566250 0.061875 0.084167
0 0.112812 0.552917 0.075625 0.087500
0 0.382812 0.540417 0.060625 0.067500
0 0.496563 0.545000 0.068125 0.088333
0 0.046562 0.544167 0.059375 0.086667
0 0.569688 0.541667 0.054375 0.085000
0 0.626563 0.540833 0.055625 0.091667
0 0.309688 0.520000 0.076875 0.083333
0 0.237813 0.527500 0.060625 0.101667
0 0.680625 0.508750 0.070000 0.090833
0 0.422500 0.509583 0.070000 0.102500
0 0.820000 0.493333 0.070000 0.088333
0 0.537813 0.463333 0.065625 0.076667
0 0.863125 0.452083 0.048750 0.082500
0 0.130938 0.456250 0.085625 0.092500
0 0.233750 0.442500 0.065000 0.088333
0 0.916875 0.448333 0.100000 0.110000
0 0.602187 0.425417 0.086875 0.125833
0 0.090938 0.385000 0.054375 0.058333
0 0.298125 0.407083 0.058750 0.104167
0 0.368437 0.375833 0.058125 0.071667
0 0.151875 0.374583 0.058750 0.072500
0 0.960000 0.378333 0.060000 0.090000
0 0.525625 0.372917 0.058750 0.084167
0 0.219688 0.372917 0.085625 0.092500
0 0.453437 0.355833 0.065625 0.088333
0 0.810312 0.347917 0.058125 0.122500
0 0.980313 0.322917 0.039375 0.074167
0 0.726562 0.329167 0.064375 0.088333
0 0.653750 0.315833 0.058750 0.086667
0 0.256250 0.311667 0.060000 0.081667
0 0.542500 0.303750 0.042500 0.072500
0 0.170625 0.299167 0.047500 0.071667
0 0.106563 0.304167 0.060625 0.085000
0 0.411875 0.300417 0.058750 0.102500
0 0.965625 0.281250 0.052500 0.080833
0 0.900312 0.277917 0.059375 0.079167
0 0.018125 0.274167 0.036250 0.088333
0 0.132500 0.259583 0.063750 0.072500
0 0.336250 0.279167 0.067500 0.116667
0 0.477187 0.279167 0.071875 0.125000
0 0.765312 0.261667 0.093125 0.110000
0 0.270625 0.242500 0.051250 0.086667
0 0.598437 0.238750 0.099375 0.089167
0 0.077500 0.210000 0.061250 0.093333
0 0.844063 0.217917 0.089375 0.114167
0 0.493437 0.169167 0.091875 0.095000
0 0.890312 0.156667 0.054375 0.088333
0 0.160625 0.155000 0.057500 0.096667
0 0.211875 0.146250 0.056250 0.082500
0 0.021562 0.156250 0.043125 0.110833
0 0.567187 0.134167 0.053125 0.096667
0 0.293438 0.107083 0.081875 0.095833
0 0.062500 0.110000 0.086250 0.101667
0 0.508125 0.078333 0.063750 0.080000
0 0.654062 0.075000 0.058125 0.080000
0 0.371875 0.079583 0.066250 0.097500
0 0.812813 0.070833 0.051875 0.081667
0 0.116875 0.060417 0.053750 0.072500
0 0.738750 0.071667 0.072500 0.111667
0 0.405313 0.035417 0.039375 0.055833
0 0.972500 0.032917 0.055000 0.065833
0 0.897813 0.047500 0.093125 0.095000
0 0.706875 0.024167 0.050000 0.048333
0 0.635625 0.017083 0.055000 0.034167
0 0.542500 0.035417 0.107500 0.070833
0 0.245938 0.025833 0.054375 0.051667
0 0.143750 0.037917 0.068750 0.075833
0 0.072813 0.026250 0.064375 0.052500