0 0.720625 0.982917 0.068750 0.034167
0 0.585625 0.979167 0.063750 0.041667
0 0.471875 0.974583 0.063750 0.050833
0 0.023438 0.971250 0.046875 0.057500
0 0.407813 0.967917 0.061875 0.064167
0 0.964375 0.967083 0.052500 0.065833
0 0.321562 0.965833 0.063125 0.068333
0 0.792500 0.946667 0.051250 0.070000
0 0.897188 0.954167 0.081875 0.091667
0 0.552188 0.944167 0.059375 0.075000
0 0.224375 0.932083 0.045000 0.065833
0 0.620313 0.925833 0.055625 0.073333
0 0.273750 0.921667 0.052500 0.066667
0 0.732500 0.929583 0.066250 0.084167
0 0.469687 0.915417 0.056875 0.069167
0 0.860000 0.900000 0.070000 0.058333
0 0.145000 0.907083 0.065000 0.079167
0 0.039688 0.904167 0.058125 0.076667
0 0.578750 0.890833 0.055000 0.076667
0 0.404687 0.839167 0.059375 0.078333
0 0.047813 0.832500 0.051875 0.073333
0 0.876563 0.835417 0.081875 0.084167
0 0.349062 0.803750 0.054375 0.074167
0 0.760625 0.805833 0.062500 0.080000
0 0.698750 0.799583 0.053750 0.075833
0 0.468438 0.792083 0.054375 0.065833
0 0.911875 0.772917 0.060000 0.070833
0 0.118750 0.767500 0.080000 0.088333
0 0.023438 0.761250 0.046875 0.094167
0 0.074063 0.730833 0.054375 0.081667
0 0.717500 0.729167 0.085000 0.085000
0 0.485312 0.715833 0.056875 0.078333
0 0.390937 0.717500 0.054375 0.081667
0 0.272813 0.705417 0.065625 0.080833
0 0.854375 0.686667 0.067500 0.063333
0 0.310937 0.670417 0.065625 0.082500
0 0.056875 0.650000 0.072500 0.066667
0 0.973750 0.647500 0.052500 0.075000
0 0.802813 0.646667 0.061875 0.075000
0 0.712812 0.647500 0.074375 0.080000
0 0.425000 0.640833 0.067500 0.090000
0 0.562813 0.642500 0.073125 0.095000
0 0.110937 0.629583 0.063125 0.087500
0 0.260937 0.626250 0.055625 0.082500
0 0.661250 0.614583 0.057500 0.092500
0 0.792500 0.581667 0.065000 0.085000
0 0.614062 0.578333 0.059375 0.093333
0 0.495000 0.583750 0.077500 0.119167
0 0.370625 0.557083 0.051250 0.079167
0 0.946250 0.545000 0.071250 0.065000
0 0.773750 0.551250 0.081250 0.124167
0 0.246875 0.528333 0.087500 0.130000
0 0.476250 0.496250 0.075000 0.082500
0 0.044062 0.483750 0.058125 0.069167
0 0.107188 0.452083 0.071875 0.090833
0 0.520938 0.436250 0.058125 0.074167
0 0.020000 0.429583 0.040000 0.065833
0 0.576250 0.429583 0.063750 0.072500
0 0.986875 0.406667 0.026250 0.063333
0 0.077813 0.395000 0.056875 0.063333
0 0.155000 0.384583 0.061250 0.067500
0 0.330625 0.375417 0.061250 0.064167
0 0.407813 0.380000 0.041875 0.091667
0 0.862500 0.379583 0.072500 0.104167
0 0.455625 0.364583 0.057500 0.085833
0 0.981563 0.348333 0.036875 0.073333
0 0.060625 0.332500 0.058750 0.068333
0 0.260313 0.338750 0.060625 0.085833
0 0.347187 0.312917 0.063125 0.065833
0 0.179063 0.315417 0.053125 0.077500
0 0.545937 0.321250 0.073125 0.092500
0 0.145000 0.258750 0.043750 0.064167
0 0.911875 0.262917 0.062500 0.074167
0 0.969688 0.270833 0.060625 0.093333
0 0.365625 0.242083 0.056250 0.070833
0 0.097500 0.232500 0.060000 0.090000
0 0.860938 0.219167 0.054375 0.071667
0 0.303750 0.205000 0.058750 0.081667
0 0.513750 0.210833 0.061250 0.095000
0 0.184688 0.202500 0.055625 0.078333
0 0.027187 0.203333 0.054375 0.083333
0 0.570312 0.213750 0.054375 0.105833
0 0.409062 0.187917 0.061875 0.079167
0 0.077188 0.185000 0.070625 0.096667
0 0.145000 0.160417 0.056250 0.072500
0 0.885312 0.155000 0.053125 0.078333
0 0.622812 0.187917 0.073125 0.149167
0 0.560312 0.130000 0.049375 0.070000
0 0.245000 0.152083 0.093750 0.119167
0 0.506250 0.128750 0.052500 0.090833
0 0.030937 0.110000 0.061875 0.091667
0 0.334375 0.102083 0.067500 0.089167
0 0.432500 0.079583 0.061250 0.074167
0 0.944063 0.076250 0.051875 0.075833
0 0.891875 0.074583 0.051250 0.077500
0 0.124375 0.077917 0.067500 0.084167
0 0.600625 0.064583 0.057500 0.084167
0 0.036250 0.041667 0.052500 0.070000
0 0.974688 0.022083 0.050625 0.044167
0 0.920000 0.019167 0.071250 0.038333
0 0.676875 0.035000 0.111250 0.070000
0 0.448125 0.020833 0.060000 0.041667
0 0.341250 0.028333 0.051250 0.056667
0 0.196563 0.032500 0.056875 0.065000
0 0.150312 0.020833 0.059375 0.041667