0 0.898125 0.979583 0.070000 0.040833
0 0.180625 0.949167 0.082500 0.093333
0 0.256875 0.900000 0.065000 0.081667
0 0.861250 0.898333 0.073750 0.091667
0 0.085625 0.868333 0.065000 0.085000
0 0.029687 0.824167 0.059375 0.090000
0 0.925000 0.817500 0.068750 0.100000
0 0.620000 0.782500 0.073750 0.096667
0 0.842500 0.717917 0.068750 0.089167
0 0.200625 0.701667 0.077500 0.088333
0 0.465000 0.593333 0.063750 0.088333
0 0.945312 0.576667 0.066875 0.076667
0 0.081250 0.552083 0.073750 0.094167
0 0.971250 0.518333 0.057500 0.108333
0 0.098750 0.483333 0.096250 0.123333
0 0.209375 0.405833 0.075000 0.093333
0 0.823125 0.363333 0.070000 0.088333
0 0.060000 0.294167 0.076250 0.083333
0 0.559375 0.289167 0.097500 0.106667
0 0.220625 0.281667 0.082500 0.105000
0 0.131250 0.270833 0.066250 0.086667
0 0.735625 0.206667 0.077500 0.101667
0 0.117500 0.180417 0.090000 0.109167
0 0.913750 0.165000 0.071250 0.101667
0 0.495000 0.160000 0.071250 0.098333
0 0.398750 0.120000 0.081250 0.088333
0 0.071875 0.109167 0.065000 0.106667
0 0.151875 0.094167 0.067500 0.093333