0 0.786875 0.975417 0.057500 0.049167
0 0.725000 0.972917 0.053750 0.054167
0 0.306875 0.967083 0.065000 0.065833
0 0.672188 0.953750 0.054375 0.075833
0 0.885625 0.954167 0.067500 0.086667
0 0.773750 0.913333 0.058750 0.071667
0 0.399375 0.934583 0.066250 0.130833
0 0.349375 0.913333 0.062500 0.093333
0 0.298125 0.888333 0.057500 0.081667
0 0.568125 0.884167 0.060000 0.076667
0 0.112500 0.873333 0.043750 0.068333
0 0.057500 0.870000 0.057500 0.090000
0 0.834375 0.866667 0.062500 0.085000
0 0.910000 0.860417 0.071250 0.082500
0 0.380000 0.845000 0.058750 0.068333
0 0.620625 0.825000 0.057500 0.078333
0 0.740625 0.815833 0.055000 0.080000
0 0.547500 0.805833 0.058750 0.083333
0 0.925000 0.784167 0.060000 0.071667
0 0.867500 0.779167 0.051250 0.080000
0 0.476875 0.789583 0.071250 0.122500
0 0.430625 0.772083 0.056250 0.095833
0 0.073438 0.758750 0.065625 0.075833
0 0.371875 0.749583 0.052500 0.074167
0 0.296875 0.706667 0.080000 0.095000
0 0.166250 0.683333 0.056250 0.081667
0 0.560000 0.667917 0.056250 0.070833
0 0.048125 0.653333 0.055000 0.071667
0 0.687187 0.656667 0.068125 0.085000
0 0.348125 0.601667 0.055000 0.065000
0 0.730313 0.602500 0.053125 0.080000
0 0.213438 0.595833 0.051875 0.070000
0 0.281875 0.600833 0.048750 0.081667
0 0.027187 0.596250 0.054375 0.072500
0 0.660625 0.595417 0.062500 0.082500
0 0.146563 0.598750 0.069375 0.094167
0 0.081875 0.565833 0.057500 0.076667
0 0.488750 0.547500 0.066250 0.086667
0 0.025313 0.527917 0.050625 0.069167
0 0.708750 0.520000 0.066250 0.075000
0 0.322500 0.523333 0.058750 0.085000
0 0.150312 0.518750 0.070625 0.082500
0 0.271250 0.509167 0.052500 0.071667
0 0.215625 0.500000 0.068750 0.091667
0 0.009062 0.445000 0.018125 0.065000
0 0.048125 0.447083 0.050000 0.070833
0 0.309063 0.444583 0.063125 0.067500
0 0.237813 0.442083 0.060625 0.065833
0 0.113750 0.442500 0.068750 0.086667
0 0.522500 0.436667 0.066250 0.095000
0 0.852812 0.490000 0.185625 0.205000
0 0.393750 0.402500 0.066250 0.070000
0 0.283438 0.395417 0.060625 0.074167
0 0.586250 0.392500 0.056250 0.073333
0 0.156875 0.374167 0.072500 0.066667
0 0.811250 0.355417 0.066250 0.087500
0 0.620000 0.318333 0.063750 0.071667
0 0.474375 0.330833 0.055000 0.103333
0 0.148125 0.315000 0.068750 0.071667
0 0.395000 0.312500 0.093750 0.100000
0 0.689688 0.277500 0.059375 0.076667
0 0.902813 0.249167 0.055625 0.078333
0 0.020938 0.223333 0.041875 0.061667
0 0.422500 0.222500 0.073750 0.073333
0 0.955937 0.233750 0.068125 0.107500
0 0.650625 0.212500 0.057500 0.076667
0 0.257500 0.203333 0.056250 0.085000
0 0.076250 0.197500 0.058750 0.076667
0 0.333750 0.196667 0.051250 0.078333
0 0.934375 0.176667 0.041250 0.085000
0 0.860000 0.167083 0.131250 0.165833
0 0.551562 0.112917 0.053125 0.067500
0 0.439375 0.125833 0.057500 0.103333
0 0.045937 0.114167 0.070625 0.083333
0 0.499063 0.107500 0.060625 0.083333
0 0.972812 0.105000 0.054375 0.085000
0 0.153750 0.058333 0.066250 0.081667
0 0.728750 0.043333 0.061250 0.081667
0 0.858125 0.025417 0.057500 0.050833
0 0.588750 0.042083 0.066250 0.084167