0 0.665937 0.983333 0.046875 0.033333
0 0.425000 0.980833 0.070000 0.038333
0 0.255000 0.980833 0.060000 0.038333
0 0.840625 0.979167 0.068750 0.041667
0 0.098437 0.978333 0.066875 0.043333
0 0.601875 0.967917 0.053750 0.064167
0 0.704063 0.966250 0.073125 0.067500
0 0.927500 0.963750 0.071250 0.072500
0 0.320000 0.958750 0.061250 0.082500
0 0.516250 0.952500 0.076250 0.095000
0 0.243750 0.942500 0.076250 0.078333
0 0.758437 0.951250 0.073125 0.097500
0 0.366875 0.944167 0.060000 0.093333
0 0.854062 0.928333 0.054375 0.065000
0 0.565625 0.920833 0.076250 0.088333
0 0.416250 0.920000 0.062500 0.086667
0 0.098437 0.906667 0.063125 0.081667
0 0.292187 0.900417 0.059375 0.084167
0 0.716875 0.896667 0.061250 0.078333
0 0.254063 0.869167 0.066875 0.050000
0 0.446250 0.867083 0.040000 0.050833
0 0.146563 0.870833 0.064375 0.073333
0 0.979062 0.875000 0.041875 0.093333
0 0.926250 0.879167 0.073750 0.103333
0 0.667188 0.860417 0.073125 0.070833
0 0.530312 0.850417 0.035625 0.069167
0 0.054062 0.860417 0.074375 0.092500
0 0.806875 0.857500 0.076250 0.120000
0 0.212188 0.835000 0.058125 0.078333
0 0.597187 0.828333 0.053125 0.068333
0 0.105000 0.827917 0.051250 0.067500
0 0.263437 0.817083 0.054375 0.064167
0 0.065937 0.794167 0.049375 0.063333
0 0.560312 0.791667 0.049375 0.068333
0 0.158750 0.788750 0.050000 0.070833
0 0.514687 0.777917 0.053125 0.064167
0 0.860625 0.791667 0.086250 0.093333
0 0.393750 0.786667 0.057500 0.085000
0 0.289375 0.781667 0.070000 0.088333
0 0.933750 0.776250 0.060000 0.085833
0 0.349062 0.793750 0.064375 0.125833
0 0.736875 0.776250 0.078750 0.095833
0 0.068750 0.743750 0.060000 0.049167
0 0.976562 0.752083 0.046875 0.074167
0 0.888437 0.730833 0.056875 0.056667
0 0.418750 0.729583 0.061250 0.070833
0 0.815625 0.741667 0.068750 0.096667
0 0.604062 0.731667 0.053125 0.076667
0 0.212812 0.736250 0.075625 0.135833
0 0.080000 0.691250 0.048750 0.052500
0 0.763750 0.700833 0.075000 0.100000
0 0.708125 0.681667 0.043750 0.066667
0 0.467500 0.692917 0.093750 0.090833
0 0.955625 0.684583 0.056250 0.079167
0 0.303125 0.688333 0.092500 0.088333
0 0.391562 0.663333 0.043125 0.065000
0 0.790312 0.655417 0.049375 0.062500
0 0.087500 0.647500 0.055000 0.061667
0 0.651563 0.670000 0.076875 0.111667
0 0.333125 0.646667 0.047500 0.075000
0 0.821875 0.627083 0.047500 0.054167
0 0.585625 0.629583 0.050000 0.059167
0 0.874687 0.640417 0.064375 0.097500
0 0.238437 0.630833 0.056875 0.091667
0 0.175937 0.640833 0.070625 0.123333
0 0.365000 0.603333 0.047500 0.055000
0 0.498437 0.611250 0.085625 0.074167
0 0.927500 0.611250 0.070000 0.084167
0 0.024688 0.602917 0.049375 0.079167
0 0.077500 0.586667 0.053750 0.075000
0 0.432500 0.591250 0.076250 0.089167
0 0.128750 0.573333 0.051250 0.056667
0 0.867812 0.571667 0.048125 0.055000
0 0.693750 0.580417 0.061250 0.085833
0 0.489063 0.555833 0.030625 0.048333
0 0.355000 0.555833 0.045000 0.051667
0 0.544687 0.567917 0.068125 0.092500
0 0.243125 0.556250 0.070000 0.085833
0 0.644375 0.545833 0.061250 0.066667
0 0.981250 0.530000 0.037500 0.055000
0 0.815937 0.551667 0.061875 0.105000
0 0.744375 0.534583 0.063750 0.074167
0 0.950000 0.535417 0.075000 0.089167
0 0.298125 0.520417 0.072500 0.067500
0 0.482500 0.500000 0.050000 0.060000
0 0.765938 0.487083 0.070625 0.072500
0 0.820312 0.475833 0.049375 0.060000
0 0.083750 0.487500 0.077500 0.095000
0 0.336562 0.470417 0.048125 0.065833
0 0.641250 0.464583 0.048750 0.070833
0 0.520938 0.439583 0.043125 0.049167
0 0.232187 0.456667 0.089375 0.085000
0 0.401875 0.462500 0.096250 0.101667
0 0.688750 0.438750 0.052500 0.080833
0 0.305000 0.416667 0.047500 0.058333
0 0.724375 0.427083 0.060000 0.080833
0 0.580313 0.422083 0.063125 0.077500
0 0.833750 0.406250 0.028750 0.054167
0 0.152812 0.460417 0.094375 0.174167
0 0.785312 0.415833 0.066875 0.088333
0 0.196250 0.393333 0.048750 0.050000
0 0.476562 0.409583 0.075625 0.102500
0 0.551250 0.393333 0.062500 0.076667
0 0.399062 0.377917 0.045625 0.069167
0 0.356563 0.385417 0.054375 0.092500
0 0.757812 0.369583 0.054375 0.064167
0 0.647813 0.379583 0.075625 0.084167
0 0.260000 0.372917 0.058750 0.084167
0 0.050937 0.364167 0.061875 0.078333
0 0.865000 0.353333 0.048750 0.068333
0 0.179063 0.344167 0.051875 0.060000
0 0.590313 0.343750 0.046875 0.062500
0 0.939375 0.349167 0.093750 0.086667
0 0.790000 0.337083 0.056250 0.070833
0 0.106250 0.342083 0.062500 0.087500
0 0.491563 0.328750 0.043125 0.064167
0 0.377188 0.315417 0.046875 0.070833
0 0.671875 0.302083 0.053750 0.054167
0 0.538750 0.311667 0.058750 0.075000
0 0.884375 0.309167 0.060000 0.071667
0 0.414062 0.305417 0.065625 0.070833
0 0.264062 0.298333 0.048125 0.076667
0 0.214375 0.317083 0.061250 0.119167
0 0.040313 0.296667 0.080625 0.078333
0 0.793125 0.278333 0.050000 0.055000
0 0.523125 0.246667 0.040000 0.050000
0 0.979688 0.240417 0.040625 0.064167
0 0.602812 0.257917 0.075625 0.102500
0 0.864375 0.242083 0.073750 0.077500
0 0.753750 0.232083 0.048750 0.067500
0 0.932500 0.252917 0.068750 0.112500
0 0.050937 0.236667 0.055625 0.083333
0 0.439063 0.244167 0.064375 0.103333
0 0.199063 0.226250 0.049375 0.070833
0 0.482187 0.212500 0.054375 0.065000
0 0.876563 0.197500 0.041875 0.071667
0 0.675625 0.224167 0.086250 0.133333
0 0.015000 0.190833 0.030000 0.068333
0 0.533125 0.187917 0.052500 0.065833
0 0.316563 0.177917 0.053125 0.072500
0 0.369375 0.196250 0.057500 0.117500
0 0.976250 0.173333 0.047500 0.075000
0 0.092500 0.172500 0.073750 0.083333
0 0.424063 0.162083 0.055625 0.069167
0 0.185000 0.161667 0.060000 0.080000
0 0.939375 0.143750 0.046250 0.067500
0 0.783750 0.154583 0.065000 0.092500
0 0.585313 0.147917 0.063125 0.079167
0 0.708125 0.147500 0.080000 0.083333
0 0.640938 0.138750 0.048125 0.070833
0 0.882500 0.140833 0.061250 0.081667
0 0.255312 0.134167 0.075625 0.091667
0 0.520625 0.122917 0.051250 0.077500
0 0.571250 0.113333 0.057500 0.061667
0 0.336875 0.112083 0.057500 0.064167
0 0.465938 0.117500 0.080625 0.095000
0 0.168750 0.105000 0.062500 0.078333
0 0.976250 0.095833 0.047500 0.066667
0 0.070938 0.094167 0.059375 0.080000
0 0.908750 0.090000 0.060000 0.103333
0 0.585625 0.067500 0.051250 0.063333
0 0.689063 0.069583 0.059375 0.075833
0 0.632500 0.067083 0.043750 0.074167
0 0.273438 0.060833 0.048125 0.076667
0 0.371875 0.053750 0.058750 0.080833
0 0.757812 0.054583 0.074375 0.099167
0 0.949688 0.035833 0.061875 0.071667
0 0.919375 0.016250 0.057500 0.032500
0 0.795312 0.037917 0.075625 0.075833
0 0.565000 0.017083 0.052500 0.034167
0 0.527500 0.042083 0.055000 0.084167
0 0.445000 0.043333 0.090000 0.086667
0 0.320000 0.022083 0.058750 0.044167
0 0.145937 0.015000 0.050625 0.030000
0 0.110312 0.032917 0.048125 0.065833
0 0.047813 0.028333 0.065625 0.056667