0 0.096250 0.966667 0.075000 0.066667
0 0.231875 0.914167 0.068750 0.095000
0 0.924375 0.870833 0.068750 0.098333
0 0.436250 0.856667 0.075000 0.083333
0 0.516250 0.839583 0.120000 0.124167
0 0.067500 0.799167 0.083750 0.113333
0 0.146250 0.784167 0.062500 0.085000
0 0.024063 0.773750 0.048125 0.092500
0 0.530625 0.754167 0.063750 0.091667
0 0.421875 0.729167 0.068750 0.081667
0 0.102500 0.697500 0.072500 0.098333
0 0.351562 0.696667 0.069375 0.103333
0 0.546562 0.639583 0.073125 0.080833
0 0.713125 0.628333 0.076250 0.083333
0 0.523125 0.578750 0.080000 0.080833
0 0.466562 0.559583 0.064375 0.067500
0 0.346250 0.524167 0.075000 0.098333
0 0.488438 0.496667 0.089375 0.088333
0 0.553750 0.495000 0.081250 0.088333
0 0.876563 0.420417 0.064375 0.102500
0 0.175000 0.415833 0.072500 0.095000
0 0.932500 0.406667 0.070000 0.100000
0 0.495625 0.401667 0.068750 0.101667
0 0.550000 0.379167 0.082500 0.083333
0 0.266562 0.346250 0.073125 0.087500
0 0.581250 0.311667 0.080000 0.086667
0 0.234375 0.296250 0.081250 0.084167
0 0.063125 0.250000 0.066250 0.086667
0 0.267500 0.241250 0.092500 0.100833
0 0.870000 0.195833 0.070000 0.091667
0 0.081875 0.137500 0.073750 0.091667
0 0.445000 0.135000 0.077500 0.090000
0 0.290625 0.144167 0.096250 0.118333
0 0.675000 0.109167 0.052500 0.095000
0 0.527500 0.101667 0.075000 0.090000