0 0.534375 0.971250 0.067500 0.057500
0 0.577500 0.940417 0.073750 0.085833
0 0.195312 0.934583 0.076875 0.085833
0 0.245625 0.888750 0.075000 0.105833
0 0.936250 0.842500 0.056250 0.076667
0 0.199375 0.847083 0.073750 0.112500
0 0.172500 0.811250 0.073750 0.087500
0 0.270000 0.775417 0.081250 0.112500
0 0.373125 0.754167 0.067500 0.096667
0 0.106250 0.743333 0.073750 0.091667
0 0.565937 0.712917 0.080625 0.092500
0 0.173125 0.672500 0.075000 0.080000
0 0.050313 0.662500 0.070625 0.086667
0 0.812500 0.658333 0.073750 0.095000
0 0.693750 0.668333 0.071250 0.118333
0 0.572500 0.648750 0.078750 0.122500
0 0.936250 0.582917 0.061250 0.072500
0 0.060312 0.585833 0.075625 0.083333
0 0.110625 0.542917 0.068750 0.084167
0 0.928125 0.508750 0.060000 0.075833
0 0.510000 0.503333 0.063750 0.078333
0 0.040000 0.502083 0.058750 0.079167
0 0.179063 0.490000 0.076875 0.113333
0 0.257500 0.471250 0.068750 0.094167
0 0.107813 0.464583 0.073125 0.087500
0 0.975313 0.451667 0.049375 0.085000
0 0.215625 0.407083 0.061250 0.095833
0 0.343125 0.377500 0.067500 0.090000
0 0.980313 0.372083 0.039375 0.082500
0 0.075000 0.372500 0.063750 0.090000
0 0.824063 0.360833 0.065625 0.090000
0 0.484375 0.351667 0.065000 0.088333
0 0.182500 0.327917 0.065000 0.077500
0 0.773750 0.315833 0.062500 0.080000
0 0.925625 0.316250 0.065000 0.089167
0 0.024688 0.307500 0.049375 0.083333
0 0.142187 0.298333 0.060625 0.088333
0 0.960938 0.287083 0.056875 0.085833
0 0.104688 0.286667 0.051875 0.090000
0 0.284375 0.284167 0.065000 0.086667
0 0.592500 0.280000 0.053750 0.085000
0 0.852500 0.276667 0.066250 0.088333
0 0.646250 0.261667 0.066250 0.088333
0 0.208750 0.257500 0.068750 0.086667
0 0.056250 0.256667 0.057500 0.108333
0 0.157500 0.232917 0.052500 0.077500
0 0.360000 0.225833 0.063750 0.086667
0 0.508125 0.225000 0.062500 0.091667
0 0.595625 0.208750 0.070000 0.075833
0 0.017188 0.210833 0.034375 0.081667
0 0.092500 0.193333 0.058750 0.071667
0 0.284687 0.195833 0.058125 0.081667
0 0.215312 0.185833 0.071875 0.095000
0 0.445000 0.164167 0.063750 0.080000
0 0.142813 0.157917 0.060625 0.080833
0 0.881250 0.166667 0.106250 0.105000
0 0.245938 0.152500 0.064375 0.086667
0 0.333750 0.111667 0.063750 0.075000
0 0.951562 0.113333 0.080625 0.100000
0 0.406875 0.089583 0.062500 0.077500
0 0.145937 0.084167 0.053125 0.068333
0 0.074375 0.095833 0.072500 0.093333
0 0.490000 0.082500 0.073750 0.086667
0 0.223750 0.056667 0.061250 0.088333
0 0.900312 0.045833 0.056875 0.083333
0 0.620625 0.034583 0.072500 0.069167
0 0.445937 0.023750 0.073125 0.047500
0 0.292500 0.041250 0.068750 0.082500
0 0.130312 0.025000 0.073125 0.050000
0 0.036875 0.026250 0.062500 0.052500