0 0.745625 0.982917 0.067500 0.034167
0 0.222812 0.977083 0.068125 0.045833
0 0.659375 0.971250 0.065000 0.057500
0 0.291250 0.957083 0.043750 0.085833
0 0.963125 0.945000 0.052500 0.068333
0 0.986250 0.889167 0.027500 0.078333
0 0.490312 0.874167 0.054375 0.096667
0 0.898125 0.856250 0.057500 0.084167
0 0.961562 0.847917 0.065625 0.079167
0 0.367188 0.799167 0.074375 0.100000
0 0.220000 0.754583 0.073750 0.097500
0 0.317500 0.727500 0.053750 0.100000
0 0.361563 0.702500 0.059375 0.093333
0 0.928750 0.685833 0.066250 0.090000
0 0.080000 0.663333 0.058750 0.091667
0 0.541875 0.651667 0.077500 0.098333
0 0.363750 0.598333 0.066250 0.095000
0 0.428125 0.566667 0.070000 0.081667
0 0.100625 0.569167 0.050000 0.111667
0 0.751875 0.540000 0.062500 0.078333
0 0.953125 0.510000 0.057500 0.065000
0 0.539375 0.530000 0.050000 0.108333
0 0.262500 0.500833 0.061250 0.086667
0 0.150625 0.483333 0.061250 0.106667
0 0.088125 0.465000 0.075000 0.103333
0 0.681250 0.446667 0.061250 0.098333
0 0.565312 0.438333 0.058125 0.101667
0 0.769375 0.421667 0.067500 0.088333
0 0.625000 0.422083 0.063750 0.099167
0 0.948125 0.408750 0.072500 0.085833
0 0.260000 0.397500 0.063750 0.090000
0 0.141563 0.397083 0.080625 0.092500
0 0.811250 0.360833 0.068750 0.093333
0 0.598750 0.352917 0.067500 0.084167
0 0.686875 0.341250 0.068750 0.084167
0 0.131250 0.305000 0.068750 0.078333
0 0.616250 0.298333 0.065000 0.098333
0 0.442500 0.260833 0.073750 0.100000
0 0.676250 0.258750 0.072500 0.099167
0 0.221250 0.186667 0.071250 0.085000
0 0.817500 0.161667 0.073750 0.075000
0 0.752188 0.111667 0.068125 0.078333
0 0.225625 0.091667 0.067500 0.095000
0 0.156250 0.074167 0.066250 0.090000
0 0.356875 0.061250 0.057500 0.094167
0 0.678125 0.050833 0.067500 0.093333
0 0.978125 0.030417 0.043750 0.060833
0 0.768750 0.034583 0.077500 0.069167
0 0.275625 0.039583 0.075000 0.079167