0 0.637500 0.972917 0.071250 0.054167
0 0.755625 0.952917 0.075000 0.094167
0 0.364375 0.945000 0.067500 0.088333
0 0.868125 0.918333 0.080000 0.091667
0 0.984688 0.904167 0.030625 0.080000
0 0.240625 0.910000 0.087500 0.095000
0 0.471250 0.896667 0.073750 0.105000
0 0.555312 0.877917 0.075625 0.084167
0 0.753750 0.843333 0.071250 0.091667
0 0.926875 0.829167 0.075000 0.093333
0 0.015938 0.818750 0.031875 0.099167
0 0.541875 0.805833 0.080000 0.086667
0 0.350000 0.796667 0.076250 0.091667
0 0.977812 0.755833 0.044375 0.090000
0 0.568438 0.733333 0.073125 0.080000
0 0.784375 0.690000 0.065000 0.075000
0 0.340625 0.694167 0.080000 0.096667
0 0.688750 0.672083 0.073750 0.092500
0 0.527188 0.676250 0.083125 0.120833
0 0.597500 0.646667 0.067500 0.091667
0 0.096875 0.639167 0.082500 0.076667
0 0.871563 0.637083 0.069375 0.089167
0 0.552500 0.584583 0.082500 0.089167
0 0.109687 0.570417 0.109375 0.065833
0 0.225625 0.541250 0.075000 0.099167
0 0.678750 0.533333 0.071250 0.095000
0 0.962187 0.530000 0.075625 0.091667
0 0.513125 0.515000 0.065000 0.078333
0 0.115937 0.496667 0.086875 0.080000
0 0.739375 0.459167 0.075000 0.100000
0 0.068750 0.438750 0.071250 0.087500
0 0.975938 0.436250 0.048125 0.090833
0 0.152812 0.392500 0.118125 0.086667
0 0.357500 0.390000 0.073750 0.098333
0 0.912500 0.372500 0.073750 0.096667
0 0.427500 0.347500 0.076250 0.096667
0 0.235937 0.350833 0.063125 0.103333
0 0.544687 0.344167 0.069375 0.093333
0 0.823750 0.344167 0.071250 0.103333
0 0.132188 0.325833 0.058125 0.080000
0 0.187188 0.321667 0.064375 0.118333
0 0.078125 0.285833 0.073750 0.075000
0 0.477500 0.278333 0.063750 0.081667
0 0.107500 0.219167 0.081250 0.083333
0 0.952187 0.222500 0.095625 0.096667
0 0.890312 0.213333 0.076875 0.090000
0 0.221250 0.222500 0.093750 0.116667
0 0.950000 0.140417 0.100000 0.084167
0 0.593750 0.135833 0.071250 0.100000
0 0.338125 0.131667 0.072500 0.098333
0 0.923125 0.077500 0.092500 0.093333
0 0.663750 0.073333 0.071250 0.085000
0 0.585000 0.040000 0.057500 0.080000
0 0.524375 0.049167 0.072500 0.098333
0 0.029063 0.027083 0.058125 0.054167