0 0.095625 0.980417 0.065000 0.039167
0 0.863125 0.973750 0.067500 0.052500
0 0.403750 0.955000 0.066250 0.075000
0 0.582500 0.957083 0.052500 0.085833
0 0.903125 0.922083 0.057500 0.079167
0 0.646875 0.923750 0.060000 0.084167
0 0.972812 0.914167 0.054375 0.073333
0 0.075625 0.903333 0.062500 0.085000
0 0.835000 0.884167 0.063750 0.083333
0 0.696562 0.855833 0.051875 0.070000
0 0.282187 0.852500 0.051875 0.068333
0 0.478750 0.841667 0.063750 0.081667
0 0.887500 0.829167 0.063750 0.063333
0 0.974063 0.830000 0.051875 0.075000
0 0.020313 0.795417 0.040625 0.072500
0 0.630000 0.786667 0.062500 0.073333
0 0.704375 0.785000 0.063750 0.073333
0 0.272500 0.772500 0.068750 0.076667
0 0.341875 0.777500 0.057500 0.093333
0 0.159375 0.765833 0.065000 0.076667
0 0.829375 0.764167 0.072500 0.080000
0 0.599688 0.755833 0.061875 0.086667
0 0.402500 0.740833 0.063750 0.080000
0 0.748750 0.736667 0.078750 0.121667
0 0.644062 0.703750 0.055625 0.067500
0 0.216562 0.696250 0.048125 0.074167
0 0.571875 0.689167 0.057500 0.073333
0 0.676562 0.679167 0.063125 0.093333
0 0.810000 0.672917 0.070000 0.090833
0 0.422500 0.666667 0.061250 0.081667
0 0.257500 0.653333 0.046250 0.061667
0 0.151562 0.662500 0.081875 0.093333
0 0.009687 0.633333 0.019375 0.061667
0 0.117188 0.625417 0.065625 0.065833
0 0.911875 0.624167 0.067500 0.068333
0 0.832500 0.622917 0.068750 0.079167
0 0.292500 0.595833 0.058750 0.070000
0 0.698125 0.600417 0.090000 0.129167
0 0.354375 0.572083 0.075000 0.074167
0 0.125625 0.570833 0.068750 0.071667
0 0.555937 0.575000 0.059375 0.081667
0 0.734688 0.569167 0.066875 0.088333
0 0.060000 0.558333 0.058750 0.081667
0 0.014375 0.544583 0.028750 0.082500
0 0.653125 0.518333 0.057500 0.071667
0 0.048125 0.469167 0.062500 0.070000
0 0.501875 0.472500 0.060000 0.080000
0 0.564375 0.437500 0.060000 0.086667
0 0.659375 0.431667 0.050000 0.078333
0 0.391562 0.426250 0.063125 0.075833
0 0.148750 0.428333 0.056250 0.081667
0 0.616250 0.389167 0.056250 0.066667
0 0.726250 0.412083 0.082500 0.124167
0 0.520625 0.355833 0.060000 0.073333
0 0.330000 0.342500 0.068750 0.090000
0 0.454062 0.317500 0.050625 0.060000
0 0.791875 0.328333 0.070000 0.105000
0 0.627812 0.315417 0.071875 0.089167
0 0.078125 0.319167 0.067500 0.100000
0 0.231250 0.303750 0.051250 0.074167
0 0.394375 0.305000 0.062500 0.095000
0 0.191250 0.277917 0.071250 0.084167
0 0.704375 0.274167 0.060000 0.080000
0 0.455937 0.250417 0.045625 0.057500
0 0.165000 0.237083 0.056250 0.087500
0 0.984688 0.211667 0.030625 0.065000
0 0.690312 0.200833 0.081875 0.085000
0 0.786875 0.185833 0.070000 0.083333
0 0.288125 0.185000 0.060000 0.081667
0 0.195625 0.170000 0.065000 0.081667
0 0.452813 0.126667 0.058125 0.071667
0 0.689688 0.122500 0.061875 0.086667
0 0.015312 0.131667 0.030625 0.105000
0 0.555000 0.108333 0.056250 0.088333
0 0.147500 0.099167 0.056250 0.080000
0 0.088438 0.092083 0.053125 0.077500
0 0.861250 0.075000 0.043750 0.061667
0 0.762500 0.084583 0.061250 0.080833
0 0.491563 0.068750 0.071875 0.082500
0 0.965000 0.040000 0.053750 0.068333
0 0.702500 0.049167 0.060000 0.088333
0 0.221875 0.045000 0.060000 0.081667
0 0.460000 0.036667 0.082500 0.073333
0 0.041563 0.022500 0.058125 0.045000