0 0.769062 0.980000 0.054375 0.040000
0 0.628750 0.968750 0.055000 0.062500
0 0.338750 0.960833 0.053750 0.071667
0 0.218125 0.961667 0.065000 0.076667
0 0.498125 0.956250 0.056250 0.079167
0 0.031875 0.948750 0.063750 0.070833
0 0.115937 0.948333 0.071875 0.083333
0 0.690000 0.935417 0.043750 0.070833
0 0.867500 0.935833 0.050000 0.073333
0 0.570937 0.932083 0.059375 0.080833
0 0.816562 0.920000 0.054375 0.071667
0 0.285625 0.919583 0.056250 0.072500
0 0.927813 0.924167 0.055625 0.096667
0 0.188125 0.903750 0.068750 0.080833
0 0.981250 0.880417 0.037500 0.087500
0 0.757812 0.877917 0.055625 0.087500
0 0.382500 0.862500 0.061250 0.080000
0 0.815312 0.835417 0.055625 0.077500
0 0.276875 0.827917 0.051250 0.070833
0 0.067187 0.824167 0.056875 0.090000
0 0.728437 0.797500 0.058125 0.076667
0 0.941875 0.794583 0.052500 0.072500
0 0.211875 0.789167 0.057500 0.073333
0 0.137187 0.795000 0.056875 0.085000
0 0.620625 0.792083 0.055000 0.080833
0 0.451562 0.775417 0.060625 0.085833
0 0.328750 0.773333 0.061250 0.085000
0 0.517813 0.749583 0.056875 0.082500
0 0.860625 0.733750 0.052500 0.087500
0 0.683125 0.732083 0.061250 0.089167
0 0.793125 0.718333 0.055000 0.075000
0 0.105938 0.710833 0.055625 0.070000
0 0.574063 0.695417 0.059375 0.067500
0 0.204375 0.667500 0.057500 0.096667
0 0.273750 0.647500 0.058750 0.080000
0 0.657813 0.633750 0.063125 0.060833
0 0.031250 0.633333 0.062500 0.080000
0 0.727500 0.625417 0.050000 0.075833
0 0.465625 0.628750 0.062500 0.084167
0 0.803125 0.617500 0.065000 0.076667
0 0.383750 0.621667 0.071250 0.093333
0 0.569375 0.606667 0.066250 0.071667
0 0.132500 0.611667 0.068750 0.091667
0 0.969375 0.562917 0.060000 0.085833
0 0.700625 0.541667 0.063750 0.085000
0 0.827500 0.535000 0.097500 0.080000
0 0.472500 0.525833 0.066250 0.086667
0 0.019688 0.522083 0.039375 0.090833
0 0.084062 0.514167 0.060625 0.080000
0 0.583750 0.485000 0.058750 0.078333
0 0.404375 0.485417 0.060000 0.080833
0 0.780312 0.487083 0.066875 0.087500
0 0.737187 0.450417 0.050625 0.074167
0 0.300625 0.457083 0.065000 0.087500
0 0.225625 0.448750 0.057500 0.092500
0 0.921875 0.444167 0.066250 0.085000
0 0.160938 0.413333 0.054375 0.081667
0 0.490938 0.406667 0.061875 0.071667
0 0.848125 0.405833 0.065000 0.086667
0 0.618750 0.384167 0.051250 0.066667
0 0.104063 0.370000 0.064375 0.078333
0 0.767500 0.358333 0.061250 0.078333
0 0.026562 0.349167 0.053125 0.080000
0 0.917813 0.339167 0.059375 0.075000
0 0.677500 0.330000 0.061250 0.071667
0 0.538438 0.305000 0.058125 0.075000
0 0.455625 0.291667 0.060000 0.071667
0 0.153750 0.300000 0.078750 0.095000
0 0.839375 0.277500 0.067500 0.080000
0 0.777813 0.255000 0.061875 0.088333
0 0.924375 0.242500 0.062500 0.073333
0 0.373750 0.251667 0.053750 0.091667
0 0.302500 0.245833 0.061250 0.080000
0 0.229687 0.246667 0.060625 0.091667
0 0.691875 0.220833 0.060000 0.073333
0 0.530000 0.209167 0.058750 0.080000
0 0.449375 0.195833 0.060000 0.080000
0 0.319063 0.181667 0.068125 0.071667
0 0.979688 0.180833 0.040625 0.081667
0 0.777500 0.161667 0.056250 0.068333
0 0.026562 0.155833 0.053125 0.083333
0 0.271250 0.144167 0.063750 0.083333
0 0.711250 0.124583 0.068750 0.075833
0 0.087500 0.114167 0.058750 0.066667
0 0.641875 0.115000 0.052500 0.078333
0 0.845313 0.106250 0.060625 0.072500
0 0.566875 0.098333 0.060000 0.075000
0 0.219375 0.103333 0.067500 0.085000
0 0.958125 0.049167 0.060000 0.083333
0 0.141250 0.046667 0.063750 0.081667
0 0.781563 0.021250 0.063125 0.042500