0 0.970313 0.984583 0.059375 0.030833
0 0.840313 0.971667 0.055625 0.056667
0 0.127188 0.970833 0.048125 0.058333
0 0.897500 0.961250 0.053750 0.077500
0 0.474375 0.957083 0.055000 0.085833
0 0.760625 0.955417 0.070000 0.089167
0 0.071875 0.951667 0.055000 0.085000
0 0.424375 0.922500 0.050000 0.073333
0 0.797188 0.919167 0.060625 0.080000
0 0.225625 0.881667 0.055000 0.081667
0 0.129375 0.845000 0.050000 0.071667
0 0.029687 0.850000 0.059375 0.081667
0 0.794375 0.844583 0.072500 0.077500
0 0.490312 0.882917 0.084375 0.154167
0 0.265625 0.837500 0.060000 0.083333
0 0.975313 0.827917 0.049375 0.087500
0 0.157500 0.797083 0.051250 0.080833
0 0.205313 0.800000 0.056875 0.093333
0 0.397188 0.775000 0.054375 0.081667
0 0.080625 0.762917 0.047500 0.060833
0 0.470313 0.762500 0.069375 0.071667
0 0.837500 0.760833 0.048750 0.073333
0 0.022187 0.764167 0.044375 0.090000
0 0.320000 0.743750 0.060000 0.074167
0 0.245000 0.747917 0.061250 0.082500
0 0.174375 0.725000 0.060000 0.055000
0 0.697500 0.726667 0.063750 0.088333
0 0.494688 0.721250 0.063125 0.077500
0 0.972812 0.724167 0.054375 0.100000
0 0.767188 0.697500 0.054375 0.071667
0 0.551875 0.693333 0.055000 0.071667
0 0.062812 0.687500 0.061875 0.073333
0 0.015000 0.686250 0.030000 0.072500
0 0.302500 0.681250 0.057500 0.069167
0 0.606563 0.665833 0.070625 0.093333
0 0.723125 0.652500 0.052500 0.076667
0 0.943438 0.644583 0.043125 0.065833
0 0.894687 0.641250 0.059375 0.062500
0 0.965000 0.629167 0.057500 0.076667
0 0.478750 0.629167 0.068750 0.093333
0 0.154062 0.616667 0.054375 0.078333
0 0.637813 0.618333 0.051875 0.083333
0 0.544687 0.600833 0.058125 0.076667
0 0.765312 0.593750 0.049375 0.072500
0 0.053750 0.600000 0.061250 0.085000
0 0.290625 0.580000 0.065000 0.085000
0 0.896563 0.578333 0.068125 0.083333
0 0.010937 0.571667 0.021875 0.076667
0 0.418125 0.566667 0.055000 0.080000
0 0.726875 0.565000 0.047500 0.078333
0 0.810937 0.563750 0.051875 0.080833
0 0.590313 0.565417 0.071875 0.102500
0 0.966875 0.543750 0.047500 0.067500
0 0.657500 0.554167 0.081250 0.091667
0 0.370312 0.545417 0.053125 0.077500
0 0.920312 0.522083 0.040625 0.065833
0 0.246250 0.524167 0.053750 0.076667
0 0.453125 0.520000 0.052500 0.075000
0 0.521875 0.494167 0.055000 0.070000
0 0.327188 0.495000 0.053125 0.075000
0 0.842500 0.481667 0.063750 0.068333
0 0.085000 0.501667 0.071250 0.111667
0 0.701875 0.485417 0.068750 0.082500
0 0.952187 0.465417 0.056875 0.067500
0 0.760625 0.446667 0.050000 0.078333
0 0.883750 0.435417 0.057500 0.077500
0 0.072813 0.414583 0.059375 0.065833
0 0.675937 0.419583 0.075625 0.084167
0 0.504375 0.416667 0.075000 0.088333
0 0.437812 0.388750 0.068125 0.104167
0 0.099062 0.352917 0.058125 0.070833
0 0.667813 0.330417 0.043125 0.054167
0 0.607187 0.352500 0.065625 0.100000
0 0.500000 0.329583 0.051250 0.059167
0 0.193438 0.337500 0.060625 0.080000
0 0.313750 0.322500 0.056250 0.070000
0 0.726875 0.327083 0.060000 0.085833
0 0.050000 0.324583 0.057500 0.080833
0 0.379375 0.329167 0.070000 0.096667
0 0.969688 0.283333 0.060625 0.068333
0 0.811875 0.294167 0.070000 0.093333
0 0.683125 0.260000 0.047500 0.081667
0 0.558438 0.248333 0.053125 0.075000
0 0.851875 0.237917 0.055000 0.077500
0 0.337500 0.241667 0.063750 0.085000
0 0.193125 0.238333 0.060000 0.101667
0 0.789062 0.212500 0.051875 0.066667
0 0.980313 0.209583 0.039375 0.067500
0 0.025313 0.205833 0.050625 0.083333
0 0.657500 0.195417 0.045000 0.064167
0 0.911875 0.204167 0.087500 0.090000
0 0.398438 0.189167 0.063125 0.060000
0 0.619375 0.222917 0.072500 0.132500
0 0.470000 0.195833 0.063750 0.080000
0 0.116250 0.183333 0.048750 0.071667
0 0.545937 0.172500 0.064375 0.070000
0 0.711250 0.179167 0.066250 0.090000
0 0.276875 0.165000 0.047500 0.063333
0 0.812187 0.153333 0.063125 0.061667
0 0.450937 0.115833 0.045625 0.066667
0 0.889375 0.121667 0.065000 0.080000
0 0.685625 0.104167 0.057500 0.063333
0 0.149375 0.112500 0.057500 0.080000
0 0.042813 0.109583 0.055625 0.079167
0 0.583125 0.103333 0.045000 0.068333
0 0.326875 0.100000 0.067500 0.085000
0 0.395625 0.091667 0.057500 0.075000
0 0.021250 0.087083 0.042500 0.094167
0 0.850000 0.071667 0.056250 0.088333
0 0.094062 0.068333 0.068125 0.088333
0 0.722812 0.056667 0.060625 0.075000
0 0.904687 0.042500 0.048125 0.063333
0 0.516250 0.047500 0.056250 0.076667
0 0.960000 0.038333 0.053750 0.065000
0 0.190625 0.044167 0.062500 0.085000
0 0.749062 0.022083 0.063125 0.044167
0 0.332500 0.024583 0.057500 0.049167
0 0.279062 0.030417 0.059375 0.060833
0 0.056563 0.017083 0.045625 0.034167