0 0.122500 0.985417 0.053750 0.029167
0 0.426875 0.972083 0.060000 0.055833
0 0.651875 0.965417 0.057500 0.069167
0 0.588750 0.953333 0.053750 0.078333
0 0.345000 0.956250 0.058750 0.087500
0 0.202500 0.915833 0.053750 0.083333
0 0.807500 0.907500 0.063750 0.070000
0 0.542500 0.903750 0.048750 0.100833
0 0.025937 0.875833 0.051875 0.080000
0 0.156875 0.868333 0.067500 0.068333
0 0.273125 0.885833 0.065000 0.113333
0 0.947500 0.837500 0.048750 0.086667
0 0.790000 0.827500 0.058750 0.073333
0 0.482500 0.827500 0.061250 0.073333
0 0.412813 0.839583 0.058125 0.099167
0 0.366250 0.828750 0.058750 0.120833
0 0.890625 0.807500 0.057500 0.106667
0 0.301250 0.794583 0.067500 0.109167
0 0.108125 0.765000 0.060000 0.086667
0 0.544375 0.767500 0.057500 0.106667
0 0.957500 0.745833 0.058750 0.070000
0 0.221562 0.757917 0.071875 0.100833
0 0.011562 0.740000 0.023125 0.075000
0 0.773750 0.725000 0.061250 0.085000
0 0.690625 0.733333 0.075000 0.111667
0 0.117813 0.700833 0.066875 0.091667
0 0.253437 0.705833 0.056875 0.120000
0 0.767813 0.656250 0.060625 0.074167
0 0.586875 0.679167 0.072500 0.126667
0 0.499688 0.631250 0.061875 0.049167
0 0.108438 0.630833 0.081875 0.115000
0 0.165313 0.629583 0.060625 0.130833
0 0.516250 0.591667 0.057500 0.060000
0 0.836250 0.603750 0.062500 0.120833
0 0.614375 0.576667 0.058750 0.070000
0 0.578125 0.545833 0.058750 0.068333
0 0.965000 0.545833 0.058750 0.076667
0 0.506250 0.540000 0.066250 0.071667
0 0.863750 0.537500 0.061250 0.076667
0 0.775000 0.526667 0.061250 0.091667
0 0.615313 0.507500 0.056875 0.055000
0 0.658125 0.466667 0.060000 0.071667
0 0.299375 0.467500 0.065000 0.073333
0 0.715313 0.472500 0.060625 0.086667
0 0.933750 0.468333 0.061250 0.081667
0 0.027187 0.472500 0.054375 0.090000
0 0.585625 0.453750 0.066250 0.067500
0 0.866875 0.448333 0.055000 0.078333
0 0.194375 0.438333 0.035000 0.058333
0 0.521250 0.450000 0.056250 0.085000
0 0.802500 0.424583 0.050000 0.077500
0 0.688750 0.410000 0.061250 0.068333
0 0.278125 0.388333 0.060000 0.078333
0 0.037187 0.370417 0.058125 0.077500
0 0.396875 0.364167 0.057500 0.080000
0 0.070625 0.354583 0.048750 0.072500
0 0.823125 0.360000 0.067500 0.110000
0 0.731250 0.340000 0.061250 0.071667
0 0.138750 0.336667 0.058750 0.071667
0 0.980313 0.315833 0.039375 0.073333
0 0.350625 0.310833 0.070000 0.083333
0 0.251250 0.308333 0.061250 0.081667
0 0.445937 0.295833 0.059375 0.090000
0 0.660625 0.296667 0.065000 0.095000
0 0.042500 0.269167 0.056250 0.073333
0 0.185312 0.262917 0.071875 0.080833
0 0.288125 0.235000 0.057500 0.078333
0 0.374063 0.226667 0.066875 0.068333
0 0.452500 0.221250 0.065000 0.074167
0 0.525000 0.230833 0.048750 0.096667
0 0.383437 0.170417 0.060625 0.050833
0 0.976562 0.176667 0.046875 0.068333
0 0.035625 0.171667 0.052500 0.088333
0 0.460000 0.155833 0.061250 0.060000
0 0.387500 0.135000 0.067500 0.055000
0 0.275313 0.142500 0.054375 0.080000
0 0.913125 0.109167 0.062500 0.073333
0 0.319688 0.114583 0.061875 0.084167
0 0.651875 0.117500 0.060000 0.100000
0 0.428125 0.078333 0.065000 0.075000
0 0.727500 0.071667 0.058750 0.108333
0 0.663750 0.026250 0.051250 0.052500
0 0.596250 0.021250 0.053750 0.042500
0 0.103125 0.028750 0.067500 0.057500