0 0.917500 0.985417 0.043750 0.029167
0 0.586875 0.985417 0.058750 0.029167
0 0.688125 0.980417 0.047500 0.039167
0 0.390000 0.977083 0.061250 0.045833
0 0.968125 0.964167 0.050000 0.070000
0 0.125000 0.962083 0.061250 0.075833
0 0.450625 0.952500 0.060000 0.080000
0 0.224062 0.942083 0.066875 0.087500
0 0.015938 0.927083 0.031875 0.072500
0 0.355000 0.920000 0.053750 0.081667
0 0.507812 0.912917 0.051875 0.092500
0 0.554375 0.897083 0.051250 0.084167
0 0.188750 0.892500 0.076250 0.076667
0 0.822500 0.870000 0.058750 0.068333
0 0.757812 0.862083 0.066875 0.072500
0 0.442500 0.826250 0.050000 0.072500
0 0.536250 0.811667 0.046250 0.075000
0 0.486250 0.796667 0.043750 0.065000
0 0.021562 0.792917 0.043125 0.072500
0 0.066562 0.789167 0.054375 0.085000
0 0.660937 0.778750 0.051875 0.079167
0 0.213125 0.763333 0.062500 0.078333
0 0.419063 0.755833 0.064375 0.075000
0 0.141250 0.742500 0.058750 0.076667
0 0.276250 0.737917 0.056250 0.072500
0 0.083750 0.725000 0.053750 0.075000
0 0.978437 0.712917 0.043125 0.074167
0 0.493750 0.710000 0.053750 0.075000
0 0.587812 0.697083 0.063125 0.070833
0 0.016563 0.687500 0.033125 0.066667
0 0.921250 0.686667 0.071250 0.088333
0 0.293125 0.660833 0.055000 0.076667
0 0.780312 0.659167 0.058125 0.080000
0 0.581250 0.647083 0.048750 0.062500
0 0.855625 0.630000 0.057500 0.081667
0 0.403125 0.621667 0.052500 0.075000
0 0.653750 0.592917 0.056250 0.074167
0 0.888437 0.592917 0.068125 0.095833
0 0.180312 0.580000 0.065625 0.093333
0 0.288125 0.562917 0.047500 0.069167
0 0.701562 0.560833 0.058125 0.070000
0 0.052500 0.552917 0.060000 0.072500
0 0.233750 0.548333 0.047500 0.071667
0 0.778125 0.520417 0.062500 0.072500
0 0.357500 0.524167 0.071250 0.083333
0 0.145625 0.516667 0.055000 0.088333
0 0.904375 0.510833 0.060000 0.078333
0 0.475625 0.497500 0.060000 0.083333
0 0.026562 0.475833 0.053125 0.083333
0 0.697812 0.479167 0.060625 0.093333
0 0.628750 0.463333 0.056250 0.071667
0 0.285625 0.457083 0.055000 0.075833
0 0.962812 0.457500 0.056875 0.083333
0 0.744375 0.442917 0.050000 0.064167
0 0.348750 0.441667 0.053750 0.075000
0 0.155625 0.428333 0.057500 0.075000
0 0.882500 0.434167 0.061250 0.096667
0 0.455000 0.406667 0.056250 0.055000
0 0.218750 0.380000 0.068750 0.071667
0 0.354063 0.365833 0.059375 0.070000
0 0.626875 0.371667 0.067500 0.091667
0 0.290938 0.367917 0.046875 0.085833
0 0.766563 0.383750 0.044375 0.129167
0 0.052500 0.353750 0.053750 0.072500
0 0.555937 0.343333 0.051875 0.078333
0 0.508437 0.309583 0.046875 0.067500
0 0.839375 0.313333 0.057500 0.081667
0 0.350625 0.306250 0.090000 0.100833
0 0.890000 0.289583 0.036250 0.069167
0 0.426563 0.293750 0.063125 0.095833
0 0.968125 0.275000 0.060000 0.095000
0 0.810000 0.251667 0.051250 0.068333
0 0.585000 0.253750 0.051250 0.079167
0 0.477500 0.264583 0.040000 0.109167
0 0.397500 0.244167 0.066250 0.086667
0 0.510625 0.233333 0.067500 0.073333
0 0.057500 0.234167 0.050000 0.076667
0 0.240000 0.226667 0.048750 0.075000
0 0.356563 0.217083 0.055625 0.070833
0 0.696250 0.222500 0.066250 0.083333
0 0.625000 0.203333 0.048750 0.075000
0 0.572812 0.188333 0.054375 0.053333
0 0.408750 0.166667 0.061250 0.068333
0 0.517500 0.155417 0.067500 0.090833
0 0.830625 0.145000 0.055000 0.075000
0 0.575000 0.128333 0.061250 0.066667
0 0.663750 0.121667 0.061250 0.081667
0 0.928125 0.115000 0.060000 0.078333
0 0.316875 0.103333 0.053750 0.065000
0 0.249375 0.112500 0.065000 0.083333
0 0.484063 0.103750 0.041875 0.077500
0 0.110312 0.104167 0.075625 0.123333
0 0.722500 0.080000 0.053750 0.098333
0 0.637500 0.036250 0.056250 0.072500
0 0.459062 0.032083 0.050625 0.064167
0 0.400625 0.026250 0.055000 0.052500
0 0.338125 0.027083 0.057500 0.054167