0 0.490312 0.986250 0.048125 0.027500
0 0.704063 0.984167 0.060625 0.031667
0 0.438750 0.972917 0.051250 0.054167
0 0.859375 0.969583 0.047500 0.060833
0 0.033750 0.954167 0.067500 0.091667
0 0.720313 0.940000 0.069375 0.071667
0 0.373125 0.936667 0.040000 0.101667
0 0.941250 0.911667 0.056250 0.098333
0 0.241875 0.895000 0.070000 0.088333
0 0.865625 0.843333 0.060000 0.075000
0 0.160938 0.839167 0.059375 0.086667
0 0.503125 0.827083 0.057500 0.075833
0 0.707500 0.825000 0.063750 0.088333
0 0.354375 0.766667 0.062500 0.095000
0 0.505625 0.745833 0.060000 0.073333
0 0.879375 0.729167 0.057500 0.076667
0 0.185625 0.721250 0.065000 0.082500
0 0.772813 0.687500 0.054375 0.083333
0 0.074375 0.672500 0.067500 0.083333
0 0.911563 0.665417 0.080625 0.110833
0 0.671250 0.600833 0.063750 0.076667
0 0.399375 0.598750 0.055000 0.072500
0 0.348125 0.599583 0.048750 0.092500
0 0.565625 0.592500 0.057500 0.083333
0 0.895625 0.560833 0.065000 0.083333
0 0.045625 0.560000 0.065000 0.088333
0 0.531563 0.549167 0.054375 0.098333
0 0.010313 0.539583 0.020625 0.080833
0 0.257500 0.503333 0.056250 0.088333
0 0.726250 0.485000 0.056250 0.078333
0 0.835313 0.470833 0.049375 0.078333
0 0.531875 0.464167 0.052500 0.070000
0 0.988750 0.465833 0.022500 0.080000
0 0.912188 0.455833 0.093125 0.070000
0 0.801250 0.452083 0.061250 0.090833
0 0.161875 0.443333 0.062500 0.091667
0 0.400625 0.421667 0.065000 0.085000
0 0.579063 0.415000 0.066875 0.080000
0 0.964688 0.417500 0.056875 0.088333
0 0.217500 0.411667 0.053750 0.085000
0 0.075000 0.390000 0.088750 0.118333
0 0.986563 0.358333 0.026875 0.083333
0 0.890625 0.344583 0.060000 0.069167
0 0.576875 0.342500 0.065000 0.086667
0 0.276250 0.348333 0.078750 0.098333
0 0.916875 0.288333 0.057500 0.078333
0 0.221875 0.290833 0.070000 0.083333
0 0.702500 0.282500 0.053750 0.073333
0 0.142500 0.278333 0.058750 0.081667
0 0.638125 0.265417 0.052500 0.064167
0 0.534375 0.252500 0.070000 0.100000
0 0.052500 0.230833 0.073750 0.063333
0 0.670625 0.182500 0.065000 0.073333
0 0.890000 0.164167 0.071250 0.070000
0 0.191250 0.159167 0.056250 0.080000
0 0.678125 0.123333 0.073750 0.068333
0 0.855313 0.098750 0.053125 0.079167
0 0.541875 0.096667 0.055000 0.078333
0 0.120000 0.059167 0.048750 0.080000
0 0.484687 0.065833 0.051875 0.096667
0 0.897500 0.061667 0.051250 0.093333
0 0.985000 0.040417 0.030000 0.080833
0 0.936250 0.035833 0.070000 0.071667
0 0.759375 0.022917 0.065000 0.045833
0 0.436875 0.037917 0.067500 0.075833