0 0.629375 0.942500 0.065000 0.086667
0 0.195312 0.936667 0.073125 0.080000
0 0.553750 0.914583 0.053750 0.082500
0 0.140937 0.881667 0.083125 0.078333
0 0.014687 0.865833 0.029375 0.063333
0 0.198750 0.859167 0.073750 0.066667
0 0.654687 0.862917 0.081875 0.079167
0 0.548125 0.846667 0.067500 0.090000
0 0.923125 0.855000 0.080000 0.108333
0 0.012812 0.800833 0.025625 0.060000
0 0.510000 0.803750 0.063750 0.087500
0 0.753750 0.799583 0.061250 0.085833
0 0.181250 0.786667 0.068750 0.071667
0 0.696875 0.785833 0.077500 0.105000
0 0.945625 0.755833 0.055000 0.070000
0 0.144375 0.731250 0.065000 0.072500
0 0.881250 0.725000 0.073750 0.081667
0 0.289375 0.698333 0.060000 0.085000
0 0.978437 0.694167 0.043125 0.083333
0 0.640000 0.697500 0.053750 0.090000
0 0.080625 0.685833 0.057500 0.073333
0 0.917188 0.668333 0.056875 0.080000
0 0.508750 0.668333 0.066250 0.088333
0 0.130000 0.655000 0.058750 0.071667
0 0.026562 0.654167 0.053125 0.073333
0 0.695000 0.656667 0.063750 0.091667
0 0.968125 0.627083 0.057500 0.079167
0 0.835000 0.613333 0.056250 0.076667
0 0.318125 0.612500 0.075000 0.080000
0 0.228750 0.606667 0.056250 0.071667
0 0.443125 0.606667 0.062500 0.081667
0 0.870625 0.603750 0.053750 0.077500
0 0.540000 0.597917 0.056250 0.074167
0 0.125000 0.575000 0.056250 0.065000
0 0.969063 0.551667 0.061875 0.078333
0 0.798125 0.531250 0.060000 0.077500
0 0.154375 0.511250 0.060000 0.077500
0 0.719375 0.500833 0.065000 0.080000
0 0.104688 0.495417 0.058125 0.080833
0 0.207813 0.480417 0.056875 0.099167
0 0.366250 0.468750 0.102500 0.092500
0 0.428750 0.424167 0.061250 0.086667
0 0.267500 0.420000 0.086250 0.108333
0 0.357500 0.397917 0.065000 0.074167
0 0.918125 0.379167 0.055000 0.080000
0 0.831250 0.380000 0.071250 0.095000
0 0.631250 0.370833 0.061250 0.086667
0 0.100937 0.360417 0.066875 0.082500
0 0.519375 0.347500 0.067500 0.080000
0 0.208750 0.315000 0.056250 0.068333
0 0.478125 0.283333 0.058750 0.078333
0 0.724375 0.269583 0.067500 0.075833
0 0.515000 0.264167 0.051250 0.090000
0 0.650000 0.260000 0.058750 0.085000
0 0.156250 0.250000 0.068750 0.083333
0 0.213438 0.245833 0.064375 0.085000
0 0.752500 0.200833 0.056250 0.076667
0 0.192500 0.180833 0.075000 0.085000
0 0.073125 0.170000 0.062500 0.081667
0 0.548750 0.154167 0.091250 0.103333
0 0.310000 0.124583 0.060000 0.085833
0 0.716875 0.110833 0.062500 0.093333
0 0.264688 0.095000 0.056875 0.080000
0 0.030000 0.090833 0.058750 0.096667
0 0.227187 0.065000 0.051875 0.056667
0 0.657500 0.023750 0.051250 0.047500
0 0.433750 0.042917 0.058750 0.085833
0 0.240313 0.027083 0.045625 0.054167
0 0.189688 0.028750 0.070625 0.057500