0 0.118750 0.980000 0.078750 0.040000
0 0.533750 0.977917 0.058750 0.044167
0 0.475625 0.957083 0.060000 0.085833
0 0.106875 0.924583 0.065000 0.080833
0 0.173125 0.929167 0.062500 0.100000
0 0.348750 0.900417 0.082500 0.095833
0 0.291250 0.886667 0.072500 0.098333
0 0.982187 0.860000 0.035625 0.085000
0 0.885938 0.859583 0.071875 0.097500
0 0.263125 0.814167 0.082500 0.060000
0 0.839063 0.830417 0.065625 0.105833
0 0.423125 0.815000 0.065000 0.081667
0 0.180000 0.783333 0.076250 0.085000
0 0.268750 0.755000 0.105000 0.066667
0 0.025625 0.759583 0.051250 0.110833
0 0.304688 0.710417 0.078125 0.074167
0 0.168750 0.697500 0.066250 0.110000
0 0.229687 0.686667 0.069375 0.103333
0 0.116875 0.683750 0.055000 0.119167
0 0.063750 0.689167 0.046250 0.130000
0 0.280938 0.638333 0.085625 0.075000
0 0.361875 0.636667 0.060000 0.105000
0 0.545625 0.611667 0.082500 0.081667
0 0.790312 0.615833 0.064375 0.103333
0 0.833750 0.597500 0.086250 0.095000
0 0.251875 0.585000 0.072500 0.075000
0 0.176875 0.590833 0.060000 0.090000
0 0.738750 0.579167 0.058750 0.093333
0 0.321250 0.581667 0.066250 0.101667
0 0.565937 0.540833 0.079375 0.075000
0 0.827187 0.525417 0.071875 0.055833
0 0.655000 0.538333 0.066250 0.088333
0 0.374375 0.536667 0.070000 0.088333
0 0.975625 0.506667 0.048750 0.093333
0 0.880313 0.509583 0.061875 0.104167
0 0.910000 0.469167 0.067500 0.103333
0 0.744062 0.462500 0.073125 0.120000
0 0.969688 0.425833 0.060625 0.080000
0 0.810312 0.431667 0.088125 0.153333
0 0.855938 0.400000 0.051875 0.095000
0 0.500000 0.389167 0.053750 0.096667
0 0.723750 0.377917 0.066250 0.090833
0 0.174375 0.370000 0.057500 0.085000
0 0.240000 0.355000 0.068750 0.091667
0 0.608750 0.341250 0.073750 0.099167
0 0.683750 0.327917 0.067500 0.095833
0 0.898125 0.305833 0.062500 0.086667
0 0.558125 0.305417 0.068750 0.094167
0 0.343125 0.295000 0.072500 0.088333
0 0.725000 0.271667 0.066250 0.098333
0 0.845625 0.252917 0.068750 0.087500
0 0.598750 0.242500 0.073750 0.090000
0 0.750625 0.228333 0.072500 0.088333
0 0.313750 0.216667 0.073750 0.088333
0 0.820000 0.207083 0.067500 0.082500
0 0.755625 0.150000 0.077500 0.075000
0 0.463750 0.153333 0.063750 0.081667
0 0.294375 0.144167 0.067500 0.076667
0 0.863750 0.112500 0.063750 0.090000
0 0.223750 0.105000 0.071250 0.088333
0 0.032813 0.096667 0.065625 0.098333
0 0.383125 0.078333 0.060000 0.095000
0 0.118125 0.072500 0.065000 0.083333
0 0.746875 0.060000 0.072500 0.091667
0 0.481250 0.060833 0.066250 0.096667
0 0.813750 0.038750 0.066250 0.077500
0 0.550000 0.028750 0.068750 0.057500
0 0.309375 0.022917 0.057500 0.045833