0 0.516875 0.975417 0.057500 0.049167
0 0.821562 0.953750 0.061875 0.074167
0 0.142500 0.944583 0.058750 0.082500
0 0.626875 0.925833 0.062500 0.071667
0 0.245625 0.928333 0.075000 0.091667
0 0.808750 0.880000 0.086250 0.071667
0 0.500625 0.869167 0.057500 0.070000
0 0.279375 0.875000 0.060000 0.085000
0 0.608437 0.855000 0.086875 0.068333
0 0.385000 0.821667 0.068750 0.075000
0 0.465000 0.786667 0.083750 0.075000
0 0.573125 0.785833 0.065000 0.083333
0 0.810937 0.757083 0.070625 0.082500
0 0.420312 0.701667 0.054375 0.078333
0 0.469375 0.692500 0.050000 0.086667
0 0.219062 0.670000 0.054375 0.091667
0 0.536250 0.658333 0.066250 0.078333
0 0.269375 0.640833 0.062500 0.093333
0 0.780937 0.634167 0.100625 0.086667
0 0.086875 0.612500 0.065000 0.090000
0 0.861250 0.596667 0.060000 0.071667
0 0.672188 0.541250 0.053125 0.079167
0 0.722500 0.528333 0.051250 0.075000
0 0.784687 0.537500 0.076875 0.100000
0 0.061250 0.510833 0.066250 0.090000
0 0.958125 0.499167 0.062500 0.083333
0 0.825000 0.490833 0.063750 0.083333
0 0.883750 0.488333 0.071250 0.088333
0 0.251875 0.472500 0.047500 0.066667
0 0.964375 0.418333 0.063750 0.068333
0 0.075625 0.346667 0.057500 0.085000
0 0.235625 0.326250 0.080000 0.099167
0 0.338750 0.318333 0.066250 0.088333
0 0.716250 0.285833 0.056250 0.093333
0 0.565625 0.282500 0.060000 0.093333
0 0.395625 0.275000 0.067500 0.098333
0 0.833750 0.254167 0.058750 0.086667
0 0.203750 0.234583 0.111250 0.084167
0 0.450000 0.185000 0.066250 0.085000
0 0.209375 0.174167 0.062500 0.073333
0 0.981563 0.153333 0.036875 0.075000
0 0.243750 0.140000 0.066250 0.091667
0 0.071250 0.087917 0.066250 0.074167
0 0.851875 0.090000 0.065000 0.088333
0 0.415312 0.085833 0.069375 0.093333
0 0.756250 0.042500 0.066250 0.083333
0 0.977812 0.039583 0.044375 0.079167
0 0.514375 0.047083 0.067500 0.094167