0 0.610313 0.984167 0.073125 0.031667
0 0.200625 0.978750 0.068750 0.042500
0 0.769062 0.972083 0.055625 0.055833
0 0.709375 0.967083 0.051250 0.065833
0 0.985625 0.949167 0.028750 0.078333
0 0.348438 0.917500 0.056875 0.078333
0 0.865938 0.921667 0.068125 0.096667
0 0.291875 0.912083 0.053750 0.079167
0 0.138750 0.897500 0.057500 0.073333
0 0.954063 0.907917 0.078125 0.102500
0 0.717500 0.895000 0.051250 0.088333
0 0.022812 0.901250 0.045625 0.115833
0 0.590625 0.874583 0.080000 0.085833
0 0.821562 0.871667 0.065625 0.083333
0 0.077188 0.872500 0.055625 0.095000
0 0.638125 0.897083 0.111250 0.165833
0 0.165000 0.840417 0.070000 0.075833
0 0.948125 0.821250 0.066250 0.065833
0 0.239687 0.831250 0.050625 0.085833
0 0.118750 0.811250 0.067500 0.085833
0 0.291250 0.810417 0.063750 0.094167
0 0.040313 0.787500 0.058125 0.073333
0 0.364375 0.765833 0.060000 0.070000
0 0.139063 0.732917 0.099375 0.110833
0 0.958125 0.729167 0.070000 0.123333
0 0.191875 0.700417 0.063750 0.072500
0 0.408438 0.703333 0.063125 0.100000
0 0.336875 0.691667 0.067500 0.095000
0 0.699688 0.650000 0.051875 0.081667
0 0.363438 0.644583 0.063125 0.082500
0 0.651250 0.604583 0.072500 0.080833
0 0.735625 0.603750 0.056250 0.084167
0 0.595000 0.605417 0.053750 0.097500
0 0.787813 0.580833 0.063125 0.070000
0 0.539375 0.575833 0.060000 0.088333
0 0.481250 0.573750 0.062500 0.095833
0 0.985625 0.553750 0.028750 0.095833
0 0.875938 0.558333 0.080625 0.123333
0 0.622812 0.535000 0.059375 0.081667
0 0.320625 0.536250 0.065000 0.085833
0 0.149688 0.550000 0.086875 0.150000
0 0.724375 0.517500 0.058750 0.088333
0 0.668438 0.502917 0.054375 0.090833
0 0.967812 0.492500 0.064375 0.086667
0 0.290000 0.467917 0.063750 0.092500
0 0.467813 0.437500 0.070625 0.080000
0 0.794375 0.434167 0.055000 0.086667
0 0.644062 0.417500 0.050625 0.066667
0 0.843125 0.423750 0.065000 0.085833
0 0.251563 0.408750 0.059375 0.067500
0 0.124375 0.394167 0.057500 0.066667
0 0.165625 0.422917 0.120000 0.130833
0 0.493437 0.387500 0.058125 0.065000
0 0.172813 0.367917 0.054375 0.072500
0 0.555937 0.360833 0.063125 0.101667
0 0.110937 0.345833 0.071875 0.078333
0 0.874687 0.342500 0.056875 0.078333
0 0.689688 0.340000 0.048125 0.081667
0 0.354063 0.335417 0.069375 0.089167
0 0.245625 0.330833 0.061250 0.091667
0 0.442188 0.333333 0.071875 0.115000
0 0.068437 0.299167 0.064375 0.098333
0 0.097812 0.280833 0.053125 0.085000
0 0.638125 0.298333 0.081250 0.125000
0 0.896875 0.269583 0.060000 0.080833
0 0.684375 0.249167 0.053750 0.080000
0 0.778750 0.249583 0.067500 0.117500
0 0.968437 0.218750 0.063125 0.070833
0 0.829375 0.217083 0.052500 0.074167
0 0.614375 0.208333 0.067500 0.071667
0 0.336562 0.230417 0.086875 0.124167
0 0.895625 0.189583 0.057500 0.070833
0 0.723750 0.188750 0.065000 0.072500
0 0.565000 0.170417 0.057500 0.072500
0 0.669687 0.169583 0.063125 0.084167
0 0.401250 0.160000 0.070000 0.081667
0 0.259688 0.141667 0.070625 0.068333
0 0.186562 0.137500 0.061875 0.080000
0 0.981250 0.138333 0.037500 0.086667
0 0.740938 0.128750 0.063125 0.075833
0 0.457188 0.119583 0.068125 0.082500
0 0.385625 0.101250 0.061250 0.062500
0 0.952500 0.097917 0.057500 0.079167
0 0.218438 0.098333 0.063125 0.080000
0 0.273438 0.074167 0.060625 0.071667
0 0.662188 0.089167 0.076875 0.103333
0 0.845625 0.067083 0.051250 0.084167
0 0.538750 0.048333 0.057500 0.076667
0 0.433125 0.046667 0.052500 0.073333
0 0.965938 0.043333 0.068125 0.086667
0 0.672500 0.034583 0.071250 0.069167
0 0.478750 0.025000 0.088750 0.050000
0 0.179375 0.015417 0.046250 0.030833
0 0.143437 0.043750 0.061875 0.087500
0 0.086563 0.024167 0.066875 0.048333