0 0.719375 0.968750 0.062500 0.062500
0 0.560000 0.967083 0.066250 0.065833
0 0.131250 0.933333 0.073750 0.085000
0 0.199375 0.899167 0.067500 0.086667
0 0.291250 0.903333 0.068750 0.098333
0 0.572500 0.885833 0.056250 0.073333
0 0.870000 0.870833 0.073750 0.063333
0 0.738750 0.876667 0.073750 0.091667
0 0.470000 0.855000 0.071250 0.105000
0 0.010937 0.836667 0.021875 0.075000
0 0.113437 0.839167 0.088125 0.083333
0 0.970625 0.815417 0.058750 0.072500
0 0.622500 0.814167 0.053750 0.083333
0 0.399062 0.805833 0.065625 0.080000
0 0.181875 0.801667 0.075000 0.081667
0 0.752188 0.792083 0.056875 0.072500
0 0.833125 0.780833 0.057500 0.070000
0 0.056875 0.793333 0.071250 0.100000
0 0.977187 0.743333 0.045625 0.070000
0 0.115625 0.746250 0.076250 0.089167
0 0.685000 0.737500 0.068750 0.096667
0 0.770938 0.725000 0.066875 0.085000
0 0.191250 0.710000 0.076250 0.085000
0 0.526875 0.705833 0.062500 0.086667
0 0.406250 0.710833 0.066250 0.096667
0 0.892500 0.704167 0.068750 0.090000
0 0.706250 0.630833 0.063750 0.083333
0 0.458750 0.618333 0.088750 0.108333
0 0.561250 0.584167 0.051250 0.063333
0 0.240625 0.593333 0.065000 0.085000
0 0.108125 0.580000 0.055000 0.068333
0 0.792500 0.580000 0.061250 0.095000
0 0.935000 0.526667 0.088750 0.071667
0 0.715000 0.525833 0.066250 0.086667
0 0.141250 0.504167 0.061250 0.083333
0 0.346250 0.487917 0.068750 0.075833
0 0.455000 0.491667 0.063750 0.085000
0 0.901875 0.472917 0.055000 0.070833
0 0.941875 0.418333 0.060000 0.075000
0 0.359063 0.421667 0.069375 0.091667
0 0.599375 0.417500 0.102500 0.113333
0 0.031563 0.349167 0.063125 0.086667
0 0.312812 0.329583 0.063125 0.082500
0 0.805000 0.325000 0.086250 0.105000
0 0.225625 0.302500 0.077500 0.103333
0 0.505000 0.260417 0.072500 0.100833
0 0.352500 0.248333 0.068750 0.078333
0 0.556250 0.207083 0.071250 0.094167
0 0.921250 0.195833 0.066250 0.083333
0 0.122500 0.180833 0.068750 0.083333
0 0.778125 0.159167 0.067500 0.066667
0 0.348750 0.154167 0.073750 0.083333
0 0.724375 0.115000 0.067500 0.063333
0 0.443750 0.119167 0.061250 0.080000
0 0.523438 0.109167 0.066875 0.090000
0 0.733125 0.060000 0.071250 0.068333
0 0.626563 0.072917 0.076875 0.097500
0 0.818750 0.014583 0.063750 0.029167
0 0.647500 0.024167 0.076250 0.048333
0 0.490625 0.017917 0.060000 0.035833
0 0.358125 0.046250 0.062500 0.092500