0 0.058125 0.976250 0.072500 0.047500
0 0.848750 0.970417 0.058750 0.059167
0 0.441250 0.952917 0.081250 0.094167
0 0.791875 0.941667 0.065000 0.101667
0 0.590000 0.942917 0.093750 0.114167
0 0.295625 0.928333 0.065000 0.098333
0 0.152500 0.923333 0.068750 0.091667
0 0.713750 0.922500 0.071250 0.103333
0 0.082500 0.915833 0.061250 0.093333
0 0.508125 0.890833 0.065000 0.086667
0 0.223125 0.870833 0.070000 0.093333
0 0.356250 0.868333 0.066250 0.091667
0 0.626250 0.843333 0.066250 0.091667
0 0.882812 0.848333 0.054375 0.105000
0 0.025313 0.814167 0.050625 0.086667
0 0.794687 0.804583 0.061875 0.122500
0 0.132500 0.805000 0.081250 0.138333
0 0.844688 0.782083 0.049375 0.097500
0 0.760625 0.775833 0.052500 0.096667
0 0.894375 0.722500 0.065000 0.086667
0 0.418125 0.701667 0.070000 0.088333
0 0.825625 0.693333 0.060000 0.083333
0 0.090625 0.692917 0.072500 0.082500
0 0.768750 0.680833 0.063750 0.085000
0 0.729688 0.654583 0.065625 0.092500
0 0.845313 0.619167 0.043125 0.066667
0 0.669375 0.611667 0.062500 0.085000
0 0.084375 0.605000 0.075000 0.095000
0 0.787813 0.576667 0.070625 0.088333
0 0.711250 0.573750 0.070000 0.085833
0 0.500000 0.565000 0.066250 0.095000
0 0.178750 0.566667 0.071250 0.098333
0 0.884375 0.563333 0.067500 0.095000
0 0.026562 0.516667 0.053125 0.088333
0 0.113750 0.501667 0.071250 0.095000
0 0.433750 0.505833 0.073750 0.113333
0 0.248125 0.499583 0.107500 0.110833
0 0.575000 0.485833 0.073750 0.090000
0 0.035937 0.416250 0.071875 0.069167
0 0.419375 0.405417 0.067500 0.092500
0 0.155000 0.371667 0.062500 0.101667
0 0.100937 0.354167 0.060625 0.086667
0 0.672500 0.350833 0.066250 0.086667
0 0.210938 0.355000 0.056875 0.098333
0 0.979688 0.378333 0.040625 0.148333
0 0.030937 0.330833 0.061875 0.090000
0 0.411875 0.310000 0.070000 0.085000
0 0.264375 0.288333 0.072500 0.098333
0 0.905000 0.246667 0.066250 0.091667
0 0.215312 0.230417 0.060625 0.077500
0 0.178750 0.206667 0.071250 0.095000
0 0.755625 0.194167 0.067500 0.090000
0 0.276250 0.193333 0.073750 0.091667
0 0.971562 0.190000 0.056875 0.088333
0 0.497500 0.178750 0.068750 0.087500
0 0.435312 0.180417 0.069375 0.094167
0 0.874375 0.171667 0.075000 0.081667
0 0.378125 0.120833 0.075000 0.086667
0 0.901250 0.114583 0.071250 0.090833
0 0.554063 0.108333 0.070625 0.088333
0 0.088750 0.083333 0.053750 0.088333
0 0.656250 0.089167 0.076250 0.103333
0 0.827500 0.081667 0.068750 0.098333
0 0.040000 0.083333 0.063750 0.101667
0 0.706562 0.070833 0.055625 0.106667
0 0.595938 0.039583 0.066875 0.079167
0 0.389688 0.034583 0.065625 0.069167
0 0.312500 0.044583 0.071250 0.089167
0 0.175625 0.037917 0.070000 0.075833