0 0.501250 0.975417 0.076250 0.049167
0 0.120000 0.967083 0.068750 0.065833
0 0.423750 0.965417 0.066250 0.069167
0 0.265000 0.958750 0.061250 0.082500
0 0.324688 0.957917 0.074375 0.084167
0 0.939063 0.953750 0.079375 0.092500
0 0.073750 0.923333 0.056250 0.078333
0 0.857812 0.917083 0.059375 0.090833
0 0.595938 0.912917 0.124375 0.099167
0 0.316250 0.895000 0.058750 0.081667
0 0.186250 0.919167 0.076250 0.130000
0 0.980625 0.884167 0.038750 0.095000
0 0.455937 0.874167 0.050625 0.083333
0 0.787188 0.906250 0.128125 0.187500
0 0.406250 0.842500 0.041250 0.076667
0 0.914375 0.845000 0.102500 0.105000
0 0.726875 0.867917 0.113750 0.179167
0 0.244375 0.820833 0.062500 0.093333
0 0.516250 0.841250 0.077500 0.149167
0 0.614062 0.815000 0.115625 0.121667
0 0.846875 0.798750 0.068750 0.090833
0 0.027813 0.825833 0.055625 0.153333
0 0.322813 0.784167 0.073125 0.090000
0 0.449375 0.767500 0.095000 0.098333
0 0.972500 0.761667 0.055000 0.098333
0 0.820625 0.730833 0.065000 0.086667
0 0.928438 0.727917 0.058125 0.092500
0 0.525312 0.725833 0.093125 0.091667
0 0.708125 0.727500 0.071250 0.100000
0 0.394062 0.695000 0.058125 0.081667
0 0.650625 0.687500 0.060000 0.076667
0 0.269375 0.712917 0.077500 0.147500
0 0.330625 0.675833 0.075000 0.106667
0 0.901563 0.660417 0.064375 0.077500
0 0.569375 0.664167 0.065000 0.090000
0 0.967187 0.653333 0.065625 0.091667
0 0.696562 0.643750 0.070625 0.077500
0 0.511250 0.641667 0.057500 0.075000
0 0.449688 0.650000 0.073125 0.098333
0 0.795625 0.639167 0.075000 0.100000
0 0.855313 0.630417 0.048125 0.084167
0 0.073750 0.604167 0.058750 0.076667
0 0.606250 0.590833 0.066250 0.096667
0 0.246250 0.599167 0.086250 0.118333
0 0.745938 0.566667 0.071875 0.095000
0 0.545625 0.551667 0.052500 0.068333
0 0.673438 0.559167 0.070625 0.086667
0 0.316875 0.564167 0.065000 0.106667
0 0.382812 0.555000 0.070625 0.091667
0 0.188438 0.511667 0.075625 0.091667
0 0.915000 0.482500 0.048750 0.053333
0 0.966875 0.510000 0.066250 0.133333
0 0.326875 0.473333 0.065000 0.081667
0 0.525000 0.475417 0.063750 0.089167
0 0.122500 0.472083 0.073750 0.094167
0 0.265937 0.453750 0.070625 0.084167
0 0.676875 0.434167 0.075000 0.090000
0 0.467500 0.415000 0.053750 0.095000
0 0.031563 0.410000 0.063125 0.111667
0 0.776875 0.396667 0.070000 0.095000
0 0.232813 0.369167 0.049375 0.083333
0 0.283438 0.368750 0.056875 0.085833
0 0.131250 0.366667 0.081250 0.113333
0 0.734062 0.335417 0.058125 0.080833
0 0.844375 0.308333 0.065000 0.078333
0 0.349375 0.300000 0.055000 0.078333
0 0.053750 0.297500 0.066250 0.090000
0 0.258125 0.288333 0.065000 0.075000
0 0.970938 0.288750 0.058125 0.085833
0 0.681562 0.279167 0.074375 0.090000
0 0.538750 0.273750 0.081250 0.114167
0 0.761563 0.255833 0.070625 0.083333
0 0.183438 0.242083 0.064375 0.075833
0 0.125000 0.256667 0.098750 0.131667
0 0.393125 0.207500 0.055000 0.080000
0 0.635938 0.205833 0.058125 0.083333
0 0.311250 0.193333 0.061250 0.081667
0 0.968437 0.194167 0.063125 0.106667
0 0.838750 0.176667 0.066250 0.105000
0 0.227500 0.179583 0.083750 0.139167
0 0.271562 0.134583 0.103125 0.097500
0 0.946250 0.128750 0.066250 0.089167
0 0.036875 0.111667 0.067500 0.095000
0 0.605313 0.107500 0.080625 0.120000
0 0.778125 0.080000 0.062500 0.081667
0 0.359375 0.085833 0.065000 0.093333
0 0.550312 0.130000 0.085625 0.183333
0 0.958750 0.030417 0.082500 0.060833
0 0.661875 0.038750 0.062500 0.077500
0 0.526563 0.043333 0.060625 0.086667
0 0.467500 0.031250 0.058750 0.062500
0 0.200313 0.055417 0.105625 0.110833
0 0.124063 0.031250 0.099375 0.062500