0 0.214688 0.978750 0.054375 0.042500
0 0.778750 0.977083 0.061250 0.045833
0 0.886250 0.967083 0.073750 0.065833
0 0.370000 0.965417 0.066250 0.069167
0 0.586250 0.955000 0.068750 0.085000
0 0.514375 0.945833 0.065000 0.086667
0 0.172813 0.951250 0.068125 0.097500
0 0.016563 0.941250 0.033125 0.097500
0 0.949375 0.904167 0.070000 0.100000
0 0.245625 0.887500 0.065000 0.083333
0 0.815312 0.886250 0.069375 0.090833
0 0.055000 0.845000 0.063750 0.098333
0 0.653750 0.833333 0.071250 0.091667
0 0.466875 0.828333 0.072500 0.091667
0 0.386250 0.846667 0.070000 0.145000
0 0.560937 0.808750 0.065625 0.087500
0 0.789375 0.805833 0.075000 0.090000
0 0.328437 0.794583 0.044375 0.120833
0 0.721250 0.768333 0.068750 0.088333
0 0.544687 0.733750 0.075625 0.092500
0 0.385625 0.730000 0.083750 0.088333
0 0.659375 0.716667 0.075000 0.091667
0 0.081250 0.670000 0.066250 0.075000
0 0.801250 0.661667 0.068750 0.095000
0 0.457500 0.650417 0.055000 0.082500
0 0.915625 0.645833 0.082500 0.080000
0 0.513437 0.660000 0.050625 0.111667
0 0.401562 0.648750 0.075625 0.095833
0 0.699375 0.635000 0.057500 0.095000
0 0.029375 0.611667 0.058750 0.105000
0 0.615313 0.592500 0.045625 0.090000
0 0.559063 0.597083 0.073125 0.104167
0 0.861250 0.581667 0.066250 0.085000
0 0.436250 0.563333 0.063750 0.085000
0 0.069375 0.563333 0.068750 0.100000
0 0.502812 0.556667 0.045625 0.103333
0 0.672500 0.539167 0.076250 0.076667
0 0.884375 0.468333 0.072500 0.091667
0 0.543125 0.410833 0.072500 0.076667
0 0.738750 0.412500 0.073750 0.096667
0 0.162500 0.415000 0.073750 0.101667
0 0.917500 0.381667 0.063750 0.091667
0 0.957812 0.350833 0.073125 0.095000
0 0.477500 0.346667 0.073750 0.101667
0 0.699688 0.327917 0.064375 0.090833
0 0.635000 0.334167 0.068750 0.106667
0 0.303125 0.328333 0.065000 0.111667
0 0.396875 0.313333 0.067500 0.091667
0 0.856563 0.310417 0.046875 0.107500
0 0.800625 0.295000 0.057500 0.098333
0 0.476875 0.256667 0.072500 0.085000
0 0.896563 0.264167 0.069375 0.133333
0 0.016563 0.208333 0.033125 0.091667
0 0.931875 0.225417 0.046250 0.132500
0 0.159062 0.209583 0.065625 0.110833
0 0.723750 0.190000 0.071250 0.095000
0 0.972187 0.177083 0.055625 0.085833
0 0.058750 0.155000 0.055000 0.096667
0 0.223438 0.145833 0.071875 0.093333
0 0.102813 0.163333 0.073125 0.135000
0 0.160938 0.117917 0.059375 0.089167
0 0.388125 0.103333 0.065000 0.091667
0 0.336250 0.100833 0.060000 0.098333
0 0.745000 0.081667 0.067500 0.101667
0 0.284062 0.075833 0.065625 0.093333
0 0.182188 0.060833 0.074375 0.088333
0 0.802500 0.060833 0.073750 0.106667
0 0.475000 0.047500 0.061250 0.083333
0 0.560625 0.047500 0.067500 0.090000
0 0.952500 0.022917 0.066250 0.045833
0 0.627812 0.033333 0.065625 0.066667
0 0.411250 0.028750 0.071250 0.057500
0 0.042500 0.042083 0.085000 0.084167