0 0.399375 0.967083 0.067500 0.065833
0 0.689375 0.937500 0.065000 0.083333
0 0.507500 0.930000 0.068750 0.095000
0 0.357500 0.910833 0.073750 0.083333
0 0.437500 0.884167 0.068750 0.093333
0 0.745000 0.681667 0.088750 0.078333
0 0.054375 0.628333 0.065000 0.098333
0 0.856875 0.612500 0.070000 0.093333
0 0.120625 0.606667 0.065000 0.095000
0 0.965938 0.593333 0.068125 0.098333
0 0.638125 0.567500 0.100000 0.073333
0 0.841875 0.519167 0.070000 0.090000
0 0.251250 0.488333 0.068750 0.091667
0 0.881250 0.480000 0.083750 0.085000
0 0.718750 0.480000 0.066250 0.105000
0 0.793125 0.469167 0.065000 0.116667
0 0.670000 0.387500 0.073750 0.090000
0 0.248750 0.382500 0.076250 0.100000
0 0.281875 0.300833 0.080000 0.110000
0 0.697500 0.178333 0.078750 0.088333
0 0.076250 0.085000 0.071250 0.108333
0 0.137500 0.060000 0.071250 0.111667