0 0.983437 0.967083 0.033125 0.065833
0 0.218125 0.933333 0.065000 0.066667
0 0.655625 0.932500 0.062500 0.076667
0 0.417187 0.905000 0.061875 0.081667
0 0.950000 0.880833 0.068750 0.080000
0 0.730000 0.874167 0.058750 0.083333
0 0.486875 0.863333 0.065000 0.081667
0 0.230625 0.856667 0.060000 0.078333
0 0.653125 0.845000 0.060000 0.075000
0 0.788750 0.849167 0.071250 0.096667
0 0.584063 0.812083 0.071875 0.087500
0 0.499688 0.777500 0.074375 0.080000
0 0.614688 0.770000 0.078125 0.098333
0 0.024063 0.722083 0.048125 0.089167
0 0.970313 0.719167 0.059375 0.086667
0 0.452500 0.717500 0.066250 0.093333
0 0.710625 0.685833 0.072500 0.083333
0 0.034688 0.651667 0.069375 0.088333
0 0.534375 0.651667 0.092500 0.095000
0 0.716875 0.620417 0.075000 0.087500
0 0.928750 0.578333 0.066250 0.088333
0 0.065625 0.572500 0.065000 0.086667
0 0.661250 0.509167 0.066250 0.090000
0 0.471875 0.495833 0.070000 0.100000
0 0.273125 0.480833 0.062500 0.083333
0 0.020938 0.469167 0.041875 0.083333
0 0.573125 0.475000 0.075000 0.105000
0 0.696562 0.462917 0.094375 0.105833
0 0.831250 0.450833 0.061250 0.083333
0 0.705937 0.409583 0.063125 0.087500
0 0.545625 0.285833 0.055000 0.100000
0 0.716875 0.262500 0.065000 0.093333
0 0.412500 0.155000 0.066250 0.081667
0 0.138750 0.130833 0.061250 0.096667
0 0.290312 0.115000 0.073125 0.095000
0 0.410000 0.063333 0.086250 0.085000
0 0.032188 0.049167 0.064375 0.083333