0 0.837187 0.977917 0.055625 0.044167
0 0.580625 0.972917 0.057500 0.054167
0 0.758750 0.970417 0.056250 0.059167
0 0.237187 0.964583 0.056875 0.070833
0 0.416875 0.960833 0.070000 0.078333
0 0.112500 0.954167 0.061250 0.073333
0 0.958438 0.920000 0.053125 0.081667
0 0.299375 0.908333 0.065000 0.071667
0 0.816875 0.904167 0.062500 0.080000
0 0.157188 0.889167 0.065625 0.081667
0 0.053750 0.880833 0.051250 0.070000
0 0.404375 0.870000 0.070000 0.081667
0 0.009687 0.863333 0.019375 0.081667
0 0.133437 0.833750 0.071875 0.075833
0 0.710625 0.825000 0.057500 0.078333
0 0.965938 0.813333 0.068125 0.075000
0 0.796875 0.802500 0.075000 0.070000
0 0.033438 0.774167 0.066875 0.070000
0 0.120000 0.757500 0.066250 0.073333
0 0.318125 0.702500 0.050000 0.078333
0 0.679688 0.702083 0.063125 0.079167
0 0.478125 0.685833 0.060000 0.073333
0 0.098125 0.686250 0.080000 0.075833
0 0.889375 0.675833 0.067500 0.070000
0 0.727187 0.673333 0.068125 0.078333
0 0.277500 0.671667 0.061250 0.096667
0 0.342813 0.622500 0.058125 0.068333
0 0.240937 0.622083 0.058125 0.089167
0 0.138125 0.610833 0.052500 0.080000
0 0.456875 0.600000 0.060000 0.068333
0 0.549063 0.589583 0.076875 0.095833
0 0.721875 0.577917 0.061250 0.075833
0 0.078125 0.588750 0.050000 0.100833
0 0.320937 0.575000 0.065625 0.076667
0 0.030312 0.576667 0.060625 0.103333
0 0.675937 0.550417 0.063125 0.089167
0 0.559688 0.535833 0.071875 0.071667
0 0.977187 0.536250 0.045625 0.074167
0 0.881875 0.518333 0.055000 0.061667
0 0.245000 0.523750 0.075000 0.075833
0 0.813438 0.494583 0.066875 0.074167
0 0.723437 0.488750 0.065625 0.075833
0 0.463125 0.486250 0.052500 0.097500
0 0.652500 0.476667 0.073750 0.093333
0 0.516563 0.476250 0.055625 0.092500
0 0.895625 0.445833 0.062500 0.066667
0 0.240313 0.452083 0.065625 0.079167
0 0.406250 0.437500 0.053750 0.066667
0 0.024688 0.434583 0.043125 0.070833
0 0.146250 0.439167 0.046250 0.093333
0 0.557187 0.434583 0.065625 0.094167
0 0.302500 0.427500 0.063750 0.086667
0 0.727500 0.417917 0.055000 0.082500
0 0.796562 0.420417 0.055625 0.089167
0 0.631250 0.408333 0.063750 0.071667
0 0.085000 0.411667 0.056250 0.081667
0 0.205000 0.405000 0.068750 0.076667
0 0.841250 0.400833 0.063750 0.081667
0 0.014687 0.397083 0.029375 0.092500
0 0.967812 0.377500 0.064375 0.066667
0 0.451562 0.345000 0.048125 0.073333
0 0.314375 0.345000 0.055000 0.078333
0 0.241250 0.340833 0.056250 0.076667
0 0.576250 0.340000 0.061250 0.081667
0 0.750313 0.337083 0.066875 0.079167
0 0.485000 0.318750 0.036250 0.070833
0 0.973750 0.312917 0.052500 0.065833
0 0.047500 0.313333 0.063750 0.078333
0 0.864375 0.309167 0.052500 0.081667
0 0.916875 0.311250 0.055000 0.102500
0 0.451562 0.278750 0.045625 0.060833
0 0.506563 0.284583 0.044375 0.080833
0 0.324375 0.264167 0.050000 0.066667
0 0.195937 0.265833 0.054375 0.083333
0 0.745000 0.262917 0.071250 0.080833
0 0.555937 0.255417 0.054375 0.079167
0 0.647500 0.249167 0.053750 0.076667
0 0.967812 0.241250 0.064375 0.079167
0 0.145000 0.231667 0.065000 0.080000
0 0.256563 0.210000 0.064375 0.085000
0 0.505625 0.197500 0.055000 0.070000
0 0.862500 0.197083 0.066250 0.079167
0 0.720313 0.181250 0.068125 0.060833
0 0.691250 0.145833 0.073750 0.075000
0 0.129062 0.140833 0.064375 0.075000
0 0.084375 0.139167 0.050000 0.106667
0 0.783750 0.108750 0.080000 0.070833
0 0.981563 0.108333 0.036875 0.078333
0 0.804063 0.078333 0.059375 0.083333
0 0.535625 0.070833 0.055000 0.070000
0 0.695625 0.069167 0.060000 0.068333
0 0.385937 0.062917 0.058125 0.082500
0 0.333437 0.053750 0.051875 0.085833
0 0.463750 0.047500 0.056250 0.076667
0 0.921250 0.027917 0.063750 0.055833
0 0.638750 0.039583 0.063750 0.079167
0 0.158750 0.022083 0.048750 0.044167
0 0.093750 0.032917 0.056250 0.065833
0 0.026250 0.048333 0.052500 0.096667