0 0.890000 0.987083 0.051250 0.025833
0 0.327500 0.982917 0.052500 0.034167
0 0.811562 0.982500 0.055625 0.035000
0 0.251563 0.980000 0.046875 0.040000
0 0.086250 0.978750 0.043750 0.042500
0 0.535625 0.977500 0.045000 0.045000
0 0.384375 0.973333 0.060000 0.053333
0 0.484375 0.971667 0.055000 0.056667
0 0.167813 0.968750 0.048125 0.062500
0 0.122188 0.967500 0.048125 0.065000
0 0.949375 0.961250 0.053750 0.075833
0 0.019062 0.952917 0.038125 0.085833
0 0.399375 0.936250 0.062500 0.064167
0 0.725313 0.943333 0.066875 0.081667
0 0.494688 0.922500 0.086875 0.063333
0 0.070312 0.920833 0.059375 0.071667
0 0.196250 0.901667 0.066250 0.080000
0 0.415625 0.893750 0.057500 0.070833
0 0.790625 0.909583 0.052500 0.109167
0 0.840625 0.888750 0.051250 0.087500
0 0.582500 0.888750 0.103750 0.095833
0 0.092500 0.870417 0.055000 0.080833
0 0.723750 0.863333 0.051250 0.075000
0 0.031875 0.865417 0.050000 0.094167
0 0.858750 0.840833 0.046250 0.083333
0 0.903125 0.822917 0.045000 0.064167
0 0.262813 0.809167 0.054375 0.075000
0 0.795625 0.802500 0.062500 0.083333
0 0.630625 0.795000 0.071250 0.081667
0 0.090313 0.790417 0.074375 0.087500
0 0.378125 0.767083 0.053750 0.060833
0 0.027813 0.775000 0.055625 0.076667
0 0.950625 0.785833 0.068750 0.121667
0 0.640000 0.732917 0.055000 0.067500
0 0.068125 0.723333 0.057500 0.073333
0 0.741563 0.728333 0.053125 0.093333
0 0.779687 0.720000 0.046875 0.083333
0 0.390313 0.712500 0.081875 0.088333
0 0.848750 0.723333 0.091250 0.126667
0 0.516250 0.688750 0.045000 0.057500
0 0.217188 0.700833 0.081875 0.106667
0 0.458125 0.687917 0.062500 0.087500
0 0.984062 0.678333 0.031875 0.075000
0 0.691875 0.690417 0.068750 0.104167
0 0.141250 0.663750 0.053750 0.070833
0 0.336875 0.662500 0.057500 0.071667
0 0.914375 0.667500 0.065000 0.091667
0 0.171875 0.639583 0.057500 0.082500
0 0.567500 0.632083 0.057500 0.075833
0 0.248125 0.621667 0.052500 0.066667
0 0.399062 0.627917 0.051875 0.080833
0 0.674687 0.606667 0.065625 0.083333
0 0.960625 0.606250 0.068750 0.100833
0 0.507500 0.586667 0.075000 0.078333
0 0.337187 0.583333 0.066875 0.075000
0 0.193750 0.577917 0.055000 0.069167
0 0.763750 0.580000 0.047500 0.075000
0 0.083125 0.582917 0.067500 0.095833
0 0.282500 0.542917 0.047500 0.070833
0 0.459062 0.527500 0.046875 0.071667
0 0.522188 0.529167 0.061875 0.078333
0 0.651563 0.528750 0.060625 0.079167
0 0.335625 0.514167 0.048750 0.068333
0 0.179063 0.497083 0.051875 0.070833
0 0.975938 0.496667 0.048125 0.093333
0 0.865938 0.464583 0.055625 0.077500
0 0.655000 0.459167 0.056250 0.073333
0 0.707500 0.468333 0.052500 0.098333
0 0.597500 0.460833 0.063750 0.083333
0 0.100937 0.468750 0.104375 0.117500
0 0.747812 0.464583 0.059375 0.160833
0 0.890000 0.425417 0.061250 0.087500
0 0.946875 0.412500 0.050000 0.106667
0 0.374375 0.384583 0.048750 0.069167
0 0.015938 0.388333 0.031875 0.076667
0 0.778750 0.386250 0.063750 0.079167
0 0.438437 0.377500 0.046875 0.068333
0 0.701875 0.378750 0.057500 0.075833
0 0.098750 0.372917 0.060000 0.072500
0 0.304688 0.359167 0.056875 0.081667
0 0.920000 0.350417 0.051250 0.067500
0 0.254688 0.330000 0.048125 0.071667
0 0.642813 0.359583 0.083125 0.132500
0 0.565000 0.335417 0.065000 0.084167
0 0.459375 0.301667 0.056250 0.080000
0 0.910312 0.291667 0.064375 0.070000
0 0.208125 0.287917 0.053750 0.069167
0 0.144375 0.279167 0.051250 0.066667
0 0.738125 0.257083 0.057500 0.072500
0 0.531563 0.240000 0.068125 0.098333
0 0.444063 0.217500 0.059375 0.080000
0 0.711250 0.216667 0.058750 0.081667
0 0.903750 0.199583 0.061250 0.072500
0 0.556250 0.199583 0.058750 0.080833
0 0.610000 0.191250 0.068750 0.090833
0 0.827500 0.186667 0.058750 0.111667
0 0.756250 0.152917 0.087500 0.085833
0 0.464062 0.133750 0.049375 0.065833
0 0.962187 0.133750 0.055625 0.069167
0 0.637500 0.119583 0.051250 0.074167
0 0.264688 0.118333 0.063125 0.073333
0 0.804063 0.104167 0.059375 0.065000
0 0.731563 0.092083 0.049375 0.070833
0 0.870313 0.089167 0.053125 0.073333
0 0.680312 0.091667 0.056875 0.083333
0 0.417187 0.089583 0.058125 0.082500
0 0.012500 0.082083 0.025000 0.077500
0 0.164062 0.077083 0.068125 0.089167
0 0.345000 0.069167 0.052500 0.078333
0 0.106250 0.067500 0.041250 0.075000
0 0.940937 0.040417 0.045625 0.064167
0 0.883750 0.025417 0.058750 0.050833
0 0.831562 0.032917 0.048125 0.065833
0 0.775625 0.037500 0.062500 0.075000
0 0.709688 0.032917 0.053125 0.065833
0 0.488750 0.032083 0.055000 0.064167
0 0.315625 0.022083 0.072500 0.044167
0 0.255312 0.037917 0.060625 0.075833
0 0.172500 0.015417 0.060000 0.030833