0 0.795625 0.972083 0.067500 0.055833
0 0.666875 0.916250 0.060000 0.087500
0 0.970313 0.915000 0.059375 0.095000
0 0.543438 0.885417 0.058125 0.090833
0 0.760000 0.883333 0.053750 0.091667
0 0.475625 0.880000 0.062500 0.085000
0 0.895625 0.869167 0.062500 0.093333
0 0.328750 0.852500 0.063750 0.095000
0 0.823750 0.845000 0.073750 0.111667
0 0.116250 0.822500 0.061250 0.080000
0 0.408125 0.816667 0.065000 0.085000
0 0.725000 0.787500 0.063750 0.080000
0 0.338750 0.764167 0.063750 0.086667
0 0.047500 0.757500 0.058750 0.080000
0 0.971562 0.732083 0.056875 0.079167
0 0.871563 0.715417 0.060625 0.080833
0 0.775000 0.701667 0.056250 0.081667
0 0.449375 0.681667 0.060000 0.085000
0 0.900000 0.660417 0.058750 0.082500
0 0.847187 0.646250 0.058125 0.074167
0 0.351250 0.631667 0.058750 0.075000
0 0.198125 0.635833 0.062500 0.086667
0 0.400313 0.619583 0.051875 0.107500
0 0.248125 0.600833 0.062500 0.076667
0 0.551250 0.581667 0.073750 0.085000
0 0.861875 0.561667 0.062500 0.088333
0 0.743750 0.539167 0.063750 0.090000
0 0.655000 0.511667 0.058750 0.095000
0 0.080625 0.489583 0.057500 0.075833
0 0.186875 0.487083 0.062500 0.082500
0 0.592500 0.480833 0.061250 0.106667
0 0.055000 0.430833 0.061250 0.073333
0 0.275625 0.419583 0.062500 0.080833
0 0.582500 0.387917 0.066250 0.087500
0 0.719375 0.382083 0.065000 0.082500
0 0.346875 0.381667 0.060000 0.088333
0 0.124688 0.364167 0.053125 0.070000
0 0.858750 0.371667 0.061250 0.091667
0 0.475625 0.351667 0.070000 0.088333
0 0.655312 0.342500 0.064375 0.086667
0 0.985938 0.307500 0.028125 0.080000
0 0.683750 0.265000 0.061250 0.081667
0 0.202500 0.270000 0.058750 0.091667
0 0.752500 0.269167 0.066250 0.103333
0 0.830625 0.234167 0.070000 0.090000
0 0.067187 0.220833 0.069375 0.073333
0 0.135625 0.228333 0.065000 0.098333
0 0.256563 0.215000 0.064375 0.078333
0 0.465000 0.211667 0.063750 0.078333
0 0.016563 0.196667 0.033125 0.148333
0 0.290625 0.127500 0.077500 0.096667
0 0.117500 0.125833 0.073750 0.096667
0 0.833125 0.105833 0.072500 0.093333
0 0.523750 0.097500 0.066250 0.096667
0 0.444688 0.091667 0.068125 0.095000
0 0.077188 0.073333 0.054375 0.071667
0 0.340313 0.082917 0.068125 0.095833
0 0.174687 0.051667 0.069375 0.081667
0 0.965000 0.034583 0.061250 0.069167
0 0.765000 0.043750 0.068750 0.087500
0 0.116875 0.031250 0.071250 0.062500
0 0.034688 0.051250 0.066875 0.102500