0 0.200000 0.973750 0.070000 0.052500
0 0.396250 0.973333 0.058750 0.053333
0 0.039688 0.962917 0.079375 0.074167
0 0.839375 0.936667 0.065000 0.095000
0 0.915312 0.912917 0.063125 0.079167
0 0.337813 0.920833 0.065625 0.096667
0 0.177500 0.917917 0.067500 0.090833
0 0.615938 0.892083 0.064375 0.087500
0 0.268125 0.893333 0.073750 0.091667
0 0.831562 0.872500 0.041875 0.055000
0 0.452500 0.860833 0.070000 0.086667
0 0.062187 0.855833 0.070625 0.091667
0 0.548125 0.849167 0.100000 0.093333
0 0.397500 0.836667 0.060000 0.075000
0 0.940937 0.831667 0.069375 0.091667
0 0.353125 0.825417 0.065000 0.084167
0 0.220000 0.821667 0.061250 0.105000
0 0.020000 0.792500 0.040000 0.105000
0 0.274687 0.777083 0.058125 0.080833
0 0.479375 0.757500 0.068750 0.088333
0 0.362812 0.750000 0.063125 0.076667
0 0.670000 0.740000 0.053750 0.085000
0 0.617812 0.738333 0.060625 0.096667
0 0.423750 0.730000 0.065000 0.080000
0 0.962812 0.680833 0.074375 0.111667
0 0.353750 0.675833 0.100000 0.108333
0 0.880625 0.653333 0.062500 0.080000
0 0.495312 0.627083 0.073125 0.100833
0 0.216562 0.606250 0.068125 0.092500
0 0.325625 0.596667 0.068750 0.083333
0 0.926875 0.587083 0.071250 0.079167
0 0.276250 0.580000 0.070000 0.081667
0 0.983125 0.565417 0.033750 0.090833
0 0.541562 0.558333 0.083125 0.090000
0 0.347813 0.527500 0.074375 0.095000
0 0.925937 0.511667 0.054375 0.083333
0 0.041250 0.510000 0.082500 0.095000
0 0.610938 0.498750 0.050625 0.077500
0 0.488125 0.480417 0.055000 0.082500
0 0.105000 0.477917 0.073750 0.085833
0 0.439063 0.459167 0.060625 0.083333
0 0.317812 0.452083 0.058125 0.074167
0 0.378437 0.448750 0.056875 0.074167
0 0.244062 0.449583 0.061875 0.084167
0 0.156250 0.432500 0.076250 0.095000
0 0.910000 0.416250 0.058750 0.077500
0 0.193438 0.407500 0.109375 0.080000
0 0.471562 0.400417 0.046875 0.075833
0 0.337813 0.389167 0.056875 0.081667
0 0.863125 0.387083 0.072500 0.079167
0 0.420625 0.374167 0.063750 0.088333
0 0.268125 0.367500 0.090000 0.126667
0 0.176563 0.326667 0.094375 0.091667
0 0.492812 0.327917 0.064375 0.100833
0 0.929063 0.322500 0.103125 0.121667
0 0.383437 0.308333 0.109375 0.106667
0 0.197500 0.306250 0.073750 0.130833
0 0.636875 0.292083 0.068750 0.110833
0 0.298125 0.268750 0.060000 0.077500
0 0.435312 0.271250 0.089375 0.102500
0 0.968125 0.263750 0.063750 0.095833
0 0.512500 0.251667 0.066250 0.085000
0 0.592500 0.225000 0.118750 0.080000
0 0.175937 0.202917 0.060625 0.087500
0 0.283438 0.192083 0.063125 0.092500
0 0.843125 0.186667 0.062500 0.098333
0 0.529687 0.169583 0.063125 0.072500
0 0.134063 0.169167 0.058125 0.073333
0 0.694063 0.167083 0.064375 0.072500
0 0.444688 0.175833 0.093125 0.123333
0 0.095000 0.122500 0.062500 0.081667
0 0.714375 0.107083 0.106250 0.080833
0 0.031563 0.127083 0.063125 0.124167
0 0.218438 0.116250 0.063125 0.105833
0 0.613437 0.123333 0.079375 0.150000
0 0.897188 0.093750 0.081875 0.107500
0 0.799687 0.063333 0.084375 0.091667
0 0.924687 0.049167 0.064375 0.098333
0 0.730625 0.039583 0.106250 0.079167
0 0.602812 0.022083 0.068125 0.044167
0 0.210313 0.019167 0.074375 0.038333
0 0.122188 0.022083 0.070625 0.044167