0 0.655937 0.970417 0.085625 0.059167
0 0.083125 0.960417 0.073750 0.079167
0 0.235000 0.959583 0.066250 0.080833
0 0.175625 0.953333 0.071250 0.090000
0 0.565000 0.940000 0.078750 0.085000
0 0.450625 0.925000 0.070000 0.088333
0 0.042813 0.917500 0.085625 0.093333
0 0.637188 0.905417 0.084375 0.094167
0 0.426875 0.860417 0.078750 0.084167
0 0.233750 0.860000 0.081250 0.101667
0 0.024688 0.840000 0.049375 0.075000
0 0.668750 0.832500 0.081250 0.080000
0 0.128750 0.830833 0.073750 0.096667
0 0.461250 0.790833 0.076250 0.093333
0 0.834688 0.810000 0.108125 0.145000
0 0.185625 0.780000 0.090000 0.085000
0 0.068125 0.770833 0.082500 0.073333
0 0.270000 0.769167 0.071250 0.096667
0 0.129375 0.716667 0.075000 0.085000
0 0.475625 0.703333 0.068750 0.078333
0 0.840625 0.692500 0.070000 0.086667
0 0.030937 0.675000 0.061875 0.076667
0 0.516250 0.634583 0.077500 0.084167
0 0.680625 0.625000 0.077500 0.075000
0 0.016875 0.613750 0.033750 0.055833
0 0.220625 0.570000 0.077500 0.078333
0 0.561875 0.572500 0.072500 0.086667
0 0.748125 0.571667 0.080000 0.091667
0 0.288750 0.556667 0.061250 0.078333
0 0.640625 0.562500 0.072500 0.093333
0 0.058750 0.547083 0.117500 0.070833
0 0.019062 0.525417 0.038125 0.052500
0 0.458125 0.531667 0.080000 0.095000
0 0.670000 0.487500 0.087500 0.081667
0 0.026562 0.466250 0.053125 0.072500
0 0.776875 0.474167 0.072500 0.096667
0 0.926875 0.461667 0.065000 0.088333
0 0.223750 0.452500 0.076250 0.086667
0 0.121875 0.428333 0.062500 0.058333
0 0.847500 0.405833 0.113750 0.076667
0 0.030312 0.392917 0.060625 0.064167
0 0.706562 0.395833 0.079375 0.073333
0 0.626250 0.398333 0.071250 0.095000
0 0.979062 0.368333 0.041875 0.088333
0 0.205625 0.353333 0.102500 0.061667
0 0.702812 0.331250 0.085625 0.074167
0 0.023438 0.322083 0.046875 0.067500
0 0.781250 0.328333 0.068750 0.091667
0 0.105625 0.324167 0.085000 0.086667
0 0.456875 0.291667 0.072500 0.091667
0 0.666250 0.280833 0.076250 0.096667
0 0.035312 0.254167 0.070625 0.075000
0 0.853750 0.222917 0.085000 0.065833
0 0.940000 0.231667 0.063750 0.088333
0 0.539375 0.205833 0.072500 0.090000
0 0.808125 0.142500 0.080000 0.090000
0 0.218125 0.120833 0.072500 0.086667
0 0.656250 0.104167 0.081250 0.080000
0 0.575625 0.104167 0.072500 0.083333
0 0.971562 0.029583 0.056875 0.059167
0 0.684375 0.037917 0.080000 0.075833
0 0.559688 0.026250 0.079375 0.052500
0 0.164375 0.026250 0.080000 0.052500
0 0.024688 0.022917 0.049375 0.045833