0 0.717812 0.972083 0.055625 0.055833
0 0.845000 0.964583 0.058750 0.070833
0 0.525000 0.960417 0.058750 0.079167
0 0.595000 0.950833 0.053750 0.076667
0 0.065625 0.954583 0.062500 0.090833
0 0.322500 0.949583 0.053750 0.082500
0 0.778125 0.948750 0.053750 0.084167
0 0.458125 0.947500 0.060000 0.090000
0 0.661250 0.930833 0.051250 0.076667
0 0.391250 0.932500 0.056250 0.093333
0 0.128750 0.917083 0.061250 0.077500
0 0.202500 0.908333 0.058750 0.091667
0 0.737812 0.887917 0.064375 0.090833
0 0.546562 0.875000 0.056875 0.083333
0 0.945625 0.875000 0.047500 0.101667
0 0.350000 0.860000 0.053750 0.071667
0 0.270625 0.869167 0.057500 0.093333
0 0.442500 0.850000 0.061250 0.078333
0 0.619375 0.850833 0.065000 0.083333
0 0.060000 0.842500 0.066250 0.086667
0 0.776563 0.807500 0.060625 0.073333
0 0.870313 0.840833 0.085625 0.146667
0 0.969688 0.791667 0.060625 0.075000
0 0.393750 0.782500 0.058750 0.080000
0 0.736250 0.726667 0.056250 0.078333
0 0.618750 0.720833 0.058750 0.066667
0 0.802500 0.718333 0.063750 0.075000
0 0.947500 0.708333 0.056250 0.071667
0 0.302500 0.712500 0.063750 0.086667
0 0.190625 0.701667 0.070000 0.078333
0 0.019688 0.701250 0.039375 0.077500
0 0.506875 0.697500 0.057500 0.090000
0 0.697500 0.659167 0.066250 0.076667
0 0.573750 0.661667 0.058750 0.081667
0 0.441875 0.663333 0.062500 0.085000
0 0.252500 0.638750 0.068750 0.080833
0 0.353125 0.638333 0.050000 0.095000
0 0.165625 0.616667 0.062500 0.071667
0 0.794375 0.615833 0.057500 0.086667
0 0.960313 0.612500 0.066875 0.081667
0 0.642188 0.607500 0.064375 0.080000
0 0.407187 0.591667 0.056875 0.110000
0 0.737500 0.571667 0.063750 0.078333
0 0.528125 0.565000 0.055000 0.081667
0 0.599063 0.561250 0.060625 0.090833
0 0.022187 0.545000 0.044375 0.071667
0 0.953750 0.542083 0.067500 0.079167
0 0.478125 0.541667 0.057500 0.101667
0 0.882500 0.539583 0.062500 0.099167
0 0.270625 0.523750 0.065000 0.082500
0 0.018750 0.476667 0.037500 0.058333
0 0.683125 0.489583 0.065000 0.085833
0 0.173750 0.473333 0.066250 0.088333
0 0.770625 0.475000 0.062500 0.095000
0 0.870625 0.460000 0.076250 0.073333
0 0.626563 0.470833 0.053125 0.098333
0 0.440625 0.461667 0.057500 0.088333
0 0.075625 0.444167 0.057500 0.086667
0 0.831562 0.432917 0.060625 0.070833
0 0.963125 0.431250 0.055000 0.074167
0 0.290625 0.440833 0.060000 0.093333
0 0.726875 0.405833 0.062500 0.080000
0 0.225625 0.415000 0.055000 0.098333
0 0.375000 0.399167 0.056250 0.083333
0 0.017188 0.389167 0.034375 0.080000
0 0.847812 0.373750 0.066875 0.072500
0 0.775937 0.340417 0.076875 0.070833
0 0.981563 0.345000 0.036875 0.086667
0 0.694375 0.320000 0.057500 0.075000
0 0.838125 0.306667 0.060000 0.068333
0 0.466250 0.310000 0.068750 0.095000
0 0.898125 0.279583 0.057500 0.079167
0 0.782500 0.274167 0.057500 0.076667
0 0.195000 0.267500 0.053750 0.076667
0 0.841875 0.243750 0.065000 0.069167
0 0.725625 0.239167 0.060000 0.066667
0 0.256250 0.245000 0.056250 0.095000
0 0.093750 0.235833 0.056250 0.080000
0 0.382500 0.234167 0.063750 0.090000
0 0.964375 0.232500 0.057500 0.090000
0 0.625000 0.222917 0.056250 0.087500
0 0.499375 0.203333 0.067500 0.081667
0 0.155000 0.202500 0.053750 0.086667
0 0.581562 0.177917 0.060625 0.077500
0 0.710938 0.164167 0.060625 0.073333
0 0.309375 0.167500 0.067500 0.090000
0 0.443437 0.161667 0.059375 0.080000
0 0.815000 0.154167 0.053750 0.090000
0 0.228750 0.146667 0.056250 0.081667
0 0.101875 0.140833 0.061250 0.078333
0 0.642500 0.127500 0.053750 0.070000
0 0.550000 0.115000 0.058750 0.076667
0 0.413750 0.119167 0.063750 0.090000
0 0.697812 0.078333 0.069375 0.068333
0 0.917500 0.073333 0.053750 0.078333
0 0.842500 0.060833 0.061250 0.076667
0 0.485625 0.057500 0.055000 0.073333
0 0.964063 0.030000 0.069375 0.060000
0 0.696250 0.025000 0.058750 0.050000
0 0.625625 0.038750 0.057500 0.077500
0 0.553125 0.019583 0.057500 0.039167
0 0.382188 0.039583 0.066875 0.079167
0 0.275625 0.016250 0.060000 0.032500
0 0.132500 0.046250 0.061250 0.092500