0 0.411875 0.981250 0.058750 0.037500
0 0.470938 0.974583 0.053125 0.050833
0 0.904375 0.972917 0.086250 0.054167
0 0.053750 0.962917 0.048750 0.062500
0 0.106563 0.955833 0.059375 0.070000
0 0.589063 0.931667 0.055625 0.075000
0 0.868437 0.925833 0.074375 0.075000
0 0.675625 0.925833 0.066250 0.081667
0 0.268750 0.920000 0.050000 0.086667
0 0.460313 0.912917 0.053125 0.079167
0 0.526563 0.908333 0.066875 0.085000
0 0.758125 0.904167 0.050000 0.078333
0 0.172813 0.917917 0.079375 0.112500
0 0.369688 0.891250 0.061875 0.090833
0 0.053750 0.886250 0.058750 0.080833
0 0.302812 0.871250 0.055625 0.065833
0 0.878750 0.867917 0.060000 0.084167
0 0.107813 0.857917 0.076875 0.064167
0 0.628437 0.865833 0.058125 0.086667
0 0.980938 0.863750 0.038125 0.087500
0 0.483750 0.842083 0.050000 0.079167
0 0.245938 0.840417 0.064375 0.097500
0 0.833750 0.817083 0.065000 0.085833
0 0.021875 0.811667 0.043750 0.081667
0 0.723125 0.803333 0.062500 0.070000
0 0.665937 0.793333 0.061875 0.086667
0 0.185312 0.807083 0.083125 0.115833
0 0.074063 0.788333 0.058125 0.078333
0 0.987187 0.777500 0.025625 0.080000
0 0.471875 0.768750 0.060000 0.067500
0 0.283125 0.752917 0.056250 0.059167
0 0.337813 0.717917 0.054375 0.064167
0 0.756875 0.707917 0.053750 0.080833
0 0.928750 0.703333 0.065000 0.088333
0 0.524062 0.692917 0.056875 0.075833
0 0.822500 0.695417 0.068750 0.089167
0 0.160312 0.684167 0.059375 0.081667
0 0.016563 0.674583 0.033125 0.069167
0 0.484063 0.682500 0.055625 0.086667
0 0.609375 0.674167 0.066250 0.076667
0 0.275000 0.670417 0.061250 0.080833
0 0.366875 0.634583 0.055000 0.080833
0 0.944375 0.614167 0.058750 0.078333
0 0.649375 0.610417 0.057500 0.079167
0 0.844688 0.606250 0.069375 0.089167
0 0.988125 0.592917 0.023750 0.075833
0 0.549063 0.591667 0.059375 0.093333
0 0.266562 0.580833 0.051875 0.086667
0 0.489375 0.585000 0.058750 0.103333
0 0.387500 0.566250 0.053750 0.075833
0 0.760312 0.563333 0.063125 0.081667
0 0.692500 0.549583 0.058750 0.082500
0 0.935937 0.534583 0.059375 0.077500
0 0.744687 0.520417 0.050625 0.070833
0 0.227813 0.496250 0.070625 0.060833
0 0.170000 0.505833 0.063750 0.081667
0 0.637813 0.507500 0.066875 0.088333
0 0.347813 0.499167 0.066875 0.085000
0 0.450313 0.492917 0.065625 0.087500
0 0.565312 0.487083 0.058125 0.084167
0 0.927188 0.459583 0.063125 0.067500
0 0.727187 0.457083 0.089375 0.087500
0 0.118438 0.473750 0.070625 0.135833
0 0.395313 0.430417 0.058125 0.079167
0 0.145625 0.425000 0.051250 0.068333
0 0.210625 0.420833 0.068750 0.088333
0 0.648125 0.406667 0.058750 0.070000
0 0.981250 0.411250 0.037500 0.080833
0 0.332500 0.402500 0.065000 0.080000
0 0.769375 0.392917 0.051250 0.075833
0 0.907188 0.381250 0.050625 0.070833
0 0.734688 0.357083 0.053125 0.077500
0 0.235000 0.355417 0.062500 0.082500
0 0.426250 0.347917 0.055000 0.077500
0 0.683750 0.342917 0.052500 0.072500
0 0.880313 0.326667 0.058125 0.080000
0 0.938438 0.313750 0.065625 0.072500
0 0.262813 0.289583 0.058125 0.077500
0 0.836562 0.281250 0.046875 0.074167
0 0.194062 0.281250 0.054375 0.080833
0 0.652813 0.277500 0.065625 0.083333
0 0.535937 0.265417 0.061875 0.077500
0 0.758125 0.260000 0.046250 0.071667
0 0.956250 0.254583 0.056250 0.067500
0 0.117500 0.260000 0.057500 0.078333
0 0.388437 0.240417 0.069375 0.079167
0 0.459375 0.234583 0.063750 0.072500
0 0.710625 0.242500 0.057500 0.095000
0 0.983750 0.204583 0.032500 0.075833
0 0.953750 0.194583 0.043750 0.055833
0 0.664687 0.195000 0.051875 0.071667
0 0.557500 0.199167 0.068750 0.080000
0 0.503437 0.186667 0.051875 0.063333
0 0.230625 0.186667 0.056250 0.068333
0 0.750625 0.187083 0.055000 0.072500
0 0.040625 0.182500 0.048750 0.073333
0 0.402813 0.162500 0.061875 0.076667
0 0.482500 0.147917 0.061250 0.065833
0 0.299375 0.142083 0.056250 0.075833
0 0.098750 0.135833 0.060000 0.075000
0 0.231875 0.121667 0.046250 0.058333
0 0.599063 0.115833 0.056875 0.075000
0 0.758125 0.113333 0.058750 0.076667
0 0.890000 0.116667 0.057500 0.086667
0 0.174687 0.095417 0.060625 0.075833
0 0.511250 0.090833 0.056250 0.073333
0 0.130625 0.065833 0.066250 0.083333
0 0.879062 0.025417 0.066875 0.050833
0 0.769062 0.045000 0.074375 0.090000
0 0.410938 0.042500 0.079375 0.085000
0 0.345938 0.018333 0.046875 0.036667
0 0.293750 0.030833 0.057500 0.061667
0 0.068750 0.032500 0.056250 0.065000