0 0.855000 0.984167 0.043750 0.031667
0 0.740625 0.978750 0.093750 0.042500
0 0.960313 0.977083 0.054375 0.045833
0 0.053437 0.976667 0.096875 0.046667
0 0.613750 0.971667 0.071250 0.056667
0 0.805625 0.962500 0.075000 0.075000
0 0.536875 0.962083 0.082500 0.075833
0 0.193438 0.961667 0.075625 0.076667
0 0.480938 0.927083 0.064375 0.084167
0 0.843750 0.922500 0.061250 0.083333
0 0.307500 0.937917 0.070000 0.124167
0 0.368437 0.919167 0.064375 0.108333
0 0.422500 0.905000 0.065000 0.085000
0 0.906875 0.902917 0.068750 0.084167
0 0.600000 0.899167 0.072500 0.085000
0 0.216250 0.891250 0.072500 0.092500
0 0.122813 0.852083 0.070625 0.077500
0 0.804688 0.847500 0.061875 0.088333
0 0.945000 0.825833 0.055000 0.070000
0 0.556875 0.824167 0.065000 0.081667
0 0.260625 0.810417 0.075000 0.082500
0 0.636875 0.808333 0.061250 0.100000
0 0.161562 0.785000 0.058125 0.073333
0 0.407813 0.783333 0.069375 0.090000
0 0.777813 0.783333 0.074375 0.116667
0 0.102500 0.749167 0.055000 0.081667
0 0.223125 0.738750 0.058750 0.075833
0 0.955937 0.739583 0.064375 0.089167
0 0.521563 0.742500 0.076875 0.095000
0 0.037812 0.748333 0.075625 0.110000
0 0.455625 0.732917 0.062500 0.092500
0 0.750000 0.707500 0.072500 0.081667
0 0.258750 0.701667 0.071250 0.096667
0 0.655312 0.683333 0.074375 0.100000
0 0.418125 0.665000 0.061250 0.086667
0 0.325313 0.661667 0.069375 0.088333
0 0.013125 0.662083 0.026250 0.094167
0 0.978750 0.662500 0.042500 0.098333
0 0.107813 0.659167 0.068125 0.091667
0 0.570000 0.665000 0.090000 0.118333
0 0.701562 0.638333 0.078125 0.090000
0 0.508437 0.625000 0.068125 0.100000
0 0.967812 0.604583 0.064375 0.069167
0 0.416563 0.585000 0.070625 0.108333
0 0.737812 0.571250 0.118125 0.090833
0 0.111250 0.555000 0.047500 0.093333
0 0.666875 0.547500 0.062500 0.083333
0 0.343438 0.567083 0.078125 0.129167
0 0.978125 0.539167 0.043750 0.076667
0 0.927500 0.503333 0.065000 0.085000
0 0.439375 0.496250 0.063750 0.089167
0 0.525312 0.488333 0.074375 0.095000
0 0.735313 0.478333 0.053125 0.091667
0 0.795625 0.474583 0.063750 0.089167
0 0.867500 0.462917 0.072500 0.082500
0 0.129062 0.479583 0.104375 0.115833
0 0.016250 0.465417 0.032500 0.090833
0 0.222188 0.425417 0.074375 0.099167
0 0.625625 0.427917 0.067500 0.115833
0 0.416563 0.415833 0.075625 0.093333
0 0.467813 0.420833 0.070625 0.113333
0 0.345000 0.413750 0.066250 0.140833
0 0.274375 0.383750 0.051250 0.080833
0 0.913125 0.391250 0.066250 0.100833
0 0.193438 0.366667 0.068125 0.088333
0 0.839688 0.378750 0.089375 0.117500
0 0.694688 0.364583 0.064375 0.095833
0 0.774375 0.337917 0.065000 0.080833
0 0.337500 0.312917 0.061250 0.062500
0 0.636875 0.310000 0.060000 0.088333
0 0.973125 0.322083 0.053750 0.119167
0 0.472500 0.308750 0.070000 0.097500
0 0.171250 0.297500 0.066250 0.080000
0 0.846875 0.288750 0.070000 0.070833
0 0.405625 0.292917 0.060000 0.082500
0 0.690312 0.265833 0.059375 0.078333
0 0.917188 0.269583 0.075625 0.089167
0 0.550625 0.261250 0.078750 0.100833
0 0.118438 0.245000 0.065625 0.093333
0 0.364063 0.215000 0.070625 0.090000
0 0.858125 0.210833 0.056250 0.093333
0 0.450313 0.209583 0.063125 0.099167
0 0.674063 0.195417 0.068125 0.075833
0 0.047188 0.190417 0.071875 0.090833
0 0.578438 0.182500 0.060625 0.080000
0 0.721562 0.183750 0.065625 0.092500
0 0.299687 0.177917 0.058125 0.082500
0 0.111875 0.167083 0.068750 0.100833
0 0.013125 0.142917 0.026250 0.079167
0 0.489375 0.131667 0.071250 0.086667
0 0.972187 0.137500 0.055625 0.106667
0 0.225938 0.134583 0.079375 0.122500
0 0.620313 0.126667 0.089375 0.130000
0 0.166250 0.097083 0.058750 0.079167
0 0.031875 0.086250 0.063750 0.085833
0 0.714688 0.080417 0.068125 0.094167
0 0.200313 0.043750 0.065625 0.084167
0 0.928438 0.033750 0.070625 0.067500
0 0.740938 0.025417 0.109375 0.050833
0 0.609375 0.032917 0.086250 0.065833
0 0.151250 0.021667 0.067500 0.043333
0 0.108438 0.052500 0.081875 0.105000
0 0.031875 0.028750 0.063750 0.057500