0 0.660937 0.975000 0.061875 0.050000
0 0.060625 0.970417 0.057500 0.059167
0 0.800312 0.967083 0.061875 0.065833
0 0.140625 0.965417 0.065000 0.069167
0 0.361875 0.955417 0.080000 0.089167
0 0.661875 0.927083 0.060000 0.049167
0 0.845625 0.933333 0.052500 0.071667
0 0.015938 0.915833 0.031875 0.070000
0 0.597500 0.899167 0.058750 0.073333
0 0.773125 0.890000 0.052500 0.061667
0 0.163750 0.878333 0.068750 0.078333
0 0.063437 0.863333 0.069375 0.081667
0 0.841250 0.854167 0.061250 0.070000
0 0.663750 0.845000 0.061250 0.081667
0 0.550000 0.837500 0.053750 0.076667
0 0.463125 0.829167 0.065000 0.100000
0 0.071563 0.793333 0.068125 0.083333
0 0.150625 0.777500 0.072500 0.096667
0 0.866875 0.774167 0.055000 0.100000
0 0.583125 0.769167 0.073750 0.091667
0 0.303125 0.759167 0.077500 0.093333
0 0.794063 0.756667 0.086875 0.130000
0 0.731875 0.739167 0.065000 0.096667
0 0.633125 0.734583 0.075000 0.099167
0 0.519375 0.725833 0.070000 0.086667
0 0.871875 0.690833 0.055000 0.080000
0 0.665000 0.691667 0.078750 0.086667
0 0.040625 0.678333 0.042500 0.071667
0 0.562500 0.642500 0.061250 0.070000
0 0.319375 0.650833 0.070000 0.090000
0 0.706250 0.649583 0.092500 0.097500
0 0.039375 0.592500 0.047500 0.063333
0 0.614375 0.597500 0.080000 0.090000
0 0.964063 0.602083 0.045625 0.102500
0 0.208125 0.590833 0.065000 0.090000
0 0.513750 0.592083 0.077500 0.100833
0 0.917813 0.596250 0.061875 0.112500
0 0.698125 0.563333 0.070000 0.075000
0 0.366875 0.555000 0.070000 0.088333
0 0.034688 0.530833 0.069375 0.086667
0 0.154688 0.502917 0.055625 0.070833
0 0.242500 0.499167 0.051250 0.066667
0 0.541250 0.498333 0.066250 0.085000
0 0.733125 0.495000 0.070000 0.088333
0 0.125625 0.482917 0.076250 0.109167
0 0.341250 0.464167 0.071250 0.083333
0 0.958750 0.437500 0.061250 0.076667
0 0.848125 0.422500 0.052500 0.076667
0 0.510000 0.408333 0.071250 0.085000
0 0.364687 0.366250 0.053125 0.079167
0 0.320937 0.347083 0.065625 0.095833
0 0.490000 0.319167 0.053750 0.073333
0 0.665625 0.300000 0.065000 0.078333
0 0.745625 0.300833 0.065000 0.083333
0 0.242500 0.309167 0.101250 0.136667
0 0.128125 0.213333 0.077500 0.101667
0 0.393750 0.170000 0.051250 0.075000
0 0.516875 0.147500 0.070000 0.090000
0 0.760625 0.150833 0.080000 0.103333
0 0.675000 0.124167 0.082500 0.088333
0 0.905000 0.093333 0.058750 0.081667
0 0.146250 0.093333 0.056250 0.081667
0 0.268750 0.084167 0.081250 0.086667
0 0.063750 0.084167 0.076250 0.096667
0 0.658750 0.055833 0.067500 0.083333
0 0.957500 0.034583 0.056250 0.069167
0 0.391250 0.021250 0.058750 0.042500
0 0.244062 0.017083 0.048125 0.034167