0 0.809688 0.975417 0.064375 0.049167
0 0.923750 0.969583 0.063750 0.060833
0 0.608750 0.964583 0.061250 0.070833
0 0.482187 0.948750 0.071875 0.085833
0 0.245000 0.935833 0.073750 0.093333
0 0.081250 0.937083 0.076250 0.095833
0 0.791875 0.923750 0.072500 0.087500
0 0.984062 0.909167 0.031875 0.086667
0 0.459688 0.906667 0.066875 0.081667
0 0.583125 0.883333 0.075000 0.090000
0 0.280000 0.857917 0.072500 0.092500
0 0.704375 0.845833 0.072500 0.090000
0 0.421875 0.844167 0.057500 0.096667
0 0.835938 0.838333 0.061875 0.096667
0 0.532813 0.831667 0.059375 0.095000
0 0.872812 0.814167 0.068125 0.096667
0 0.726562 0.767917 0.073125 0.085833
0 0.292500 0.758750 0.066250 0.097500
0 0.323750 0.723750 0.073750 0.077500
0 0.708750 0.714583 0.073750 0.080833
0 0.975313 0.705833 0.049375 0.100000
0 0.806250 0.710000 0.093750 0.118333
0 0.213125 0.663333 0.065000 0.085000
0 0.347187 0.653750 0.079375 0.085833
0 0.570000 0.637500 0.066250 0.086667
0 0.916875 0.629167 0.077500 0.096667
0 0.453437 0.582500 0.061875 0.068333
0 0.229687 0.602083 0.094375 0.109167
0 0.131562 0.577083 0.075625 0.084167
0 0.515000 0.564583 0.068750 0.089167
0 0.120000 0.516667 0.071250 0.071667
0 0.283125 0.514167 0.060000 0.080000
0 0.626250 0.520000 0.058750 0.095000
0 0.965000 0.505833 0.058750 0.076667
0 0.460313 0.507500 0.068125 0.101667
0 0.547188 0.485833 0.063125 0.085000
0 0.695000 0.486667 0.063750 0.088333
0 0.810625 0.463333 0.070000 0.091667
0 0.600000 0.436667 0.071250 0.091667
0 0.517188 0.440417 0.046875 0.102500
0 0.121875 0.408333 0.065000 0.088333
0 0.777813 0.389583 0.073125 0.105833
0 0.054375 0.375000 0.067500 0.085000
0 0.891875 0.356667 0.075000 0.091667
0 0.119063 0.321250 0.063125 0.080833
0 0.537500 0.326667 0.073750 0.095000
0 0.190000 0.313333 0.066250 0.085000
0 0.943125 0.314167 0.057500 0.093333
0 0.613750 0.310000 0.078750 0.098333
0 0.989062 0.283750 0.021875 0.075833
0 0.023438 0.292500 0.046875 0.100000
0 0.510938 0.250833 0.069375 0.085000
0 0.846250 0.206667 0.068750 0.088333
0 0.055625 0.207500 0.070000 0.093333
0 0.645625 0.192500 0.065000 0.090000
0 0.495312 0.191667 0.070625 0.095000
0 0.299375 0.191667 0.067500 0.095000
0 0.706250 0.160000 0.056250 0.061667
0 0.570000 0.163333 0.071250 0.088333
0 0.138125 0.135833 0.077500 0.093333
0 0.022187 0.081250 0.044375 0.052500
0 0.901250 0.096667 0.063750 0.095000
0 0.106563 0.075417 0.064375 0.099167
0 0.493125 0.053333 0.065000 0.101667
0 0.285625 0.028750 0.067500 0.057500
0 0.050937 0.042083 0.056875 0.084167
0 0.011250 0.034167 0.022500 0.068333