0 0.236250 0.982917 0.063750 0.034167
0 0.570625 0.982083 0.062500 0.035833
0 0.105938 0.974167 0.054375 0.051667
0 0.681250 0.970417 0.058750 0.059167
0 0.157188 0.957083 0.056875 0.079167
0 0.751563 0.940833 0.068125 0.106667
0 0.793125 0.926667 0.065000 0.081667
0 0.043437 0.918333 0.063125 0.081667
0 0.558750 0.916667 0.056250 0.081667
0 0.440625 0.911667 0.065000 0.091667
0 0.190938 0.903750 0.063125 0.087500
0 0.242500 0.892500 0.051250 0.073333
0 0.610938 0.898333 0.089375 0.093333
0 0.021562 0.835000 0.043125 0.088333
0 0.091250 0.817917 0.061250 0.084167
0 0.509375 0.805417 0.050000 0.077500
0 0.410625 0.804167 0.065000 0.076667
0 0.851875 0.784167 0.062500 0.090000
0 0.149375 0.763333 0.065000 0.081667
0 0.256250 0.749167 0.061250 0.083333
0 0.039375 0.726250 0.065000 0.072500
0 0.658750 0.728333 0.066250 0.088333
0 0.538750 0.710417 0.067500 0.080833
0 0.098750 0.691667 0.061250 0.081667
0 0.782500 0.693333 0.071250 0.088333
0 0.589375 0.682500 0.058750 0.081667
0 0.441250 0.640000 0.053750 0.078333
0 0.590000 0.612917 0.061250 0.074167
0 0.816875 0.600833 0.065000 0.083333
0 0.914375 0.581667 0.070000 0.095000
0 0.980938 0.567500 0.038125 0.080000
0 0.631875 0.560417 0.057500 0.075833
0 0.233125 0.538333 0.060000 0.081667
0 0.167187 0.523333 0.054375 0.058333
0 0.476875 0.555000 0.070000 0.125000
0 0.641875 0.511250 0.056250 0.074167
0 0.073750 0.505833 0.058750 0.086667
0 0.526563 0.475000 0.060625 0.081667
0 0.837500 0.458333 0.056250 0.078333
0 0.421875 0.452917 0.055000 0.079167
0 0.739375 0.444167 0.122500 0.098333
0 0.511563 0.411250 0.040625 0.070833
0 0.571875 0.424583 0.090000 0.110833
0 0.015625 0.399583 0.031250 0.075833
0 0.636875 0.371250 0.052500 0.062500
0 0.508437 0.360833 0.054375 0.060000
0 0.548125 0.344583 0.048750 0.054167
0 0.055625 0.368333 0.070000 0.118333
0 0.408125 0.357083 0.070000 0.100833
0 0.702187 0.343750 0.066875 0.084167
0 0.013125 0.316667 0.026250 0.086667
0 0.273750 0.300000 0.058750 0.088333
0 0.450000 0.287500 0.058750 0.073333
0 0.160625 0.293333 0.062500 0.085000
0 0.726250 0.282500 0.056250 0.073333
0 0.535312 0.281667 0.063125 0.073333
0 0.580000 0.261667 0.053750 0.061667
0 0.798125 0.274167 0.091250 0.101667
0 0.848750 0.235833 0.081250 0.103333
0 0.440000 0.209167 0.056250 0.076667
0 0.669375 0.181667 0.080000 0.083333
0 0.245625 0.138333 0.072500 0.085000
0 0.635000 0.120417 0.066250 0.089167
0 0.704375 0.086667 0.045000 0.061667
0 0.187500 0.060000 0.066250 0.081667
0 0.918750 0.262917 0.162500 0.525833
0 0.850313 0.031250 0.066875 0.062500
0 0.303750 0.035417 0.071250 0.070833