0 0.621875 0.981250 0.042500 0.037500
0 0.220000 0.979167 0.071250 0.041667
0 0.345000 0.976250 0.062500 0.047500
0 0.688750 0.968750 0.056250 0.062500
0 0.548750 0.939167 0.060000 0.086667
0 0.249375 0.919167 0.053750 0.080000
0 0.659062 0.910833 0.046875 0.070000
0 0.974063 0.931250 0.051875 0.117500
0 0.357812 0.910833 0.046875 0.080000
0 0.121563 0.910417 0.068125 0.087500
0 0.757500 0.918750 0.077500 0.107500
0 0.412187 0.901250 0.066875 0.087500
0 0.703125 0.890000 0.050000 0.091667
0 0.200313 0.879583 0.045625 0.085833
0 0.145625 0.864583 0.061250 0.080833
0 0.833125 0.855000 0.086250 0.105000
0 0.246875 0.824583 0.063750 0.084167
0 0.110000 0.808333 0.068750 0.071667
0 0.746563 0.751667 0.054375 0.081667
0 0.133437 0.744583 0.070625 0.080833
0 0.884062 0.747500 0.063125 0.093333
0 0.986563 0.724167 0.026875 0.073333
0 0.557813 0.715000 0.055625 0.075000
0 0.625000 0.707500 0.062500 0.086667
0 0.700625 0.690833 0.072500 0.063333
0 0.064375 0.695833 0.061250 0.080000
0 0.353750 0.677500 0.058750 0.070000
0 0.147813 0.677917 0.060625 0.074167
0 0.413750 0.681667 0.081250 0.155000
0 0.231250 0.644167 0.062500 0.083333
0 0.571250 0.612500 0.065000 0.073333
0 0.298438 0.605000 0.056875 0.068333
0 0.055625 0.601667 0.066250 0.088333
0 0.666250 0.588333 0.057500 0.081667
0 0.896875 0.565833 0.055000 0.075000
0 0.331875 0.561667 0.057500 0.086667
0 0.941875 0.555000 0.066250 0.085000
0 0.391562 0.545833 0.056875 0.080000
0 0.502500 0.539167 0.053750 0.080000
0 0.240625 0.526667 0.053750 0.081667
0 0.540000 0.518333 0.060000 0.088333
0 0.116250 0.503333 0.060000 0.081667
0 0.818750 0.506250 0.072500 0.099167
0 0.299375 0.496667 0.073750 0.085000
0 0.686250 0.482500 0.060000 0.073333
0 0.177500 0.481667 0.055000 0.071667
0 0.469687 0.458333 0.050625 0.078333
0 0.757812 0.452083 0.073125 0.089167
0 0.310937 0.436667 0.054375 0.075000
0 0.028750 0.444167 0.057500 0.096667
0 0.606875 0.425000 0.063750 0.078333
0 0.883750 0.408333 0.055000 0.075000
0 0.119375 0.401667 0.090000 0.095000
0 0.747812 0.372917 0.055625 0.069167
0 0.366250 0.350833 0.057500 0.056667
0 0.704375 0.327083 0.053750 0.070833
0 0.926250 0.331667 0.050000 0.088333
0 0.181875 0.307500 0.055000 0.076667
0 0.065000 0.300000 0.063750 0.085000
0 0.975313 0.300000 0.048125 0.088333
0 0.815625 0.299167 0.071250 0.090000
0 0.371563 0.287500 0.076875 0.075000
0 0.670000 0.275000 0.061250 0.076667
0 0.950313 0.251250 0.045625 0.057500
0 0.442500 0.256667 0.052500 0.068333
0 0.125000 0.243750 0.057500 0.074167
0 0.195937 0.237917 0.061875 0.064167
0 0.077188 0.230833 0.061875 0.073333
0 0.756875 0.221667 0.061250 0.081667
0 0.247188 0.226250 0.056875 0.094167
0 0.391562 0.214583 0.069375 0.099167
0 0.036250 0.189583 0.050000 0.065833
0 0.690625 0.195833 0.061250 0.083333
0 0.252500 0.156250 0.052500 0.067500
0 0.445625 0.144167 0.066250 0.086667
0 0.672500 0.102500 0.060000 0.076667
0 0.046875 0.101667 0.058750 0.085000
0 0.106875 0.100000 0.058750 0.088333
0 0.764375 0.090833 0.068750 0.090000
0 0.956875 0.071667 0.058750 0.055000
0 0.516875 0.065000 0.073750 0.078333
0 0.182500 0.055000 0.050000 0.085000
0 0.704375 0.033750 0.061250 0.067500
0 0.072813 0.018750 0.053125 0.037500