0 0.065000 0.967083 0.063750 0.065833
0 0.756875 0.965417 0.092500 0.069167
0 0.336250 0.965417 0.063750 0.069167
0 0.441875 0.964583 0.057500 0.070833
0 0.674687 0.946250 0.081875 0.070833
0 0.588125 0.940000 0.065000 0.081667
0 0.696562 0.897083 0.074375 0.069167
0 0.395313 0.909167 0.045625 0.131667
0 0.079062 0.872500 0.068125 0.073333
0 0.019688 0.873333 0.039375 0.081667
0 0.253125 0.886667 0.067500 0.113333
0 0.536875 0.882083 0.065000 0.114167
0 0.833750 0.853333 0.078750 0.088333
0 0.436875 0.842083 0.075000 0.095833
0 0.209375 0.862917 0.083750 0.154167
0 0.740938 0.836667 0.070625 0.105000
0 0.676250 0.832917 0.066250 0.099167
0 0.626250 0.806667 0.058750 0.118333
0 0.495625 0.773333 0.065000 0.091667
0 0.350000 0.767917 0.066250 0.089167
0 0.274375 0.765417 0.096250 0.085833
0 0.977187 0.795000 0.045625 0.148333
0 0.705000 0.716667 0.070000 0.088333
0 0.259688 0.710417 0.078125 0.079167
0 0.918750 0.708333 0.066250 0.088333
0 0.440625 0.705833 0.067500 0.100000
0 0.800312 0.692500 0.096875 0.076667
0 0.570000 0.696667 0.068750 0.088333
0 0.656250 0.679167 0.071250 0.081667
0 0.951250 0.631667 0.096250 0.061667
0 0.327188 0.640000 0.066875 0.090000
0 0.259062 0.636667 0.066875 0.088333
0 0.200313 0.632917 0.063125 0.082500
0 0.784062 0.613750 0.064375 0.087500
0 0.586875 0.602083 0.080000 0.075833
0 0.741250 0.590833 0.078750 0.093333
0 0.843750 0.569167 0.058750 0.080000
0 0.329062 0.562083 0.075625 0.085833
0 0.514375 0.560000 0.067500 0.085000
0 0.712187 0.565000 0.079375 0.103333
0 0.200313 0.559167 0.074375 0.098333
0 0.010937 0.523333 0.021875 0.081667
0 0.667500 0.520833 0.068750 0.083333
0 0.585313 0.520833 0.079375 0.093333
0 0.426250 0.497083 0.078750 0.084167
0 0.795625 0.470833 0.062500 0.090000
0 0.959375 0.462083 0.080000 0.087500
0 0.211562 0.458750 0.060625 0.092500
0 0.161250 0.460417 0.053750 0.097500
0 0.104375 0.425833 0.065000 0.093333
0 0.682500 0.425000 0.057500 0.105000
0 0.639062 0.414167 0.063125 0.095000
0 0.016563 0.391667 0.033125 0.085000
0 0.363125 0.352500 0.067500 0.086667
0 0.072500 0.348750 0.062500 0.117500
0 0.727500 0.335000 0.061250 0.095000
0 0.035937 0.332500 0.053125 0.101667
0 0.655937 0.323333 0.074375 0.090000
0 0.891250 0.303333 0.071250 0.081667
0 0.123750 0.308333 0.063750 0.101667
0 0.536250 0.293333 0.063750 0.078333
0 0.173125 0.290000 0.043750 0.078333
0 0.219688 0.279167 0.053125 0.095000
0 0.687813 0.262917 0.073125 0.087500
0 0.318437 0.238750 0.056875 0.105833
0 0.783750 0.233333 0.073750 0.098333
0 0.483125 0.230417 0.090000 0.094167
0 0.170000 0.202500 0.062500 0.091667
0 0.263750 0.191667 0.061250 0.075000
0 0.106250 0.206667 0.077500 0.105000
0 0.924375 0.183750 0.082500 0.067500
0 0.623125 0.190000 0.057500 0.091667
0 0.845625 0.175833 0.065000 0.076667
0 0.338438 0.156250 0.073125 0.094167
0 0.057813 0.166250 0.068125 0.117500
0 0.451250 0.136667 0.081250 0.085000
0 0.927188 0.128750 0.066875 0.080833
0 0.783125 0.127500 0.062500 0.083333
0 0.182500 0.100000 0.061250 0.091667
0 0.876563 0.083333 0.058125 0.100000
0 0.915625 0.017083 0.055000 0.034167
0 0.788750 0.021250 0.058750 0.042500
0 0.623125 0.027083 0.077500 0.054167
0 0.515000 0.039583 0.073750 0.079167
0 0.139063 0.033750 0.060625 0.067500
0 0.080000 0.023750 0.056250 0.047500