0 0.858125 0.978333 0.058750 0.043333
0 0.472187 0.977917 0.065625 0.044167
0 0.659375 0.977500 0.066250 0.045000
0 0.242500 0.977083 0.093750 0.045833
0 0.947500 0.974583 0.105000 0.050833
0 0.130625 0.967917 0.066250 0.064167
0 0.347813 0.960000 0.106875 0.080000
0 0.427500 0.945000 0.067500 0.081667
0 0.973125 0.932917 0.053750 0.094167
0 0.029375 0.928333 0.058750 0.086667
0 0.725313 0.925833 0.065625 0.086667
0 0.254375 0.924167 0.068750 0.088333
0 0.477187 0.913750 0.066875 0.089167
0 0.101562 0.902083 0.070625 0.094167
0 0.657813 0.881667 0.061875 0.080000
0 0.432188 0.865000 0.060625 0.070000
0 0.558125 0.877917 0.070000 0.099167
0 0.369063 0.880000 0.076875 0.106667
0 0.017188 0.853750 0.034375 0.097500
0 0.734062 0.827917 0.080625 0.090833
0 0.057500 0.821667 0.065000 0.083333
0 0.960938 0.814583 0.078125 0.114167
0 0.431250 0.792500 0.065000 0.088333
0 0.565937 0.781667 0.063125 0.085000
0 0.643437 0.772500 0.065625 0.091667
0 0.807813 0.749583 0.071875 0.085833
0 0.223438 0.753333 0.068125 0.096667
0 0.524687 0.719583 0.066875 0.079167
0 0.133750 0.729583 0.073750 0.099167
0 0.931250 0.720000 0.072500 0.086667
0 0.034375 0.731250 0.068750 0.114167
0 0.324375 0.715417 0.067500 0.099167
0 0.441875 0.700000 0.060000 0.086667
0 0.875625 0.687083 0.065000 0.082500
0 0.050000 0.695000 0.065000 0.098333
0 0.577500 0.680833 0.067500 0.076667
0 0.723750 0.661667 0.060000 0.076667
0 0.672813 0.683333 0.074375 0.130000
0 0.807813 0.655000 0.078125 0.081667
0 0.368437 0.629167 0.070625 0.078333
0 0.103750 0.632083 0.077500 0.102500
0 0.978437 0.616667 0.043125 0.085000
0 0.470313 0.620833 0.045625 0.093333
0 0.725625 0.594167 0.057500 0.076667
0 0.035000 0.584583 0.070000 0.100833
0 0.875000 0.585417 0.087500 0.124167
0 0.788750 0.588333 0.090000 0.131667
0 0.515625 0.578750 0.065000 0.117500
0 0.583125 0.580833 0.076250 0.126667
0 0.635000 0.571667 0.055000 0.110000
0 0.449688 0.563750 0.073125 0.125833
0 0.353438 0.538333 0.048125 0.075000
0 0.937813 0.540833 0.076875 0.106667
0 0.250312 0.522917 0.074375 0.077500
0 0.395937 0.523333 0.050625 0.080000
0 0.535937 0.516667 0.064375 0.073333
0 0.749062 0.509167 0.068125 0.111667
0 0.982187 0.488333 0.035625 0.085000
0 0.840000 0.492917 0.070000 0.094167
0 0.495312 0.480000 0.070625 0.086667
0 0.891250 0.482500 0.071250 0.095000
0 0.559375 0.467083 0.053750 0.075833
0 0.625313 0.467500 0.061875 0.095000
0 0.701875 0.460417 0.061250 0.082500
0 0.054062 0.465417 0.079375 0.094167
0 0.961875 0.424583 0.076250 0.087500
0 0.524687 0.424167 0.071875 0.095000
0 0.281875 0.412500 0.066250 0.085000
0 0.219688 0.402917 0.063125 0.084167
0 0.409062 0.402500 0.068125 0.088333
0 0.552500 0.348750 0.072500 0.075833
0 0.353750 0.354583 0.068750 0.109167
0 0.818438 0.362917 0.114375 0.134167
0 0.279687 0.337500 0.069375 0.083333
0 0.652500 0.340833 0.067500 0.095000
0 0.896250 0.324583 0.070000 0.095833
0 0.190625 0.311250 0.071250 0.085833
0 0.729688 0.303750 0.081875 0.089167
0 0.358750 0.256667 0.061250 0.086667
0 0.446875 0.255833 0.063750 0.093333
0 0.520938 0.260000 0.084375 0.118333
0 0.122188 0.241667 0.086875 0.118333
0 0.696250 0.219583 0.103750 0.114167
0 0.895000 0.226667 0.083750 0.135000
0 0.015625 0.207500 0.031250 0.123333
0 0.929063 0.185000 0.075625 0.095000
0 0.151250 0.158333 0.060000 0.083333
0 0.562500 0.154167 0.066250 0.076667
0 0.310312 0.162083 0.069375 0.092500
0 0.060625 0.153333 0.066250 0.083333
0 0.734375 0.142917 0.073750 0.087500
0 0.879687 0.119583 0.059375 0.089167
0 0.795937 0.102500 0.066875 0.081667
0 0.650625 0.092083 0.060000 0.082500
0 0.395000 0.084167 0.065000 0.088333
0 0.722500 0.078333 0.057500 0.080000
0 0.016563 0.065000 0.033125 0.081667
0 0.246562 0.057083 0.068125 0.080833
0 0.850625 0.040417 0.061250 0.075833
0 0.907188 0.022083 0.074375 0.044167
0 0.705937 0.040000 0.100625 0.080000
0 0.608125 0.042917 0.066250 0.085833
0 0.545000 0.035000 0.082500 0.070000
0 0.071563 0.032500 0.058125 0.065000