0 0.873125 0.982083 0.063750 0.035833
0 0.944375 0.977083 0.060000 0.045833
0 0.090625 0.977083 0.067500 0.045833
0 0.552813 0.973750 0.046875 0.052500
0 0.383125 0.967083 0.057500 0.065833
0 0.505938 0.959583 0.068125 0.080833
0 0.610625 0.958750 0.055000 0.082500
0 0.842500 0.938333 0.066250 0.091667
0 0.773125 0.912083 0.068750 0.087500
0 0.649062 0.877917 0.081875 0.085833
0 0.572500 0.870000 0.058750 0.085000
0 0.732812 0.866667 0.069375 0.093333
0 0.236250 0.835833 0.063750 0.086667
0 0.411875 0.811667 0.052500 0.081667
0 0.842500 0.805833 0.058750 0.080000
0 0.668438 0.812083 0.071875 0.095833
0 0.180625 0.805000 0.065000 0.081667
0 0.913125 0.790000 0.057500 0.078333
0 0.027187 0.785000 0.054375 0.095000
0 0.622188 0.783333 0.054375 0.118333
0 0.343125 0.782500 0.080000 0.116667
0 0.915625 0.706667 0.057500 0.071667
0 0.753125 0.711667 0.060000 0.081667
0 0.226562 0.696667 0.059375 0.086667
0 0.484375 0.644167 0.060000 0.096667
0 0.213125 0.637500 0.065000 0.086667
0 0.151875 0.622500 0.062500 0.076667
0 0.352500 0.577500 0.056250 0.076667
0 0.963125 0.562500 0.062500 0.090000
0 0.057500 0.521667 0.063750 0.091667
0 0.511875 0.501667 0.070000 0.081667
0 0.680625 0.469167 0.070000 0.086667
0 0.623125 0.457500 0.047500 0.076667
0 0.901250 0.445000 0.058750 0.075000
0 0.781250 0.448333 0.086250 0.098333
0 0.568750 0.430000 0.056250 0.091667
0 0.415938 0.423750 0.056875 0.085833
0 0.260625 0.403333 0.050000 0.085000
0 0.378750 0.397917 0.066250 0.097500
0 0.905625 0.368333 0.062500 0.085000
0 0.451250 0.351667 0.071250 0.095000
0 0.051250 0.342500 0.061250 0.076667
0 0.591250 0.324167 0.048750 0.103333
0 0.643125 0.300000 0.065000 0.078333
0 0.809375 0.275833 0.065000 0.090000
0 0.042500 0.259167 0.061250 0.086667
0 0.408750 0.250000 0.056250 0.088333
0 0.331250 0.227500 0.061250 0.093333
0 0.110000 0.210833 0.051250 0.073333
0 0.888750 0.215000 0.078750 0.085000
0 0.679375 0.202500 0.057500 0.083333
0 0.186250 0.200833 0.091250 0.163333
0 0.499688 0.168750 0.063125 0.100833
0 0.890312 0.137083 0.060625 0.074167
0 0.458437 0.143750 0.056875 0.094167
0 0.013437 0.130000 0.026875 0.081667
0 0.986563 0.129583 0.026875 0.102500
0 0.313125 0.110833 0.072500 0.078333
0 0.575000 0.111667 0.063750 0.088333
0 0.095000 0.079167 0.058750 0.096667
0 0.365000 0.052917 0.060000 0.082500
0 0.509375 0.050833 0.065000 0.083333
0 0.305937 0.043333 0.053125 0.075000
0 0.653125 0.044167 0.062500 0.083333
0 0.765625 0.035417 0.070000 0.070833
0 0.389375 0.018750 0.062500 0.037500
0 0.250625 0.036250 0.055000 0.072500
0 0.199063 0.024167 0.061875 0.048333