0 0.070938 0.984167 0.071875 0.031667
0 0.302500 0.957083 0.077500 0.085833
0 0.239063 0.933333 0.065625 0.086667
0 0.035312 0.941250 0.070625 0.117500
0 0.772813 0.910417 0.136875 0.084167
0 0.286875 0.864167 0.070000 0.083333
0 0.352187 0.852083 0.074375 0.090833
0 0.811250 0.832917 0.071250 0.085833
0 0.678125 0.827083 0.080000 0.094167
0 0.550000 0.817500 0.067500 0.081667
0 0.621563 0.827500 0.061875 0.111667
0 0.255625 0.803750 0.063750 0.109167
0 0.122813 0.792083 0.075625 0.095833
0 0.705937 0.751667 0.068125 0.088333
0 0.782500 0.755833 0.068750 0.101667
0 0.546250 0.723333 0.061250 0.086667
0 0.657500 0.717500 0.056250 0.085000
0 0.979062 0.704583 0.041875 0.105833
0 0.895625 0.666667 0.062500 0.078333
0 0.594688 0.660417 0.069375 0.074167
0 0.198750 0.668750 0.066250 0.097500
0 0.454375 0.650417 0.060000 0.062500
0 0.642813 0.640417 0.058125 0.080833
0 0.280625 0.682917 0.096250 0.172500
0 0.393750 0.645417 0.071250 0.100833
0 0.832187 0.651250 0.094375 0.139167
0 0.930000 0.583333 0.062500 0.090000
0 0.648438 0.561250 0.071875 0.074167
0 0.150312 0.587500 0.106875 0.155000
0 0.269375 0.550000 0.065000 0.105000
0 0.872188 0.538750 0.070625 0.089167
0 0.404062 0.549583 0.059375 0.112500
0 0.968125 0.484583 0.060000 0.082500
0 0.427187 0.473750 0.098125 0.070833
0 0.299687 0.474583 0.065625 0.085833
0 0.859375 0.409167 0.063750 0.078333
0 0.398438 0.407500 0.074375 0.076667
0 0.935312 0.419583 0.078125 0.115833
0 0.262188 0.408333 0.074375 0.098333
0 0.978125 0.390833 0.043750 0.096667
0 0.294687 0.361667 0.065625 0.090000
0 0.880625 0.336667 0.066250 0.081667
0 0.210625 0.345833 0.081250 0.111667
0 0.480938 0.330833 0.060625 0.091667
0 0.157812 0.315417 0.065625 0.080833
0 0.891250 0.282083 0.090000 0.070833
0 0.241250 0.287917 0.105000 0.085833
0 0.979688 0.277500 0.040625 0.091667
0 0.813125 0.266667 0.062500 0.075000
0 0.109687 0.260417 0.054375 0.097500
0 0.168125 0.237083 0.073750 0.077500
0 0.060312 0.237083 0.055625 0.087500
0 0.251250 0.208333 0.092500 0.071667
0 0.712812 0.257917 0.101875 0.179167
0 0.442188 0.189583 0.064375 0.067500
0 0.032813 0.196250 0.053125 0.082500
0 0.791875 0.197500 0.065000 0.091667
0 0.375312 0.189583 0.064375 0.090833
0 0.979375 0.167500 0.041250 0.081667
0 0.926250 0.190417 0.067500 0.127500
0 0.859688 0.159167 0.060625 0.078333
0 0.184688 0.149583 0.096875 0.095833
0 0.729688 0.136250 0.065625 0.072500
0 0.587812 0.139167 0.061875 0.086667
0 0.292812 0.125417 0.064375 0.094167
0 0.669375 0.117917 0.067500 0.085833
0 0.964375 0.102500 0.071250 0.093333
0 0.024375 0.122917 0.048750 0.139167
0 0.760938 0.085833 0.061875 0.076667
0 0.518125 0.071250 0.052500 0.069167
0 0.901250 0.070417 0.073750 0.097500
0 0.241875 0.067500 0.067500 0.091667
0 0.965000 0.032083 0.070000 0.064167
0 0.798750 0.021250 0.061250 0.042500
0 0.449375 0.044167 0.070000 0.088333
0 0.360938 0.018750 0.061875 0.037500
0 0.304063 0.042083 0.066875 0.084167
0 0.055313 0.022083 0.076875 0.044167