0 0.187812 0.987083 0.030625 0.024167
0 0.638125 0.982083 0.060000 0.035833
0 0.567813 0.975833 0.053125 0.048333
0 0.229063 0.970000 0.065625 0.060000
0 0.141875 0.967500 0.053750 0.065000
0 0.754375 0.912500 0.072500 0.078333
0 0.094062 0.901667 0.064375 0.095000
0 0.825313 0.888750 0.070625 0.094167
0 0.022812 0.871667 0.045625 0.088333
0 0.503437 0.872917 0.064375 0.125833
0 0.681875 0.852917 0.072500 0.095833
0 0.770625 0.844583 0.063750 0.092500
0 0.813750 0.750833 0.067500 0.093333
0 0.183750 0.749167 0.071250 0.096667
0 0.021875 0.728333 0.043750 0.068333
0 0.555000 0.724167 0.056250 0.090000
0 0.282813 0.697083 0.058125 0.104167
0 0.348125 0.683333 0.067500 0.088333
0 0.084687 0.679167 0.059375 0.090000
0 0.232813 0.665000 0.063125 0.095000
0 0.026562 0.647500 0.053125 0.090000
0 0.138750 0.620000 0.073750 0.078333
0 0.744375 0.628333 0.057500 0.108333
0 0.627500 0.590833 0.058750 0.076667
0 0.883750 0.586667 0.071250 0.095000
0 0.975938 0.593750 0.048125 0.119167
0 0.559688 0.563750 0.065625 0.097500
0 0.081562 0.563333 0.059375 0.111667
0 0.148438 0.546667 0.071875 0.088333
0 0.821875 0.545417 0.065000 0.089167
0 0.933125 0.539167 0.057500 0.086667
0 0.259375 0.522917 0.060000 0.097500
0 0.203437 0.516667 0.055625 0.085000
0 0.325625 0.502917 0.073750 0.080833
0 0.013437 0.495417 0.026875 0.090833
0 0.741250 0.488333 0.068750 0.095000
0 0.501875 0.476667 0.062500 0.085000
0 0.137813 0.464583 0.065625 0.077500
0 0.036250 0.436250 0.063750 0.092500
0 0.210625 0.418750 0.062500 0.092500
0 0.095312 0.415417 0.053125 0.105833
0 0.759062 0.402917 0.056875 0.082500
0 0.475625 0.404167 0.072500 0.090000
0 0.149688 0.395417 0.059375 0.079167
0 0.538125 0.374583 0.052500 0.089167
0 0.295312 0.315000 0.070625 0.106667
0 0.758125 0.304167 0.067500 0.103333
0 0.696250 0.260417 0.061250 0.080833
0 0.024688 0.239167 0.049375 0.100000
0 0.617188 0.220000 0.061875 0.086667
0 0.190312 0.219167 0.061875 0.086667
0 0.360312 0.215000 0.070625 0.093333
0 0.290938 0.212500 0.070625 0.090000
0 0.715625 0.160833 0.062500 0.095000
0 0.979375 0.119167 0.041250 0.083333
0 0.611875 0.093333 0.070000 0.095000
0 0.463750 0.077500 0.071250 0.096667
0 0.841562 0.032917 0.071875 0.065833
0 0.663125 0.045417 0.075000 0.090833
0 0.430000 0.033750 0.056250 0.067500
0 0.348750 0.046250 0.071250 0.092500
0 0.048438 0.032083 0.063125 0.064167