0 0.638125 0.979583 0.067500 0.040833
0 0.200937 0.973750 0.104375 0.052500
0 0.450625 0.972917 0.058750 0.054167
0 0.708750 0.962083 0.081250 0.075833
0 0.395937 0.957083 0.048125 0.085833
0 0.839063 0.951667 0.085625 0.096667
0 0.447500 0.924583 0.067500 0.064167
0 0.525625 0.937917 0.077500 0.107500
0 0.337500 0.920417 0.072500 0.102500
0 0.748750 0.899167 0.067500 0.086667
0 0.433437 0.872083 0.066875 0.070833
0 0.489687 0.862083 0.058125 0.082500
0 0.153438 0.880417 0.073125 0.157500
0 0.853750 0.840000 0.078750 0.081667
0 0.236875 0.845417 0.080000 0.104167
0 0.667500 0.854583 0.073750 0.127500
0 0.937813 0.823333 0.078125 0.073333
0 0.070625 0.846250 0.108750 0.149167
0 0.516563 0.787917 0.060625 0.084167
0 0.586250 0.807083 0.100000 0.125833
0 0.195937 0.774167 0.071875 0.095000
0 0.670937 0.734167 0.080625 0.101667
0 0.932500 0.723333 0.100000 0.131667
0 0.194375 0.693333 0.061250 0.081667
0 0.555937 0.706250 0.089375 0.110833
0 0.628437 0.652500 0.065625 0.076667
0 0.867188 0.688750 0.084375 0.154167
0 0.096875 0.662500 0.072500 0.110000
0 0.981563 0.646250 0.036875 0.115833
0 0.139375 0.627083 0.063750 0.080833
0 0.212188 0.615417 0.073125 0.100833
0 0.799063 0.616250 0.090625 0.105833
0 0.283438 0.583750 0.071875 0.065833
0 0.648438 0.594583 0.065625 0.089167
0 0.707187 0.573750 0.056875 0.090833
0 0.874687 0.569167 0.059375 0.085000
0 0.753125 0.562500 0.056250 0.086667
0 0.591875 0.547917 0.060000 0.105833
0 0.985000 0.527083 0.030000 0.089167
0 0.794063 0.510417 0.069375 0.089167
0 0.528750 0.505000 0.078750 0.081667
0 0.633125 0.502917 0.070000 0.082500
0 0.045625 0.509167 0.091250 0.098333
0 0.468750 0.500417 0.060000 0.095833
0 0.946875 0.464583 0.060000 0.075833
0 0.988437 0.447083 0.023125 0.069167
0 0.819688 0.447917 0.058125 0.077500
0 0.490000 0.445417 0.091250 0.105833
0 0.019375 0.440000 0.038750 0.103333
0 0.765000 0.449167 0.090000 0.141667
0 0.676875 0.426667 0.078750 0.098333
0 0.915312 0.396667 0.068125 0.095000
0 0.235313 0.358750 0.063125 0.090833
0 0.353125 0.346667 0.073750 0.091667
0 0.873437 0.341667 0.075625 0.083333
0 0.174687 0.361250 0.083125 0.145833
0 0.025000 0.328333 0.050000 0.096667
0 0.750938 0.327917 0.080625 0.112500
0 0.084375 0.340833 0.086250 0.143333
0 0.805000 0.314583 0.063750 0.092500
0 0.960938 0.315833 0.078125 0.113333
0 0.901875 0.295833 0.057500 0.103333
0 0.366250 0.267917 0.068750 0.075833
0 0.299063 0.242917 0.061875 0.080833
0 0.772188 0.233750 0.061875 0.084167
0 0.975938 0.227500 0.048125 0.121667
0 0.890938 0.200833 0.065625 0.093333
0 0.358125 0.191250 0.078750 0.107500
0 0.833750 0.175833 0.057500 0.078333
0 0.477500 0.179583 0.077500 0.100833
0 0.727187 0.162083 0.083125 0.094167
0 0.822812 0.127500 0.063125 0.071667
0 0.315937 0.132917 0.069375 0.094167
0 0.113750 0.133750 0.071250 0.109167
0 0.941875 0.135833 0.067500 0.138333
0 0.894062 0.110000 0.078125 0.095000
0 0.395937 0.128333 0.088125 0.131667
0 0.462187 0.107083 0.064375 0.092500
0 0.767188 0.085000 0.068125 0.081667
0 0.663125 0.059167 0.057500 0.083333
0 0.974688 0.070833 0.050625 0.141667
0 0.409375 0.030833 0.071250 0.061667
0 0.097187 0.047083 0.064375 0.094167