0 0.427500 0.980833 0.053750 0.038333
0 0.597500 0.932500 0.053750 0.060000
0 0.517500 0.930833 0.058750 0.080000
0 0.823125 0.906667 0.057500 0.075000
0 0.427500 0.910833 0.068750 0.096667
0 0.233750 0.890833 0.066250 0.076667
0 0.155625 0.894583 0.072500 0.085833
0 0.880313 0.872917 0.053125 0.079167
0 0.590000 0.859167 0.053750 0.070000
0 0.519375 0.852500 0.060000 0.060000
0 0.720313 0.840000 0.054375 0.058333
0 0.069062 0.835000 0.054375 0.061667
0 0.630313 0.811667 0.046875 0.065000
0 0.827812 0.815000 0.066875 0.078333
0 0.021250 0.810417 0.042500 0.077500
0 0.428125 0.811667 0.057500 0.081667
0 0.749375 0.796250 0.067500 0.100833
0 0.876250 0.785417 0.058750 0.084167
0 0.566875 0.773333 0.075000 0.095000
0 0.233750 0.766667 0.066250 0.085000
0 0.046562 0.738333 0.073125 0.065000
0 0.910000 0.731667 0.073750 0.088333
0 0.819375 0.724583 0.065000 0.085833
0 0.396875 0.720000 0.062500 0.078333
0 0.966562 0.705833 0.058125 0.075000
0 0.673125 0.700000 0.052500 0.068333
0 0.026250 0.689583 0.052500 0.067500
0 0.178750 0.677500 0.046250 0.053333
0 0.507500 0.675000 0.056250 0.075000
0 0.453125 0.665000 0.050000 0.075000
0 0.803125 0.654167 0.065000 0.080000
0 0.274375 0.659167 0.062500 0.090000
0 0.588750 0.650833 0.056250 0.083333
0 0.328437 0.632500 0.049375 0.073333
0 0.023438 0.617500 0.046875 0.066667
0 0.873750 0.608333 0.056250 0.085000
0 0.527500 0.585000 0.083750 0.098333
0 0.645000 0.570000 0.046250 0.071667
0 0.101250 0.567500 0.060000 0.076667
0 0.752500 0.575000 0.068750 0.101667
0 0.389375 0.560833 0.062500 0.076667
0 0.314375 0.535833 0.052500 0.063333
0 0.602187 0.535000 0.063125 0.068333
0 0.167187 0.534167 0.058125 0.076667
0 0.886250 0.506667 0.056250 0.071667
0 0.021562 0.508750 0.043125 0.075833
0 0.681875 0.504167 0.062500 0.076667
0 0.574375 0.473333 0.047500 0.058333
0 0.226250 0.470833 0.071250 0.073333
0 0.098125 0.457083 0.067500 0.077500
0 0.029375 0.437500 0.050000 0.063333
0 0.862500 0.431250 0.068750 0.070833
0 0.620625 0.418333 0.052500 0.078333
0 0.473125 0.421667 0.067500 0.085000
0 0.104375 0.383750 0.055000 0.069167
0 0.165625 0.386667 0.062500 0.085000
0 0.296875 0.374583 0.057500 0.065833
0 0.417500 0.375833 0.053750 0.076667
0 0.363750 0.357500 0.051250 0.076667
0 0.532813 0.360833 0.050625 0.086667
0 0.886875 0.330000 0.095000 0.075000
0 0.492500 0.332500 0.058750 0.080000
0 0.754375 0.325833 0.055000 0.070000
0 0.647500 0.320833 0.061250 0.090000
0 0.206875 0.294167 0.050000 0.063333
0 0.283750 0.298333 0.061250 0.075000
0 0.908125 0.284167 0.047500 0.063333
0 0.457500 0.271250 0.061250 0.072500
0 0.980313 0.275000 0.039375 0.091667
0 0.047500 0.260833 0.058750 0.070000
0 0.521875 0.255833 0.060000 0.080000
0 0.746875 0.242500 0.047500 0.066667
0 0.152500 0.242083 0.068750 0.084167
0 0.330625 0.228333 0.056250 0.070000
0 0.948125 0.222500 0.070000 0.093333
0 0.697500 0.199583 0.048750 0.069167
0 0.462500 0.197083 0.066250 0.079167
0 0.122500 0.190833 0.068750 0.080000
0 0.039375 0.180833 0.052500 0.066667
0 0.271250 0.199167 0.088750 0.110000
0 0.533125 0.160833 0.060000 0.073333
0 0.866875 0.174167 0.085000 0.113333
0 0.904375 0.093333 0.067500 0.081667
0 0.485625 0.061667 0.052500 0.071667
0 0.619375 0.058750 0.060000 0.079167
0 0.680312 0.036250 0.058125 0.072500
0 0.578125 0.024583 0.060000 0.049167
0 0.390000 0.027917 0.063750 0.055833
0 0.137187 0.034167 0.048125 0.068333