0 0.164062 0.980833 0.063125 0.038333
0 0.916250 0.980417 0.062500 0.039167
0 0.848125 0.977083 0.070000 0.045833
0 0.446250 0.975417 0.067500 0.049167
0 0.962500 0.950000 0.068750 0.096667
0 0.137187 0.939167 0.071875 0.085000
0 0.422187 0.930417 0.071875 0.090833
0 0.924687 0.900417 0.070625 0.097500
0 0.173125 0.865000 0.065000 0.085000
0 0.496250 0.847500 0.071250 0.090000
0 0.596875 0.827500 0.072500 0.093333
0 0.401875 0.785833 0.070000 0.093333
0 0.789375 0.775833 0.072500 0.093333
0 0.284375 0.734167 0.065000 0.096667
0 0.971875 0.708333 0.056250 0.090000
0 0.459062 0.705833 0.070625 0.085000
0 0.377188 0.677500 0.070625 0.083333
0 0.425000 0.619583 0.092500 0.144167
0 0.502812 0.597083 0.076875 0.109167
0 0.455313 0.514583 0.071875 0.102500
0 0.521875 0.503333 0.072500 0.096667
0 0.736875 0.487500 0.067500 0.088333
0 0.025937 0.473333 0.051875 0.075000
0 0.608750 0.540417 0.147500 0.239167
0 0.676250 0.471667 0.067500 0.106667
0 0.350313 0.433750 0.069375 0.099167
0 0.100312 0.408333 0.075625 0.103333
0 0.343125 0.335833 0.070000 0.096667
0 0.078437 0.322500 0.078125 0.103333
0 0.481875 0.276667 0.072500 0.101667
0 0.170937 0.245417 0.073125 0.099167
0 0.243750 0.230833 0.071250 0.086667
0 0.015938 0.219167 0.031875 0.096667
0 0.860000 0.210000 0.071250 0.091667
0 0.761563 0.177500 0.065625 0.083333
0 0.371875 0.176667 0.085000 0.091667
0 0.531875 0.176667 0.070000 0.098333
0 0.711250 0.128333 0.068750 0.098333
0 0.819063 0.122917 0.084375 0.099167
0 0.980938 0.045417 0.038125 0.090833
0 0.306250 0.022083 0.063750 0.044167
0 0.217812 0.046667 0.058125 0.093333
0 0.150625 0.040417 0.072500 0.080833