0 0.711250 0.976250 0.068750 0.047500
0 0.226875 0.967917 0.073750 0.064167
0 0.585625 0.967083 0.072500 0.065833
0 0.903750 0.952917 0.061250 0.094167
0 0.055000 0.930000 0.066250 0.088333
0 0.237500 0.910000 0.081250 0.093333
0 0.432812 0.904167 0.060625 0.100000
0 0.962500 0.896667 0.063750 0.108333
0 0.373750 0.886250 0.073750 0.099167
0 0.480000 0.868333 0.061250 0.105000
0 0.275000 0.847500 0.073750 0.090000
0 0.603125 0.854167 0.092500 0.120000
0 0.032188 0.827500 0.064375 0.086667
0 0.889375 0.821667 0.072500 0.101667
0 0.081875 0.797500 0.065000 0.086667
0 0.218750 0.760000 0.066250 0.091667
0 0.818750 0.755833 0.061250 0.086667
0 0.480000 0.735000 0.063750 0.098333
0 0.745000 0.715833 0.068750 0.090000
0 0.028438 0.694167 0.056875 0.083333
0 0.260625 0.648333 0.065000 0.085000
0 0.197187 0.658333 0.061875 0.143333
0 0.062500 0.626667 0.078750 0.085000
0 0.942500 0.620000 0.073750 0.098333
0 0.660625 0.571667 0.072500 0.115000
0 0.313750 0.551250 0.070000 0.097500
0 0.719375 0.544167 0.068750 0.085000
0 0.383750 0.547500 0.071250 0.096667
0 0.172813 0.519167 0.066875 0.093333
0 0.805625 0.486667 0.067500 0.108333
0 0.728125 0.469167 0.070000 0.086667
0 0.876875 0.452917 0.072500 0.084167
0 0.313125 0.458333 0.067500 0.095000
0 0.194375 0.446667 0.071250 0.105000
0 0.988437 0.421250 0.023125 0.087500
0 0.918750 0.385000 0.076250 0.101667
0 0.421250 0.350833 0.066250 0.090000
0 0.580625 0.340833 0.075000 0.083333
0 0.293750 0.288333 0.068750 0.088333
0 0.906250 0.243333 0.076250 0.088333
0 0.568750 0.231667 0.076250 0.085000
0 0.281250 0.195833 0.066250 0.090000
0 0.814375 0.166667 0.075000 0.081667
0 0.574688 0.152917 0.093125 0.074167
0 0.923750 0.155833 0.071250 0.090000
0 0.850000 0.068333 0.066250 0.098333
0 0.278125 0.061667 0.067500 0.085000
0 0.783750 0.035417 0.071250 0.070833
0 0.535000 0.030417 0.066250 0.060833
0 0.452500 0.035417 0.086250 0.070833