0 0.327188 0.977500 0.066875 0.045000
0 0.229687 0.975833 0.063125 0.048333
0 0.940000 0.957917 0.048750 0.077500
0 0.282187 0.954167 0.071875 0.088333
0 0.187188 0.949583 0.073125 0.090833
0 0.652500 0.922500 0.056250 0.091667
0 0.056875 0.910417 0.075000 0.095833
0 0.144375 0.912917 0.067500 0.104167
0 0.427187 0.912083 0.096875 0.105833
0 0.248750 0.882500 0.076250 0.095000
0 0.975000 0.859583 0.050000 0.080833
0 0.759062 0.870833 0.090625 0.133333
0 0.180312 0.849583 0.071875 0.107500
0 0.648750 0.824583 0.056250 0.079167
0 0.064375 0.826667 0.068750 0.090000
0 0.117188 0.835417 0.080625 0.109167
0 0.965625 0.799167 0.068750 0.088333
0 0.279687 0.800000 0.083125 0.095000
0 0.705625 0.784167 0.073750 0.070000
0 0.023750 0.790833 0.047500 0.101667
0 0.781250 0.794167 0.073750 0.111667
0 0.340313 0.775000 0.069375 0.091667
0 0.052500 0.749583 0.076250 0.082500
0 0.133125 0.741667 0.066250 0.090000
0 0.987187 0.731250 0.025625 0.074167
0 0.503750 0.725833 0.081250 0.105000
0 0.703125 0.711250 0.065000 0.082500
0 0.603125 0.698750 0.067500 0.094167
0 0.114062 0.684167 0.078125 0.103333
0 0.366875 0.685833 0.070000 0.126667
0 0.982187 0.654167 0.035625 0.075000
0 0.647188 0.629167 0.100625 0.098333
0 0.797813 0.623750 0.068125 0.095833
0 0.728125 0.620000 0.063750 0.090000
0 0.121250 0.600000 0.067500 0.085000
0 0.958750 0.596250 0.066250 0.085833
0 0.362187 0.576250 0.103125 0.147500
0 0.531875 0.541250 0.096250 0.085833
0 0.664062 0.537083 0.061875 0.092500
0 0.731563 0.539167 0.079375 0.100000
0 0.884062 0.515000 0.066875 0.075000
0 0.980625 0.499167 0.038750 0.073333
0 0.595938 0.477500 0.070625 0.090000
0 0.137500 0.494167 0.103750 0.131667
0 0.825625 0.466667 0.062500 0.085000
0 0.460938 0.474583 0.103125 0.110833
0 0.369063 0.460000 0.064375 0.088333
0 0.773438 0.484167 0.075625 0.141667
0 0.697812 0.455417 0.078125 0.097500
0 0.214062 0.438750 0.074375 0.087500
0 0.617188 0.421250 0.055625 0.084167
0 0.107188 0.428333 0.074375 0.108333
0 0.922813 0.414583 0.069375 0.085833
0 0.846875 0.412083 0.058750 0.087500
0 0.480625 0.408333 0.062500 0.083333
0 0.568125 0.407083 0.042500 0.082500
0 0.038125 0.425000 0.062500 0.136667
0 0.712500 0.393333 0.062500 0.075000
0 0.652813 0.378333 0.055625 0.058333
0 0.763125 0.383333 0.063750 0.086667
0 0.403125 0.361250 0.095000 0.097500
0 0.320625 0.368750 0.058750 0.120833
0 0.264375 0.365000 0.075000 0.138333
0 0.113125 0.338750 0.101250 0.099167
0 0.517500 0.325000 0.058750 0.075000
0 0.955000 0.329583 0.066250 0.089167
0 0.201250 0.313333 0.057500 0.078333
0 0.681250 0.309583 0.068750 0.087500
0 0.880313 0.275417 0.061875 0.079167
0 0.455625 0.294167 0.073750 0.116667
0 0.625625 0.265417 0.061250 0.092500
0 0.551875 0.260417 0.065000 0.082500
0 0.300938 0.261667 0.079375 0.105000
0 0.020938 0.246667 0.041875 0.086667
0 0.740625 0.247500 0.058750 0.093333
0 0.077813 0.242500 0.069375 0.095000
0 0.696250 0.231250 0.065000 0.085833
0 0.391250 0.227917 0.067500 0.089167
0 0.139375 0.232083 0.072500 0.117500
0 0.815937 0.224583 0.095625 0.120833
0 0.979688 0.216250 0.040625 0.134167
0 0.246250 0.212083 0.057500 0.135833
0 0.207500 0.205000 0.066250 0.130000
0 0.621563 0.182083 0.050625 0.085833
0 0.336875 0.177083 0.061250 0.092500
0 0.568438 0.188750 0.068125 0.120833
0 0.444063 0.167917 0.068125 0.092500
0 0.037187 0.169583 0.074375 0.100833
0 0.681562 0.156667 0.058125 0.080000
0 0.494688 0.192083 0.081875 0.152500
0 0.273438 0.153333 0.058125 0.096667
0 0.195312 0.137500 0.070625 0.095000
0 0.093125 0.137500 0.056250 0.116667
0 0.755000 0.114583 0.102500 0.090833
0 0.629062 0.105833 0.054375 0.085000
0 0.130625 0.104167 0.072500 0.086667
0 0.307188 0.085000 0.061875 0.076667
0 0.475313 0.074583 0.059375 0.077500
0 0.528438 0.072083 0.069375 0.120833
0 0.398125 0.055000 0.078750 0.110000
0 0.329375 0.022500 0.071250 0.045000
0 0.246875 0.038750 0.105000 0.077500
0 0.170313 0.037500 0.059375 0.075000
0 0.050625 0.053750 0.082500 0.107500