0 0.496563 0.972500 0.070625 0.055000
0 0.823125 0.970417 0.067500 0.059167
0 0.897500 0.963750 0.071250 0.072500
0 0.334375 0.953333 0.077500 0.088333
0 0.745000 0.952083 0.068750 0.095833
0 0.445000 0.942500 0.078750 0.098333
0 0.259375 0.900417 0.075000 0.090833
0 0.169375 0.891667 0.067500 0.091667
0 0.089063 0.873333 0.080625 0.081667
0 0.949375 0.849167 0.072500 0.080000
0 0.298125 0.845417 0.082500 0.085833
0 0.029063 0.848333 0.058125 0.098333
0 0.626875 0.826667 0.080000 0.105000
0 0.782500 0.790833 0.053750 0.073333
0 0.525625 0.775000 0.070000 0.085000
0 0.851875 0.724167 0.075000 0.096667
0 0.051250 0.712500 0.071250 0.090000
0 0.503750 0.603333 0.076250 0.101667
0 0.759375 0.561667 0.075000 0.088333
0 0.955625 0.565000 0.085000 0.108333
0 0.012188 0.547917 0.024375 0.090833
0 0.710625 0.456667 0.065000 0.085000
0 0.458750 0.451667 0.066250 0.101667
0 0.539375 0.439167 0.072500 0.093333
0 0.079375 0.433333 0.067500 0.098333
0 0.009062 0.387083 0.018125 0.074167
0 0.607812 0.377083 0.093125 0.129167
0 0.693125 0.355833 0.070000 0.093333
0 0.363125 0.333333 0.070000 0.085000
0 0.757500 0.330000 0.066250 0.088333
0 0.569375 0.295417 0.072500 0.090833
0 0.640000 0.246667 0.071250 0.098333
0 0.775625 0.208333 0.065000 0.091667
0 0.909375 0.182500 0.067500 0.090000
0 0.576250 0.163333 0.068750 0.091667
0 0.376875 0.156667 0.070000 0.095000
0 0.085000 0.085000 0.068750 0.101667
0 0.837187 0.049583 0.076875 0.099167
0 0.783750 0.036667 0.065000 0.073333
0 0.626250 0.032083 0.068750 0.064167
0 0.477500 0.044583 0.063750 0.089167
0 0.225000 0.040833 0.092500 0.081667