0 0.040000 0.967083 0.060000 0.065833
0 0.204063 0.964583 0.064375 0.070833
0 0.729062 0.953750 0.064375 0.089167
0 0.040625 0.917083 0.048750 0.064167
0 0.206875 0.897500 0.057500 0.073333
0 0.562813 0.907917 0.086875 0.112500
0 0.264062 0.880417 0.064375 0.075833
0 0.402500 0.881667 0.056250 0.085000
0 0.122500 0.883333 0.073750 0.091667
0 0.857500 0.868333 0.058750 0.088333
0 0.642188 0.857083 0.049375 0.072500
0 0.590938 0.857500 0.050625 0.076667
0 0.244062 0.827083 0.049375 0.069167
0 0.574688 0.801250 0.065625 0.070833
0 0.762500 0.788333 0.063750 0.085000
0 0.838750 0.785000 0.066250 0.085000
0 0.303125 0.752500 0.060000 0.083333
0 0.523438 0.740833 0.046875 0.068333
0 0.583750 0.730000 0.068750 0.068333
0 0.244375 0.721667 0.065000 0.075000
0 0.377500 0.721667 0.063750 0.085000
0 0.040625 0.709167 0.067500 0.090000
0 0.731563 0.703750 0.060625 0.080833
0 0.325625 0.689167 0.046250 0.055000
0 0.591250 0.677500 0.056250 0.058333
0 0.665625 0.682500 0.065000 0.085000
0 0.470000 0.670833 0.053750 0.076667
0 0.869375 0.670000 0.057500 0.081667
0 0.531875 0.659167 0.057500 0.083333
0 0.243750 0.635000 0.053750 0.075000
0 0.327500 0.620417 0.068750 0.085833
0 0.020938 0.622083 0.041875 0.095833
0 0.182500 0.594167 0.048750 0.070000
0 0.676875 0.587500 0.057500 0.076667
0 0.486250 0.587500 0.061250 0.076667
0 0.549063 0.584167 0.055625 0.073333
0 0.038437 0.576667 0.076875 0.095000
0 0.746875 0.572500 0.067500 0.090000
0 0.882500 0.573750 0.088750 0.127500
0 0.423125 0.519167 0.057500 0.076667
0 0.144375 0.522500 0.060000 0.086667
0 0.892813 0.483333 0.071875 0.091667
0 0.200937 0.461250 0.066875 0.079167
0 0.629375 0.455000 0.055000 0.071667
0 0.944688 0.449583 0.063125 0.075833
0 0.531875 0.416667 0.022500 0.028333
0 0.708750 0.435833 0.066250 0.093333
0 0.166563 0.415833 0.053125 0.070000
0 0.287500 0.389167 0.050000 0.070000
0 0.844375 0.350833 0.066250 0.071667
0 0.164062 0.339167 0.059375 0.066667
0 0.095000 0.319167 0.066250 0.083333
0 0.668125 0.311667 0.065000 0.085000
0 0.444688 0.300000 0.059375 0.081667
0 0.285625 0.300000 0.052500 0.081667
0 0.820625 0.285000 0.060000 0.078333
0 0.404062 0.232917 0.069375 0.079167
0 0.668125 0.218333 0.052500 0.071667
0 0.969063 0.219167 0.061875 0.083333
0 0.530000 0.206667 0.063750 0.081667
0 0.611875 0.185833 0.050000 0.063333
0 0.884375 0.177500 0.067500 0.086667
0 0.145000 0.148333 0.051250 0.078333
0 0.047500 0.122500 0.062500 0.093333
0 0.665000 0.115833 0.063750 0.086667
0 0.094062 0.119167 0.051875 0.103333
0 0.760625 0.037500 0.052500 0.060000
0 0.516875 0.023750 0.062500 0.047500