0 0.765625 0.978750 0.067500 0.042500
0 0.805625 0.958750 0.108750 0.082500
0 0.623125 0.932500 0.067500 0.090000
0 0.896563 0.924167 0.065625 0.085000
0 0.977812 0.919167 0.044375 0.081667
0 0.985625 0.837917 0.028750 0.062500
0 0.050625 0.845833 0.075000 0.090000
0 0.523125 0.815833 0.062500 0.073333
0 0.703750 0.740833 0.071250 0.090000
0 0.606875 0.738333 0.075000 0.088333
0 0.401875 0.736667 0.070000 0.085000
0 0.085000 0.734167 0.086250 0.113333
0 0.971562 0.728333 0.056875 0.108333
0 0.230000 0.696667 0.053750 0.078333
0 0.748125 0.675833 0.062500 0.080000
0 0.558750 0.638333 0.048750 0.068333
0 0.946875 0.628333 0.085000 0.065000
0 0.854375 0.630000 0.065000 0.111667
0 0.275938 0.599167 0.081875 0.100000
0 0.976562 0.555000 0.046875 0.068333
0 0.614375 0.543333 0.070000 0.091667
0 0.028438 0.522500 0.056875 0.080000
0 0.756250 0.502500 0.056250 0.066667
0 0.473750 0.524167 0.093750 0.120000
0 0.574375 0.485000 0.057500 0.075000
0 0.058125 0.435000 0.077500 0.091667
0 0.498125 0.393333 0.070000 0.081667
0 0.673125 0.347500 0.072500 0.073333
0 0.775000 0.351667 0.068750 0.095000
0 0.076875 0.239167 0.065000 0.090000
0 0.710000 0.223333 0.058750 0.091667
0 0.533125 0.220833 0.087500 0.096667
0 0.318750 0.214167 0.066250 0.116667
0 0.648750 0.179167 0.061250 0.080000
0 0.965313 0.174167 0.069375 0.090000
0 0.493125 0.105833 0.062500 0.103333
0 0.861563 0.015417 0.058125 0.030833
0 0.797500 0.050417 0.078750 0.100833