0 0.178750 0.977917 0.078750 0.044167
0 0.073125 0.942500 0.067500 0.090000
0 0.620000 0.940833 0.078750 0.103333
0 0.512500 0.918333 0.071250 0.091667
0 0.141875 0.916667 0.065000 0.101667
0 0.573125 0.881667 0.065000 0.091667
0 0.918438 0.874167 0.080625 0.103333
0 0.456875 0.852500 0.070000 0.096667
0 0.383750 0.843333 0.063750 0.078333
0 0.307500 0.813333 0.068750 0.095000
0 0.138125 0.780000 0.072500 0.093333
0 0.531875 0.720000 0.070000 0.105000
0 0.020938 0.707500 0.041875 0.096667
0 0.127812 0.698750 0.076875 0.090833
0 0.722812 0.642917 0.074375 0.092500
0 0.340000 0.648333 0.086250 0.141667
0 0.982812 0.605000 0.034375 0.101667
0 0.738437 0.563750 0.064375 0.054167
0 0.379375 0.580417 0.070000 0.104167
0 0.563750 0.532500 0.106250 0.106667
0 0.732500 0.510833 0.072500 0.085000
0 0.438750 0.500833 0.066250 0.090000
0 0.352500 0.495000 0.071250 0.095000
0 0.050000 0.481667 0.063750 0.081667
0 0.673125 0.479167 0.058750 0.116667
0 0.858125 0.460833 0.062500 0.086667
0 0.980625 0.423750 0.038750 0.099167
0 0.914375 0.372083 0.068750 0.129167
0 0.470000 0.339167 0.078750 0.103333
0 0.956250 0.348750 0.075000 0.130833
0 0.163750 0.327500 0.076250 0.090000
0 0.024688 0.329583 0.049375 0.102500
0 0.346250 0.310833 0.068750 0.090000
0 0.815625 0.295833 0.072500 0.096667
0 0.631250 0.275000 0.066250 0.091667
0 0.980938 0.276667 0.038125 0.131667
0 0.024375 0.237500 0.048750 0.088333
0 0.078750 0.215000 0.068750 0.088333
0 0.755625 0.130000 0.070000 0.098333
0 0.068750 0.115833 0.068750 0.093333
0 0.423125 0.095833 0.072500 0.103333
0 0.302500 0.079167 0.071250 0.103333
0 0.948125 0.050000 0.067500 0.091667
0 0.031875 0.076250 0.063750 0.149167