0 0.475313 0.985417 0.058125 0.029167
0 0.661250 0.982917 0.068750 0.034167
0 0.189062 0.924583 0.070625 0.110833
0 0.134375 0.915833 0.065000 0.093333
0 0.775000 0.856667 0.061250 0.091667
0 0.967500 0.832500 0.061250 0.080000
0 0.723750 0.822500 0.076250 0.080000
0 0.568125 0.814583 0.086250 0.107500
0 0.638750 0.796667 0.061250 0.081667
0 0.166875 0.789167 0.062500 0.076667
0 0.718125 0.742500 0.062500 0.066667
0 0.569375 0.741667 0.085000 0.078333
0 0.780625 0.690000 0.062500 0.075000
0 0.029063 0.695000 0.058125 0.108333
0 0.155000 0.674167 0.068750 0.080000
0 0.753125 0.618333 0.065000 0.078333
0 0.155312 0.602500 0.086875 0.056667
0 0.507500 0.603333 0.058750 0.068333
0 0.232813 0.612083 0.061875 0.097500
0 0.590625 0.567500 0.065000 0.086667
0 0.729375 0.553333 0.070000 0.075000
0 0.164687 0.544583 0.078125 0.059167
0 0.027187 0.546667 0.054375 0.085000
0 0.393125 0.540833 0.077500 0.096667
0 0.491875 0.501667 0.065000 0.071667
0 0.204375 0.496667 0.062500 0.071667
0 0.429375 0.485833 0.060000 0.066667
0 0.564375 0.488333 0.067500 0.085000
0 0.897500 0.418333 0.063750 0.085000
0 0.221875 0.403333 0.060000 0.081667
0 0.752500 0.400000 0.061250 0.081667
0 0.605625 0.391667 0.055000 0.078333
0 0.435625 0.390000 0.065000 0.075000
0 0.527188 0.375417 0.061875 0.082500
0 0.123125 0.349167 0.060000 0.080000
0 0.868750 0.340000 0.066250 0.095000
0 0.049375 0.327083 0.062500 0.084167
0 0.552188 0.320833 0.068125 0.085000
0 0.178750 0.315000 0.056250 0.081667
0 0.714375 0.321667 0.082500 0.105000
0 0.975938 0.295000 0.048125 0.061667
0 0.340625 0.284167 0.060000 0.085000
0 0.386562 0.283750 0.049375 0.089167
0 0.248125 0.272500 0.062500 0.086667
0 0.480000 0.271667 0.098750 0.118333
0 0.056875 0.247917 0.073750 0.092500
0 0.980313 0.221667 0.039375 0.075000
0 0.010937 0.222917 0.021875 0.094167
0 0.535937 0.210417 0.074375 0.102500
0 0.720625 0.189167 0.055000 0.093333
0 0.945000 0.170000 0.066250 0.091667
0 0.366250 0.150833 0.063750 0.076667
0 0.505313 0.149167 0.065625 0.093333
0 0.057500 0.148333 0.063750 0.095000
0 0.306250 0.114167 0.051250 0.100000
0 0.199687 0.101250 0.069375 0.089167
0 0.268750 0.078333 0.073750 0.115000
0 0.824688 0.056667 0.074375 0.081667
0 0.403750 0.049167 0.058750 0.080000
0 0.233125 0.046667 0.066250 0.088333
0 0.797188 0.031667 0.081875 0.063333
0 0.620938 0.019583 0.058125 0.039167