0 0.681562 0.986667 0.050625 0.026667
0 0.974063 0.982917 0.051875 0.034167
0 0.088438 0.967500 0.065625 0.065000
0 0.562500 0.966250 0.063750 0.067500
0 0.270000 0.961250 0.058750 0.077500
0 0.431563 0.952917 0.075625 0.094167
0 0.641250 0.952500 0.078750 0.095000
0 0.982187 0.893750 0.035625 0.074167
0 0.169375 0.897500 0.065000 0.083333
0 0.506250 0.897500 0.101250 0.096667
0 0.050000 0.895833 0.063750 0.096667
0 0.340000 0.859583 0.068750 0.089167
0 0.793125 0.840000 0.072500 0.068333
0 0.855625 0.817917 0.065000 0.077500
0 0.979062 0.772500 0.041875 0.070000
0 0.680000 0.777500 0.058750 0.080000
0 0.901250 0.770833 0.058750 0.076667
0 0.150312 0.774167 0.063125 0.083333
0 0.021562 0.766667 0.043125 0.095000
0 0.809063 0.756250 0.081875 0.080833
0 0.260000 0.755000 0.058750 0.078333
0 0.331250 0.717500 0.066250 0.076667
0 0.625938 0.713333 0.070625 0.091667
0 0.941562 0.707917 0.064375 0.082500
0 0.981563 0.668750 0.036875 0.074167
0 0.110312 0.672917 0.059375 0.087500
0 0.160938 0.662083 0.056875 0.094167
0 0.833750 0.635833 0.061250 0.070000
0 0.596250 0.615000 0.061250 0.081667
0 0.289375 0.595833 0.062500 0.073333
0 0.355000 0.580833 0.066250 0.083333
0 0.850938 0.525000 0.088125 0.091667
0 0.718750 0.500000 0.058750 0.065000
0 0.397500 0.498750 0.070000 0.087500
0 0.973437 0.489583 0.053125 0.085833
0 0.061875 0.432083 0.071250 0.075833
0 0.753125 0.422500 0.062500 0.080000
0 0.511875 0.400000 0.061250 0.078333
0 0.198437 0.369167 0.043125 0.075000
0 0.146250 0.376250 0.062500 0.092500
0 0.577500 0.365833 0.063750 0.080000
0 0.062187 0.353333 0.086875 0.085000
0 0.628750 0.314167 0.053750 0.076667
0 0.488750 0.284167 0.061250 0.076667
0 0.403750 0.296667 0.081250 0.101667
0 0.235313 0.276667 0.069375 0.080000
0 0.515938 0.227083 0.065625 0.082500
0 0.248438 0.195833 0.110625 0.083333
0 0.396562 0.189167 0.065625 0.073333
0 0.686562 0.176667 0.071875 0.065000
0 0.496250 0.158333 0.056250 0.065000
0 0.976562 0.133750 0.046875 0.069167
0 0.875625 0.112500 0.057500 0.080000
0 0.606875 0.097917 0.057500 0.072500
0 0.198750 0.080000 0.081250 0.121667
0 0.418125 0.040833 0.067500 0.070000
0 0.911250 0.026250 0.066250 0.052500
0 0.677500 0.021250 0.071250 0.042500
0 0.595625 0.017917 0.052500 0.035833
0 0.018750 0.049583 0.037500 0.099167