0 0.593750 0.982917 0.066250 0.034167
0 0.065625 0.979583 0.062500 0.040833
0 0.672500 0.967917 0.073750 0.064167
0 0.152812 0.930000 0.071875 0.090000
0 0.782500 0.909167 0.063750 0.080000
0 0.436875 0.895000 0.070000 0.088333
0 0.609375 0.881667 0.067500 0.081667
0 0.135937 0.880833 0.069375 0.085000
0 0.319375 0.852500 0.065000 0.090000
0 0.017812 0.831667 0.035625 0.091667
0 0.380625 0.795833 0.067500 0.103333
0 0.064375 0.788750 0.063750 0.099167
0 0.556875 0.745000 0.067500 0.091667
0 0.018125 0.740833 0.036250 0.083333
0 0.232187 0.734167 0.084375 0.108333
0 0.152188 0.717917 0.081875 0.107500
0 0.070625 0.693333 0.065000 0.095000
0 0.505625 0.676667 0.061250 0.085000
0 0.207500 0.639167 0.063750 0.083333
0 0.437500 0.643333 0.071250 0.111667
0 0.517813 0.627083 0.064375 0.085833
0 0.584688 0.619583 0.068125 0.094167
0 0.141563 0.613333 0.069375 0.093333
0 0.295938 0.597083 0.065625 0.080833
0 0.693438 0.613750 0.096875 0.150833
0 0.763125 0.585417 0.060000 0.099167
0 0.085938 0.586667 0.085625 0.105000
0 0.806875 0.567500 0.061250 0.093333
0 0.980313 0.559167 0.039375 0.083333
0 0.268750 0.559583 0.073750 0.092500
0 0.196250 0.536667 0.076250 0.088333
0 0.915625 0.533750 0.071250 0.089167
0 0.513437 0.500833 0.053125 0.101667
0 0.947812 0.489583 0.058125 0.087500
0 0.569063 0.501250 0.071875 0.144167
0 0.464062 0.480000 0.075625 0.123333
0 0.405313 0.463750 0.066875 0.112500
0 0.248750 0.454167 0.078750 0.100000
0 0.879375 0.442500 0.072500 0.096667
0 0.604688 0.438750 0.074375 0.092500
0 0.096875 0.422500 0.070000 0.083333
0 0.345000 0.420000 0.066250 0.095000
0 0.694688 0.389583 0.059375 0.064167
0 0.519687 0.401250 0.060625 0.099167
0 0.745313 0.375000 0.085625 0.090000
0 0.453125 0.356667 0.070000 0.091667
0 0.852500 0.346667 0.071250 0.085000
0 0.628750 0.364167 0.071250 0.121667
0 0.246250 0.340833 0.075000 0.095000
0 0.920625 0.324167 0.062500 0.100000
0 0.870625 0.285417 0.067500 0.079167
0 0.730938 0.300000 0.091875 0.111667
0 0.305000 0.285417 0.076250 0.090833
0 0.807187 0.257917 0.078125 0.094167
0 0.030937 0.245833 0.061875 0.106667
0 0.280938 0.235000 0.075625 0.095000
0 0.956250 0.218333 0.063750 0.105000
0 0.357187 0.242083 0.086875 0.162500
0 0.548438 0.188333 0.070625 0.100000
0 0.824375 0.189583 0.071250 0.105833
0 0.886563 0.168333 0.070625 0.091667
0 0.240000 0.150833 0.080000 0.091667
0 0.771250 0.120833 0.063750 0.086667
0 0.670625 0.110833 0.070000 0.086667
0 0.080625 0.105833 0.067500 0.080000
0 0.564063 0.105417 0.073125 0.092500
0 0.956875 0.096667 0.070000 0.098333
0 0.495625 0.081667 0.070000 0.085000
0 0.200000 0.075000 0.058750 0.098333
0 0.872500 0.070000 0.063750 0.091667
0 0.919375 0.028333 0.068750 0.056667
0 0.748125 0.018750 0.062500 0.037500
0 0.352500 0.027917 0.066250 0.055833
0 0.255000 0.025417 0.076250 0.050833
0 0.030625 0.045000 0.061250 0.090000