0 0.919375 0.973750 0.062500 0.052500
0 0.063125 0.972917 0.072500 0.054167
0 0.704688 0.947500 0.061875 0.073333
0 0.457500 0.923333 0.061250 0.078333
0 0.393125 0.919167 0.057500 0.076667
0 0.560000 0.902500 0.053750 0.086667
0 0.170000 0.893750 0.055000 0.072500
0 0.956250 0.901667 0.066250 0.091667
0 0.720625 0.903333 0.057500 0.096667
0 0.774375 0.892917 0.056250 0.109167
0 0.630000 0.870000 0.071250 0.091667
0 0.447500 0.842500 0.063750 0.083333
0 0.804688 0.840000 0.063125 0.090000
0 0.771250 0.801667 0.046250 0.075000
0 0.951875 0.787500 0.052500 0.053333
0 0.717187 0.807500 0.051875 0.093333
0 0.116875 0.795833 0.060000 0.083333
0 0.187500 0.801667 0.068750 0.098333
0 0.881875 0.787500 0.075000 0.073333
0 0.548438 0.789583 0.059375 0.084167
0 0.677500 0.776667 0.053750 0.075000
0 0.495625 0.748333 0.062500 0.088333
0 0.211562 0.705000 0.063125 0.081667
0 0.880625 0.696667 0.057500 0.075000
0 0.990938 0.695833 0.018125 0.078333
0 0.012188 0.685000 0.024375 0.083333
0 0.454375 0.641667 0.065000 0.085000
0 0.525000 0.642500 0.063750 0.090000
0 0.136250 0.615833 0.066250 0.080000
0 0.950625 0.605833 0.057500 0.073333
0 0.225625 0.614167 0.080000 0.110000
0 0.037812 0.583333 0.073125 0.096667
0 0.840000 0.559167 0.048750 0.076667
0 0.086250 0.556667 0.053750 0.075000
0 0.976562 0.541667 0.046875 0.078333
0 0.657500 0.525833 0.063750 0.080000
0 0.315000 0.488333 0.061250 0.085000
0 0.237500 0.484167 0.078750 0.096667
0 0.738125 0.456667 0.065000 0.078333
0 0.831875 0.440000 0.067500 0.081667
0 0.671875 0.423333 0.055000 0.075000
0 0.285625 0.395417 0.067500 0.070833
0 0.622188 0.398333 0.065625 0.095000
0 0.398125 0.354583 0.052500 0.075833
0 0.340313 0.353750 0.054375 0.080833
0 0.932500 0.353333 0.051250 0.088333
0 0.713437 0.317500 0.056875 0.080000
0 0.189375 0.315000 0.065000 0.085000
0 0.781875 0.309167 0.062500 0.080000
0 0.288125 0.315000 0.081250 0.093333
0 0.438125 0.305833 0.055000 0.076667
0 0.861875 0.298333 0.070000 0.095000
0 0.620000 0.265417 0.058750 0.077500
0 0.973437 0.227500 0.053125 0.086667
0 0.784062 0.203333 0.058125 0.075000
0 0.843750 0.176250 0.057500 0.080833
0 0.412500 0.152917 0.058750 0.084167
0 0.080000 0.087500 0.058750 0.086667
0 0.339687 0.089167 0.063125 0.091667
0 0.384688 0.066667 0.070625 0.056667
0 0.655625 0.060000 0.067500 0.095000
0 0.779687 0.046667 0.059375 0.078333
0 0.195000 0.041250 0.056250 0.072500
0 0.904375 0.015417 0.047500 0.030833
0 0.810625 0.017500 0.061250 0.035000
0 0.465625 0.024583 0.057500 0.049167
0 0.382500 0.017917 0.046250 0.035833