0 0.285625 0.979583 0.067500 0.040833
0 0.866875 0.942500 0.077500 0.093333
0 0.014687 0.913333 0.029375 0.075000
0 0.942813 0.917500 0.076875 0.103333
0 0.715000 0.908333 0.068750 0.088333
0 0.524375 0.895833 0.105000 0.070000
0 0.904687 0.858333 0.068125 0.093333
0 0.489063 0.845000 0.091875 0.085000
0 0.138750 0.845833 0.066250 0.086667
0 0.017188 0.831667 0.034375 0.071667
0 0.437188 0.817083 0.068125 0.075833
0 0.765625 0.815833 0.067500 0.090000
0 0.878125 0.775833 0.070000 0.076667
0 0.470000 0.767500 0.076250 0.083333
0 0.032188 0.760833 0.064375 0.093333
0 0.341875 0.756667 0.070000 0.095000
0 0.114375 0.727917 0.088750 0.090833
0 0.916875 0.712083 0.076250 0.080833
0 0.512813 0.708333 0.065625 0.083333
0 0.779687 0.690000 0.066875 0.085000
0 0.452188 0.685000 0.084375 0.076667
0 0.275000 0.690833 0.076250 0.093333
0 0.167500 0.662500 0.068750 0.090000
0 0.719688 0.675417 0.059375 0.122500
0 0.078125 0.644167 0.067500 0.083333
0 0.848750 0.646667 0.066250 0.091667
0 0.986563 0.635833 0.026875 0.076667
0 0.932187 0.629167 0.068125 0.081667
0 0.213438 0.640833 0.060625 0.121667
0 0.518750 0.615833 0.076250 0.073333
0 0.391562 0.606250 0.074375 0.102500
0 0.666250 0.582500 0.066250 0.093333
0 0.325625 0.570833 0.067500 0.096667
0 0.783438 0.552500 0.075625 0.061667
0 0.916562 0.558333 0.076875 0.076667
0 0.422812 0.564167 0.070625 0.095000
0 0.969375 0.542083 0.061250 0.100833
0 0.104375 0.524583 0.081250 0.080833
0 0.792188 0.493750 0.086875 0.070833
0 0.561875 0.503750 0.072500 0.095833
0 0.037187 0.488750 0.066875 0.115833
0 0.431250 0.468333 0.055000 0.080000
0 0.959375 0.465833 0.071250 0.080000
0 0.384062 0.467083 0.045625 0.100833
0 0.135625 0.445833 0.081250 0.096667
0 0.071563 0.436667 0.059375 0.083333
0 0.771250 0.423333 0.066250 0.081667
0 0.561250 0.437500 0.148750 0.116667
0 0.890938 0.417917 0.069375 0.100833
0 0.938438 0.382500 0.069375 0.086667
0 0.409062 0.367500 0.066875 0.088333
0 0.322188 0.349167 0.076875 0.068333
0 0.040313 0.352500 0.070625 0.091667
0 0.545000 0.340833 0.066250 0.083333
0 0.068125 0.309583 0.076250 0.105833
0 0.596562 0.300000 0.068125 0.090000
0 0.818125 0.285833 0.092500 0.063333
0 0.369063 0.300417 0.064375 0.097500
0 0.309375 0.284167 0.063750 0.065000
0 0.437500 0.279167 0.058750 0.103333
0 0.619062 0.249167 0.076875 0.081667
0 0.344062 0.232083 0.068125 0.069167
0 0.541250 0.244583 0.068750 0.097500
0 0.734062 0.215000 0.054375 0.098333
0 0.193125 0.205000 0.087500 0.091667
0 0.761250 0.183333 0.067500 0.086667
0 0.476562 0.185833 0.080625 0.098333
0 0.588437 0.169583 0.073125 0.070833
0 0.916562 0.182917 0.070625 0.104167
0 0.667500 0.187083 0.081250 0.122500
0 0.078125 0.155833 0.087500 0.073333
0 0.963750 0.162917 0.068750 0.095833
0 0.506250 0.154583 0.073750 0.080833
0 0.282500 0.157500 0.073750 0.096667
0 0.828750 0.131667 0.081250 0.095000
0 0.723437 0.113333 0.106875 0.098333
0 0.877812 0.080833 0.064375 0.078333
0 0.595313 0.073333 0.070625 0.086667
0 0.533125 0.069167 0.057500 0.081667
0 0.218125 0.060000 0.072500 0.078333
0 0.427500 0.052917 0.040000 0.080833
0 0.061875 0.050833 0.082500 0.076667
0 0.967500 0.060833 0.065000 0.116667
0 0.881875 0.023333 0.080000 0.046667
0 0.790000 0.016250 0.076250 0.032500
0 0.714063 0.015000 0.055625 0.030000
0 0.659062 0.026250 0.053125 0.052500
0 0.620000 0.038333 0.052500 0.076667
0 0.576562 0.015833 0.049375 0.031667
0 0.515312 0.033750 0.074375 0.067500
0 0.386562 0.044167 0.068125 0.088333