0 0.643437 0.985417 0.058125 0.029167
0 0.094062 0.977917 0.063125 0.044167
0 0.550625 0.967083 0.075000 0.065833
0 0.878750 0.958750 0.066250 0.082500
0 0.793125 0.958333 0.067500 0.083333
0 0.736875 0.935833 0.055000 0.066667
0 0.019062 0.944167 0.038125 0.086667
0 0.943750 0.913333 0.051250 0.081667
0 0.592500 0.897500 0.081250 0.103333
0 0.818125 0.876667 0.067500 0.081667
0 0.087500 0.880000 0.078750 0.105000
0 0.137500 0.835833 0.056250 0.076667
0 0.825625 0.805833 0.062500 0.063333
0 0.508125 0.789167 0.070000 0.103333
0 0.221250 0.769583 0.056250 0.069167
0 0.150625 0.767083 0.065000 0.095833
0 0.273125 0.715833 0.055000 0.080000
0 0.925000 0.705000 0.068750 0.078333
0 0.853750 0.705833 0.061250 0.093333
0 0.223125 0.697917 0.050000 0.079167
0 0.356250 0.692500 0.051250 0.073333
0 0.083437 0.692083 0.051875 0.074167
0 0.408750 0.677500 0.061250 0.076667
0 0.776875 0.648333 0.062500 0.081667
0 0.987812 0.635417 0.024375 0.069167
0 0.083750 0.616667 0.068750 0.065000
0 0.467500 0.620833 0.053750 0.093333
0 0.935312 0.617917 0.053125 0.097500
0 0.157812 0.608333 0.053125 0.078333
0 0.578125 0.613750 0.062500 0.092500
0 0.527500 0.607917 0.052500 0.099167
0 0.226875 0.605833 0.087500 0.106667
0 0.752500 0.575000 0.046250 0.068333
0 0.399375 0.555417 0.060000 0.075833
0 0.638750 0.542917 0.056250 0.077500
0 0.314375 0.530833 0.072500 0.083333
0 0.067500 0.487083 0.058750 0.077500
0 0.780937 0.464167 0.063125 0.090000
0 0.729062 0.452500 0.058125 0.090000
0 0.020313 0.424167 0.040625 0.073333
0 0.212500 0.420833 0.053750 0.080000
0 0.535312 0.415000 0.063125 0.080000
0 0.350625 0.414167 0.065000 0.086667
0 0.280313 0.399167 0.056875 0.080000
0 0.977812 0.370833 0.044375 0.080000
0 0.572500 0.366667 0.065000 0.090000
0 0.725000 0.360000 0.043750 0.081667
0 0.164375 0.345833 0.060000 0.090000
0 0.468125 0.336250 0.060000 0.077500
0 0.383125 0.331667 0.070000 0.078333
0 0.092500 0.338333 0.058750 0.091667
0 0.029687 0.327500 0.059375 0.083333
0 0.533125 0.304167 0.060000 0.073333
0 0.752188 0.302083 0.089375 0.110833
0 0.808125 0.288333 0.062500 0.091667
0 0.985313 0.263333 0.029375 0.091667
0 0.640938 0.235833 0.071875 0.071667
0 0.906875 0.215000 0.060000 0.085000
0 0.526875 0.204167 0.080000 0.103333
0 0.676875 0.182500 0.055000 0.070000
0 0.447188 0.184167 0.059375 0.076667
0 0.615625 0.167500 0.060000 0.080000
0 0.484375 0.133750 0.062500 0.092500
0 0.371875 0.129583 0.073750 0.097500
0 0.270000 0.118333 0.071250 0.081667
0 0.424687 0.104167 0.050625 0.081667
0 0.668750 0.068750 0.077500 0.084167
0 0.560000 0.052500 0.058750 0.080000
0 0.108750 0.052500 0.061250 0.083333
0 0.712500 0.040417 0.067500 0.075833
0 0.778125 0.034583 0.062500 0.069167
0 0.620000 0.018750 0.061250 0.037500
0 0.052812 0.036250 0.063125 0.072500