0 0.476562 0.989167 0.039375 0.021667
0 0.421875 0.978333 0.057500 0.043333
0 0.234063 0.967917 0.058125 0.062500
0 0.310625 0.960417 0.088750 0.079167
0 0.166875 0.931250 0.043750 0.065833
0 0.740625 0.936667 0.057500 0.078333
0 0.206250 0.920417 0.052500 0.077500
0 0.125000 0.913333 0.046250 0.071667
0 0.630938 0.935833 0.095625 0.128333
0 0.351875 0.902917 0.075000 0.087500
0 0.169375 0.860833 0.052500 0.066667
0 0.935625 0.865833 0.077500 0.100000
0 0.641250 0.862083 0.068750 0.092500
0 0.462500 0.865833 0.061250 0.103333
0 0.387500 0.840833 0.053750 0.076667
0 0.985313 0.845000 0.029375 0.096667
0 0.020313 0.840000 0.040625 0.088333
0 0.844063 0.817917 0.071875 0.090833
0 0.210000 0.781667 0.053750 0.078333
0 0.396250 0.750417 0.067500 0.092500
0 0.829063 0.737083 0.075625 0.094167
0 0.437188 0.716250 0.065625 0.114167
0 0.062812 0.696667 0.056875 0.083333
0 0.769375 0.682500 0.062500 0.086667
0 0.653125 0.672083 0.073750 0.090833
0 0.208125 0.658333 0.057500 0.078333
0 0.553750 0.665000 0.071250 0.098333
0 0.130000 0.661250 0.071250 0.092500
0 0.468125 0.631250 0.060000 0.087500
0 0.395625 0.618333 0.062500 0.088333
0 0.626875 0.599583 0.063750 0.089167
0 0.990938 0.575000 0.018125 0.070000
0 0.315625 0.570833 0.093750 0.080000
0 0.503125 0.557083 0.071250 0.097500
0 0.890312 0.557500 0.055625 0.121667
0 0.948438 0.547500 0.049375 0.103333
0 0.652500 0.540000 0.062500 0.101667
0 0.752812 0.530833 0.068125 0.096667
0 0.249062 0.522917 0.064375 0.095833
0 0.341250 0.507500 0.068750 0.095000
0 0.852500 0.511250 0.066250 0.104167
0 0.106563 0.493333 0.059375 0.085000
0 0.795000 0.495417 0.063750 0.110833
0 0.381250 0.479167 0.068750 0.100000
0 0.205313 0.469167 0.061875 0.115000
0 0.282500 0.448750 0.061250 0.082500
0 0.424375 0.431667 0.067500 0.095000
0 0.664375 0.412500 0.060000 0.076667
0 0.914375 0.350000 0.068750 0.086667
0 0.157188 0.297083 0.070625 0.084167
0 0.395625 0.280000 0.065000 0.085000
0 0.310625 0.253333 0.065000 0.086667
0 0.745938 0.220000 0.051875 0.071667
0 0.689063 0.212500 0.064375 0.080000
0 0.805625 0.218750 0.060000 0.094167
0 0.361250 0.195417 0.066250 0.084167
0 0.464375 0.137500 0.052500 0.063333
0 0.703125 0.146667 0.068750 0.085000
0 0.915312 0.146250 0.071875 0.092500
0 0.579375 0.123750 0.066250 0.090833
0 0.405625 0.126250 0.070000 0.104167
0 0.974688 0.014583 0.050625 0.029167
0 0.830000 0.043333 0.058750 0.086667
0 0.434063 0.037083 0.068125 0.074167