0 0.194688 0.967083 0.059375 0.065833
0 0.144687 0.959583 0.061875 0.080833
0 0.449375 0.952917 0.072500 0.094167
0 0.365625 0.936667 0.075000 0.101667
0 0.944375 0.930000 0.067500 0.095000
0 0.255625 0.897500 0.075000 0.093333
0 0.498125 0.895417 0.053750 0.092500
0 0.542188 0.889167 0.065625 0.103333
0 0.871250 0.785833 0.068750 0.096667
0 0.678750 0.764167 0.066250 0.090000
0 0.215000 0.755833 0.068750 0.100000
0 0.081875 0.750833 0.067500 0.090000
0 0.776250 0.745417 0.075000 0.120833
0 0.513750 0.717500 0.071250 0.103333
0 0.125625 0.670833 0.062500 0.086667
0 0.596875 0.665833 0.062500 0.083333
0 0.340625 0.655000 0.067500 0.095000
0 0.785625 0.642500 0.065000 0.086667
0 0.898125 0.643333 0.065000 0.095000
0 0.668438 0.628750 0.089375 0.142500
0 0.210000 0.589167 0.078750 0.080000
0 0.503125 0.569167 0.065000 0.090000
0 0.813125 0.549167 0.072500 0.096667
0 0.275000 0.538333 0.068750 0.091667
0 0.141875 0.528333 0.055000 0.108333
0 0.685000 0.500000 0.073750 0.091667
0 0.203750 0.492500 0.066250 0.083333
0 0.885625 0.470833 0.065000 0.090000
0 0.780625 0.452500 0.080000 0.100000
0 0.454062 0.448333 0.073125 0.108333
0 0.520312 0.436667 0.074375 0.108333
0 0.264062 0.430417 0.063125 0.095833
0 0.232500 0.417083 0.061250 0.082500
0 0.372500 0.415000 0.066250 0.091667
0 0.311875 0.361667 0.065000 0.083333
0 0.219062 0.350833 0.080625 0.086667
0 0.065625 0.340417 0.066250 0.105833
0 0.604688 0.318750 0.074375 0.092500
0 0.809375 0.313333 0.072500 0.095000
0 0.026250 0.312917 0.052500 0.100833
0 0.371250 0.297917 0.070000 0.077500
0 0.521875 0.295000 0.075000 0.098333
0 0.442188 0.287917 0.069375 0.089167
0 0.093438 0.293750 0.074375 0.115833
0 0.324375 0.273750 0.056250 0.095833
0 0.265625 0.270417 0.075000 0.099167
0 0.595625 0.257083 0.072500 0.087500
0 0.384375 0.220833 0.086250 0.103333
0 0.717500 0.215000 0.071250 0.098333
0 0.135313 0.200833 0.054375 0.105000
0 0.012188 0.184167 0.024375 0.080000
0 0.176875 0.195833 0.060000 0.121667
0 0.091563 0.177083 0.065625 0.104167
0 0.292500 0.168333 0.076250 0.105000
0 0.574375 0.141667 0.070000 0.075000
0 0.847500 0.137500 0.073750 0.090000
0 0.246875 0.140000 0.058750 0.096667
0 0.714375 0.130833 0.071250 0.085000
0 0.451875 0.129167 0.070000 0.093333
0 0.023438 0.102500 0.046875 0.081667
0 0.276562 0.065000 0.075625 0.100000
0 0.778125 0.026250 0.077500 0.052500
0 0.658125 0.018750 0.070000 0.037500
0 0.570625 0.024583 0.065000 0.049167
0 0.207500 0.019583 0.071250 0.039167