0 0.045312 0.976250 0.060625 0.047500
0 0.732812 0.974167 0.098125 0.051667
0 0.310312 0.969167 0.066875 0.061667
0 0.244062 0.964583 0.068125 0.070833
0 0.966250 0.959583 0.065000 0.080833
0 0.085312 0.937083 0.066875 0.077500
0 0.585625 0.901667 0.070000 0.081667
0 0.781875 0.882083 0.043750 0.050833
0 0.075313 0.873333 0.055625 0.083333
0 0.026250 0.873750 0.052500 0.092500
0 0.229687 0.877083 0.076875 0.100833
0 0.145937 0.877083 0.086875 0.124167
0 0.053437 0.806667 0.063125 0.076667
0 0.670625 0.833333 0.101250 0.136667
0 0.271875 0.805833 0.072500 0.095000
0 0.216875 0.761250 0.066250 0.090833
0 0.642813 0.767083 0.085625 0.105833
0 0.134687 0.760833 0.090625 0.113333
0 0.032500 0.736250 0.065000 0.097500
0 0.094375 0.733750 0.065000 0.102500
0 0.490625 0.723750 0.078750 0.099167
0 0.070000 0.679583 0.061250 0.075833
0 0.361875 0.681667 0.055000 0.083333
0 0.706250 0.689583 0.075000 0.105833
0 0.625313 0.679167 0.071875 0.096667
0 0.830625 0.685000 0.071250 0.111667
0 0.282500 0.672083 0.071250 0.089167
0 0.154688 0.646667 0.060625 0.091667
0 0.754375 0.636250 0.056250 0.097500
0 0.315625 0.624583 0.068750 0.112500
0 0.705000 0.607083 0.068750 0.079167
0 0.573438 0.613333 0.100625 0.123333
0 0.858125 0.601667 0.083750 0.166667
0 0.979062 0.556667 0.041875 0.098333
0 0.655000 0.549167 0.062500 0.088333
0 0.372188 0.560000 0.074375 0.125000
0 0.286250 0.507083 0.070000 0.077500
0 0.070312 0.491250 0.095625 0.094167
0 0.658438 0.459583 0.066875 0.099167
0 0.131562 0.453333 0.075625 0.103333
0 0.236563 0.443333 0.059375 0.086667
0 0.805625 0.465000 0.101250 0.160000
0 0.904062 0.411667 0.074375 0.078333
0 0.071563 0.407500 0.074375 0.081667
0 0.965938 0.403333 0.068125 0.096667
0 0.313437 0.391250 0.075625 0.092500
0 0.245625 0.365417 0.070000 0.082500
0 0.678750 0.359167 0.073750 0.111667
0 0.360000 0.342500 0.083750 0.090000
0 0.054062 0.330833 0.108125 0.093333
0 0.339375 0.305417 0.108750 0.089167
0 0.599375 0.343333 0.108750 0.180000
0 0.755313 0.260000 0.074375 0.090000
0 0.660312 0.265000 0.083125 0.108333
0 0.821250 0.232083 0.066250 0.092500
0 0.440625 0.217083 0.062500 0.072500
0 0.378750 0.220000 0.063750 0.083333
0 0.967812 0.208750 0.064375 0.087500
0 0.887500 0.165000 0.066250 0.080000
0 0.641250 0.177500 0.085000 0.105000
0 0.955000 0.127083 0.090000 0.099167
0 0.310000 0.131667 0.077500 0.118333
0 0.825625 0.109583 0.107500 0.100833
0 0.590313 0.104167 0.074375 0.091667
0 0.131875 0.074167 0.058750 0.068333
0 0.346562 0.060000 0.060625 0.098333
0 0.400000 0.043750 0.062500 0.080833
0 0.969688 0.045833 0.060625 0.091667
0 0.905000 0.061667 0.071250 0.123333
0 0.847187 0.032083 0.061875 0.064167
0 0.574375 0.021250 0.070000 0.042500
0 0.458750 0.022917 0.073750 0.045833
0 0.303438 0.032917 0.069375 0.065833
0 0.225000 0.034167 0.063750 0.068333