0 0.299687 0.978750 0.065625 0.042500
0 0.875000 0.971250 0.068750 0.057500
0 0.758437 0.963750 0.058125 0.072500
0 0.597500 0.943750 0.055000 0.099167
0 0.541562 0.942083 0.060625 0.107500
0 0.024375 0.927083 0.048750 0.077500
0 0.111875 0.905833 0.072500 0.101667
0 0.989062 0.882917 0.021875 0.074167
0 0.244375 0.866250 0.060000 0.085833
0 0.464375 0.859167 0.057500 0.073333
0 0.573750 0.833333 0.061250 0.085000
0 0.304375 0.833333 0.066250 0.086667
0 0.014687 0.826667 0.029375 0.088333
0 0.715625 0.815417 0.060000 0.094167
0 0.155625 0.801667 0.080000 0.098333
0 0.235000 0.773333 0.063750 0.085000
0 0.768750 0.777917 0.065000 0.114167
0 0.322500 0.742500 0.063750 0.090000
0 0.509375 0.739167 0.072500 0.095000
0 0.046875 0.718333 0.060000 0.081667
0 0.583125 0.703750 0.071250 0.094167
0 0.475938 0.685417 0.070625 0.089167
0 0.926562 0.676667 0.065625 0.078333
0 0.365625 0.645833 0.065000 0.083333
0 0.840000 0.653750 0.048750 0.100833
0 0.663750 0.630833 0.066250 0.090000
0 0.964688 0.603333 0.063125 0.088333
0 0.292500 0.596667 0.053750 0.091667
0 0.505313 0.577500 0.073125 0.080000
0 0.096250 0.583333 0.068750 0.095000
0 0.977500 0.512083 0.045000 0.067500
0 0.874375 0.515000 0.065000 0.088333
0 0.633750 0.506667 0.063750 0.078333
0 0.511563 0.501667 0.063125 0.105000
0 0.332500 0.443333 0.066250 0.075000
0 0.976562 0.430417 0.046875 0.090833
0 0.260625 0.416667 0.062500 0.085000
0 0.128125 0.404583 0.058750 0.109167
0 0.918125 0.363333 0.057500 0.078333
0 0.019688 0.281250 0.039375 0.079167
0 0.982812 0.283750 0.034375 0.085833
0 0.721875 0.250000 0.065000 0.085000
0 0.906875 0.230000 0.065000 0.075000
0 0.653125 0.224583 0.060000 0.085833
0 0.322500 0.205000 0.086250 0.080000
0 0.555000 0.188333 0.073750 0.101667
0 0.106875 0.169167 0.073750 0.090000
0 0.336875 0.132500 0.065000 0.085000
0 0.174375 0.129583 0.066250 0.090833
0 0.387500 0.130417 0.046250 0.100833
0 0.074375 0.088750 0.055000 0.092500
0 0.484375 0.065000 0.065000 0.085000
0 0.283750 0.061250 0.068750 0.082500
0 0.843750 0.031250 0.073750 0.062500
0 0.550000 0.019583 0.061250 0.039167
0 0.209375 0.044583 0.067500 0.089167