0 0.318125 0.957083 0.048750 0.072500
0 0.716875 0.950000 0.068750 0.088333
0 0.346562 0.925833 0.074375 0.093333
0 0.590625 0.921667 0.068750 0.088333
0 0.122500 0.926250 0.077500 0.104167
0 0.208125 0.893333 0.051250 0.065000
0 0.401250 0.870833 0.060000 0.080000
0 0.081875 0.854583 0.071250 0.095833
0 0.696875 0.810833 0.068750 0.103333
0 0.754375 0.790000 0.067500 0.091667
0 0.595000 0.753333 0.067500 0.095000
0 0.904375 0.677917 0.053750 0.089167
0 0.854688 0.676667 0.053125 0.111667
0 0.303125 0.639167 0.066250 0.086667
0 0.035625 0.637917 0.071250 0.090833
0 0.634375 0.610833 0.081250 0.106667
0 0.966562 0.607083 0.066875 0.125833
0 0.023438 0.561667 0.046875 0.098333
0 0.485625 0.541250 0.070000 0.077500
0 0.228750 0.547083 0.070000 0.100833
0 0.297812 0.537083 0.073125 0.099167
0 0.100000 0.499167 0.067500 0.100000
0 0.497188 0.480417 0.088125 0.092500
0 0.620000 0.460833 0.062500 0.083333
0 0.771875 0.450000 0.066250 0.088333
0 0.025937 0.412500 0.050625 0.083333
0 0.172500 0.409167 0.062500 0.083333
0 0.421250 0.395000 0.075000 0.098333
0 0.903125 0.378333 0.068750 0.091667
0 0.983437 0.352500 0.033125 0.090000
0 0.727500 0.349167 0.071250 0.100000
0 0.128125 0.330000 0.066250 0.095000
0 0.225000 0.328750 0.078750 0.095833
0 0.054375 0.326667 0.068750 0.095000
0 0.287500 0.307500 0.072500 0.098333
0 0.588125 0.272500 0.066250 0.086667
0 0.675625 0.260833 0.070000 0.093333
0 0.932500 0.208333 0.068750 0.108333
0 0.520000 0.176667 0.072500 0.081667
0 0.863750 0.187500 0.067500 0.110000
0 0.098125 0.166667 0.071250 0.095000
0 0.246875 0.159167 0.070000 0.083333
0 0.731250 0.165000 0.088750 0.118333
0 0.296250 0.113333 0.063750 0.085000
0 0.445312 0.107500 0.075625 0.106667
0 0.805625 0.097083 0.075000 0.092500
0 0.051875 0.081667 0.071250 0.101667
0 0.628125 0.070833 0.066250 0.088333
0 0.205000 0.065000 0.070000 0.095000
0 0.965313 0.025417 0.069375 0.050833
0 0.773438 0.032500 0.071875 0.065000
0 0.641250 0.019167 0.068750 0.038333
0 0.562500 0.023750 0.071250 0.047500
0 0.470625 0.043333 0.075000 0.086667
0 0.360625 0.042083 0.058750 0.084167
0 0.293125 0.019583 0.061250 0.039167
0 0.143125 0.037083 0.073750 0.074167