0 0.760938 0.979167 0.055625 0.041667
0 0.056563 0.978750 0.059375 0.042500
0 0.869375 0.966667 0.056250 0.066667
0 0.974688 0.934583 0.050625 0.069167
0 0.782188 0.922917 0.048125 0.070833
0 0.033438 0.920000 0.063125 0.081667
0 0.830000 0.912917 0.053750 0.079167
0 0.332188 0.913333 0.064375 0.086667
0 0.481875 0.900417 0.057500 0.067500
0 0.113125 0.891667 0.057500 0.070000
0 0.907500 0.897083 0.061250 0.087500
0 0.682187 0.885417 0.049375 0.074167
0 0.735625 0.871667 0.062500 0.078333
0 0.644687 0.847500 0.048125 0.070000
0 0.511875 0.850000 0.062500 0.081667
0 0.235937 0.847500 0.060625 0.085000
0 0.370625 0.835833 0.062500 0.091667
0 0.856563 0.831250 0.063125 0.084167
0 0.105313 0.820000 0.058125 0.073333
0 0.743125 0.810000 0.056250 0.081667
0 0.320937 0.787917 0.059375 0.077500
0 0.646563 0.769583 0.068125 0.087500
0 0.070312 0.762500 0.065625 0.076667
0 0.444063 0.750417 0.064375 0.087500
0 0.831562 0.740417 0.061875 0.087500
0 0.896875 0.746667 0.060000 0.103333
0 0.510938 0.746250 0.070625 0.105833
0 0.019062 0.735000 0.038125 0.085000
0 0.662500 0.717083 0.052500 0.065833
0 0.359687 0.720833 0.073125 0.086667
0 0.236563 0.720833 0.058125 0.093333
0 0.590938 0.709583 0.068125 0.085833
0 0.283125 0.709167 0.060000 0.086667
0 0.774687 0.691250 0.068125 0.090833
0 0.135625 0.661250 0.088750 0.095833
0 0.020000 0.642917 0.040000 0.072500
0 0.674063 0.638750 0.064375 0.077500
0 0.535937 0.633333 0.075625 0.070000
0 0.968437 0.634583 0.063125 0.074167
0 0.645000 0.614583 0.052500 0.089167
0 0.204687 0.611250 0.051875 0.085833
0 0.586562 0.587500 0.053125 0.073333
0 0.784687 0.580000 0.058125 0.078333
0 0.534375 0.561250 0.058750 0.074167
0 0.367812 0.557917 0.058125 0.092500
0 0.235313 0.545417 0.050625 0.077500
0 0.946562 0.539583 0.061875 0.069167
0 0.124063 0.546250 0.061875 0.084167
0 0.876250 0.530417 0.066250 0.087500
0 0.746250 0.515417 0.056250 0.072500
0 0.406875 0.511667 0.050000 0.070000
0 0.569375 0.508333 0.060000 0.078333
0 0.645000 0.484167 0.052500 0.075000
0 0.915625 0.468750 0.057500 0.070833
0 0.269375 0.472500 0.063750 0.080000
0 0.691875 0.456250 0.048750 0.075833
0 0.327500 0.451250 0.055000 0.070833
0 0.835313 0.455833 0.060625 0.088333
0 0.017500 0.447083 0.035000 0.070833
0 0.584688 0.436250 0.086875 0.094167
0 0.118125 0.416250 0.051250 0.072500
0 0.514687 0.415417 0.079375 0.080833
0 0.740000 0.411667 0.056250 0.078333
0 0.943438 0.402083 0.059375 0.072500
0 0.290312 0.392917 0.058125 0.067500
0 0.570937 0.381667 0.064375 0.065000
0 0.860938 0.374583 0.055625 0.077500
0 0.450937 0.374167 0.054375 0.076667
0 0.788125 0.367500 0.068750 0.076667
0 0.964375 0.350000 0.071250 0.073333
0 0.050937 0.343333 0.046875 0.068333
0 0.176563 0.339167 0.059375 0.078333
0 0.505938 0.339167 0.063125 0.090000
0 0.366250 0.329167 0.050000 0.075000
0 0.562813 0.325000 0.060625 0.073333
0 0.260937 0.323750 0.061875 0.087500
0 0.117500 0.305417 0.058750 0.079167
0 0.313437 0.291667 0.053125 0.073333
0 0.021250 0.314167 0.042500 0.126667
0 0.763750 0.287083 0.056250 0.082500
0 0.645000 0.272083 0.056250 0.070833
0 0.574688 0.257083 0.063125 0.059167
0 0.448750 0.260417 0.057500 0.069167
0 0.254688 0.254583 0.048125 0.062500
0 0.844375 0.263750 0.052500 0.082500
0 0.199375 0.247500 0.062500 0.078333
0 0.078750 0.241667 0.056250 0.070000
0 0.981875 0.235000 0.036250 0.073333
0 0.298750 0.225833 0.055000 0.071667
0 0.636875 0.200000 0.051250 0.071667
0 0.025313 0.196250 0.050625 0.080833
0 0.536563 0.193750 0.054375 0.077500
0 0.588750 0.190417 0.051250 0.074167
0 0.106875 0.176667 0.047500 0.065000
0 0.670312 0.176250 0.058125 0.077500
0 0.794063 0.162500 0.069375 0.078333
0 0.236563 0.157500 0.059375 0.100000
0 0.892500 0.132083 0.057500 0.072500
0 0.503750 0.127500 0.055000 0.073333
0 0.574063 0.082500 0.053125 0.073333
0 0.738437 0.080000 0.055625 0.086667
0 0.415000 0.063750 0.063750 0.090833
0 0.144063 0.055833 0.054375 0.075000
0 0.957187 0.053750 0.056875 0.074167
0 0.818438 0.037083 0.053125 0.074167
0 0.632812 0.029583 0.060625 0.059167
0 0.205937 0.029167 0.070625 0.058333
0 0.092813 0.018750 0.055625 0.037500