0 0.578125 0.978750 0.068750 0.042500
0 0.816250 0.968333 0.073750 0.063333
0 0.302500 0.955417 0.073750 0.089167
0 0.466250 0.951667 0.070000 0.085000
0 0.085625 0.913750 0.075000 0.097500
0 0.746250 0.911667 0.073750 0.100000
0 0.470625 0.865417 0.076250 0.094167
0 0.265625 0.846667 0.076250 0.096667
0 0.669063 0.807917 0.064375 0.087500
0 0.927500 0.796250 0.061250 0.085833
0 0.710000 0.737917 0.072500 0.085833
0 0.959063 0.717917 0.070625 0.095833
0 0.178437 0.673750 0.073125 0.094167
0 0.497500 0.666250 0.120000 0.135833
0 0.303750 0.645417 0.066250 0.105833
0 0.512500 0.607500 0.077500 0.078333
0 0.720313 0.528750 0.074375 0.092500
0 0.900312 0.527500 0.068125 0.101667
0 0.488125 0.520833 0.061250 0.090000
0 0.701875 0.437917 0.073750 0.094167
0 0.219062 0.430833 0.070625 0.095000
0 0.453750 0.398333 0.080000 0.085000
0 0.315937 0.383750 0.071875 0.100833
0 0.784062 0.330417 0.071875 0.097500
0 0.351875 0.317917 0.085000 0.082500
0 0.971875 0.315833 0.056250 0.095000
0 0.166563 0.305417 0.065625 0.082500
0 0.105625 0.283750 0.066250 0.094167
0 0.500625 0.266667 0.073750 0.098333
0 0.340938 0.244583 0.069375 0.084167
0 0.151250 0.225833 0.078750 0.091667
0 0.601250 0.235417 0.072500 0.115833
0 0.057188 0.205833 0.070625 0.096667
0 0.691875 0.197917 0.087500 0.087500
0 0.729375 0.127500 0.095000 0.085000
0 0.238125 0.135417 0.080000 0.102500
0 0.465313 0.122500 0.070625 0.086667
0 0.820937 0.067083 0.074375 0.087500
0 0.096562 0.068750 0.071875 0.090833
0 0.674375 0.063750 0.096250 0.100833
0 0.537188 0.035833 0.076875 0.071667