0 0.120625 0.978750 0.081250 0.042500
0 0.920312 0.974583 0.066875 0.050833
0 0.797813 0.823333 0.079375 0.090000
0 0.768125 0.772917 0.076250 0.095833
0 0.809063 0.720833 0.079375 0.091667
0 0.787813 0.631667 0.074375 0.090000
0 0.381875 0.617917 0.076250 0.090833
0 0.177500 0.584167 0.072500 0.093333
0 0.672188 0.547917 0.065625 0.100833
0 0.407187 0.536250 0.084375 0.082500
0 0.833125 0.536667 0.081250 0.090000
0 0.384375 0.470000 0.086250 0.090000
0 0.502188 0.452500 0.065625 0.091667
0 0.805000 0.422917 0.066250 0.089167
0 0.925000 0.374583 0.078750 0.082500
0 0.656875 0.339583 0.067500 0.092500
0 0.101250 0.314167 0.095000 0.095000
0 0.906875 0.297500 0.083750 0.101667
0 0.685312 0.264167 0.086875 0.081667
0 0.835313 0.267083 0.071875 0.102500
0 0.464375 0.076250 0.073750 0.099167
0 0.845625 0.052917 0.061250 0.089167
0 0.137187 0.030417 0.086875 0.060833