0 0.187812 0.973333 0.058125 0.053333
0 0.480938 0.956250 0.101875 0.087500
0 0.030000 0.956250 0.060000 0.087500
0 0.102813 0.952083 0.084375 0.095833
0 0.698438 0.927083 0.064375 0.074167
0 0.311875 0.939167 0.145000 0.121667
0 0.627500 0.937500 0.100000 0.125000
0 0.184688 0.917917 0.085625 0.092500
0 0.770312 0.932917 0.085625 0.134167
0 0.833750 0.899167 0.046250 0.068333
0 0.372500 0.925833 0.096250 0.135000
0 0.880313 0.895000 0.056875 0.095000
0 0.417812 0.895417 0.054375 0.104167
0 0.703750 0.864583 0.051250 0.075833
0 0.469375 0.881667 0.056250 0.136667
0 0.095625 0.855000 0.086250 0.100000
0 0.025625 0.842083 0.051250 0.089167
0 0.534062 0.843750 0.080625 0.097500
0 0.946562 0.896250 0.069375 0.207500
0 0.230000 0.852500 0.066250 0.123333
0 0.763125 0.824583 0.061250 0.079167
0 0.391250 0.817083 0.081250 0.087500
0 0.845625 0.812500 0.081250 0.088333
0 0.305625 0.824167 0.068750 0.128333
0 0.637500 0.832500 0.080000 0.150000
0 0.169063 0.781667 0.066875 0.093333
0 0.915937 0.765000 0.058125 0.120000
0 0.278438 0.738333 0.053125 0.070000
0 0.081250 0.754167 0.090000 0.115000
0 0.792188 0.738750 0.065625 0.087500
0 0.862500 0.714167 0.058750 0.068333
0 0.966250 0.755833 0.067500 0.155000
0 0.395313 0.715000 0.056875 0.095000
0 0.692187 0.734167 0.069375 0.145000
0 0.257812 0.695000 0.051875 0.068333
0 0.565625 0.730000 0.070000 0.150000
0 0.189375 0.683750 0.072500 0.075833
0 0.097500 0.681667 0.091250 0.085000
0 0.345938 0.654583 0.055625 0.067500
0 0.450625 0.666250 0.067500 0.104167
0 0.635625 0.651250 0.066250 0.107500
0 0.277813 0.628333 0.064375 0.083333
0 0.508750 0.618333 0.057500 0.075000
0 0.114375 0.617500 0.045000 0.073333
0 0.726875 0.618750 0.062500 0.079167
0 0.918125 0.637083 0.065000 0.117500
0 0.187812 0.611250 0.079375 0.075833
0 0.965938 0.634167 0.068125 0.126667
0 0.567500 0.612500 0.063750 0.103333
0 0.799063 0.616250 0.078125 0.127500
0 0.241563 0.595833 0.053125 0.086667
0 0.321875 0.588333 0.091250 0.093333
0 0.055000 0.589167 0.078750 0.101667
0 0.444688 0.575000 0.058125 0.085000
0 0.679063 0.558750 0.076875 0.064167
0 0.776250 0.534583 0.090000 0.072500
0 0.173437 0.540833 0.063125 0.110000
0 0.605938 0.525000 0.070625 0.083333
0 0.384062 0.535417 0.060625 0.107500
0 0.966875 0.512500 0.066250 0.081667
0 0.881563 0.490833 0.059375 0.085000
0 0.459688 0.502083 0.071875 0.110833
0 0.672188 0.480417 0.060625 0.075833
0 0.095000 0.495833 0.116250 0.106667
0 0.524062 0.491667 0.073125 0.100000
0 0.323437 0.477500 0.069375 0.100000
0 0.806562 0.445000 0.058125 0.083333
0 0.487187 0.441250 0.094375 0.077500
0 0.378437 0.437083 0.091875 0.092500
0 0.289062 0.440417 0.073125 0.119167
0 0.023125 0.455833 0.046250 0.150000
0 0.739688 0.435000 0.056875 0.113333
0 0.643437 0.419167 0.074375 0.091667
0 0.177813 0.415000 0.100625 0.108333
0 0.585000 0.400417 0.056250 0.082500
0 0.070938 0.403750 0.069375 0.095833
0 0.655625 0.368750 0.056250 0.055833
0 0.505938 0.373333 0.065625 0.076667
0 0.347813 0.347500 0.075625 0.081667
0 0.154688 0.337083 0.055625 0.060833
0 0.232813 0.382083 0.075625 0.152500
0 0.934063 0.356667 0.088125 0.113333
0 0.734375 0.341667 0.096250 0.086667
0 0.550312 0.327917 0.053125 0.077500
0 0.419375 0.354167 0.063750 0.131667
0 0.080625 0.322083 0.060000 0.094167
0 0.027813 0.321250 0.055625 0.094167
0 0.485000 0.322500 0.057500 0.108333
0 0.606250 0.291250 0.071250 0.112500
0 0.763437 0.257083 0.089375 0.104167
0 0.135313 0.252500 0.089375 0.106667
0 0.848125 0.262917 0.063750 0.130833
0 0.681250 0.240000 0.058750 0.085000
0 0.293750 0.247500 0.082500 0.111667
0 0.338125 0.225833 0.056250 0.081667
0 0.219375 0.247500 0.067500 0.151667
0 0.490312 0.224583 0.064375 0.109167
0 0.076563 0.210833 0.095625 0.108333
0 0.416875 0.226250 0.080000 0.142500
0 0.940937 0.210417 0.118125 0.112500
0 0.742812 0.186250 0.075625 0.077500
0 0.615625 0.186250 0.066250 0.104167
0 0.796875 0.158750 0.077500 0.055833
0 0.156875 0.136250 0.083750 0.097500
0 0.668438 0.125417 0.064375 0.079167
0 0.090000 0.127917 0.056250 0.089167
0 0.464062 0.121667 0.050625 0.081667
0 0.882812 0.134167 0.076875 0.110000
0 0.321875 0.135000 0.091250 0.115000
0 0.817500 0.102917 0.055000 0.072500
0 0.759062 0.097083 0.085625 0.077500
0 0.960000 0.098750 0.080000 0.092500
0 0.035312 0.105417 0.058125 0.112500
0 0.429063 0.053750 0.050625 0.079167
0 0.589688 0.068333 0.064375 0.128333
0 0.978437 0.042083 0.043125 0.084167
0 0.899687 0.037500 0.076875 0.075000
0 0.849375 0.024583 0.052500 0.049167
0 0.797500 0.032917 0.065000 0.065833
0 0.528438 0.060833 0.064375 0.121667
0 0.465000 0.028750 0.080000 0.057500
0 0.376875 0.066667 0.078750 0.133333
0 0.169375 0.047917 0.066250 0.095833
0 0.083437 0.042083 0.063125 0.084167
0 0.038750 0.025000 0.077500 0.050000