0 0.720938 0.984167 0.065625 0.031667
0 0.236875 0.982083 0.086250 0.035833
0 0.762813 0.975417 0.056875 0.049167
0 0.088750 0.963750 0.075000 0.072500
0 0.367188 0.949167 0.078125 0.093333
0 0.575937 0.939167 0.065625 0.088333
0 0.746875 0.928750 0.085000 0.077500
0 0.308437 0.926667 0.081875 0.076667
0 0.208437 0.919167 0.091875 0.065000
0 0.660000 0.928750 0.083750 0.100833
0 0.979375 0.913333 0.041250 0.095000
0 0.834375 0.897500 0.117500 0.066667
0 0.707187 0.886667 0.086875 0.066667
0 0.214062 0.853750 0.095625 0.069167
0 0.292812 0.848750 0.071875 0.097500
0 0.690000 0.818333 0.083750 0.071667
0 0.943750 0.815000 0.107500 0.083333
0 0.811875 0.799167 0.080000 0.085000
0 0.406562 0.789167 0.079375 0.081667
0 0.060000 0.775833 0.077500 0.088333
0 0.124688 0.750833 0.085625 0.098333
0 0.874375 0.700000 0.102500 0.065000
0 0.210000 0.717500 0.065000 0.106667
0 0.406875 0.697917 0.075000 0.087500
0 0.040313 0.692083 0.080625 0.087500
0 0.787188 0.680833 0.081875 0.083333
0 0.717500 0.673750 0.055000 0.092500
0 0.656875 0.660417 0.065000 0.087500
0 0.059062 0.662500 0.078125 0.113333
0 0.160312 0.645417 0.064375 0.102500
0 0.375625 0.634583 0.082500 0.087500
0 0.088125 0.620833 0.078750 0.080000
0 0.881250 0.622083 0.076250 0.089167
0 0.622188 0.600417 0.089375 0.085833
0 0.738125 0.586250 0.085000 0.092500
0 0.086875 0.556250 0.070000 0.070833
0 0.267500 0.567917 0.062500 0.100833
0 0.174375 0.531667 0.100000 0.101667
0 0.388125 0.511250 0.070000 0.094167
0 0.435625 0.497083 0.070000 0.095833
0 0.239063 0.498333 0.073125 0.108333
0 0.783438 0.472917 0.080625 0.104167
0 0.021250 0.471667 0.042500 0.108333
0 0.184062 0.461250 0.078125 0.104167
0 0.252188 0.430833 0.090625 0.091667
0 0.312812 0.422917 0.068125 0.087500
0 0.583125 0.378750 0.058750 0.085833
0 0.330313 0.354167 0.101875 0.070000
0 0.163125 0.361250 0.076250 0.085833
0 0.036875 0.287917 0.073750 0.090833
0 0.179063 0.279583 0.103125 0.095833
0 0.289687 0.230417 0.114375 0.072500
0 0.683750 0.239167 0.078750 0.093333
0 0.186875 0.198750 0.090000 0.070833
0 0.921562 0.203333 0.081875 0.090000
0 0.382812 0.202500 0.069375 0.101667
0 0.044062 0.184583 0.088125 0.080833
0 0.396562 0.139167 0.086875 0.078333
0 0.914062 0.135417 0.095625 0.080833
0 0.464687 0.125000 0.119375 0.078333
0 0.245312 0.109583 0.074375 0.092500
0 0.303750 0.115000 0.065000 0.105000
0 0.927813 0.062083 0.073125 0.080833
0 0.885312 0.038750 0.084375 0.077500
0 0.513437 0.020417 0.069375 0.040833
0 0.446562 0.022083 0.070625 0.044167
0 0.398750 0.034583 0.100000 0.069167
0 0.050625 0.024167 0.101250 0.048333