0 0.905937 0.985000 0.071875 0.030000
0 0.830000 0.980833 0.065000 0.038333
0 0.041250 0.980000 0.082500 0.040000
0 0.769687 0.969167 0.069375 0.061667
0 0.055313 0.947500 0.065625 0.068333
0 0.806875 0.934167 0.068750 0.076667
0 0.705313 0.942917 0.064375 0.099167
0 0.978437 0.912917 0.043125 0.099167
0 0.105313 0.910417 0.063125 0.095833
0 0.914062 0.900417 0.064375 0.084167
0 0.266562 0.873333 0.073125 0.075000
0 0.674687 0.866250 0.066875 0.092500
0 0.614062 0.860833 0.065625 0.100000
0 0.738750 0.843333 0.071250 0.085000
0 0.821875 0.834167 0.071250 0.088333
0 0.795312 0.760000 0.055625 0.083333
0 0.599063 0.747917 0.059375 0.080833
0 0.256875 0.772917 0.128750 0.132500
0 0.058125 0.755833 0.101250 0.106667
0 0.505000 0.737917 0.062500 0.087500
0 0.167500 0.682500 0.083750 0.088333
0 0.446250 0.679167 0.060000 0.085000
0 0.536563 0.677917 0.080625 0.092500
0 0.123125 0.649167 0.063750 0.088333
0 0.797188 0.645833 0.063125 0.088333
0 0.428438 0.622500 0.055625 0.080000
0 0.244062 0.616667 0.080625 0.075000
0 0.478438 0.589167 0.061875 0.078333
0 0.985625 0.576250 0.028750 0.074167
0 0.808125 0.578750 0.063750 0.087500
0 0.134687 0.571667 0.056875 0.078333
0 0.325625 0.574167 0.081250 0.141667
0 0.086875 0.546667 0.067500 0.096667
0 0.470938 0.507083 0.063125 0.084167
0 0.964063 0.507500 0.071875 0.100000
0 0.017812 0.499167 0.035625 0.086667
0 0.724375 0.496250 0.071250 0.089167
0 0.634375 0.492917 0.072500 0.092500
0 0.823750 0.475417 0.057500 0.085833
0 0.122500 0.468333 0.061250 0.078333
0 0.321562 0.467500 0.061875 0.083333
0 0.243125 0.462083 0.051250 0.089167
0 0.922500 0.465000 0.068750 0.096667
0 0.060937 0.432917 0.068125 0.095833
0 0.417500 0.436667 0.078750 0.116667
0 0.870625 0.406667 0.066250 0.078333
0 0.213438 0.382917 0.076875 0.084167
0 0.663438 0.339167 0.074375 0.098333
0 0.931562 0.352500 0.078125 0.126667
0 0.103750 0.325417 0.060000 0.079167
0 0.274375 0.354167 0.082500 0.141667
0 0.386562 0.319583 0.078125 0.087500
0 0.862812 0.324583 0.065625 0.100833
0 0.298125 0.260833 0.066250 0.066667
0 0.242188 0.263750 0.066875 0.094167
0 0.184062 0.259583 0.058125 0.107500
0 0.939063 0.244583 0.075625 0.099167
0 0.479687 0.224167 0.068125 0.096667
0 0.296563 0.195417 0.074375 0.090833
0 0.702187 0.179583 0.070625 0.079167
0 0.152500 0.173333 0.062500 0.076667
0 0.443750 0.170417 0.058750 0.082500
0 0.888437 0.167917 0.059375 0.084167
0 0.639375 0.152917 0.072500 0.094167
0 0.368437 0.149167 0.069375 0.088333
0 0.099375 0.147083 0.067500 0.085833
0 0.216250 0.158333 0.072500 0.133333
0 0.698438 0.104167 0.078125 0.080000
0 0.785937 0.098333 0.085625 0.080000
0 0.968437 0.121250 0.063125 0.137500
0 0.908438 0.089167 0.066875 0.080000
0 0.465938 0.084583 0.060625 0.092500
0 0.849688 0.067500 0.059375 0.078333
0 0.506563 0.065000 0.065625 0.091667
0 0.618750 0.065417 0.095000 0.112500
0 0.801250 0.018333 0.062500 0.036667
0 0.714063 0.044583 0.071875 0.089167
0 0.571875 0.022500 0.062500 0.045000
0 0.320625 0.032500 0.068750 0.065000
0 0.252812 0.046667 0.065625 0.093333
0 0.131562 0.032500 0.060625 0.065000
0 0.067187 0.024167 0.073125 0.048333