0 0.714063 0.980000 0.075625 0.040000
0 0.611875 0.965417 0.070000 0.069167
0 0.453437 0.956667 0.081875 0.086667
0 0.325313 0.953333 0.083125 0.093333
0 0.029687 0.948333 0.059375 0.091667
0 0.182812 0.930417 0.066875 0.094167
0 0.233125 0.911667 0.058750 0.091667
0 0.700313 0.880417 0.065625 0.094167
0 0.354375 0.845417 0.067500 0.097500
0 0.878125 0.834167 0.057500 0.095000
0 0.810625 0.817500 0.065000 0.083333
0 0.366563 0.767083 0.018125 0.054167
0 0.951562 0.777917 0.064375 0.100833
0 0.541562 0.769167 0.059375 0.093333
0 0.059062 0.750417 0.101875 0.100833
0 0.691562 0.750417 0.078125 0.107500
0 0.630938 0.742500 0.086875 0.118333
0 0.965625 0.707917 0.068750 0.105833
0 0.315312 0.701250 0.059375 0.092500
0 0.893750 0.709583 0.102500 0.145833
0 0.548750 0.668750 0.071250 0.090833
0 0.786875 0.686667 0.095000 0.133333
0 0.968437 0.619583 0.063125 0.092500
0 0.232187 0.617917 0.066875 0.090833
0 0.391250 0.605833 0.070000 0.086667
0 0.605000 0.597500 0.062500 0.085000
0 0.904687 0.599583 0.061875 0.090833
0 0.227813 0.542917 0.070625 0.085833
0 0.736875 0.529583 0.062500 0.092500
0 0.665937 0.522917 0.060625 0.089167
0 0.156875 0.506250 0.066250 0.085833
0 0.940625 0.470000 0.066250 0.090000
0 0.477187 0.458750 0.060625 0.080833
0 0.327500 0.475833 0.081250 0.125000
0 0.807813 0.485833 0.091875 0.153333
0 0.634062 0.449167 0.063125 0.086667
0 0.553438 0.448333 0.066875 0.088333
0 0.283750 0.429167 0.048750 0.071667
0 0.714063 0.436667 0.065625 0.090000
0 0.219688 0.406250 0.066875 0.087500
0 0.413750 0.408333 0.083750 0.115000
0 0.755313 0.364167 0.055625 0.086667
0 0.683438 0.373333 0.068125 0.106667
0 0.076875 0.377917 0.098750 0.124167
0 0.864688 0.314583 0.065625 0.089167
0 0.188438 0.316667 0.066875 0.105000
0 0.115312 0.299167 0.071875 0.098333
0 0.623437 0.295000 0.060625 0.091667
0 0.430000 0.290833 0.072500 0.096667
0 0.768125 0.275833 0.058750 0.090000
0 0.747500 0.230417 0.062500 0.094167
0 0.866875 0.227500 0.076250 0.090000
0 0.958125 0.205000 0.066250 0.095000
0 0.601562 0.166250 0.069375 0.095833
0 0.815000 0.169583 0.077500 0.105833
0 0.417500 0.160417 0.070000 0.099167
0 0.069375 0.100000 0.083750 0.073333
0 0.963125 0.095000 0.073750 0.091667
0 0.871563 0.049583 0.064375 0.085833
0 0.753750 0.034167 0.071250 0.068333
0 0.643750 0.026667 0.068750 0.053333
0 0.057188 0.037917 0.070625 0.075833