0 0.326875 0.945417 0.097500 0.090833
0 0.565312 0.912500 0.084375 0.086667
0 0.694063 0.885000 0.085625 0.098333
0 0.021875 0.864583 0.043750 0.097500
0 0.056250 0.837083 0.085000 0.095833
0 0.547813 0.823750 0.078125 0.094167
0 0.343125 0.723333 0.081250 0.110000
0 0.378437 0.646667 0.073125 0.085000
0 0.967187 0.612500 0.065625 0.105000
0 0.776875 0.552917 0.083750 0.097500
0 0.695312 0.424167 0.079375 0.108333
0 0.566875 0.412083 0.082500 0.089167
0 0.877812 0.405833 0.086875 0.103333
0 0.102500 0.392917 0.075000 0.094167
0 0.030312 0.374167 0.060625 0.096667
0 0.211875 0.349583 0.082500 0.090833
0 0.105000 0.331667 0.072500 0.073333
0 0.921562 0.342917 0.075625 0.114167
0 0.382500 0.292083 0.086250 0.100833
0 0.260625 0.282500 0.082500 0.113333
0 0.039375 0.257917 0.078750 0.087500
0 0.639062 0.260000 0.070625 0.113333
0 0.830625 0.254167 0.102500 0.105000
0 0.375937 0.173333 0.079375 0.103333
0 0.762813 0.171250 0.081875 0.100833
0 0.455625 0.161250 0.081250 0.095833
0 0.317500 0.137500 0.067500 0.091667
0 0.438125 0.074167 0.081250 0.103333
0 0.449062 0.019167 0.068125 0.038333
0 0.148125 0.018333 0.067500 0.036667