0 0.672813 0.968333 0.076875 0.063333
0 0.382500 0.964167 0.087500 0.071667
0 0.749375 0.951250 0.065000 0.084167
0 0.513125 0.954167 0.081250 0.091667
0 0.290938 0.919583 0.076875 0.082500
0 0.508437 0.900000 0.099375 0.080000
0 0.389062 0.894167 0.098125 0.071667
0 0.930000 0.885833 0.086250 0.078333
0 0.691875 0.857500 0.077500 0.110000
0 0.438125 0.848333 0.090000 0.093333
0 0.328437 0.822083 0.074375 0.079167
0 0.775312 0.804167 0.094375 0.091667
0 0.504375 0.799167 0.070000 0.083333
0 0.939063 0.800417 0.088125 0.090833
0 0.848125 0.776250 0.065000 0.087500
0 0.408438 0.738750 0.079375 0.087500
0 0.773125 0.727083 0.086250 0.084167
0 0.844063 0.702083 0.070625 0.110833
0 0.315312 0.677500 0.101875 0.076667
0 0.549375 0.678750 0.076250 0.084167
0 0.815625 0.632917 0.080000 0.089167
0 0.033438 0.607917 0.065625 0.085833
0 0.360000 0.600417 0.085000 0.074167
0 0.747812 0.613750 0.078125 0.104167
0 0.267813 0.574583 0.080625 0.102500
0 0.445312 0.540000 0.086875 0.083333
0 0.495312 0.505417 0.075625 0.109167
0 0.106250 0.494583 0.067500 0.090833
0 0.352500 0.430000 0.090000 0.085000
0 0.170313 0.428333 0.083125 0.090000
0 0.440312 0.400417 0.091875 0.074167
0 0.532500 0.402500 0.078750 0.098333
0 0.210000 0.355000 0.077500 0.073333
0 0.614375 0.332500 0.078750 0.101667
0 0.552813 0.314167 0.093125 0.080000
0 0.419375 0.305833 0.115000 0.066667
0 0.296875 0.295000 0.076250 0.103333
0 0.507812 0.251250 0.108125 0.067500
0 0.034688 0.246250 0.069375 0.085833
0 0.174375 0.253750 0.088750 0.107500
0 0.425000 0.205833 0.086250 0.086667
0 0.680937 0.194167 0.074375 0.091667
0 0.509062 0.164583 0.063125 0.092500
0 0.242812 0.158750 0.070625 0.090833
0 0.131250 0.150833 0.077500 0.103333
0 0.381250 0.139167 0.080000 0.081667
0 0.955000 0.144167 0.071250 0.095000
0 0.457188 0.126250 0.079375 0.092500
0 0.338125 0.101667 0.073750 0.090000
0 0.605625 0.086250 0.081250 0.079167
0 0.813125 0.091250 0.073750 0.097500
0 0.700000 0.075000 0.070000 0.085000
0 0.511875 0.047083 0.068750 0.080833
0 0.435625 0.039583 0.081250 0.070833
0 0.128125 0.048333 0.070000 0.088333
0 0.918750 0.024583 0.071250 0.049167
0 0.768437 0.034583 0.089375 0.069167
0 0.567500 0.026667 0.086250 0.053333