0 0.555937 0.978333 0.098125 0.043333
0 0.912188 0.955000 0.054375 0.090000
0 0.738125 0.931667 0.080000 0.101667
0 0.960625 0.939583 0.078750 0.120833
0 0.490000 0.924167 0.083750 0.105000
0 0.228437 0.925417 0.119375 0.149167
0 0.661250 0.898333 0.106250 0.106667
0 0.984375 0.892083 0.031250 0.102500
0 0.778125 0.888750 0.081250 0.112500
0 0.213125 0.876667 0.081250 0.098333
0 0.849375 0.883333 0.067500 0.115000
0 0.140000 0.872500 0.085000 0.098333
0 0.901250 0.867083 0.065000 0.105833
0 0.673750 0.815417 0.055000 0.067500
0 0.747500 0.827083 0.100000 0.120833
0 0.265000 0.805833 0.106250 0.100000
0 0.088125 0.801667 0.097500 0.113333
0 0.582812 0.751667 0.065625 0.086667
0 0.206875 0.730417 0.062500 0.077500
0 0.723125 0.740000 0.091250 0.105000
0 0.655000 0.723750 0.066250 0.109167
0 0.354063 0.697083 0.076875 0.092500
0 0.603750 0.685417 0.062500 0.084167
0 0.966250 0.675833 0.067500 0.093333
0 0.756250 0.670000 0.060000 0.083333
0 0.669063 0.667083 0.061875 0.084167
0 0.818125 0.660417 0.072500 0.084167
0 0.747500 0.612500 0.062500 0.076667
0 0.179063 0.616250 0.061875 0.090833
0 0.793125 0.589583 0.055000 0.067500
0 0.398438 0.566250 0.068125 0.100833
0 0.577812 0.570833 0.095625 0.111667
0 0.710938 0.568333 0.090625 0.130000
0 0.247500 0.546250 0.107500 0.104167
0 0.471250 0.547083 0.081250 0.137500
0 0.537188 0.534167 0.079375 0.123333
0 0.164687 0.502500 0.083125 0.105000
0 0.787188 0.492917 0.105625 0.127500
0 0.286875 0.479583 0.071250 0.102500
0 0.352500 0.509167 0.087500 0.170000
0 0.211875 0.452083 0.080000 0.089167
0 0.580313 0.438333 0.059375 0.076667
0 0.525937 0.414167 0.058125 0.088333
0 0.399062 0.393750 0.079375 0.107500
0 0.616563 0.381250 0.069375 0.090833
0 0.802813 0.361250 0.068125 0.072500
0 0.828438 0.319583 0.076875 0.077500
0 0.062812 0.330833 0.083125 0.103333
0 0.526875 0.325833 0.068750 0.103333
0 0.644062 0.302083 0.123125 0.125833
0 0.730313 0.274583 0.080625 0.092500
0 0.868750 0.267917 0.087500 0.095833
0 0.966562 0.271667 0.066875 0.116667
0 0.026250 0.258750 0.052500 0.109167
0 0.093438 0.246250 0.084375 0.102500
0 0.521250 0.226667 0.062500 0.105000
0 0.058125 0.183750 0.073750 0.090833
0 0.148125 0.188750 0.060000 0.104167
0 0.760312 0.167083 0.081875 0.090833
0 0.280625 0.155417 0.090000 0.109167
0 0.360625 0.127083 0.108750 0.139167
0 0.122500 0.101250 0.063750 0.102500
0 0.201250 0.100833 0.098750 0.135000
0 0.034375 0.085833 0.068750 0.138333
0 0.608437 0.067917 0.076875 0.132500
0 0.856875 0.048333 0.092500 0.096667
0 0.354687 0.033333 0.071875 0.066667
0 0.070625 0.036250 0.128750 0.072500