0 0.924375 0.968333 0.060000 0.063333
0 0.464062 0.954583 0.065625 0.090833
0 0.285938 0.947500 0.070625 0.100000
0 0.121875 0.932083 0.065000 0.097500
0 0.616563 0.920417 0.071875 0.102500
0 0.093438 0.894167 0.074375 0.085000
0 0.910937 0.878750 0.068125 0.095833
0 0.373437 0.867083 0.074375 0.089167
0 0.696250 0.867083 0.066250 0.090833
0 0.205000 0.827083 0.068750 0.094167
0 0.596875 0.823750 0.068750 0.089167
0 0.445312 0.802083 0.064375 0.085833
0 0.975625 0.799583 0.048750 0.094167
0 0.881250 0.785000 0.075000 0.098333
0 0.266875 0.760000 0.126250 0.103333
0 0.937813 0.747500 0.079375 0.083333
0 0.041250 0.751250 0.082500 0.102500
0 0.685312 0.724167 0.071875 0.096667
0 0.382500 0.717500 0.072500 0.095000
0 0.277187 0.687917 0.058125 0.055833
0 0.569375 0.704583 0.062500 0.102500
0 0.086875 0.680000 0.072500 0.116667
0 0.130312 0.632917 0.079375 0.084167
0 0.858125 0.627083 0.073750 0.075833
0 0.395937 0.621250 0.065625 0.082500
0 0.287813 0.623750 0.069375 0.092500
0 0.235937 0.587917 0.084375 0.067500
0 0.737812 0.602500 0.073125 0.100000
0 0.073438 0.590417 0.095625 0.127500
0 0.535625 0.557500 0.078750 0.091667
0 0.680312 0.553750 0.061875 0.085833
0 0.250937 0.514583 0.063125 0.080833
0 0.105938 0.500833 0.078125 0.080000
0 0.458125 0.497083 0.076250 0.094167
0 0.748125 0.483333 0.062500 0.096667
0 0.974688 0.473333 0.050625 0.085000
0 0.500625 0.452083 0.066250 0.089167
0 0.712812 0.439167 0.118125 0.098333
0 0.608125 0.407083 0.071250 0.082500
0 0.016875 0.399167 0.033750 0.088333
0 0.905937 0.387083 0.069375 0.089167
0 0.334062 0.367083 0.070625 0.097500
0 0.525312 0.340417 0.094375 0.134167
0 0.469062 0.312500 0.071875 0.098333
0 0.916875 0.298333 0.085000 0.086667
0 0.145000 0.292083 0.071250 0.077500
0 0.755000 0.279583 0.071250 0.087500
0 0.342187 0.274167 0.071875 0.088333
0 0.592812 0.268333 0.065625 0.093333
0 0.405625 0.236250 0.070000 0.095833
0 0.551875 0.231250 0.063750 0.089167
0 0.795312 0.221250 0.059375 0.080833
0 0.889687 0.208750 0.076875 0.095833
0 0.456875 0.183333 0.070000 0.088333
0 0.205000 0.182917 0.072500 0.095833
0 0.285938 0.183750 0.076875 0.100833
0 0.100312 0.148333 0.064375 0.081667
0 0.784062 0.142083 0.074375 0.084167
0 0.592812 0.136667 0.059375 0.081667
0 0.301563 0.101250 0.073125 0.082500
0 0.186875 0.070000 0.055000 0.088333
0 0.952812 0.057083 0.054375 0.080833
0 0.988125 0.062083 0.023750 0.097500
0 0.847812 0.036667 0.065625 0.073333
0 0.647500 0.039583 0.052500 0.079167
0 0.608437 0.025833 0.056875 0.051667