0 0.422812 0.976667 0.065625 0.046667
0 0.050625 0.967917 0.101250 0.064167
0 0.908438 0.965417 0.085625 0.069167
0 0.502812 0.961250 0.101875 0.077500
0 0.190938 0.947083 0.093125 0.072500
0 0.766875 0.953750 0.076250 0.092500
0 0.678438 0.945000 0.090625 0.098333
0 0.285313 0.926250 0.101875 0.077500
0 0.401875 0.925000 0.063750 0.086667
0 0.115000 0.907083 0.083750 0.075833
0 0.851875 0.910833 0.061250 0.086667
0 0.969375 0.925000 0.061250 0.116667
0 0.575313 0.921667 0.083125 0.110000
0 0.032188 0.916667 0.064375 0.120000
0 0.497188 0.888333 0.096875 0.076667
0 0.787813 0.876667 0.090625 0.101667
0 0.312812 0.860417 0.058125 0.072500
0 0.982812 0.867917 0.034375 0.089167
0 0.904687 0.870833 0.079375 0.113333
0 0.372812 0.856250 0.064375 0.094167
0 0.212188 0.857083 0.096875 0.095833
0 0.621250 0.851667 0.068750 0.086667
0 0.119063 0.840000 0.079375 0.098333
0 0.444688 0.797083 0.066875 0.080833
0 0.540625 0.806250 0.076250 0.115833
0 0.044062 0.796667 0.088125 0.100000
0 0.949688 0.797917 0.080625 0.120833
0 0.262188 0.797500 0.096875 0.138333
0 0.813438 0.778750 0.065625 0.107500
0 0.696562 0.771250 0.093125 0.099167
0 0.176250 0.755417 0.052500 0.077500
0 0.349062 0.749583 0.121875 0.090833
0 0.207500 0.730833 0.062500 0.080000
0 0.518125 0.721250 0.115000 0.095833
0 0.855000 0.708333 0.062500 0.085000
0 0.132500 0.720833 0.075000 0.120000
0 0.624062 0.723750 0.115625 0.144167
0 0.018125 0.694167 0.036250 0.091667
0 0.759687 0.693333 0.053125 0.093333
0 0.400313 0.710833 0.094375 0.130000
0 0.260625 0.677917 0.063750 0.079167
0 0.920625 0.680000 0.088750 0.116667
0 0.440312 0.658333 0.066875 0.091667
0 0.858750 0.634583 0.058750 0.070833
0 0.693750 0.646667 0.087500 0.098333
0 0.285625 0.625000 0.067500 0.075000
0 0.168437 0.627917 0.080625 0.097500
0 0.078125 0.623333 0.080000 0.108333
0 0.385937 0.602500 0.060625 0.083333
0 0.027813 0.602083 0.055625 0.094167
0 0.651563 0.602500 0.119375 0.108333
0 0.274062 0.570417 0.059375 0.060833
0 0.817813 0.580000 0.098125 0.086667
0 0.572500 0.613750 0.081250 0.175833
0 0.958125 0.592500 0.083750 0.143333
0 0.753750 0.557500 0.082500 0.080000
0 0.137813 0.550417 0.050625 0.070833
0 0.422500 0.562500 0.086250 0.101667
0 0.930312 0.545000 0.045625 0.076667
0 0.493750 0.554167 0.070000 0.108333
0 0.330000 0.527917 0.098750 0.090833
0 0.609375 0.505833 0.095000 0.125000
0 0.704688 0.492500 0.085625 0.100000
0 0.455313 0.476667 0.105625 0.071667
0 0.808750 0.480417 0.060000 0.087500
0 0.358125 0.471250 0.062500 0.075833
0 0.929375 0.463750 0.053750 0.072500
0 0.249062 0.457500 0.059375 0.076667
0 0.030937 0.466250 0.061875 0.102500
0 0.549687 0.467500 0.080625 0.111667
0 0.297187 0.466667 0.086875 0.110000
0 0.082812 0.457917 0.095625 0.122500
0 0.169687 0.470417 0.071875 0.154167
0 0.406875 0.438333 0.087500 0.103333
0 0.755313 0.435833 0.081875 0.133333
0 0.625000 0.423750 0.080000 0.112500
0 0.338750 0.385417 0.062500 0.079167
0 0.902813 0.395833 0.078125 0.115000
0 0.509062 0.380000 0.088125 0.091667
0 0.452500 0.382500 0.055000 0.101667
0 0.812500 0.366250 0.065000 0.077500
0 0.252500 0.376667 0.090000 0.098333
0 0.973437 0.355000 0.053125 0.095000
0 0.164687 0.348333 0.096875 0.113333
0 0.600625 0.330833 0.070000 0.106667
0 0.664687 0.316667 0.059375 0.091667
0 0.393437 0.326667 0.070625 0.123333
0 0.726250 0.309583 0.055000 0.097500
0 0.515625 0.292917 0.058750 0.080833
0 0.868750 0.289167 0.075000 0.098333
0 0.960625 0.289167 0.078750 0.131667
0 0.188750 0.250417 0.055000 0.077500
0 0.135625 0.248750 0.055000 0.087500
0 0.419063 0.242917 0.044375 0.077500
0 0.798750 0.254167 0.062500 0.106667
0 0.349062 0.248333 0.083125 0.130000
0 0.089063 0.256667 0.093125 0.146667
0 0.915000 0.217500 0.060000 0.085000
0 0.719688 0.208750 0.055625 0.084167
0 0.534687 0.208750 0.075625 0.090833
0 0.461250 0.204167 0.087500 0.093333
0 0.600313 0.210000 0.076875 0.106667
0 0.277500 0.235417 0.105000 0.159167
0 0.649687 0.185833 0.100625 0.086667
0 0.025313 0.203750 0.050625 0.125833
0 0.805625 0.170833 0.071250 0.091667
0 0.215938 0.163750 0.068125 0.092500
0 0.114375 0.153333 0.061250 0.085000
0 0.526250 0.135417 0.086250 0.079167
0 0.754375 0.138750 0.097500 0.104167
0 0.867500 0.155833 0.060000 0.141667
0 0.420312 0.134583 0.100625 0.117500
0 0.338750 0.123333 0.111250 0.101667
0 0.646250 0.104583 0.100000 0.089167
0 0.583750 0.099583 0.067500 0.085833
0 0.168750 0.104167 0.073750 0.105000
0 0.478125 0.085417 0.060000 0.089167
0 0.111250 0.074583 0.067500 0.074167
0 0.242812 0.087500 0.063125 0.126667
0 0.943750 0.078333 0.092500 0.126667
0 0.765000 0.047917 0.126250 0.080833
0 0.847500 0.036250 0.091250 0.072500
0 0.682500 0.020833 0.057500 0.041667
0 0.566250 0.023750 0.070000 0.047500
0 0.384688 0.041667 0.075625 0.083333
0 0.302187 0.054583 0.070625 0.109167
0 0.156562 0.029583 0.103125 0.059167
0 0.040938 0.088333 0.081875 0.176667