0 0.587187 0.975833 0.075625 0.048333
0 0.404375 0.975417 0.060000 0.049167
0 0.835938 0.928333 0.070625 0.106667
0 0.981250 0.907500 0.037500 0.083333
0 0.507500 0.886667 0.067500 0.088333
0 0.777813 0.865417 0.074375 0.084167
0 0.984688 0.835833 0.030625 0.086667
0 0.080312 0.836667 0.074375 0.103333
0 0.567187 0.815417 0.093125 0.120833
0 0.154062 0.769583 0.071875 0.097500
0 0.604062 0.730000 0.070625 0.080000
0 0.349375 0.717917 0.068750 0.089167
0 0.023125 0.674167 0.046250 0.091667
0 0.794687 0.658333 0.073125 0.103333
0 0.388437 0.638750 0.081875 0.104167
0 0.473438 0.622500 0.063125 0.118333
0 0.415625 0.580417 0.061250 0.100833
0 0.856563 0.572917 0.075625 0.100833
0 0.343438 0.549167 0.070625 0.098333
0 0.914062 0.542500 0.075625 0.098333
0 0.030937 0.529583 0.061875 0.099167
0 0.435312 0.507917 0.083125 0.089167
0 0.882812 0.483750 0.069375 0.089167
0 0.091875 0.487917 0.071250 0.099167
0 0.469375 0.472500 0.062500 0.108333
0 0.049688 0.440417 0.059375 0.080833
0 0.719063 0.445417 0.071875 0.094167
0 0.160938 0.372500 0.060625 0.085000
0 0.272500 0.373333 0.070000 0.100000
0 0.531563 0.363750 0.074375 0.100833
0 0.873125 0.337500 0.070000 0.096667
0 0.112812 0.307083 0.070625 0.100833
0 0.405313 0.267917 0.068125 0.097500
0 0.833438 0.252917 0.083125 0.100833
0 0.725938 0.216667 0.070625 0.090000
0 0.091250 0.210417 0.066250 0.094167
0 0.241563 0.203750 0.069375 0.107500
0 0.169063 0.198750 0.066875 0.104167
0 0.406250 0.172500 0.062500 0.080000
0 0.307500 0.170833 0.061250 0.088333
0 0.800000 0.105000 0.061250 0.090000
0 0.707812 0.071250 0.070625 0.089167
0 0.462813 0.037083 0.063125 0.074167
0 0.295312 0.037917 0.064375 0.075833
0 0.112187 0.050417 0.073125 0.100833