0 0.560312 0.975417 0.096875 0.049167
0 0.796875 0.969167 0.068750 0.061667
0 0.737187 0.967083 0.053125 0.065833
0 0.413750 0.957917 0.057500 0.072500
0 0.615000 0.951667 0.053750 0.076667
0 0.936562 0.942917 0.060625 0.079167
0 0.313750 0.948333 0.056250 0.090000
0 0.471875 0.933750 0.061250 0.077500
0 0.088125 0.924167 0.060000 0.076667
0 0.162812 0.915000 0.059375 0.075000
0 0.549687 0.906667 0.055625 0.073333
0 0.364375 0.900417 0.055000 0.069167
0 0.785937 0.894583 0.086875 0.084167
0 0.419375 0.880000 0.060000 0.085000
0 0.826875 0.855000 0.055000 0.058333
0 0.902188 0.845000 0.064375 0.073333
0 0.071250 0.842083 0.061250 0.077500
0 0.313750 0.840833 0.061250 0.081667
0 0.796250 0.795000 0.051250 0.061667
0 0.116562 0.805000 0.059375 0.081667
0 0.452188 0.798750 0.071875 0.094167
0 0.979062 0.787500 0.041875 0.085000
0 0.916875 0.766667 0.068750 0.080000
0 0.675000 0.779167 0.075000 0.105000
0 0.617812 0.736667 0.065625 0.083333
0 0.761563 0.713333 0.055625 0.065000
0 0.171250 0.727917 0.065000 0.094167
0 0.551562 0.720000 0.065625 0.081667
0 0.381250 0.703333 0.060000 0.076667
0 0.312812 0.683750 0.066875 0.094167
0 0.819063 0.686250 0.069375 0.115833
0 0.659375 0.657500 0.052500 0.081667
0 0.220938 0.667083 0.076875 0.109167
0 0.713750 0.656667 0.063750 0.090000
0 0.152812 0.634583 0.059375 0.079167
0 0.553125 0.629167 0.046250 0.075000
0 0.367188 0.624583 0.056875 0.080833
0 0.101562 0.595417 0.056875 0.082500
0 0.958750 0.582500 0.065000 0.085000
0 0.631563 0.546667 0.045625 0.076667
0 0.262500 0.575833 0.068750 0.135000
0 0.686250 0.537500 0.063750 0.061667
0 0.477500 0.532083 0.058750 0.075833
0 0.101562 0.520000 0.053125 0.070000
0 0.863750 0.521250 0.095000 0.095833
0 0.072188 0.459583 0.045625 0.037500
0 0.931875 0.459167 0.057500 0.073333
0 0.506563 0.462917 0.064375 0.085833
0 0.633437 0.453333 0.054375 0.088333
0 0.114062 0.435833 0.060625 0.073333
0 0.444688 0.419583 0.058125 0.080833
0 0.039688 0.418333 0.069375 0.083333
0 0.241563 0.412500 0.060625 0.081667
0 0.700000 0.398750 0.062500 0.082500
0 0.396562 0.376250 0.065625 0.080833
0 0.491875 0.368750 0.061250 0.082500
0 0.109375 0.353750 0.053750 0.082500
0 0.566562 0.332500 0.071875 0.071667
0 0.247812 0.333750 0.056875 0.074167
0 0.411250 0.297917 0.060000 0.084167
0 0.222500 0.278750 0.056250 0.067500
0 0.620313 0.284583 0.070625 0.082500
0 0.699375 0.297500 0.063750 0.115000
0 0.026875 0.270833 0.053750 0.091667
0 0.504375 0.245833 0.068750 0.078333
0 0.935000 0.242917 0.060000 0.075833
0 0.114062 0.242500 0.060625 0.098333
0 0.291875 0.224167 0.052500 0.073333
0 0.232187 0.214583 0.063125 0.069167
0 0.408438 0.216250 0.053125 0.074167
0 0.162812 0.212917 0.059375 0.074167
0 0.799063 0.213750 0.058125 0.080833
0 0.643750 0.215000 0.116250 0.086667
0 0.732500 0.206667 0.067500 0.088333
0 0.471875 0.182083 0.088750 0.074167
0 0.976250 0.185417 0.047500 0.094167
0 0.064062 0.178750 0.053125 0.105833
0 0.202813 0.159167 0.054375 0.078333
0 0.567500 0.138333 0.058750 0.081667
0 0.311250 0.128750 0.065000 0.084167
0 0.736875 0.132083 0.105000 0.104167
0 0.660625 0.099167 0.050000 0.083333
0 0.830625 0.087083 0.062500 0.079167
0 0.986250 0.075000 0.027500 0.066667
0 0.943750 0.071250 0.053750 0.079167
0 0.695625 0.056250 0.046250 0.065833
0 0.429375 0.049167 0.052500 0.075000
0 0.610938 0.055417 0.071875 0.094167
0 0.091250 0.045417 0.058750 0.074167
0 0.263750 0.027917 0.068750 0.055833
0 0.174063 0.030833 0.051875 0.061667
0 0.123750 0.024167 0.052500 0.048333