0 0.330313 0.979167 0.076875 0.041667
0 0.271250 0.958333 0.062500 0.075000
0 0.211875 0.951250 0.060000 0.080833
0 0.681250 0.954583 0.082500 0.090833
0 0.808125 0.945833 0.062500 0.078333
0 0.938438 0.931667 0.081875 0.098333
0 0.725000 0.909583 0.071250 0.082500
0 0.212812 0.882083 0.063125 0.074167
0 0.336250 0.866250 0.075000 0.095833
0 0.901250 0.875417 0.116250 0.127500
0 0.732500 0.835000 0.072500 0.075000
0 0.593437 0.853333 0.086875 0.120000
0 0.277187 0.823333 0.055625 0.095000
0 0.803125 0.801250 0.071250 0.094167
0 0.055000 0.792917 0.048750 0.087500
0 0.695312 0.790417 0.074375 0.095833
0 0.205625 0.784167 0.067500 0.086667
0 0.940625 0.773750 0.118750 0.107500
0 0.097812 0.753333 0.076875 0.075000
0 0.738750 0.736667 0.077500 0.086667
0 0.019375 0.714583 0.038750 0.074167
0 0.921875 0.703333 0.077500 0.076667
0 0.837812 0.703750 0.074375 0.082500
0 0.179688 0.686250 0.068125 0.079167
0 0.070312 0.652917 0.066875 0.079167
0 0.420312 0.651250 0.070625 0.092500
0 0.783750 0.662917 0.088750 0.117500
0 0.881875 0.626250 0.101250 0.102500
0 0.966875 0.637083 0.066250 0.130833
0 0.121250 0.609167 0.065000 0.085000
0 0.602812 0.603333 0.075625 0.078333
0 0.181250 0.595833 0.070000 0.081667
0 0.020000 0.605417 0.040000 0.104167
0 0.644375 0.574583 0.061250 0.099167
0 0.593125 0.539583 0.070000 0.072500
0 0.216875 0.537083 0.038750 0.075833
0 0.043125 0.537083 0.060000 0.082500
0 0.981875 0.542083 0.036250 0.100833
0 0.139063 0.528750 0.060625 0.080833
0 0.475313 0.528750 0.076875 0.090833
0 0.893437 0.519167 0.048125 0.078333
0 0.782813 0.509583 0.065625 0.090833
0 0.315312 0.504167 0.060625 0.088333
0 0.843437 0.514583 0.078125 0.130833
0 0.253437 0.492917 0.070625 0.115833
0 0.185000 0.473333 0.062500 0.088333
0 0.650312 0.478750 0.125625 0.107500
0 0.404375 0.447500 0.067500 0.093333
0 0.349687 0.440000 0.054375 0.080000
0 0.127812 0.434167 0.068125 0.073333
0 0.025625 0.429583 0.051250 0.077500
0 0.934063 0.459167 0.068125 0.138333
0 0.706875 0.435833 0.077500 0.105000
0 0.633125 0.420000 0.057500 0.083333
0 0.185625 0.393750 0.056250 0.069167
0 0.890625 0.400417 0.065000 0.090833
0 0.070938 0.370833 0.065625 0.088333
0 0.818125 0.355000 0.051250 0.088333
0 0.234063 0.353333 0.064375 0.091667
0 0.024375 0.351667 0.048750 0.090000
0 0.869062 0.338333 0.056875 0.083333
0 0.286562 0.342500 0.094375 0.098333
0 0.150000 0.340000 0.103750 0.098333
0 0.748437 0.322500 0.064375 0.085000
0 0.610313 0.321667 0.085625 0.120000
0 0.891563 0.257917 0.080625 0.089167
0 0.180000 0.253750 0.082500 0.092500
0 0.334688 0.267500 0.068125 0.121667
0 0.110312 0.251667 0.063125 0.103333
0 0.591250 0.240417 0.062500 0.089167
0 0.675000 0.231250 0.061250 0.079167
0 0.268125 0.230417 0.100000 0.082500
0 0.022187 0.206250 0.044375 0.072500
0 0.526563 0.214583 0.083125 0.110833
0 0.743125 0.186250 0.060000 0.095833
0 0.877188 0.181667 0.119375 0.116667
0 0.910312 0.137917 0.064375 0.094167
0 0.054062 0.119167 0.069375 0.085000
0 0.792500 0.108333 0.075000 0.095000
0 0.874375 0.080417 0.068750 0.090833
0 0.605000 0.072083 0.077500 0.102500
0 0.095625 0.062500 0.090000 0.120000
0 0.502500 0.052500 0.081250 0.105000
0 0.372500 0.052083 0.077500 0.104167
0 0.030312 0.040417 0.060625 0.080833