0 0.445937 0.978333 0.065625 0.043333
0 0.025625 0.948333 0.051250 0.103333
0 0.266875 0.915833 0.063750 0.090000
0 0.454375 0.889167 0.070000 0.086667
0 0.838437 0.879583 0.058125 0.105833
0 0.345000 0.870000 0.058750 0.086667
0 0.753750 0.859167 0.058750 0.081667
0 0.594063 0.851667 0.064375 0.080000
0 0.891563 0.847500 0.055625 0.091667
0 0.206563 0.839167 0.059375 0.085000
0 0.085312 0.813750 0.065625 0.089167
0 0.722500 0.768333 0.085000 0.081667
0 0.150938 0.752083 0.061875 0.079167
0 0.302500 0.741667 0.063750 0.083333
0 0.804375 0.732500 0.061250 0.081667
0 0.895000 0.726667 0.048750 0.076667
0 0.949688 0.700000 0.068125 0.096667
0 0.162812 0.671250 0.064375 0.077500
0 0.560937 0.666250 0.070625 0.079167
0 0.983125 0.655833 0.033750 0.070000
0 0.310000 0.638750 0.063750 0.085833
0 0.397188 0.625000 0.061875 0.081667
0 0.540937 0.591667 0.065625 0.085000
0 0.740938 0.577500 0.059375 0.073333
0 0.246562 0.583333 0.089375 0.116667
0 0.805937 0.564583 0.069375 0.099167
0 0.419063 0.530000 0.063125 0.085000
0 0.219062 0.487083 0.083125 0.104167
0 0.686562 0.443333 0.060625 0.081667
0 0.154062 0.443750 0.065625 0.094167
0 0.548125 0.429583 0.061250 0.072500
0 0.831875 0.414583 0.056250 0.077500
0 0.635938 0.382500 0.071875 0.091667
0 0.390625 0.381667 0.066250 0.093333
0 0.713750 0.367500 0.062500 0.081667
0 0.462500 0.330000 0.041250 0.070000
0 0.660000 0.317500 0.071250 0.076667
0 0.319688 0.301250 0.051875 0.095833
0 0.409375 0.291250 0.065000 0.087500
0 0.839063 0.261667 0.058125 0.076667
0 0.285938 0.216667 0.064375 0.088333
0 0.088438 0.206667 0.069375 0.088333
0 0.757500 0.183750 0.055000 0.074167
0 0.701562 0.191250 0.060625 0.094167
0 0.909687 0.182917 0.065625 0.090833
0 0.811250 0.157500 0.051250 0.095000
0 0.312812 0.137500 0.056875 0.081667
0 0.861563 0.120417 0.066875 0.090833
0 0.213125 0.091667 0.058750 0.085000
0 0.455313 0.089583 0.079375 0.099167
0 0.938750 0.048750 0.053750 0.070833
0 0.980313 0.036667 0.039375 0.073333
0 0.755938 0.034583 0.070625 0.069167
0 0.506875 0.041667 0.076250 0.083333
0 0.435625 0.029583 0.060000 0.059167
0 0.272813 0.037917 0.075625 0.075833
0 0.079062 0.020000 0.064375 0.040000