0 0.232187 0.978750 0.066875 0.042500
0 0.500000 0.968750 0.063750 0.062500
0 0.058750 0.949583 0.063750 0.097500
0 0.753750 0.932500 0.066250 0.078333
0 0.283438 0.936250 0.064375 0.087500
0 0.702812 0.926667 0.054375 0.076667
0 0.822187 0.912083 0.065625 0.087500
0 0.333125 0.907500 0.068750 0.105000
0 0.670000 0.881667 0.078750 0.096667
0 0.820000 0.833333 0.062500 0.073333
0 0.048750 0.839167 0.062500 0.085000
0 0.755625 0.845000 0.092500 0.130000
0 0.890938 0.807917 0.063125 0.079167
0 0.469375 0.802917 0.068750 0.089167
0 0.963437 0.762917 0.060625 0.080833
0 0.344375 0.775000 0.077500 0.116667
0 0.035937 0.751667 0.066875 0.090000
0 0.392188 0.721250 0.063125 0.107500
0 0.555000 0.704583 0.063750 0.087500
0 0.229687 0.690417 0.061875 0.082500
0 0.074375 0.637917 0.072500 0.095833
0 0.800312 0.617083 0.059375 0.077500
0 0.580937 0.622500 0.069375 0.090000
0 0.867188 0.620833 0.070625 0.098333
0 0.491563 0.610000 0.055625 0.108333
0 0.318437 0.596667 0.069375 0.101667
0 0.918750 0.572083 0.066250 0.087500
0 0.785625 0.542500 0.065000 0.073333
0 0.679375 0.532083 0.065000 0.084167
0 0.521875 0.508750 0.070000 0.085833
0 0.153438 0.510000 0.061875 0.088333
0 0.807187 0.495833 0.071875 0.078333
0 0.921562 0.495000 0.068125 0.081667
0 0.240625 0.432500 0.067500 0.080000
0 0.932813 0.398333 0.058125 0.073333
0 0.866875 0.394583 0.063750 0.092500
0 0.657188 0.391250 0.059375 0.085833
0 0.599375 0.383750 0.057500 0.092500
0 0.057813 0.375000 0.064375 0.086667
0 0.310625 0.368750 0.053750 0.090833
0 0.246562 0.350000 0.065625 0.088333
0 0.795625 0.366250 0.093750 0.140833
0 0.688438 0.329167 0.055625 0.071667
0 0.566250 0.320833 0.073750 0.088333
0 0.217188 0.305833 0.069375 0.093333
0 0.342813 0.290000 0.060625 0.085000
0 0.975313 0.290833 0.049375 0.093333
0 0.770312 0.271667 0.065625 0.083333
0 0.521875 0.275417 0.062500 0.094167
0 0.465938 0.223750 0.065625 0.097500
0 0.028125 0.218333 0.056250 0.123333
0 0.977500 0.196667 0.045000 0.091667
0 0.845625 0.203333 0.083750 0.110000
0 0.063125 0.181667 0.061250 0.081667
0 0.901563 0.172500 0.073125 0.086667
0 0.294375 0.147500 0.065000 0.090000
0 0.937500 0.140833 0.073750 0.098333
0 0.489375 0.133750 0.068750 0.094167
0 0.818125 0.090417 0.057500 0.072500
0 0.161875 0.081667 0.071250 0.083333
0 0.520625 0.060000 0.077500 0.106667
0 0.852500 0.034583 0.080000 0.069167