0 0.853437 0.982083 0.071875 0.035833
0 0.240313 0.981250 0.059375 0.037500
0 0.388125 0.970833 0.080000 0.058333
0 0.458125 0.959583 0.067500 0.060833
0 0.778750 0.935417 0.083750 0.090833
0 0.521250 0.909167 0.051250 0.083333
0 0.846562 0.872083 0.091875 0.100833
0 0.460313 0.877083 0.091875 0.117500
0 0.015000 0.838750 0.030000 0.089167
0 0.373125 0.805000 0.071250 0.073333
0 0.736875 0.807500 0.087500 0.106667
0 0.204063 0.772083 0.061875 0.082500
0 0.298750 0.774167 0.075000 0.098333
0 0.446250 0.749583 0.077500 0.077500
0 0.082812 0.753750 0.061875 0.087500
0 0.546562 0.744583 0.055625 0.082500
0 0.604375 0.725417 0.068750 0.097500
0 0.775312 0.677083 0.058125 0.090833
0 0.020000 0.641667 0.040000 0.080000
0 0.540312 0.639167 0.071875 0.095000
0 0.388437 0.618750 0.064375 0.082500
0 0.458750 0.614167 0.071250 0.085000
0 0.061250 0.547500 0.060000 0.075000
0 0.527500 0.431667 0.092500 0.095000
0 0.346250 0.417917 0.062500 0.074167
0 0.404375 0.380000 0.066250 0.086667
0 0.713437 0.380833 0.076875 0.106667
0 0.527188 0.356250 0.079375 0.079167
0 0.942187 0.350417 0.066875 0.094167
0 0.352187 0.337917 0.064375 0.085833
0 0.748750 0.341667 0.055000 0.095000
0 0.063750 0.327083 0.068750 0.079167
0 0.035937 0.212500 0.060625 0.081667
0 0.262188 0.210000 0.059375 0.093333
0 0.753437 0.195833 0.065625 0.088333
0 0.321875 0.180417 0.078750 0.082500
0 0.985313 0.143333 0.029375 0.093333
0 0.777188 0.128333 0.094375 0.105000
0 0.937500 0.115833 0.071250 0.086667
0 0.560000 0.106667 0.067500 0.088333
0 0.702812 0.053750 0.065625 0.090833