0 0.463750 0.970833 0.050000 0.058333
0 0.811562 0.970000 0.069375 0.060000
0 0.367188 0.962917 0.063125 0.074167
0 0.895625 0.958333 0.132500 0.083333
0 0.413438 0.958333 0.060625 0.083333
0 0.670000 0.955833 0.058750 0.080000
0 0.226250 0.957917 0.088750 0.084167
0 0.751875 0.955417 0.056250 0.089167
0 0.035625 0.953333 0.071250 0.088333
0 0.301250 0.951667 0.077500 0.096667
0 0.544687 0.950833 0.109375 0.098333
0 0.110625 0.906250 0.058750 0.082500
0 0.610313 0.888333 0.064375 0.083333
0 0.258125 0.883750 0.071250 0.097500
0 0.673125 0.863750 0.067500 0.087500
0 0.156250 0.858333 0.065000 0.093333
0 0.860625 0.858333 0.078750 0.116667
0 0.932813 0.880000 0.079375 0.161667
0 0.062500 0.817500 0.125000 0.106667
0 0.881563 0.804167 0.073125 0.091667
0 0.632812 0.795833 0.133125 0.098333
0 0.206563 0.740833 0.080625 0.100000
0 0.513125 0.723750 0.062500 0.085833
0 0.258437 0.679167 0.078125 0.093333
0 0.912813 0.677917 0.075625 0.100833
0 0.976875 0.592917 0.046250 0.105833
0 0.502500 0.562500 0.065000 0.096667
0 0.303750 0.560000 0.076250 0.100000
0 0.230000 0.556667 0.075000 0.100000
0 0.168125 0.542083 0.066250 0.095833
0 0.949375 0.527500 0.071250 0.090000
0 0.853125 0.508333 0.071250 0.085000
0 0.411562 0.460833 0.076875 0.096667
0 0.210000 0.463750 0.071250 0.107500
0 0.724063 0.455417 0.066875 0.092500
0 0.968125 0.449167 0.063750 0.093333
0 0.261562 0.430417 0.079375 0.094167
0 0.635938 0.445000 0.119375 0.135000
0 0.361250 0.418750 0.067500 0.082500
0 0.871563 0.411250 0.118125 0.105833
0 0.582812 0.392917 0.090625 0.082500
0 0.980938 0.378750 0.038125 0.094167
0 0.910000 0.362083 0.063750 0.095833
0 0.645625 0.342917 0.060000 0.085833
0 0.722187 0.353750 0.080625 0.110833
0 0.506875 0.391250 0.090000 0.194167
0 0.411562 0.332917 0.060625 0.080833
0 0.802813 0.325417 0.053125 0.079167
0 0.143437 0.347917 0.118125 0.135833
0 0.030937 0.325000 0.061875 0.130000
0 0.933438 0.292083 0.058125 0.084167
0 0.864688 0.268333 0.084375 0.068333
0 0.598437 0.293333 0.099375 0.120000
0 0.491875 0.255833 0.113750 0.100000
0 0.155312 0.252500 0.079375 0.098333
0 0.702187 0.247083 0.136875 0.110833
0 0.941250 0.215833 0.058750 0.085000
0 0.976562 0.244583 0.046875 0.169167
0 0.332188 0.184167 0.106875 0.125000
0 0.551250 0.163333 0.067500 0.093333
0 0.677188 0.140000 0.066875 0.075000
0 0.740313 0.141250 0.084375 0.107500
0 0.940000 0.128750 0.077500 0.094167
0 0.363438 0.106250 0.093125 0.122500
0 0.967187 0.082083 0.065625 0.150833
0 0.731563 0.052500 0.058125 0.093333
0 0.349687 0.047500 0.106875 0.095000
0 0.270000 0.046250 0.067500 0.092500