0 0.350625 0.970417 0.058750 0.059167
0 0.725938 0.969583 0.064375 0.060833
0 0.803750 0.961667 0.100000 0.076667
0 0.626250 0.961250 0.110000 0.077500
0 0.157500 0.948750 0.112500 0.094167
0 0.875938 0.940833 0.074375 0.088333
0 0.266250 0.933333 0.077500 0.086667
0 0.409687 0.940000 0.064375 0.106667
0 0.693750 0.914167 0.073750 0.076667
0 0.618437 0.907500 0.066875 0.081667
0 0.334375 0.905833 0.076250 0.088333
0 0.916875 0.909167 0.067500 0.101667
0 0.461250 0.885417 0.062500 0.075833
0 0.075000 0.887083 0.062500 0.087500
0 0.530000 0.893333 0.072500 0.101667
0 0.766875 0.886667 0.077500 0.091667
0 0.315000 0.841667 0.063750 0.076667
0 0.722187 0.832917 0.070625 0.089167
0 0.600313 0.800000 0.054375 0.071667
0 0.872188 0.800417 0.053125 0.082500
0 0.393750 0.801250 0.077500 0.085833
0 0.463125 0.799167 0.070000 0.095000
0 0.534375 0.795000 0.066250 0.100000
0 0.684063 0.781667 0.085625 0.078333
0 0.276250 0.777917 0.066250 0.082500
0 0.930625 0.768750 0.068750 0.080833
0 0.127188 0.765833 0.068125 0.090000
0 0.783750 0.742083 0.066250 0.089167
0 0.015625 0.743750 0.031250 0.099167
0 0.339375 0.731250 0.081250 0.104167
0 0.390000 0.713750 0.057500 0.082500
0 0.441563 0.713750 0.050625 0.089167
0 0.844063 0.722500 0.086875 0.108333
0 0.902500 0.695417 0.061250 0.084167
0 0.246562 0.691667 0.070625 0.086667
0 0.976250 0.690417 0.047500 0.089167
0 0.120000 0.678333 0.058750 0.083333
0 0.190312 0.653750 0.065625 0.074167
0 0.925312 0.637917 0.071875 0.085833
0 0.030625 0.649583 0.061250 0.122500
0 0.295938 0.622083 0.050625 0.079167
0 0.344687 0.614583 0.054375 0.089167
0 0.499375 0.604167 0.062500 0.091667
0 0.103125 0.600000 0.112500 0.090000
0 0.204687 0.570417 0.075625 0.089167
0 0.044687 0.552917 0.089375 0.085833
0 0.443750 0.530833 0.057500 0.081667
0 0.270000 0.557083 0.072500 0.134167
0 0.494063 0.522083 0.059375 0.082500
0 0.388437 0.507917 0.060625 0.080833
0 0.225000 0.500000 0.072500 0.086667
0 0.898750 0.497500 0.066250 0.085000
0 0.417812 0.444583 0.065625 0.077500
0 0.353438 0.444167 0.061875 0.081667
0 0.259688 0.422500 0.069375 0.085000
0 0.560312 0.413333 0.089375 0.120000
0 0.063125 0.383333 0.056250 0.098333
0 0.449375 0.375000 0.060000 0.083333
0 0.350000 0.362917 0.066250 0.080833
0 0.515000 0.354583 0.078750 0.094167
0 0.412500 0.329583 0.070000 0.080833
0 0.303438 0.322500 0.075625 0.083333
0 0.975000 0.292083 0.050000 0.110833
0 0.930312 0.270417 0.073125 0.089167
0 0.561250 0.254167 0.070000 0.083333
0 0.487500 0.232500 0.056250 0.080000
0 0.855625 0.228333 0.062500 0.100000
0 0.305000 0.221250 0.067500 0.094167
0 0.427187 0.204583 0.074375 0.094167
0 0.912813 0.208333 0.076875 0.115000
0 0.262813 0.156250 0.064375 0.095833
0 0.700937 0.154167 0.083125 0.101667
0 0.973125 0.140833 0.053750 0.096667
0 0.031875 0.129583 0.063750 0.095833
0 0.140000 0.120417 0.078750 0.095833
0 0.389375 0.100417 0.076250 0.102500
0 0.934688 0.092083 0.100625 0.092500
0 0.868750 0.062917 0.072500 0.092500
0 0.257812 0.059167 0.068125 0.096667
0 0.621563 0.024167 0.078125 0.048333
0 0.021250 0.039583 0.042500 0.079167