0 0.846875 0.971250 0.068750 0.057500
0 0.973125 0.957500 0.053750 0.085000
0 0.543125 0.927083 0.062500 0.077500
0 0.110312 0.924167 0.060625 0.088333
0 0.620000 0.910000 0.070000 0.078333
0 0.849375 0.909583 0.075000 0.090833
0 0.906250 0.870417 0.070000 0.099167
0 0.083437 0.859167 0.070625 0.076667
0 0.476562 0.863333 0.083125 0.086667
0 0.232813 0.824583 0.071875 0.085833
0 0.763125 0.820417 0.063750 0.097500
0 0.339062 0.807917 0.059375 0.092500
0 0.971562 0.800417 0.056875 0.089167
0 0.496875 0.794167 0.071250 0.088333
0 0.290625 0.791250 0.060000 0.090833
0 0.503437 0.724583 0.078125 0.087500
0 0.553438 0.709583 0.060625 0.094167
0 0.963750 0.704583 0.072500 0.109167
0 0.615938 0.700000 0.070625 0.100000
0 0.104375 0.703750 0.100000 0.115833
0 0.905000 0.650000 0.077500 0.091667
0 0.975625 0.614167 0.048750 0.081667
0 0.842500 0.604583 0.071250 0.097500
0 0.159688 0.599167 0.066875 0.091667
0 0.775312 0.599167 0.065625 0.095000
0 0.614688 0.597083 0.074375 0.102500
0 0.667813 0.564167 0.078125 0.088333
0 0.900937 0.556250 0.064375 0.085833
0 0.501250 0.523750 0.076250 0.094167
0 0.581562 0.507500 0.073125 0.093333
0 0.774687 0.495000 0.060625 0.086667
0 0.205313 0.498333 0.071875 0.096667
0 0.332813 0.497917 0.083125 0.110833
0 0.134063 0.486667 0.071875 0.096667
0 0.532500 0.451250 0.070000 0.084167
0 0.430312 0.450833 0.073125 0.093333
0 0.968437 0.440000 0.063125 0.101667
0 0.739375 0.411667 0.063750 0.091667
0 0.667188 0.413333 0.073125 0.106667
0 0.790937 0.419167 0.053125 0.128333
0 0.381875 0.392917 0.077500 0.100833
0 0.844688 0.401250 0.069375 0.120833
0 0.332500 0.335000 0.073750 0.101667
0 0.423750 0.326250 0.068750 0.090833
0 0.539375 0.327917 0.066250 0.097500
0 0.762813 0.302917 0.074375 0.095833
0 0.165000 0.283750 0.072500 0.094167
0 0.278750 0.276250 0.063750 0.085833
0 0.470938 0.280417 0.070625 0.100833
0 0.082500 0.222500 0.076250 0.098333
0 0.830937 0.209583 0.066875 0.080833
0 0.425938 0.217500 0.070625 0.096667
0 0.233437 0.201667 0.085625 0.093333
0 0.960313 0.197083 0.068125 0.097500
0 0.681875 0.197500 0.070000 0.101667
0 0.842812 0.137917 0.078125 0.084167
0 0.627812 0.139167 0.069375 0.126667
0 0.559063 0.115417 0.070625 0.094167
0 0.688125 0.107083 0.062500 0.085833
0 0.859688 0.066667 0.073125 0.098333
0 0.960938 0.024583 0.078125 0.049167