0 0.346875 0.982500 0.065000 0.035000
0 0.548438 0.977500 0.090625 0.045000
0 0.843437 0.974167 0.065625 0.051667
0 0.782500 0.973333 0.060000 0.053333
0 0.976250 0.965000 0.047500 0.070000
0 0.928438 0.963750 0.054375 0.072500
0 0.198750 0.957083 0.083750 0.085833
0 0.429375 0.952083 0.070000 0.082500
0 0.732812 0.952500 0.083125 0.095000
0 0.562187 0.920417 0.071875 0.085833
0 0.245938 0.926667 0.068125 0.101667
0 0.324688 0.908333 0.070625 0.101667
0 0.393437 0.886667 0.064375 0.091667
0 0.656563 0.882500 0.056875 0.096667
0 0.604688 0.874583 0.061875 0.082500
0 0.045937 0.912500 0.091875 0.175000
0 0.944063 0.881250 0.090625 0.125833
0 0.526250 0.837917 0.072500 0.090833
0 0.715625 0.850833 0.107500 0.130000
0 0.399687 0.800833 0.061875 0.088333
0 0.612812 0.798333 0.073125 0.088333
0 0.739688 0.786250 0.065625 0.092500
0 0.900312 0.785833 0.063125 0.095000
0 0.565625 0.761250 0.067500 0.075833
0 0.437812 0.769167 0.050625 0.095000
0 0.495000 0.763333 0.075000 0.091667
0 0.675312 0.758333 0.071875 0.083333
0 0.973750 0.785417 0.052500 0.144167
0 0.118438 0.713750 0.058125 0.082500
0 0.720938 0.706250 0.064375 0.089167
0 0.018437 0.692500 0.036875 0.098333
0 0.949688 0.689167 0.073125 0.093333
0 0.181250 0.678333 0.062500 0.076667
0 0.823125 0.687917 0.071250 0.097500
0 0.317812 0.719167 0.109375 0.165000
0 0.073438 0.675417 0.056875 0.092500
0 0.640625 0.690417 0.081250 0.140833
0 0.588125 0.667500 0.061250 0.098333
0 0.538125 0.676250 0.057500 0.119167
0 0.495000 0.658750 0.056250 0.085833
0 0.364375 0.660000 0.095000 0.105000
0 0.142500 0.638750 0.061250 0.075833
0 0.436875 0.646667 0.062500 0.098333
0 0.039062 0.618750 0.061875 0.084167
0 0.756875 0.632083 0.073750 0.114167
0 0.218750 0.611667 0.056250 0.085000
0 0.667188 0.605000 0.056875 0.083333
0 0.320312 0.600000 0.048125 0.100000
0 0.270313 0.596250 0.055625 0.099167
0 0.819375 0.591250 0.068750 0.094167
0 0.529687 0.581250 0.068125 0.085833
0 0.402187 0.580000 0.064375 0.090000
0 0.138750 0.567917 0.065000 0.077500
0 0.982187 0.574583 0.035625 0.097500
0 0.615000 0.561667 0.090000 0.078333
0 0.344687 0.559583 0.053125 0.090833
0 0.948438 0.558750 0.051875 0.105833
0 0.737812 0.543750 0.069375 0.084167
0 0.670937 0.582500 0.104375 0.165000
0 0.898438 0.538333 0.064375 0.086667
0 0.242500 0.542500 0.077500 0.101667
0 0.022812 0.524167 0.045625 0.075000
0 0.089688 0.521250 0.065625 0.070833
0 0.375625 0.505833 0.058750 0.076667
0 0.283438 0.498333 0.066875 0.093333
0 0.479687 0.497083 0.086875 0.119167
0 0.166250 0.498333 0.078750 0.130000
0 0.863750 0.475000 0.070000 0.095000
0 0.028438 0.457500 0.056875 0.066667
0 0.101875 0.460833 0.087500 0.090000
0 0.326250 0.462500 0.063750 0.095000
0 0.780625 0.461250 0.081250 0.094167
0 0.243438 0.447500 0.060625 0.083333
0 0.419375 0.443333 0.066250 0.100000
0 0.365000 0.411250 0.065000 0.084167
0 0.482187 0.401667 0.070625 0.086667
0 0.080000 0.395000 0.053750 0.073333
0 0.134687 0.394583 0.058125 0.075833
0 0.196563 0.402083 0.068125 0.095833
0 0.956562 0.413333 0.086875 0.135000
0 0.861875 0.380833 0.063750 0.088333
0 0.798125 0.373750 0.061250 0.092500
0 0.542188 0.366250 0.074375 0.089167
0 0.408438 0.350417 0.066875 0.082500
0 0.065000 0.339167 0.065000 0.066667
0 0.132812 0.333750 0.068125 0.074167
0 0.978750 0.336250 0.042500 0.087500
0 0.743125 0.341250 0.071250 0.110833
0 0.272188 0.327083 0.056875 0.092500
0 0.338125 0.344583 0.096250 0.137500
0 0.916875 0.314583 0.076250 0.090833
0 0.671250 0.314583 0.091250 0.100833
0 0.197813 0.307500 0.101875 0.100000
0 0.448125 0.290833 0.066250 0.093333
0 0.130625 0.260417 0.053750 0.087500
0 0.852812 0.266667 0.095625 0.118333
0 0.365938 0.251250 0.065625 0.094167
0 0.028125 0.242917 0.056250 0.079167
0 0.307188 0.252917 0.059375 0.105833
0 0.082500 0.249167 0.072500 0.101667
0 0.180938 0.228750 0.066875 0.072500
0 0.732812 0.236250 0.090625 0.090833
0 0.615000 0.231667 0.071250 0.098333
0 0.809688 0.211250 0.090625 0.099167
0 0.413750 0.197500 0.063750 0.095000
0 0.351250 0.175417 0.046250 0.055833
0 0.239063 0.209167 0.083125 0.146667
0 0.462813 0.173750 0.065625 0.095833
0 0.532188 0.195417 0.105625 0.165833
0 0.281250 0.156250 0.065000 0.089167
0 0.034688 0.157917 0.069375 0.094167
0 0.574375 0.154583 0.091250 0.090833
0 0.656563 0.161250 0.078125 0.112500
0 0.115625 0.141667 0.053750 0.073333
0 0.734062 0.153750 0.070625 0.100833
0 0.975313 0.153333 0.049375 0.101667
0 0.880938 0.158750 0.114375 0.142500
0 0.158750 0.154167 0.080000 0.133333
0 0.796250 0.125833 0.063750 0.080000
0 0.352187 0.107917 0.060625 0.079167
0 0.461250 0.102917 0.086250 0.075833
0 0.710000 0.089583 0.062500 0.082500
0 0.959063 0.075000 0.070625 0.078333
0 0.633437 0.086667 0.101875 0.108333
0 0.241250 0.075833 0.066250 0.123333
0 0.497812 0.062500 0.073125 0.103333
0 0.190312 0.041250 0.055625 0.074167
0 0.983125 0.037500 0.033750 0.075000
0 0.942813 0.025833 0.053125 0.051667
0 0.836875 0.022083 0.060000 0.044167
0 0.786875 0.037917 0.063750 0.075833
0 0.582187 0.037917 0.065625 0.075833
0 0.528125 0.025000 0.051250 0.050000
0 0.312500 0.039167 0.055000 0.078333
0 0.082812 0.071667 0.106875 0.143333