0 0.044687 0.972083 0.061875 0.055833
0 0.933438 0.969583 0.063125 0.060833
0 0.106563 0.967083 0.061875 0.065833
0 0.624687 0.920000 0.069375 0.085000
0 0.132188 0.909583 0.069375 0.084167
0 0.909375 0.895000 0.068750 0.096667
0 0.249688 0.891667 0.068125 0.090000
0 0.341875 0.883750 0.076250 0.092500
0 0.754375 0.877500 0.065000 0.091667
0 0.073438 0.872500 0.066875 0.093333
0 0.455937 0.854583 0.071875 0.104167
0 0.819063 0.838333 0.060625 0.078333
0 0.664062 0.843333 0.069375 0.100000
0 0.135625 0.805417 0.070000 0.089167
0 0.780000 0.771667 0.062500 0.071667
0 0.612187 0.780833 0.091875 0.111667
0 0.975938 0.772500 0.048125 0.100000
0 0.539375 0.756667 0.060000 0.101667
0 0.475000 0.753750 0.071250 0.097500
0 0.152188 0.742500 0.073125 0.078333
0 0.225625 0.740417 0.063750 0.109167
0 0.902813 0.727917 0.068125 0.100833
0 0.787500 0.698750 0.071250 0.090833
0 0.849688 0.684167 0.078125 0.093333
0 0.937187 0.670833 0.078125 0.103333
0 0.054375 0.664167 0.068750 0.100000
0 0.462813 0.657083 0.066875 0.089167
0 0.662813 0.654583 0.071875 0.094167
0 0.255312 0.650000 0.066875 0.095000
0 0.755000 0.591250 0.070000 0.112500
0 0.685937 0.557917 0.064375 0.094167
0 0.463438 0.552083 0.068125 0.094167
0 0.605000 0.552083 0.076250 0.104167
0 0.196250 0.542083 0.066250 0.089167
0 0.550625 0.467083 0.065000 0.089167
0 0.027500 0.454583 0.055000 0.080833
0 0.618125 0.451250 0.061250 0.097500
0 0.490938 0.440000 0.060625 0.085000
0 0.971250 0.457917 0.057500 0.149167
0 0.888437 0.427500 0.066875 0.098333
0 0.392500 0.415000 0.068750 0.086667
0 0.747812 0.414583 0.073125 0.099167
0 0.216250 0.405833 0.072500 0.096667
0 0.280938 0.391667 0.065625 0.090000
0 0.810625 0.389167 0.068750 0.108333
0 0.524062 0.324167 0.075625 0.091667
0 0.640312 0.296667 0.083125 0.133333
0 0.456562 0.278750 0.069375 0.100833
0 0.233125 0.272500 0.082500 0.098333
0 0.211250 0.206667 0.065000 0.081667
0 0.480625 0.185417 0.078750 0.100833
0 0.300312 0.172917 0.071875 0.097500
0 0.943750 0.171667 0.068750 0.098333
0 0.118750 0.160833 0.062500 0.086667
0 0.236875 0.115417 0.070000 0.099167
0 0.868750 0.092500 0.068750 0.103333
0 0.419687 0.082500 0.071875 0.093333
0 0.811875 0.066250 0.062500 0.095833
0 0.223125 0.024167 0.071250 0.048333