0 0.853437 0.979583 0.064375 0.040833
0 0.348125 0.970417 0.063750 0.059167
0 0.942187 0.963333 0.061875 0.073333
0 0.657500 0.960833 0.072500 0.078333
0 0.087813 0.952500 0.064375 0.095000
0 0.388750 0.948333 0.065000 0.100000
0 0.306250 0.926250 0.067500 0.090833
0 0.234375 0.925417 0.068750 0.092500
0 0.448750 0.922500 0.066250 0.093333
0 0.170000 0.915000 0.057500 0.083333
0 0.080000 0.857917 0.066250 0.084167
0 0.856875 0.864167 0.076250 0.113333
0 0.387188 0.820417 0.061875 0.089167
0 0.949688 0.806667 0.069375 0.070000
0 0.747812 0.820417 0.071875 0.099167
0 0.173125 0.787917 0.066250 0.089167
0 0.360000 0.757500 0.067500 0.098333
0 0.261562 0.744583 0.064375 0.082500
0 0.970625 0.746667 0.058750 0.088333
0 0.138125 0.700000 0.070000 0.093333
0 0.663125 0.696250 0.061250 0.099167
0 0.802500 0.688333 0.065000 0.088333
0 0.221875 0.677083 0.058750 0.097500
0 0.979062 0.673750 0.041875 0.097500
0 0.720938 0.684167 0.058125 0.128333
0 0.558750 0.667500 0.075000 0.096667
0 0.172187 0.632500 0.069375 0.083333
0 0.263125 0.604583 0.071250 0.094167
0 0.551875 0.581250 0.066250 0.087500
0 0.463750 0.574167 0.062500 0.105000
0 0.124063 0.545833 0.060625 0.085000
0 0.782813 0.524167 0.090625 0.111667
0 0.297187 0.467083 0.073125 0.095833
0 0.524375 0.453750 0.072500 0.094167
0 0.417500 0.450417 0.070000 0.097500
0 0.136250 0.439167 0.067500 0.093333
0 0.806562 0.412917 0.073125 0.089167
0 0.871875 0.413333 0.061250 0.100000
0 0.269062 0.389583 0.068125 0.089167
0 0.931562 0.370417 0.068125 0.099167
0 0.228125 0.332917 0.068750 0.107500
0 0.313437 0.329167 0.079375 0.111667
0 0.169063 0.331667 0.054375 0.135000
0 0.809063 0.310833 0.061875 0.121667
0 0.358750 0.297917 0.070000 0.099167
0 0.974063 0.288333 0.051875 0.088333
0 0.914062 0.295833 0.061875 0.120000
0 0.557500 0.263750 0.070000 0.107500
0 0.778125 0.251250 0.067500 0.089167
0 0.400000 0.250417 0.063750 0.092500
0 0.108125 0.222083 0.063750 0.084167
0 0.644687 0.224583 0.054375 0.090833
0 0.265625 0.225833 0.072500 0.095000
0 0.984062 0.201667 0.031875 0.086667
0 0.859375 0.217917 0.043750 0.122500
0 0.905312 0.208333 0.056875 0.118333
0 0.363125 0.152500 0.068750 0.096667
0 0.666562 0.145417 0.076875 0.084167
0 0.461250 0.123333 0.062500 0.103333
0 0.147187 0.108750 0.063125 0.084167
0 0.771250 0.092083 0.066250 0.089167
0 0.667813 0.069583 0.069375 0.090833
0 0.043750 0.064583 0.061250 0.085833
0 0.364063 0.029167 0.061875 0.058333
0 0.276250 0.031667 0.073750 0.063333
0 0.162812 0.037500 0.089375 0.075000