0 0.107813 0.970000 0.088125 0.060000
0 0.847812 0.964583 0.068125 0.070833
0 0.612187 0.963333 0.051875 0.073333
0 0.229375 0.960833 0.057500 0.078333
0 0.350625 0.956667 0.088750 0.086667
0 0.800312 0.940000 0.083125 0.091667
0 0.569063 0.931667 0.060625 0.085000
0 0.161562 0.926250 0.086875 0.100833
0 0.036250 0.930417 0.072500 0.109167
0 0.891563 0.926667 0.086875 0.138333
0 0.662500 0.903750 0.091250 0.102500
0 0.746563 0.908333 0.074375 0.113333
0 0.971875 0.897083 0.056250 0.092500
0 0.300938 0.907500 0.063125 0.116667
0 0.687500 0.869583 0.067500 0.069167
0 0.823438 0.874167 0.064375 0.090000
0 0.383125 0.871250 0.095000 0.115833
0 0.076875 0.857083 0.066250 0.089167
0 0.952187 0.846250 0.064375 0.090833
0 0.272188 0.847083 0.074375 0.095833
0 0.496250 0.855000 0.125000 0.115000
0 0.606563 0.832917 0.068125 0.090833
0 0.880000 0.820000 0.067500 0.078333
0 0.705000 0.825833 0.082500 0.096667
0 0.026562 0.785417 0.053125 0.085833
0 0.450000 0.783750 0.060000 0.085833
0 0.153438 0.792083 0.086875 0.125833
0 0.229375 0.766250 0.065000 0.077500
0 0.532188 0.757083 0.066875 0.072500
0 0.383750 0.754167 0.067500 0.090000
0 0.770000 0.762917 0.072500 0.122500
0 0.916562 0.741250 0.065625 0.085833
0 0.701562 0.740000 0.058125 0.086667
0 0.608437 0.738333 0.061875 0.093333
0 0.313750 0.742917 0.077500 0.132500
0 0.107813 0.717083 0.066875 0.102500
0 0.837187 0.715417 0.078125 0.120833
0 0.973125 0.712917 0.053750 0.117500
0 0.524062 0.685000 0.055625 0.076667
0 0.473438 0.679583 0.063125 0.077500
0 0.167813 0.670000 0.056875 0.083333
0 0.908438 0.641667 0.063125 0.080000
0 0.410000 0.645833 0.070000 0.105000
0 0.573125 0.617083 0.072500 0.077500
0 0.323125 0.625000 0.093750 0.100000
0 0.237187 0.626250 0.078125 0.122500
0 0.147500 0.608750 0.065000 0.087500
0 0.880313 0.604583 0.063125 0.084167
0 0.815625 0.602500 0.065000 0.093333
0 0.041875 0.631667 0.083750 0.151667
0 0.967187 0.568750 0.065625 0.084167
0 0.069375 0.575417 0.083750 0.104167
0 0.354687 0.550000 0.051875 0.075000
0 0.541250 0.551667 0.067500 0.088333
0 0.471250 0.537917 0.060000 0.079167
0 0.655625 0.523750 0.058750 0.085833
0 0.765938 0.517500 0.130625 0.095000
0 0.942187 0.509583 0.055625 0.092500
0 0.868125 0.505833 0.065000 0.090000
0 0.406562 0.496250 0.070625 0.077500
0 0.065625 0.491667 0.067500 0.083333
0 0.290938 0.501667 0.091875 0.111667
0 0.587500 0.478333 0.068750 0.081667
0 0.979062 0.470833 0.041875 0.076667
0 0.340625 0.446667 0.060000 0.075000
0 0.793125 0.436250 0.058750 0.075833
0 0.178750 0.454583 0.088750 0.120833
0 0.713437 0.423333 0.061875 0.081667
0 0.473125 0.428333 0.063750 0.125000
0 0.537500 0.403750 0.056250 0.080833
0 0.399375 0.403750 0.061250 0.092500
0 0.097812 0.408333 0.061875 0.101667
0 0.958750 0.389583 0.070000 0.117500
0 0.310000 0.366250 0.063750 0.082500
0 0.836562 0.381667 0.081875 0.133333
0 0.624687 0.360417 0.086875 0.112500
0 0.907500 0.352500 0.083750 0.100000
0 0.170313 0.343333 0.089375 0.086667
0 0.275313 0.325833 0.065625 0.086667
0 0.507188 0.321250 0.068125 0.085833
0 0.363438 0.314167 0.056875 0.081667
0 0.588125 0.299583 0.068750 0.070833
0 0.093438 0.285000 0.076875 0.071667
0 0.667500 0.270417 0.093750 0.097500
0 0.842812 0.258333 0.065625 0.081667
0 0.409687 0.255833 0.064375 0.083333
0 0.191250 0.253333 0.062500 0.083333
0 0.023750 0.262500 0.047500 0.101667
0 0.761563 0.248333 0.061875 0.086667
0 0.065937 0.232500 0.093125 0.065000
0 0.473438 0.239583 0.084375 0.104167
0 0.599688 0.222917 0.076875 0.115833
0 0.149375 0.208750 0.067500 0.092500
0 0.745000 0.191667 0.060000 0.075000
0 0.237500 0.193333 0.087500 0.088333
0 0.370312 0.175000 0.060625 0.078333
0 0.971250 0.170000 0.057500 0.110000
0 0.574063 0.146667 0.066875 0.085000
0 0.476250 0.133750 0.117500 0.077500
0 0.925312 0.125417 0.059375 0.070833
0 0.716250 0.125417 0.070000 0.080833
0 0.073750 0.133333 0.081250 0.103333
0 0.211875 0.093333 0.066250 0.096667
0 0.133750 0.085833 0.071250 0.086667
0 0.871563 0.083750 0.063125 0.130833
0 0.935625 0.046250 0.063750 0.084167
0 0.262188 0.052083 0.061875 0.095833
0 0.427812 0.055833 0.069375 0.108333
0 0.818125 0.084167 0.065000 0.168333
0 0.741875 0.049583 0.086250 0.099167
0 0.644375 0.057917 0.105000 0.115833
0 0.580000 0.027500 0.067500 0.055000
0 0.519687 0.054167 0.104375 0.108333
0 0.180312 0.021667 0.054375 0.043333
0 0.109375 0.017917 0.063750 0.035833