0 0.928438 0.976667 0.096875 0.046667
0 0.586562 0.965833 0.070625 0.068333
0 0.820625 0.962500 0.065000 0.075000
0 0.171875 0.957917 0.106250 0.084167
0 0.018437 0.957917 0.036875 0.084167
0 0.520625 0.957083 0.076250 0.085833
0 0.937500 0.947500 0.068750 0.076667
0 0.740000 0.949167 0.085000 0.101667
0 0.404062 0.934583 0.069375 0.097500
0 0.274375 0.942500 0.146250 0.115000
0 0.341875 0.890417 0.101250 0.062500
0 0.192812 0.893750 0.071875 0.100833
0 0.121875 0.887917 0.071250 0.092500
0 0.662188 0.884167 0.069375 0.091667
0 0.538125 0.881250 0.065000 0.085833
0 0.599688 0.883333 0.059375 0.098333
0 0.892188 0.866250 0.093125 0.069167
0 0.442188 0.866250 0.086875 0.082500
0 0.792500 0.870417 0.081250 0.114167
0 0.721250 0.850833 0.085000 0.115000
0 0.269375 0.831667 0.082500 0.090000
0 0.513437 0.817083 0.089375 0.075833
0 0.644062 0.806667 0.078125 0.066667
0 0.840313 0.807083 0.063125 0.094167
0 0.040938 0.792500 0.068125 0.091667
0 0.434375 0.800833 0.120000 0.110000
0 0.375937 0.763333 0.103125 0.086667
0 0.081250 0.752083 0.073750 0.077500
0 0.634375 0.746667 0.071250 0.076667
0 0.250000 0.746250 0.096250 0.097500
0 0.750000 0.733750 0.068750 0.089167
0 0.936875 0.755417 0.073750 0.135833
0 0.877812 0.758333 0.076875 0.143333
0 0.174063 0.705833 0.065625 0.085000
0 0.302500 0.698333 0.075000 0.090000
0 0.614688 0.686250 0.079375 0.085833
0 0.541562 0.682500 0.063125 0.103333
0 0.022187 0.687083 0.044375 0.139167
0 0.891563 0.649167 0.080625 0.073333
0 0.807813 0.670833 0.108125 0.118333
0 0.329688 0.644167 0.073125 0.086667
0 0.257500 0.647083 0.067500 0.107500
0 0.579063 0.630417 0.069375 0.099167
0 0.085000 0.621667 0.071250 0.096667
0 0.920312 0.609583 0.069375 0.089167
0 0.850000 0.589583 0.091250 0.074167
0 0.166563 0.606667 0.111875 0.121667
0 0.766250 0.586667 0.076250 0.090000
0 0.525625 0.555833 0.067500 0.085000
0 0.392500 0.557083 0.076250 0.087500
0 0.971562 0.535000 0.056875 0.083333
0 0.654687 0.527083 0.080625 0.080833
0 0.412187 0.514167 0.091875 0.071667
0 0.070000 0.521667 0.077500 0.093333
0 0.878750 0.519167 0.126250 0.101667
0 0.250937 0.507083 0.078125 0.100833
0 0.744062 0.486667 0.063125 0.098333
0 0.159062 0.479167 0.066875 0.096667
0 0.792500 0.468750 0.066250 0.084167
0 0.529062 0.477917 0.101875 0.102500
0 0.304063 0.458750 0.070625 0.104167
0 0.369063 0.450000 0.066875 0.095000
0 0.965938 0.424583 0.068125 0.082500
0 0.610313 0.431250 0.090625 0.097500
0 0.700625 0.435417 0.063750 0.110833
0 0.510625 0.426250 0.125000 0.129167
0 0.863750 0.386250 0.063750 0.075833
0 0.344375 0.386250 0.066250 0.080833
0 0.785937 0.383333 0.081875 0.088333
0 0.279062 0.387500 0.070625 0.096667
0 0.033750 0.374167 0.067500 0.095000
0 0.971875 0.348750 0.056250 0.089167
0 0.197500 0.357083 0.090000 0.105833
0 0.400313 0.335833 0.063125 0.093333
0 0.870313 0.312917 0.085625 0.082500
0 0.460625 0.318750 0.055000 0.099167
0 0.265625 0.317500 0.067500 0.103333
0 0.542188 0.293750 0.083125 0.074167
0 0.981875 0.295417 0.036250 0.089167
0 0.329375 0.295000 0.102500 0.098333
0 0.011250 0.287083 0.022500 0.089167
0 0.719063 0.304167 0.083125 0.136667
0 0.219375 0.282083 0.061250 0.097500
0 0.173750 0.268333 0.045000 0.083333
0 0.112500 0.264167 0.083750 0.086667
0 0.669687 0.262500 0.078125 0.130000
0 0.935937 0.231250 0.076875 0.075833
0 0.755625 0.225000 0.066250 0.101667
0 0.460938 0.213333 0.066875 0.078333
0 0.026562 0.211250 0.053125 0.085833
0 0.874062 0.212500 0.059375 0.093333
0 0.393437 0.220833 0.084375 0.125000
0 0.299063 0.200833 0.078125 0.095000
0 0.812500 0.206667 0.071250 0.108333
0 0.117188 0.177083 0.066875 0.094167
0 0.237813 0.169583 0.100625 0.112500
0 0.691875 0.146250 0.071250 0.082500
0 0.543125 0.155417 0.081250 0.107500
0 0.601875 0.141250 0.060000 0.110833
0 0.970000 0.122083 0.057500 0.074167
0 0.790937 0.126667 0.091875 0.083333
0 0.649062 0.129583 0.051875 0.090833
0 0.906250 0.136250 0.068750 0.117500
0 0.850313 0.126250 0.054375 0.104167
0 0.028438 0.122500 0.056875 0.100000
0 0.158438 0.101250 0.089375 0.060833
0 0.306563 0.095417 0.068125 0.074167
0 0.244688 0.099583 0.096875 0.087500
0 0.423438 0.127917 0.099375 0.150833
0 0.371875 0.094167 0.063750 0.095000
0 0.736563 0.093333 0.060625 0.098333
0 0.816875 0.067500 0.075000 0.081667
0 0.080312 0.079167 0.074375 0.108333
0 0.913125 0.037917 0.112500 0.075833
0 0.787813 0.023333 0.179375 0.046667
0 0.680312 0.049167 0.070625 0.098333
0 0.616250 0.034583 0.070000 0.069167
0 0.536250 0.053333 0.101250 0.106667
0 0.362812 0.022917 0.073125 0.045833
0 0.256875 0.036250 0.073750 0.072500
0 0.034063 0.036250 0.068125 0.072500