0 0.200313 0.975833 0.060625 0.048333
0 0.393125 0.974583 0.061250 0.050833
0 0.589063 0.970000 0.065625 0.060000
0 0.530000 0.952083 0.058750 0.075833
0 0.021562 0.957083 0.043125 0.085833
0 0.219062 0.933750 0.063125 0.067500
0 0.806250 0.910000 0.057500 0.073333
0 0.651875 0.901250 0.113750 0.095833
0 0.535625 0.884583 0.058750 0.074167
0 0.409375 0.884583 0.055000 0.080833
0 0.310312 0.888750 0.064375 0.089167
0 0.019062 0.874167 0.038125 0.078333
0 0.350625 0.854167 0.048750 0.058333
0 0.230625 0.871250 0.097500 0.092500
0 0.752188 0.863333 0.064375 0.083333
0 0.707500 0.829167 0.057500 0.056667
0 0.044062 0.810000 0.058125 0.075000
0 0.841562 0.802917 0.060625 0.075833
0 0.472813 0.788333 0.056875 0.073333
0 0.716875 0.782917 0.047500 0.070833
0 0.946250 0.748333 0.060000 0.095000
0 0.018437 0.737500 0.036875 0.081667
0 0.828750 0.730000 0.056250 0.076667
0 0.885938 0.713333 0.054375 0.070000
0 0.971250 0.689583 0.057500 0.087500
0 0.557500 0.690417 0.062500 0.089167
0 0.304688 0.662917 0.068125 0.062500
0 0.890938 0.640000 0.054375 0.065000
0 0.631875 0.644583 0.066250 0.074167
0 0.014375 0.646250 0.028750 0.082500
0 0.311250 0.613750 0.080000 0.079167
0 0.634375 0.584167 0.065000 0.066667
0 0.844688 0.577083 0.056875 0.079167
0 0.973437 0.567917 0.053125 0.069167
0 0.421563 0.559583 0.061875 0.072500
0 0.354063 0.567917 0.074375 0.099167
0 0.570312 0.539167 0.068125 0.070000
0 0.506875 0.542500 0.077500 0.098333
0 0.857187 0.496667 0.054375 0.075000
0 0.480000 0.480000 0.078750 0.065000
0 0.639687 0.498750 0.078125 0.104167
0 0.944375 0.445417 0.060000 0.082500
0 0.133750 0.410417 0.085000 0.055833
0 0.282813 0.429167 0.065625 0.095000
0 0.740313 0.400417 0.059375 0.072500
0 0.866563 0.398750 0.060625 0.082500
0 0.466250 0.399167 0.063750 0.095000
0 0.804688 0.385833 0.066875 0.095000
0 0.405000 0.369167 0.058750 0.080000
0 0.132188 0.337500 0.058125 0.076667
0 0.078750 0.333750 0.056250 0.085833
0 0.645625 0.322083 0.058750 0.075833
0 0.538125 0.307083 0.058750 0.079167
0 0.945312 0.307083 0.061875 0.082500
0 0.728750 0.295833 0.067500 0.081667
0 0.044375 0.281667 0.067500 0.075000
0 0.163438 0.273750 0.049375 0.079167
0 0.225625 0.267500 0.071250 0.081667
0 0.964688 0.231667 0.050625 0.073333
0 0.421563 0.223333 0.064375 0.090000
0 0.487500 0.212500 0.060000 0.080000
0 0.281875 0.197917 0.061250 0.074167
0 0.348750 0.189167 0.067500 0.080000
0 0.028125 0.203750 0.056250 0.114167
0 0.830937 0.183333 0.055625 0.076667
0 0.205313 0.181667 0.054375 0.076667
0 0.869687 0.166250 0.059375 0.080833
0 0.166250 0.152500 0.082500 0.091667
0 0.940000 0.144167 0.071250 0.086667
0 0.660312 0.137500 0.049375 0.080000
0 0.392500 0.132917 0.060000 0.087500
0 0.247812 0.112083 0.069375 0.085833
0 0.632812 0.112083 0.046875 0.087500
0 0.516250 0.114583 0.080000 0.100833
0 0.580313 0.094583 0.058125 0.080833
0 0.702812 0.112500 0.083125 0.118333
0 0.321875 0.079583 0.061250 0.080833
0 0.570000 0.027083 0.055000 0.054167
0 0.509687 0.029583 0.058125 0.059167
0 0.363125 0.051667 0.075000 0.103333
0 0.309063 0.020417 0.046875 0.040833
0 0.256563 0.034583 0.045625 0.069167
0 0.201563 0.043333 0.068125 0.086667