0 0.742812 0.970833 0.101875 0.058333
0 0.250937 0.966250 0.103125 0.067500
0 0.097500 0.961250 0.095000 0.077500
0 0.553125 0.954583 0.068750 0.090833
0 0.402813 0.931250 0.098125 0.084167
0 0.840625 0.907500 0.088750 0.090000
0 0.168750 0.863750 0.098750 0.069167
0 0.018437 0.842917 0.036875 0.080833
0 0.386875 0.825000 0.051250 0.091667
0 0.167187 0.802083 0.084375 0.067500
0 0.335313 0.811667 0.064375 0.093333
0 0.618750 0.793750 0.076250 0.080833
0 0.769687 0.772917 0.070625 0.107500
0 0.979375 0.728333 0.041250 0.088333
0 0.204375 0.695417 0.102500 0.059167
0 0.939063 0.697083 0.081875 0.112500
0 0.095312 0.650000 0.098125 0.080000
0 0.190938 0.632500 0.099375 0.078333
0 0.727187 0.631250 0.068125 0.094167
0 0.838750 0.629583 0.071250 0.095833
0 0.241563 0.576250 0.116875 0.074167
0 0.065937 0.572083 0.089375 0.070833
0 0.668438 0.548750 0.068125 0.095833
0 0.805312 0.523333 0.095625 0.076667
0 0.417812 0.509167 0.076875 0.100000
0 0.613437 0.485833 0.081875 0.071667
0 0.032813 0.481250 0.065625 0.074167
0 0.961875 0.481667 0.071250 0.096667
0 0.887188 0.449583 0.083125 0.082500
0 0.383750 0.447500 0.072500 0.096667
0 0.287813 0.449583 0.079375 0.102500
0 0.110000 0.422917 0.081250 0.084167
0 0.772813 0.409583 0.075625 0.077500
0 0.551875 0.381250 0.081250 0.110833
0 0.185312 0.365000 0.088125 0.083333
0 0.611250 0.324583 0.097500 0.084167
0 0.248750 0.317500 0.083750 0.085000
0 0.677813 0.309167 0.088125 0.085000
0 0.786563 0.284583 0.063125 0.084167
0 0.904062 0.236250 0.079375 0.107500
0 0.496875 0.177083 0.072500 0.090833
0 0.065937 0.145000 0.078125 0.093333
0 0.571250 0.132500 0.112500 0.071667
0 0.901563 0.140417 0.066875 0.097500
0 0.465313 0.115417 0.085625 0.080833
0 0.827812 0.090000 0.100625 0.080000
0 0.846562 0.035000 0.110625 0.070000
0 0.247188 0.037083 0.083125 0.074167