0 0.767188 0.981250 0.060625 0.037500
0 0.630938 0.967500 0.065625 0.065000
0 0.021250 0.953333 0.042500 0.090000
0 0.906250 0.938750 0.067500 0.087500
0 0.189062 0.925833 0.071875 0.090000
0 0.268750 0.923333 0.058750 0.115000
0 0.768437 0.904167 0.063125 0.086667
0 0.703125 0.907500 0.067500 0.098333
0 0.975625 0.885417 0.048750 0.095833
0 0.098750 0.879167 0.058750 0.086667
0 0.544063 0.849167 0.073125 0.091667
0 0.020313 0.821667 0.040625 0.095000
0 0.164687 0.807083 0.085625 0.100833
0 0.397500 0.803333 0.066250 0.095000
0 0.794375 0.768333 0.071250 0.100000
0 0.721562 0.766667 0.085625 0.120000
0 0.031250 0.737917 0.062500 0.092500
0 0.860938 0.725417 0.071875 0.089167
0 0.465313 0.728750 0.066875 0.107500
0 0.352187 0.713333 0.058125 0.080000
0 0.653750 0.660833 0.063750 0.083333
0 0.960625 0.646667 0.068750 0.088333
0 0.199375 0.633333 0.065000 0.093333
0 0.017500 0.630000 0.035000 0.086667
0 0.279062 0.620417 0.065625 0.099167
0 0.377500 0.610833 0.072500 0.108333
0 0.539687 0.586667 0.066875 0.068333
0 0.054375 0.594583 0.075000 0.090833
0 0.322813 0.571667 0.060625 0.068333
0 0.248438 0.576250 0.065625 0.089167
0 0.728125 0.566250 0.063750 0.080833
0 0.887500 0.556667 0.062500 0.081667
0 0.107500 0.557500 0.063750 0.088333
0 0.471250 0.555417 0.063750 0.092500
0 0.225625 0.530000 0.063750 0.093333
0 0.528438 0.517917 0.058125 0.092500
0 0.383750 0.520833 0.071250 0.105000
0 0.943438 0.499167 0.098125 0.098333
0 0.604375 0.495833 0.097500 0.108333
0 0.328437 0.479167 0.068125 0.100000
0 0.454062 0.477083 0.103125 0.104167
0 0.533438 0.405833 0.103125 0.101667
0 0.026875 0.380417 0.053750 0.080833
0 0.786250 0.355000 0.068750 0.091667
0 0.718750 0.338750 0.065000 0.097500
0 0.860313 0.328333 0.064375 0.088333
0 0.379063 0.312917 0.060625 0.082500
0 0.281562 0.346250 0.074375 0.174167
0 0.500938 0.301667 0.068125 0.088333
0 0.022812 0.287083 0.045625 0.097500
0 0.970000 0.244167 0.060000 0.076667
0 0.311875 0.239583 0.068750 0.080833
0 0.428438 0.218750 0.064375 0.095833
0 0.566562 0.196667 0.063125 0.085000
0 0.217812 0.195417 0.066875 0.095833
0 0.061250 0.170000 0.061250 0.091667
0 0.811250 0.174167 0.061250 0.105000
0 0.873750 0.165417 0.062500 0.090833
0 0.503437 0.184167 0.090625 0.143333
0 0.355312 0.162917 0.099375 0.105833
0 0.015312 0.141667 0.030625 0.086667
0 0.440937 0.144583 0.061875 0.094167
0 0.936875 0.142917 0.062500 0.104167
0 0.158438 0.138333 0.075625 0.098333
0 0.670937 0.126250 0.063125 0.090833
0 0.295625 0.120833 0.065000 0.081667
0 0.601250 0.117083 0.071250 0.082500
0 0.978437 0.139583 0.043125 0.134167
0 0.065000 0.060000 0.058750 0.065000
0 0.134687 0.063750 0.060625 0.077500
0 0.904375 0.055417 0.063750 0.092500
0 0.222812 0.045417 0.064375 0.085833
0 0.818438 0.020000 0.066875 0.040000
0 0.548438 0.029167 0.080625 0.058333
0 0.340625 0.025417 0.066250 0.050833