0 0.404687 0.967500 0.075625 0.065000
0 0.840000 0.962083 0.076250 0.075833
0 0.612812 0.955833 0.066875 0.088333
0 0.725938 0.948333 0.066875 0.096667
0 0.436563 0.934167 0.078125 0.080000
0 0.898750 0.936250 0.065000 0.100833
0 0.339375 0.907083 0.067500 0.092500
0 0.076563 0.902917 0.068125 0.095833
0 0.833125 0.894167 0.072500 0.091667
0 0.168750 0.899583 0.112500 0.117500
0 0.289687 0.882083 0.069375 0.109167
0 0.431563 0.859583 0.074375 0.077500
0 0.740625 0.860833 0.075000 0.093333
0 0.125938 0.857917 0.061875 0.094167
0 0.528750 0.850417 0.070000 0.082500
0 0.982187 0.824167 0.035625 0.098333
0 0.283438 0.789583 0.051875 0.080833
0 0.076875 0.783333 0.063750 0.091667
0 0.450937 0.780833 0.064375 0.091667
0 0.921250 0.772917 0.067500 0.089167
0 0.855938 0.771250 0.066875 0.095833
0 0.610938 0.767917 0.075625 0.090833
0 0.547188 0.755417 0.050625 0.097500
0 0.212188 0.773750 0.103125 0.139167
0 0.683438 0.766667 0.075625 0.151667
0 0.040625 0.738750 0.070000 0.100833
0 0.645000 0.727083 0.057500 0.090833
0 0.500625 0.732083 0.085000 0.115833
0 0.883750 0.721250 0.073750 0.095833
0 0.585313 0.705000 0.060625 0.070000
0 0.798125 0.704583 0.060000 0.102500
0 0.731875 0.716667 0.081250 0.136667
0 0.613437 0.643750 0.063125 0.077500
0 0.502188 0.635000 0.070625 0.091667
0 0.459062 0.620000 0.058125 0.083333
0 0.284375 0.624583 0.071250 0.092500
0 0.024063 0.602500 0.048125 0.130000
0 0.365938 0.595833 0.058125 0.121667
0 0.722500 0.573333 0.055000 0.088333
0 0.775312 0.574583 0.055625 0.092500
0 0.676875 0.566667 0.058750 0.096667
0 0.258437 0.560833 0.069375 0.095000
0 0.335000 0.549583 0.070000 0.092500
0 0.126875 0.523750 0.075000 0.090833
0 0.939375 0.546250 0.121250 0.140833
0 0.426563 0.521250 0.071875 0.094167
0 0.635938 0.510417 0.066875 0.084167
0 0.699688 0.505833 0.059375 0.085000
0 0.451250 0.461250 0.058750 0.065833
0 0.505313 0.439583 0.065625 0.092500
0 0.053125 0.445833 0.098750 0.120000
0 0.390000 0.427917 0.067500 0.092500
0 0.109687 0.385833 0.068125 0.096667
0 0.961875 0.396667 0.070000 0.120000
0 0.453750 0.381250 0.085000 0.090833
0 0.753437 0.384583 0.053125 0.127500
0 0.167500 0.342500 0.068750 0.083333
0 0.240000 0.348750 0.065000 0.097500
0 0.516250 0.345417 0.082500 0.117500
0 0.433437 0.320000 0.085625 0.093333
0 0.777188 0.337500 0.056875 0.131667
0 0.128438 0.305000 0.054375 0.093333
0 0.073750 0.310417 0.062500 0.105833
0 0.186875 0.267917 0.066250 0.075833
0 0.277500 0.277917 0.070000 0.097500
0 0.693438 0.237083 0.070625 0.104167
0 0.484687 0.232500 0.055625 0.098333
0 0.335000 0.228333 0.070000 0.093333
0 0.093750 0.215833 0.068750 0.085000
0 0.740000 0.220000 0.070000 0.100000
0 0.417500 0.223750 0.085000 0.127500
0 0.023750 0.145833 0.047500 0.125000
0 0.746875 0.127917 0.105000 0.112500
0 0.458437 0.112917 0.074375 0.097500
0 0.802500 0.090833 0.080000 0.096667
0 0.851562 0.068333 0.049375 0.091667
0 0.062187 0.082500 0.043125 0.131667
0 0.571250 0.064167 0.072500 0.101667
0 0.648125 0.047083 0.080000 0.094167
0 0.140000 0.054167 0.065000 0.108333