0 0.260937 0.962500 0.051875 0.075000
0 0.456875 0.953750 0.062500 0.087500
0 0.751875 0.948750 0.066250 0.089167
0 0.435000 0.870000 0.066250 0.075000
0 0.370937 0.872917 0.066875 0.087500
0 0.181562 0.854167 0.060625 0.078333
0 0.122188 0.839167 0.061875 0.096667
0 0.688125 0.801250 0.082500 0.075833
0 0.927188 0.794583 0.133125 0.095833
0 0.157188 0.782500 0.068125 0.090000
0 0.578750 0.768333 0.062500 0.078333
0 0.420938 0.768750 0.068125 0.089167
0 0.087188 0.756250 0.065625 0.089167
0 0.792500 0.737083 0.051250 0.087500
0 0.485625 0.728333 0.063750 0.078333
0 0.197813 0.724167 0.069375 0.090000
0 0.614062 0.666250 0.096875 0.072500
0 0.720625 0.680833 0.093750 0.103333
0 0.971875 0.658750 0.056250 0.090833
0 0.302187 0.651250 0.056875 0.084167
0 0.042188 0.646250 0.073125 0.084167
0 0.113750 0.632500 0.062500 0.086667
0 0.266250 0.627083 0.063750 0.089167
0 0.605625 0.607500 0.060000 0.060000
0 0.370937 0.607083 0.075625 0.085833
0 0.707812 0.583750 0.075625 0.077500
0 0.067812 0.563333 0.065625 0.073333
0 0.796875 0.569583 0.076250 0.095833
0 0.170937 0.558750 0.064375 0.090833
0 0.388125 0.531667 0.061250 0.095000
0 0.626563 0.520417 0.073125 0.084167
0 0.439063 0.482083 0.058125 0.075833
0 0.394688 0.445000 0.078125 0.066667
0 0.721250 0.451667 0.062500 0.098333
0 0.088438 0.385833 0.063125 0.073333
0 0.948125 0.380833 0.078750 0.091667
0 0.197813 0.372500 0.056875 0.076667
0 0.430625 0.348333 0.053750 0.081667
0 0.343438 0.348750 0.064375 0.094167
0 0.702812 0.332917 0.058125 0.080833
0 0.090000 0.309583 0.082500 0.085833
0 0.228750 0.301667 0.095000 0.095000
0 0.431875 0.270833 0.080000 0.080000
0 0.043750 0.268333 0.078750 0.098333
0 0.339062 0.203333 0.071875 0.063333
0 0.228750 0.214167 0.070000 0.085000
0 0.978437 0.203750 0.043125 0.085833
0 0.423438 0.201250 0.046875 0.095833
0 0.571875 0.191250 0.075000 0.094167
0 0.700000 0.177917 0.063750 0.082500
0 0.327188 0.136667 0.118125 0.088333
0 0.205937 0.117500 0.066875 0.080000
0 0.927188 0.112917 0.065625 0.080833
0 0.359063 0.069583 0.069375 0.077500
0 0.903125 0.042083 0.070000 0.084167
0 0.271250 0.022500 0.063750 0.045000