0 0.284687 0.977083 0.069375 0.045833
0 0.347187 0.976667 0.049375 0.046667
0 0.826875 0.975417 0.097500 0.049167
0 0.624687 0.960417 0.060625 0.070833
0 0.535312 0.955000 0.069375 0.090000
0 0.016875 0.946250 0.033750 0.087500
0 0.248438 0.931250 0.061875 0.079167
0 0.705625 0.926250 0.061250 0.084167
0 0.355938 0.916250 0.074375 0.069167
0 0.190312 0.909167 0.056875 0.086667
0 0.485625 0.901667 0.056250 0.095000
0 0.547500 0.882500 0.063750 0.068333
0 0.977812 0.876250 0.044375 0.085833
0 0.926562 0.855000 0.050625 0.078333
0 0.877812 0.846667 0.068125 0.081667
0 0.394375 0.842917 0.060000 0.077500
0 0.720000 0.829167 0.062500 0.085000
0 0.476250 0.815000 0.082500 0.100000
0 0.717187 0.751667 0.064375 0.065000
0 0.443750 0.739167 0.063750 0.083333
0 0.978125 0.728750 0.043750 0.072500
0 0.561562 0.705417 0.063125 0.079167
0 0.301875 0.697083 0.091250 0.095833
0 0.069062 0.694167 0.064375 0.090000
0 0.719375 0.685000 0.061250 0.073333
0 0.135000 0.675833 0.061250 0.075000
0 0.392500 0.676250 0.072500 0.080833
0 0.028750 0.636667 0.057500 0.080000
0 0.298750 0.617083 0.057500 0.064167
0 0.756875 0.621250 0.061250 0.080833
0 0.228750 0.615417 0.065000 0.084167
0 0.567500 0.586250 0.058750 0.070833
0 0.332500 0.573750 0.061250 0.069167
0 0.614375 0.569583 0.055000 0.070833
0 0.393750 0.576667 0.090000 0.113333
0 0.341562 0.508333 0.059375 0.063333
0 0.576875 0.476667 0.063750 0.073333
0 0.803438 0.481667 0.066875 0.096667
0 0.170000 0.449583 0.062500 0.080833
0 0.344062 0.442083 0.056875 0.070833
0 0.291250 0.427083 0.063750 0.085833
0 0.767500 0.417500 0.056250 0.081667
0 0.541250 0.397917 0.050000 0.072500
0 0.430625 0.391250 0.061250 0.070833
0 0.130312 0.383333 0.061875 0.070000
0 0.724688 0.396667 0.076875 0.125000
0 0.347187 0.365000 0.058125 0.076667
0 0.915937 0.369167 0.064375 0.086667
0 0.621250 0.349583 0.055000 0.070833
0 0.544687 0.333333 0.053125 0.065000
0 0.673125 0.342500 0.052500 0.088333
0 0.430937 0.313333 0.056875 0.078333
0 0.882500 0.310417 0.057500 0.077500
0 0.018125 0.290833 0.036250 0.080000
0 0.138750 0.300417 0.085000 0.119167
0 0.516250 0.290417 0.061250 0.110833
0 0.805312 0.271250 0.074375 0.087500
0 0.740000 0.247083 0.066250 0.087500
0 0.878750 0.218333 0.087500 0.098333
0 0.978750 0.189583 0.042500 0.084167
0 0.903438 0.157917 0.064375 0.070833
0 0.072813 0.161250 0.055625 0.084167
0 0.125938 0.155833 0.050625 0.076667
0 0.618125 0.150000 0.072500 0.096667
0 0.493125 0.138750 0.066250 0.082500
0 0.198125 0.161250 0.086250 0.130833
0 0.277187 0.163333 0.073125 0.136667
0 0.837500 0.090833 0.052500 0.068333
0 0.592500 0.090833 0.082500 0.090000
0 0.069062 0.064167 0.065625 0.083333
0 0.366875 0.049583 0.056250 0.092500
0 0.864375 0.032500 0.061250 0.065000
0 0.566562 0.035417 0.093125 0.070833
0 0.433437 0.054167 0.069375 0.108333