0 0.203750 0.985833 0.052500 0.028333
0 0.410625 0.985417 0.053750 0.029167
0 0.274375 0.982083 0.061250 0.035833
0 0.640625 0.960417 0.058750 0.079167
0 0.476250 0.950833 0.065000 0.085000
0 0.575625 0.943333 0.055000 0.081667
0 0.819375 0.940417 0.051250 0.082500
0 0.965625 0.938750 0.058750 0.082500
0 0.880000 0.931667 0.058750 0.076667
0 0.069375 0.922083 0.067500 0.079167
0 0.513750 0.911250 0.057500 0.079167
0 0.187500 0.909167 0.061250 0.090000
0 0.268437 0.908333 0.065625 0.090000
0 0.124063 0.876250 0.058125 0.080833
0 0.713437 0.881250 0.066875 0.095833
0 0.781875 0.868750 0.057500 0.085833
0 0.927188 0.869583 0.055625 0.090833
0 0.618125 0.872917 0.058750 0.097500
0 0.859688 0.861250 0.063125 0.080833
0 0.977187 0.837500 0.045625 0.080000
0 0.811250 0.831250 0.050000 0.084167
0 0.499375 0.828750 0.062500 0.079167
0 0.315937 0.807500 0.058125 0.081667
0 0.174375 0.807083 0.063750 0.089167
0 0.377188 0.797083 0.051875 0.085833
0 0.430937 0.781250 0.056875 0.082500
0 0.608125 0.775833 0.061250 0.081667
0 0.950937 0.770417 0.056875 0.074167
0 0.750000 0.782917 0.096250 0.105833
0 0.878437 0.762083 0.060625 0.084167
0 0.275000 0.736250 0.068750 0.080833
0 0.378437 0.705000 0.064375 0.085000
0 0.677500 0.698333 0.050000 0.086667
0 0.506250 0.697083 0.061250 0.087500
0 0.931562 0.690833 0.055625 0.076667
0 0.796250 0.697917 0.052500 0.090833
0 0.568125 0.697083 0.052500 0.089167
0 0.841250 0.681250 0.056250 0.082500
0 0.059375 0.680000 0.058750 0.090000
0 0.737812 0.681250 0.058125 0.094167
0 0.967812 0.670833 0.058125 0.080000
0 0.186562 0.647500 0.065625 0.083333
0 0.627812 0.636667 0.068125 0.093333
0 0.785937 0.604583 0.061875 0.079167
0 0.864688 0.600833 0.059375 0.076667
0 0.445312 0.599583 0.060625 0.082500
0 0.109063 0.579167 0.060625 0.088333
0 0.985625 0.574583 0.028750 0.085833
0 0.049375 0.576250 0.058750 0.089167
0 0.726250 0.570833 0.060000 0.090000
0 0.935000 0.554583 0.062500 0.077500
0 0.254375 0.553750 0.053750 0.085833
0 0.318750 0.548750 0.061250 0.089167
0 0.660312 0.532917 0.065625 0.090833
0 0.365000 0.519583 0.060000 0.069167
0 0.803438 0.514167 0.069375 0.085000
0 0.593125 0.508333 0.060000 0.088333
0 0.472813 0.509167 0.068125 0.091667
0 0.898125 0.467083 0.066250 0.085833
0 0.216250 0.457917 0.060000 0.077500
0 0.970000 0.470417 0.060000 0.117500
0 0.336875 0.450000 0.058750 0.080000
0 0.155000 0.447500 0.052500 0.080000
0 0.399062 0.443333 0.053125 0.073333
0 0.544063 0.435000 0.064375 0.073333
0 0.641875 0.438333 0.066250 0.088333
0 0.820312 0.429583 0.064375 0.072500
0 0.091250 0.439167 0.061250 0.091667
0 0.719688 0.433750 0.066875 0.085833
0 0.935937 0.399167 0.054375 0.081667
0 0.873437 0.375833 0.061875 0.080000
0 0.020625 0.368333 0.041250 0.071667
0 0.655625 0.371667 0.071250 0.080000
0 0.590000 0.365833 0.061250 0.085000
0 0.470625 0.352500 0.068750 0.083333
0 0.350938 0.319167 0.080625 0.065000
0 0.282500 0.336250 0.060000 0.104167
0 0.153438 0.318750 0.061875 0.094167
0 0.090625 0.292083 0.058750 0.075833
0 0.881875 0.291667 0.072500 0.078333
0 0.218125 0.298750 0.061250 0.094167
0 0.671562 0.286250 0.070625 0.097500
0 0.818750 0.275833 0.063750 0.083333
0 0.025313 0.263333 0.050625 0.083333
0 0.479687 0.250000 0.059375 0.080000
0 0.313437 0.245833 0.060625 0.088333
0 0.879062 0.218750 0.063125 0.075833
0 0.763437 0.232083 0.066875 0.112500
0 0.253125 0.214167 0.058750 0.080000
0 0.701250 0.215417 0.062500 0.087500
0 0.396875 0.208750 0.053750 0.077500
0 0.117500 0.195000 0.050000 0.066667
0 0.977812 0.206250 0.044375 0.097500
0 0.625625 0.200000 0.061250 0.088333
0 0.460000 0.162083 0.058750 0.079167
0 0.023750 0.163333 0.047500 0.088333
0 0.354375 0.136667 0.068750 0.076667
0 0.163125 0.143750 0.060000 0.090833
0 0.208437 0.123333 0.055625 0.061667
0 0.869687 0.127917 0.065625 0.074167
0 0.103125 0.127500 0.052500 0.083333
0 0.807500 0.125000 0.057500 0.080000
0 0.055625 0.133750 0.051250 0.100833
0 0.955625 0.114167 0.073750 0.083333
0 0.666562 0.120000 0.055625 0.106667
0 0.750000 0.083333 0.060000 0.076667
0 0.476250 0.071667 0.060000 0.080000
0 0.335000 0.045000 0.061250 0.080000
0 0.944063 0.024167 0.056875 0.048333
0 0.845313 0.032500 0.064375 0.065000
0 0.741875 0.017500 0.065000 0.035000
0 0.520625 0.021250 0.061250 0.042500
0 0.208437 0.044583 0.086875 0.089167
0 0.125000 0.046667 0.081250 0.093333
0 0.041875 0.016667 0.053750 0.033333