0 0.789687 0.983750 0.048125 0.032500
0 0.278438 0.976250 0.056875 0.047500
0 0.360625 0.975833 0.102500 0.048333
0 0.649687 0.962500 0.056875 0.068333
0 0.570937 0.954167 0.068125 0.066667
0 0.890625 0.953750 0.057500 0.074167
0 0.040000 0.943333 0.056250 0.063333
0 0.705625 0.951667 0.053750 0.081667
0 0.762500 0.945000 0.058750 0.076667
0 0.362187 0.920833 0.064375 0.070000
0 0.630625 0.888333 0.051250 0.073333
0 0.576250 0.865000 0.060000 0.070000
0 0.249375 0.863750 0.050000 0.070833
0 0.982812 0.867500 0.034375 0.083333
0 0.310000 0.875000 0.093750 0.106667
0 0.018125 0.863750 0.036250 0.087500
0 0.450313 0.847083 0.063125 0.087500
0 0.695937 0.850833 0.080625 0.108333
0 0.829063 0.834167 0.050625 0.083333
0 0.872812 0.821250 0.053125 0.085833
0 0.530625 0.818750 0.063750 0.089167
0 0.290000 0.806250 0.061250 0.075833
0 0.630938 0.808333 0.066875 0.086667
0 0.150000 0.799583 0.065000 0.087500
0 0.727500 0.774167 0.055000 0.075000
0 0.241563 0.778750 0.065625 0.087500
0 0.920312 0.775000 0.060625 0.086667
0 0.555625 0.743750 0.055000 0.070833
0 0.407187 0.738750 0.058125 0.067500
0 0.195312 0.717500 0.084375 0.101667
0 0.465000 0.702500 0.052500 0.076667
0 0.926250 0.693750 0.071250 0.064167
0 0.666562 0.697917 0.066875 0.080833
0 0.307188 0.704583 0.091875 0.097500
0 0.359375 0.677083 0.055000 0.060833
0 0.417500 0.670417 0.051250 0.087500
0 0.099375 0.648750 0.057500 0.074167
0 0.173437 0.651250 0.068125 0.080833
0 0.796875 0.648750 0.060000 0.077500
0 0.510625 0.640000 0.085000 0.125000
0 0.111250 0.595000 0.062500 0.073333
0 0.442500 0.589167 0.053750 0.075000
0 0.350938 0.587917 0.068125 0.087500
0 0.235000 0.563333 0.071250 0.091667
0 0.897813 0.562500 0.096875 0.113333
0 0.142187 0.546250 0.054375 0.095833
0 0.428750 0.497500 0.060000 0.083333
0 0.843437 0.482083 0.060625 0.080833
0 0.061562 0.472917 0.055625 0.069167
0 0.638437 0.463750 0.060625 0.074167
0 0.292500 0.457917 0.058750 0.079167
0 0.358438 0.455833 0.060625 0.078333
0 0.231250 0.456667 0.057500 0.085000
0 0.165937 0.400000 0.058125 0.085000
0 0.060625 0.396250 0.066250 0.082500
0 0.357187 0.375833 0.060625 0.068333
0 0.635938 0.370417 0.054375 0.062500
0 0.810625 0.390000 0.081250 0.115000
0 0.235000 0.337917 0.063750 0.075833
0 0.455000 0.333333 0.065000 0.081667
0 0.984375 0.353333 0.031250 0.126667
0 0.358125 0.320000 0.063750 0.060000
0 0.783125 0.301250 0.058750 0.072500
0 0.623437 0.297083 0.058125 0.079167
0 0.160000 0.288750 0.052500 0.064167
0 0.842187 0.290000 0.056875 0.068333
0 0.033125 0.295417 0.066250 0.089167
0 0.911563 0.260833 0.055625 0.080000
0 0.292187 0.249167 0.064375 0.083333
0 0.851562 0.225417 0.061875 0.065833
0 0.776875 0.214167 0.063750 0.083333
0 0.600938 0.204583 0.079375 0.107500
0 0.412500 0.186667 0.062500 0.085000
0 0.070625 0.189583 0.083750 0.097500
0 0.232500 0.179167 0.067500 0.078333
0 0.962500 0.170417 0.055000 0.074167
0 0.842500 0.157500 0.058750 0.075000
0 0.590938 0.130833 0.055625 0.066667
0 0.447813 0.128333 0.065625 0.070000
0 0.795000 0.107083 0.078750 0.067500
0 0.067187 0.110000 0.070625 0.078333
0 0.373750 0.108750 0.056250 0.079167
0 0.324375 0.058750 0.065000 0.089167
0 0.795625 0.043333 0.053750 0.070000
0 0.707500 0.041667 0.048750 0.073333
0 0.754375 0.039583 0.048750 0.079167
0 0.481563 0.023750 0.070625 0.047500
0 0.092813 0.037917 0.064375 0.075833