0 0.335000 0.981250 0.073750 0.037500
0 0.777500 0.972083 0.068750 0.055833
0 0.411250 0.966250 0.112500 0.067500
0 0.708438 0.963333 0.076875 0.073333
0 0.031250 0.907917 0.062500 0.102500
0 0.315937 0.896667 0.076875 0.095000
0 0.600313 0.878750 0.065625 0.087500
0 0.728125 0.872500 0.068750 0.095000
0 0.237813 0.868750 0.064375 0.092500
0 0.796875 0.863333 0.075000 0.085000
0 0.893125 0.865833 0.078750 0.100000
0 0.173125 0.838333 0.065000 0.093333
0 0.083750 0.826667 0.078750 0.096667
0 0.358750 0.805833 0.078750 0.095000
0 0.685937 0.774167 0.068125 0.068333
0 0.535937 0.758333 0.080625 0.076667
0 0.881250 0.757917 0.066250 0.090833
0 0.125938 0.756250 0.084375 0.109167
0 0.233125 0.747500 0.073750 0.100000
0 0.623750 0.740417 0.060000 0.102500
0 0.745938 0.712083 0.061875 0.100833
0 0.682813 0.703333 0.075625 0.091667
0 0.563125 0.701667 0.058750 0.115000
0 0.504062 0.677083 0.063125 0.087500
0 0.085312 0.664583 0.074375 0.100833
0 0.794687 0.648333 0.074375 0.093333
0 0.712500 0.612083 0.067500 0.090833
0 0.898438 0.607500 0.059375 0.095000
0 0.616250 0.596667 0.073750 0.093333
0 0.642188 0.557083 0.081875 0.095833
0 0.942500 0.520417 0.030000 0.057500
0 0.724375 0.531667 0.068750 0.088333
0 0.505625 0.523750 0.061250 0.094167
0 0.395937 0.525417 0.063125 0.099167
0 0.112187 0.501667 0.086875 0.105000
0 0.440937 0.497500 0.074375 0.115000
0 0.184062 0.487917 0.085625 0.105833
0 0.780625 0.467083 0.068750 0.094167
0 0.273438 0.460417 0.065625 0.087500
0 0.915937 0.461250 0.075625 0.094167
0 0.721562 0.431250 0.065625 0.089167
0 0.566562 0.422917 0.075625 0.117500
0 0.477187 0.404167 0.073125 0.101667
0 0.412813 0.407083 0.070625 0.107500
0 0.259375 0.380000 0.077500 0.106667
0 0.624687 0.341667 0.080625 0.093333
0 0.849375 0.300417 0.071250 0.097500
0 0.164687 0.290833 0.069375 0.095000
0 0.468125 0.280833 0.076250 0.095000
0 0.636875 0.256250 0.072500 0.105833
0 0.325625 0.249167 0.073750 0.130000
0 0.255937 0.229167 0.074375 0.095000
0 0.204375 0.175833 0.081250 0.091667
0 0.782188 0.165833 0.070625 0.096667
0 0.018437 0.145417 0.036875 0.094167
0 0.519062 0.131250 0.074375 0.105833
0 0.165313 0.107083 0.074375 0.094167
0 0.402187 0.104167 0.069375 0.106667
0 0.609375 0.082917 0.081250 0.095833
0 0.676875 0.063333 0.073750 0.108333
0 0.880938 0.041250 0.075625 0.082500
0 0.578438 0.032917 0.079375 0.065833