0 0.627812 0.979167 0.066875 0.041667
0 0.790625 0.975833 0.068750 0.048333
0 0.159688 0.970417 0.059375 0.059167
0 0.939375 0.968333 0.066250 0.063333
0 0.285625 0.934167 0.063750 0.090000
0 0.491875 0.937083 0.076250 0.110833
0 0.815937 0.917500 0.065625 0.080000
0 0.924687 0.912917 0.065625 0.075833
0 0.625313 0.890417 0.055625 0.105833
0 0.874375 0.864167 0.071250 0.081667
0 0.548750 0.852917 0.072500 0.100833
0 0.295000 0.827083 0.075000 0.090833
0 0.193750 0.832083 0.062500 0.105833
0 0.592812 0.764583 0.066875 0.085833
0 0.735000 0.762083 0.067500 0.084167
0 0.916562 0.764167 0.075625 0.095000
0 0.240937 0.760000 0.059375 0.090000
0 0.481250 0.747500 0.065000 0.090000
0 0.312812 0.724583 0.061875 0.104167
0 0.361875 0.707917 0.077500 0.135833
0 0.856875 0.695833 0.092500 0.125000
0 0.720313 0.625833 0.116875 0.063333
0 0.062187 0.633750 0.071875 0.095833
0 0.472813 0.623333 0.075625 0.091667
0 0.257812 0.611250 0.068125 0.079167
0 0.915625 0.612500 0.062500 0.085000
0 0.404062 0.610000 0.061875 0.085000
0 0.587812 0.608333 0.065625 0.083333
0 0.540312 0.550833 0.069375 0.088333
0 0.756563 0.542500 0.080625 0.111667
0 0.669687 0.515000 0.066875 0.075000
0 0.339375 0.527500 0.073750 0.101667
0 0.251563 0.508750 0.068125 0.090833
0 0.980313 0.502917 0.039375 0.084167
0 0.018437 0.480417 0.036875 0.077500
0 0.146875 0.466250 0.058750 0.082500
0 0.608125 0.436250 0.083750 0.072500
0 0.439688 0.428333 0.061875 0.088333
0 0.900312 0.424583 0.070625 0.094167
0 0.523750 0.426667 0.085000 0.106667
0 0.312812 0.413333 0.081875 0.096667
0 0.103750 0.382500 0.061250 0.078333
0 0.555000 0.350833 0.063750 0.075000
0 0.677813 0.349167 0.070625 0.100000
0 0.622812 0.315833 0.063125 0.078333
0 0.753437 0.327917 0.064375 0.112500
0 0.825625 0.295833 0.075000 0.101667
0 0.082500 0.269583 0.090000 0.112500
0 0.977187 0.255833 0.045625 0.086667
0 0.725313 0.226667 0.075625 0.058333
0 0.330313 0.241250 0.075625 0.092500
0 0.456875 0.235000 0.061250 0.090000
0 0.570625 0.243750 0.116250 0.110833
0 0.920937 0.189583 0.065625 0.084167
0 0.067500 0.159167 0.072500 0.085000
0 0.504375 0.168333 0.090000 0.105000
0 0.722187 0.156250 0.073125 0.090833
0 0.631875 0.146250 0.065000 0.084167
0 0.840313 0.117500 0.064375 0.090000
0 0.406562 0.117917 0.074375 0.107500
0 0.016563 0.102083 0.033125 0.080833
0 0.068125 0.060833 0.058750 0.078333
0 0.309688 0.058333 0.065625 0.081667
0 0.722500 0.040417 0.066250 0.080833
0 0.514687 0.022917 0.069375 0.045833
0 0.213750 0.026250 0.073750 0.052500