0 0.631563 0.967500 0.074375 0.065000
0 0.857187 0.957917 0.071875 0.084167
0 0.240313 0.947917 0.071875 0.092500
0 0.316563 0.906250 0.073125 0.095833
0 0.759687 0.901667 0.071875 0.098333
0 0.426563 0.834583 0.081875 0.089167
0 0.027500 0.843333 0.055000 0.133333
0 0.283438 0.816250 0.071875 0.085833
0 0.155625 0.801250 0.073750 0.094167
0 0.350313 0.740000 0.068125 0.086667
0 0.053125 0.734583 0.095000 0.079167
0 0.604375 0.742917 0.073750 0.100833
0 0.733437 0.722917 0.064375 0.097500
0 0.501875 0.711667 0.068750 0.091667
0 0.426250 0.701667 0.070000 0.095000
0 0.193750 0.660000 0.068750 0.081667
0 0.114062 0.657083 0.073125 0.092500
0 0.302187 0.637917 0.068125 0.085833
0 0.861250 0.643750 0.088750 0.110833
0 0.126250 0.547500 0.111250 0.101667
0 0.473125 0.532083 0.075000 0.097500
0 0.567500 0.500833 0.075000 0.081667
0 0.126562 0.451667 0.071875 0.091667
0 0.213125 0.414167 0.068750 0.093333
0 0.910937 0.410417 0.064375 0.094167
0 0.806250 0.403750 0.063750 0.087500
0 0.362500 0.333750 0.073750 0.075833
0 0.690000 0.330417 0.063750 0.087500
0 0.268437 0.306667 0.065625 0.085000
0 0.805312 0.295417 0.071875 0.075833
0 0.514062 0.287500 0.069375 0.090000
0 0.374375 0.255000 0.072500 0.086667
0 0.675625 0.240000 0.072500 0.095000
0 0.809063 0.219167 0.063125 0.086667
0 0.967187 0.198750 0.064375 0.092500
0 0.024375 0.161250 0.048750 0.094167
0 0.313125 0.157500 0.068750 0.093333
0 0.555625 0.097917 0.070000 0.085833
0 0.945937 0.089583 0.066875 0.089167
0 0.705000 0.062500 0.071250 0.086667
0 0.067500 0.062917 0.067500 0.090833
0 0.229687 0.055417 0.070625 0.089167
0 0.293438 0.037917 0.069375 0.075833