0 0.664687 0.967083 0.080625 0.065833
0 0.498437 0.963333 0.066875 0.073333
0 0.392500 0.956667 0.067500 0.086667
0 0.283438 0.952917 0.114375 0.094167
0 0.439375 0.937500 0.068750 0.068333
0 0.536563 0.891250 0.074375 0.087500
0 0.340313 0.888333 0.076875 0.095000
0 0.446562 0.866667 0.071875 0.086667
0 0.281562 0.847083 0.065625 0.089167
0 0.347187 0.796250 0.069375 0.089167
0 0.620000 0.779167 0.066250 0.085000
0 0.970000 0.773750 0.060000 0.137500
0 0.276562 0.742917 0.056875 0.085833
0 0.179375 0.722917 0.072500 0.077500
0 0.033750 0.757500 0.067500 0.155000
0 0.854375 0.717917 0.077500 0.089167
0 0.499688 0.717500 0.065625 0.088333
0 0.414062 0.702500 0.073125 0.078333
0 0.802813 0.687083 0.058125 0.082500
0 0.741875 0.680000 0.062500 0.076667
0 0.647813 0.668333 0.066875 0.083333
0 0.229063 0.672500 0.079375 0.098333
0 0.590000 0.656667 0.057500 0.081667
0 0.132500 0.660000 0.078750 0.093333
0 0.865625 0.639583 0.066250 0.074167
0 0.414375 0.622917 0.053750 0.087500
0 0.345625 0.638333 0.080000 0.121667
0 0.073750 0.625833 0.071250 0.103333
0 0.802500 0.608333 0.072500 0.081667
0 0.279062 0.607917 0.070625 0.095833
0 0.654687 0.592917 0.061875 0.082500
0 0.529062 0.603750 0.085625 0.117500
0 0.185938 0.584583 0.066875 0.089167
0 0.570312 0.563750 0.060625 0.087500
0 0.382188 0.546250 0.056875 0.060833
0 0.065625 0.534583 0.061250 0.075833
0 0.800625 0.530000 0.062500 0.088333
0 0.607500 0.522917 0.101250 0.099167
0 0.467187 0.512917 0.121875 0.090833
0 0.135625 0.491250 0.050000 0.072500
0 0.319688 0.480000 0.051875 0.083333
0 0.262500 0.472917 0.058750 0.089167
0 0.370625 0.469583 0.065000 0.095833
0 0.030937 0.455417 0.061875 0.079167
0 0.417500 0.445000 0.057500 0.083333
0 0.799375 0.435417 0.067500 0.095833
0 0.093750 0.432500 0.062500 0.093333
0 0.193750 0.422083 0.072500 0.092500
0 0.014375 0.400000 0.028750 0.085000
0 0.145313 0.396667 0.056875 0.090000
0 0.835625 0.385000 0.060000 0.081667
0 0.455625 0.386667 0.053750 0.086667
0 0.691875 0.373333 0.131250 0.113333
0 0.909687 0.329167 0.068125 0.076667
0 0.030625 0.326667 0.061250 0.076667
0 0.982812 0.326250 0.034375 0.092500
0 0.109687 0.316250 0.068125 0.077500
0 0.204375 0.321250 0.063750 0.094167
0 0.465000 0.310417 0.067500 0.094167
0 0.834063 0.301250 0.078125 0.092500
0 0.160625 0.290000 0.056250 0.076667
0 0.045625 0.274583 0.083750 0.057500
0 0.911250 0.265417 0.082500 0.082500
0 0.221562 0.251250 0.061875 0.075833
0 0.181250 0.229583 0.072500 0.079167
0 0.569063 0.222917 0.063125 0.084167
0 0.880938 0.217917 0.071875 0.084167
0 0.066562 0.216250 0.124375 0.109167
0 0.426563 0.200417 0.051875 0.094167
0 0.625625 0.175000 0.066250 0.093333
0 0.975625 0.165833 0.048750 0.081667
0 0.161875 0.162917 0.065000 0.075833
0 0.101875 0.153333 0.053750 0.066667
0 0.793125 0.158333 0.065000 0.080000
0 0.731875 0.160833 0.071250 0.088333
0 0.847500 0.153333 0.055000 0.078333
0 0.907500 0.130833 0.078750 0.098333
0 0.038125 0.128333 0.076250 0.105000
0 0.321562 0.129583 0.101875 0.112500
0 0.403125 0.105000 0.057500 0.081667
0 0.225312 0.100000 0.080625 0.123333
0 0.855000 0.074583 0.063750 0.100833
0 0.276875 0.077500 0.078750 0.113333
0 0.091250 0.052500 0.057500 0.093333
0 0.920000 0.040000 0.071250 0.080000
0 0.783438 0.038750 0.079375 0.077500
0 0.645938 0.045417 0.079375 0.090833
0 0.464062 0.047917 0.096875 0.095833
0 0.360938 0.046667 0.086875 0.093333
0 0.202187 0.020417 0.100625 0.040833
0 0.141875 0.043333 0.062500 0.086667
0 0.045000 0.038750 0.065000 0.077500