0 0.325937 0.975833 0.069375 0.048333
0 0.814375 0.971667 0.063750 0.056667
0 0.403750 0.967500 0.068750 0.065000
0 0.892500 0.960417 0.068750 0.079167
0 0.151875 0.948333 0.068750 0.103333
0 0.968750 0.927500 0.062500 0.093333
0 0.619062 0.927917 0.073125 0.114167
0 0.876875 0.900417 0.067500 0.082500
0 0.718750 0.870833 0.075000 0.100000
0 0.184688 0.830417 0.061875 0.084167
0 0.285313 0.827500 0.069375 0.088333
0 0.934688 0.790000 0.084375 0.090000
0 0.667500 0.770833 0.067500 0.126667
0 0.100625 0.755417 0.085000 0.097500
0 0.277500 0.737083 0.070000 0.090833
0 0.500625 0.706250 0.063750 0.107500
0 0.940312 0.688750 0.071875 0.097500
0 0.870000 0.675833 0.065000 0.105000
0 0.255000 0.650833 0.060000 0.095000
0 0.452813 0.622917 0.064375 0.094167
0 0.603125 0.603750 0.078750 0.100833
0 0.522500 0.545000 0.077500 0.091667
0 0.361250 0.532083 0.073750 0.094167
0 0.725313 0.530000 0.076875 0.101667
0 0.426875 0.512083 0.071250 0.092500
0 0.220938 0.514167 0.073125 0.103333
0 0.256875 0.479167 0.067500 0.081667
0 0.610625 0.483333 0.070000 0.098333
0 0.452500 0.469583 0.071250 0.089167
0 0.786875 0.468333 0.080000 0.105000
0 0.137500 0.447083 0.075000 0.090833
0 0.447188 0.391667 0.069375 0.085000
0 0.864062 0.390417 0.069375 0.092500
0 0.750313 0.383750 0.070625 0.094167
0 0.242188 0.375417 0.068125 0.097500
0 0.040000 0.360833 0.073750 0.096667
0 0.539687 0.352917 0.075625 0.097500
0 0.408750 0.339583 0.078750 0.092500
0 0.158750 0.345000 0.073750 0.110000
0 0.656250 0.328333 0.071250 0.096667
0 0.314063 0.291250 0.064375 0.079167
0 0.119375 0.295000 0.060000 0.101667
0 0.965625 0.290833 0.068750 0.106667
0 0.812187 0.276667 0.076875 0.091667
0 0.060625 0.255000 0.072500 0.121667
0 0.931562 0.240833 0.080625 0.113333
0 0.531563 0.218750 0.066875 0.102500
0 0.370312 0.210000 0.068125 0.088333
0 0.461875 0.195833 0.061250 0.100000
0 0.301250 0.198333 0.082500 0.106667
0 0.790312 0.186667 0.090625 0.096667
0 0.587187 0.155000 0.076875 0.091667
0 0.024063 0.098333 0.048125 0.100000
0 0.372500 0.094583 0.066250 0.094167
0 0.296875 0.085000 0.073750 0.101667
0 0.618750 0.071250 0.078750 0.089167
0 0.519062 0.059167 0.073125 0.106667
0 0.739062 0.034167 0.074375 0.068333
0 0.099375 0.026250 0.067500 0.052500
0 0.031563 0.028333 0.063125 0.056667