0 0.145313 0.980833 0.068125 0.038333
0 0.960313 0.971667 0.079375 0.056667
0 0.348125 0.961667 0.071250 0.076667
0 0.770625 0.960000 0.061250 0.080000
0 0.533438 0.868750 0.071875 0.095833
0 0.323750 0.852083 0.071250 0.107500
0 0.418125 0.841250 0.071250 0.090833
0 0.025313 0.830833 0.050625 0.096667
0 0.738750 0.726667 0.066250 0.091667
0 0.034375 0.680000 0.068750 0.098333
0 0.792188 0.652500 0.068125 0.088333
0 0.624062 0.641667 0.075625 0.068333
0 0.102500 0.647083 0.070000 0.095833
0 0.514062 0.645417 0.070625 0.099167
0 0.182812 0.612500 0.068125 0.088333
0 0.905000 0.615000 0.072500 0.100000
0 0.612500 0.570833 0.073750 0.071667
0 0.927813 0.562500 0.066875 0.096667
0 0.407187 0.543333 0.066875 0.093333
0 0.180312 0.503750 0.080625 0.120833
0 0.982812 0.462500 0.034375 0.091667
0 0.381875 0.456250 0.078750 0.080833
0 0.268125 0.462083 0.065000 0.105833
0 0.209687 0.440417 0.055625 0.094167
0 0.394375 0.402083 0.078750 0.090833
0 0.746250 0.395417 0.067500 0.090833
0 0.179375 0.380417 0.073750 0.079167
0 0.626875 0.392500 0.086250 0.115000
0 0.424375 0.345417 0.063750 0.094167
0 0.166250 0.305417 0.070000 0.084167
0 0.865000 0.290833 0.070000 0.091667
0 0.247500 0.277083 0.057500 0.104167
0 0.199375 0.266250 0.048750 0.102500
0 0.790000 0.212083 0.068750 0.099167
0 0.855000 0.199583 0.066250 0.094167
0 0.028750 0.170000 0.057500 0.110000
0 0.275313 0.160000 0.071875 0.091667
0 0.184375 0.159583 0.063750 0.090833
0 0.793438 0.112083 0.064375 0.087500
0 0.629687 0.102083 0.075625 0.097500
0 0.544063 0.087083 0.061875 0.080833
0 0.420625 0.078750 0.070000 0.094167
0 0.858125 0.076667 0.065000 0.093333
0 0.322813 0.056250 0.071875 0.100833
0 0.581250 0.025000 0.063750 0.050000