0 0.809063 0.975833 0.065625 0.048333
0 0.157500 0.906250 0.070000 0.100833
0 0.390937 0.886667 0.060625 0.088333
0 0.733125 0.877083 0.068750 0.089167
0 0.345938 0.855000 0.061875 0.106667
0 0.289375 0.831250 0.060000 0.090833
0 0.205937 0.825833 0.071875 0.088333
0 0.941250 0.826250 0.073750 0.105833
0 0.395313 0.795000 0.066875 0.088333
0 0.894375 0.740000 0.063750 0.090000
0 0.109063 0.720417 0.064375 0.085833
0 0.809688 0.714583 0.066875 0.080833
0 0.335313 0.717917 0.068125 0.090833
0 0.665000 0.705417 0.073750 0.089167
0 0.462500 0.696667 0.060000 0.083333
0 0.732500 0.707083 0.071250 0.112500
0 0.169687 0.679583 0.069375 0.102500
0 0.910000 0.675417 0.062500 0.095833
0 0.408438 0.667500 0.063125 0.093333
0 0.071563 0.575833 0.065625 0.091667
0 0.370625 0.566667 0.068750 0.096667
0 0.451562 0.558333 0.060625 0.085000
0 0.715000 0.536667 0.076250 0.091667
0 0.260313 0.517500 0.065625 0.086667
0 0.872812 0.477083 0.069375 0.092500
0 0.505313 0.500000 0.091875 0.178333
0 0.308750 0.412500 0.073750 0.070000
0 0.345000 0.391667 0.062500 0.081667
0 0.897813 0.380833 0.070625 0.091667
0 0.520312 0.325833 0.066875 0.095000
0 0.377500 0.312083 0.075000 0.094167
0 0.831875 0.260000 0.072500 0.086667
0 0.400625 0.269167 0.071250 0.113333
0 0.711562 0.217083 0.066875 0.095833
0 0.409062 0.207083 0.078125 0.099167
0 0.455625 0.177917 0.072500 0.112500
0 0.785937 0.145417 0.078125 0.102500
0 0.288750 0.154583 0.083750 0.135833
0 0.847187 0.114167 0.066875 0.093333
0 0.124375 0.080833 0.061250 0.100000
0 0.083437 0.081667 0.068125 0.105000
0 0.965313 0.050000 0.069375 0.095000
0 0.837187 0.033750 0.075625 0.067500
0 0.619375 0.032500 0.063750 0.065000
0 0.437188 0.043750 0.080625 0.087500
0 0.321250 0.023333 0.067500 0.046667