0 0.740000 0.973750 0.070000 0.052500
0 0.263437 0.957500 0.078125 0.085000
0 0.950313 0.955833 0.075625 0.088333
0 0.667188 0.953750 0.078125 0.092500
0 0.076563 0.946250 0.066875 0.087500
0 0.803438 0.943333 0.094375 0.096667
0 0.130000 0.938750 0.066250 0.094167
0 0.477187 0.911250 0.079375 0.095833
0 0.300625 0.895417 0.073750 0.092500
0 0.401875 0.893750 0.073750 0.127500
0 0.570312 0.842917 0.070625 0.100833
0 0.183750 0.817917 0.073750 0.085833
0 0.285000 0.792500 0.086250 0.105000
0 0.733750 0.785000 0.070000 0.095000
0 0.110000 0.772917 0.087500 0.115833
0 0.609688 0.725000 0.073125 0.080000
0 0.186875 0.680833 0.068750 0.090000
0 0.727812 0.685000 0.079375 0.101667
0 0.969375 0.578750 0.061250 0.089167
0 0.030937 0.550417 0.061875 0.109167
0 0.786563 0.537083 0.080625 0.105833
0 0.696875 0.497083 0.072500 0.090833
0 0.606250 0.498333 0.075000 0.103333
0 0.736250 0.437083 0.046250 0.065833
0 0.824063 0.445417 0.074375 0.105833
0 0.520625 0.436667 0.070000 0.101667
0 0.976875 0.434583 0.046250 0.102500
0 0.154062 0.418750 0.074375 0.099167
0 0.645000 0.327917 0.073750 0.092500
0 0.726875 0.314583 0.076250 0.097500
0 0.343438 0.281250 0.071875 0.107500
0 0.552188 0.232083 0.076875 0.089167
0 0.953438 0.225417 0.071875 0.095833
0 0.716250 0.211667 0.076250 0.096667
0 0.616250 0.172500 0.071250 0.091667
0 0.138125 0.153750 0.071250 0.102500
0 0.193750 0.116667 0.073750 0.095000
0 0.900000 0.085000 0.067500 0.080000
0 0.312812 0.071250 0.073125 0.099167
0 0.507812 0.059583 0.064375 0.090833
0 0.615625 0.058750 0.070000 0.095833
0 0.846875 0.050833 0.067500 0.093333
0 0.958125 0.033750 0.075000 0.067500