0 0.463125 0.970000 0.078750 0.060000
0 0.034063 0.969583 0.068125 0.060833
0 0.872500 0.957500 0.063750 0.085000
0 0.365938 0.955000 0.073125 0.090000
0 0.484687 0.916667 0.091875 0.081667
0 0.609062 0.909167 0.060625 0.090000
0 0.688438 0.900833 0.060625 0.118333
0 0.495000 0.865833 0.081250 0.073333
0 0.241250 0.802917 0.075000 0.079167
0 0.468750 0.791250 0.067500 0.082500
0 0.584688 0.796667 0.068125 0.095000
0 0.692500 0.771250 0.067500 0.090833
0 0.927813 0.739167 0.070625 0.098333
0 0.250625 0.735833 0.076250 0.108333
0 0.648438 0.698333 0.043125 0.035000
0 0.772500 0.702500 0.075000 0.093333
0 0.295312 0.697917 0.074375 0.089167
0 0.447188 0.655833 0.078125 0.111667
0 0.768125 0.637500 0.066250 0.076667
0 0.834063 0.638750 0.066875 0.095833
0 0.705000 0.641667 0.061250 0.105000
0 0.289375 0.609167 0.070000 0.090000
0 0.038750 0.603333 0.063750 0.091667
0 0.171563 0.590833 0.064375 0.090000
0 0.109375 0.600833 0.063750 0.123333
0 0.150312 0.530833 0.074375 0.091667
0 0.256563 0.510833 0.069375 0.095000
0 0.201250 0.437917 0.070000 0.092500
0 0.823438 0.412500 0.075625 0.095000
0 0.348125 0.382917 0.073750 0.085833
0 0.739688 0.371250 0.073125 0.085833
0 0.143125 0.367500 0.072500 0.095000
0 0.535312 0.347917 0.069375 0.085833
0 0.412187 0.311250 0.075625 0.102500
0 0.267500 0.297917 0.076250 0.112500
0 0.565312 0.197083 0.063125 0.092500
0 0.201875 0.163333 0.061250 0.081667
0 0.389688 0.141667 0.070625 0.098333
0 0.267500 0.108750 0.078750 0.095833
0 0.349687 0.055833 0.064375 0.085000
0 0.736563 0.042917 0.071875 0.085833
0 0.034688 0.031667 0.069375 0.063333