0 0.771250 0.966667 0.072500 0.066667
0 0.556250 0.952500 0.071250 0.093333
0 0.859375 0.952500 0.072500 0.095000
0 0.293125 0.929583 0.065000 0.077500
0 0.020938 0.931250 0.041875 0.100833
0 0.941250 0.916667 0.058750 0.093333
0 0.388125 0.870833 0.062500 0.085000
0 0.328125 0.838750 0.070000 0.094167
0 0.490312 0.819583 0.064375 0.084167
0 0.409687 0.759167 0.051875 0.075000
0 0.146250 0.742083 0.058750 0.069167
0 0.584063 0.751667 0.071875 0.091667
0 0.338438 0.715417 0.069375 0.104167
0 0.248750 0.707083 0.065000 0.090833
0 0.511563 0.687500 0.070625 0.091667
0 0.792188 0.685417 0.079375 0.100833
0 0.388125 0.668750 0.052500 0.069167
0 0.589063 0.641250 0.050625 0.072500
0 0.046562 0.632083 0.066875 0.079167
0 0.871875 0.635000 0.083750 0.091667
0 0.157188 0.630417 0.065625 0.082500
0 0.474687 0.612917 0.066875 0.077500
0 0.342500 0.597917 0.060000 0.079167
0 0.230937 0.598333 0.066875 0.090000
0 0.690000 0.590417 0.067500 0.092500
0 0.940937 0.577500 0.059375 0.080000
0 0.519062 0.547083 0.060625 0.064167
0 0.085000 0.541667 0.060000 0.081667
0 0.020000 0.500833 0.040000 0.080000
0 0.976250 0.497917 0.047500 0.079167
0 0.575937 0.493333 0.058125 0.076667
0 0.635312 0.459167 0.043125 0.056667
0 0.918125 0.472917 0.068750 0.089167
0 0.708125 0.469167 0.072500 0.096667
0 0.322500 0.457917 0.062500 0.080833
0 0.101250 0.439167 0.065000 0.080000
0 0.020000 0.388333 0.040000 0.088333
0 0.525625 0.382500 0.056250 0.083333
0 0.166250 0.382917 0.066250 0.087500
0 0.955313 0.370417 0.050625 0.074167
0 0.620625 0.366667 0.071250 0.103333
0 0.705625 0.347500 0.052500 0.070000
0 0.332188 0.354583 0.066875 0.087500
0 0.549687 0.339583 0.070625 0.107500
0 0.475625 0.317083 0.055000 0.074167
0 0.245938 0.307083 0.059375 0.080833
0 0.382812 0.284583 0.053125 0.069167
0 0.758437 0.276667 0.065625 0.088333
0 0.865938 0.260833 0.064375 0.086667
0 0.320000 0.217917 0.056250 0.072500
0 0.810000 0.204583 0.047500 0.062500
0 0.435625 0.218750 0.065000 0.090833
0 0.937500 0.213750 0.061250 0.084167
0 0.628125 0.159167 0.065000 0.091667
0 0.440625 0.125833 0.067500 0.070000
0 0.022187 0.127917 0.044375 0.087500
0 0.189375 0.117083 0.047500 0.070833
0 0.896250 0.125833 0.053750 0.101667
0 0.247812 0.114167 0.069375 0.100000
0 0.375625 0.067083 0.063750 0.069167
0 0.772188 0.017917 0.069375 0.035833
0 0.583438 0.023333 0.074375 0.046667
0 0.428125 0.020833 0.063750 0.041667
0 0.165000 0.034167 0.060000 0.068333