0 0.111250 0.964167 0.067500 0.071667
0 0.642813 0.951250 0.071875 0.095833
0 0.348125 0.940000 0.065000 0.085000
0 0.175625 0.925000 0.070000 0.086667
0 0.977187 0.921667 0.045625 0.096667
0 0.847812 0.907500 0.070625 0.090000
0 0.410938 0.869583 0.073125 0.092500
0 0.165000 0.843333 0.073750 0.085000
0 0.770938 0.847083 0.078125 0.102500
0 0.087188 0.842083 0.073125 0.097500
0 0.844063 0.809583 0.079375 0.100833
0 0.735000 0.792500 0.077500 0.095000
0 0.921875 0.787500 0.075000 0.090000
0 0.426563 0.779167 0.079375 0.080000
0 0.322500 0.750000 0.076250 0.103333
0 0.683125 0.763750 0.082500 0.137500
0 0.020938 0.729583 0.041875 0.085833
0 0.971875 0.713750 0.056250 0.064167
0 0.922813 0.709583 0.061875 0.079167
0 0.161250 0.703750 0.067500 0.089167
0 0.271875 0.632500 0.073750 0.090000
0 0.760312 0.618750 0.073125 0.097500
0 0.072188 0.610833 0.078125 0.103333
0 0.470000 0.607083 0.070000 0.114167
0 0.421875 0.586250 0.058750 0.094167
0 0.596562 0.548750 0.074375 0.092500
0 0.514062 0.535833 0.076875 0.096667
0 0.802813 0.494583 0.063125 0.084167
0 0.970000 0.475000 0.060000 0.098333
0 0.382500 0.448750 0.068750 0.077500
0 0.313437 0.462500 0.064375 0.108333
0 0.271250 0.454167 0.051250 0.091667
0 0.475625 0.447083 0.068750 0.082500
0 0.105313 0.408750 0.063125 0.084167
0 0.378437 0.379583 0.068125 0.080833
0 0.680000 0.372500 0.071250 0.091667
0 0.313437 0.367083 0.076875 0.090833
0 0.516250 0.364583 0.065000 0.090833
0 0.964375 0.363750 0.071250 0.094167
0 0.448125 0.357917 0.068750 0.094167
0 0.216562 0.358333 0.069375 0.106667
0 0.142500 0.346667 0.068750 0.096667
0 0.110937 0.303750 0.069375 0.087500
0 0.280625 0.290000 0.067500 0.098333
0 0.640000 0.260000 0.070000 0.095000
0 0.973750 0.250417 0.052500 0.119167
0 0.064062 0.237917 0.065625 0.112500
0 0.769062 0.209167 0.075625 0.091667
0 0.577500 0.209167 0.070000 0.095000
0 0.434375 0.177917 0.067500 0.089167
0 0.887188 0.174583 0.063125 0.085833
0 0.532813 0.162500 0.071875 0.095000
0 0.824688 0.133750 0.055625 0.080833
0 0.335313 0.135000 0.066875 0.095000
0 0.730313 0.137500 0.076875 0.101667
0 0.101250 0.107083 0.065000 0.094167
0 0.963125 0.086250 0.068750 0.094167
0 0.623750 0.078333 0.065000 0.091667
0 0.198125 0.077917 0.057500 0.102500
0 0.332500 0.022917 0.072500 0.045833