0 0.532813 0.940000 0.108125 0.101667
0 0.594063 0.925417 0.073125 0.097500
0 0.367812 0.907083 0.073125 0.129167
0 0.018750 0.856667 0.037500 0.095000
0 0.563438 0.748333 0.073125 0.095000
0 0.673125 0.658750 0.065000 0.087500
0 0.985625 0.648333 0.028750 0.088333
0 0.389375 0.412917 0.072500 0.102500
0 0.580937 0.400833 0.073125 0.096667
0 0.695000 0.361667 0.097500 0.113333
0 0.918438 0.346250 0.076875 0.110833
0 0.848125 0.296250 0.080000 0.094167
0 0.723125 0.283333 0.120000 0.113333
0 0.026250 0.241250 0.052500 0.097500
0 0.985000 0.221667 0.030000 0.081667
0 0.582812 0.208333 0.066875 0.093333
0 0.883125 0.203333 0.081250 0.105000
0 0.843125 0.118750 0.076250 0.102500
0 0.205000 0.088750 0.081250 0.114167
0 0.028750 0.059583 0.057500 0.089167
0 0.967500 0.040833 0.065000 0.081667
0 0.083750 0.037083 0.070000 0.074167