0 0.078125 0.982500 0.048750 0.035000
0 0.850625 0.979583 0.073750 0.040833
0 0.330313 0.964167 0.080625 0.071667
0 0.916562 0.962917 0.066875 0.074167
0 0.458125 0.932917 0.071250 0.090833
0 0.310312 0.901250 0.080625 0.082500
0 0.934688 0.902917 0.079375 0.099167
0 0.019375 0.901667 0.038750 0.101667
0 0.707187 0.884167 0.064375 0.088333
0 0.572812 0.877500 0.079375 0.098333
0 0.318750 0.838750 0.090000 0.070833
0 0.796875 0.839167 0.065000 0.096667
0 0.870938 0.833750 0.079375 0.087500
0 0.621875 0.827083 0.075000 0.102500
0 0.228125 0.803333 0.071250 0.090000
0 0.120313 0.778750 0.065625 0.085833
0 0.953438 0.769167 0.061875 0.073333
0 0.350625 0.770833 0.067500 0.088333
0 0.593437 0.766667 0.071875 0.090000
0 0.749375 0.769583 0.066250 0.099167
0 0.668750 0.742500 0.073750 0.105000
0 0.237500 0.651667 0.067500 0.091667
0 0.384062 0.652083 0.068125 0.094167
0 0.790625 0.628333 0.063750 0.096667
0 0.541562 0.613333 0.053125 0.068333
0 0.028125 0.617083 0.056250 0.087500
0 0.711562 0.593333 0.069375 0.096667
0 0.475313 0.609167 0.093125 0.135000
0 0.937813 0.578750 0.074375 0.090833
0 0.285938 0.557917 0.063125 0.092500
0 0.834063 0.543750 0.073125 0.082500
0 0.347187 0.543333 0.066875 0.098333
0 0.043750 0.534583 0.071250 0.089167
0 0.142187 0.521667 0.065625 0.090000
0 0.691562 0.503333 0.075625 0.088333
0 0.830313 0.476667 0.120625 0.085000
0 0.729688 0.472917 0.061875 0.079167
0 0.275000 0.456250 0.072500 0.105833
0 0.974688 0.442917 0.050625 0.085833
0 0.613437 0.431667 0.064375 0.093333
0 0.401875 0.413750 0.068750 0.099167
0 0.896250 0.401250 0.067500 0.094167
0 0.216875 0.397917 0.072500 0.090833
0 0.526250 0.376667 0.065000 0.088333
0 0.152500 0.365833 0.070000 0.091667
0 0.963750 0.361667 0.072500 0.095000
0 0.684688 0.335833 0.071875 0.095000
0 0.025625 0.337083 0.051250 0.104167
0 0.825000 0.319167 0.075000 0.101667
0 0.466250 0.307917 0.065000 0.087500
0 0.208437 0.301667 0.078125 0.088333
0 0.539062 0.252500 0.066875 0.095000
0 0.094062 0.240833 0.076875 0.075000
0 0.609375 0.214167 0.070000 0.093333
0 0.196875 0.202500 0.075000 0.106667
0 0.109687 0.185417 0.081875 0.085833
0 0.862187 0.165417 0.074375 0.099167
0 0.294063 0.159167 0.083125 0.091667
0 0.670625 0.100417 0.077500 0.077500
0 0.893750 0.076250 0.071250 0.094167
0 0.037187 0.074167 0.066875 0.095000
0 0.572500 0.063333 0.097500 0.081667
0 0.816875 0.042500 0.078750 0.085000
0 0.646563 0.037917 0.069375 0.075833