0 0.788438 0.962083 0.073125 0.075833
0 0.609062 0.954167 0.068125 0.091667
0 0.329375 0.939167 0.051250 0.066667
0 0.524062 0.940000 0.069375 0.088333
0 0.713125 0.929167 0.052500 0.081667
0 0.831875 0.930000 0.070000 0.090000
0 0.439688 0.925833 0.059375 0.098333
0 0.069687 0.899167 0.069375 0.090000
0 0.907813 0.895417 0.063125 0.099167
0 0.965625 0.875000 0.068750 0.071667
0 0.755000 0.869167 0.071250 0.090000
0 0.349687 0.861250 0.078125 0.082500
0 0.022187 0.833750 0.044375 0.074167
0 0.258125 0.830417 0.053750 0.072500
0 0.523750 0.826667 0.078750 0.088333
0 0.827187 0.812500 0.064375 0.091667
0 0.391250 0.800833 0.057500 0.075000
0 0.904375 0.794583 0.050000 0.069167
0 0.312812 0.768750 0.068125 0.077500
0 0.958438 0.765833 0.061875 0.081667
0 0.832187 0.742083 0.063125 0.074167
0 0.064375 0.767917 0.072500 0.125833
0 0.646563 0.739583 0.063125 0.087500
0 0.695000 0.721667 0.060000 0.083333
0 0.412187 0.682500 0.069375 0.095000
0 0.095312 0.675833 0.075625 0.096667
0 0.587500 0.655000 0.056250 0.073333
0 0.742188 0.645417 0.064375 0.070833
0 0.853750 0.647083 0.067500 0.077500
0 0.945937 0.651250 0.095625 0.119167
0 0.459688 0.612917 0.051875 0.067500
0 0.018125 0.589167 0.036250 0.076667
0 0.739688 0.581250 0.064375 0.075833
0 0.271875 0.581250 0.070000 0.094167
0 0.836250 0.562083 0.066250 0.072500
0 0.068437 0.563333 0.050625 0.078333
0 0.358125 0.560417 0.066250 0.087500
0 0.673438 0.538333 0.055625 0.085000
0 0.155938 0.542500 0.071875 0.105000
0 0.616875 0.513333 0.063750 0.066667
0 0.932500 0.507917 0.072500 0.087500
0 0.731875 0.485000 0.057500 0.081667
0 0.828750 0.467500 0.060000 0.080000
0 0.021250 0.473750 0.042500 0.094167
0 0.451250 0.474167 0.100000 0.096667
0 0.267813 0.463333 0.060625 0.090000
0 0.345313 0.455000 0.060625 0.078333
0 0.592500 0.451250 0.053750 0.077500
0 0.077188 0.415417 0.056875 0.075833
0 0.659062 0.422083 0.086875 0.090833
0 0.469062 0.418750 0.061875 0.084167
0 0.535625 0.398333 0.053750 0.078333
0 0.405938 0.365000 0.051875 0.088333
0 0.710000 0.371250 0.075000 0.112500
0 0.213438 0.355417 0.064375 0.089167
0 0.352500 0.353333 0.061250 0.096667
0 0.577187 0.327083 0.061875 0.075833
0 0.054688 0.321250 0.060625 0.080833
0 0.650000 0.297500 0.063750 0.093333
0 0.919687 0.296667 0.065625 0.093333
0 0.534687 0.258750 0.058125 0.055833
0 0.173437 0.261250 0.053125 0.077500
0 0.395000 0.254167 0.060000 0.080000
0 0.773750 0.246250 0.062500 0.075833
0 0.334062 0.250833 0.075625 0.113333
0 0.049063 0.212083 0.068125 0.079167
0 0.700313 0.195000 0.073125 0.096667
0 0.886250 0.166667 0.062500 0.075000
0 0.745000 0.156250 0.051250 0.069167
0 0.204375 0.145000 0.056250 0.070000
0 0.968750 0.149583 0.062500 0.085833
0 0.815312 0.144167 0.058125 0.078333
0 0.441563 0.139167 0.066875 0.086667
0 0.367812 0.125000 0.048125 0.060000
0 0.553438 0.137083 0.059375 0.087500
0 0.039375 0.125833 0.056250 0.103333
0 0.525937 0.109167 0.064375 0.075000
0 0.962500 0.100000 0.062500 0.080000
0 0.675000 0.080000 0.062500 0.088333
0 0.100312 0.064167 0.063125 0.085000
0 0.605000 0.046250 0.061250 0.084167
0 0.894375 0.055000 0.067500 0.110000
0 0.814375 0.039583 0.073750 0.079167
0 0.760000 0.025833 0.061250 0.051667
0 0.530312 0.025000 0.065625 0.050000
0 0.450313 0.032917 0.055625 0.065833
0 0.268750 0.025417 0.063750 0.050833
0 0.159062 0.021667 0.056875 0.043333