0 0.709688 0.977500 0.063125 0.045000
0 0.335313 0.962500 0.059375 0.075000
0 0.828125 0.960417 0.052500 0.079167
0 0.398125 0.960000 0.065000 0.080000
0 0.961562 0.945833 0.048125 0.061667
0 0.454062 0.955000 0.055625 0.090000
0 0.233437 0.916250 0.054375 0.072500
0 0.586875 0.893750 0.058750 0.080833
0 0.683750 0.892083 0.050000 0.084167
0 0.522188 0.888333 0.058125 0.081667
0 0.854688 0.877083 0.065625 0.087500
0 0.940625 0.870833 0.071250 0.088333
0 0.090625 0.867500 0.056250 0.085000
0 0.307812 0.849167 0.053125 0.073333
0 0.364375 0.846250 0.058750 0.087500
0 0.245312 0.836250 0.063125 0.072500
0 0.488125 0.836667 0.062500 0.075000
0 0.808438 0.810000 0.061875 0.066667
0 0.169375 0.815417 0.055000 0.099167
0 0.289375 0.798750 0.067500 0.082500
0 0.216250 0.774167 0.050000 0.068333
0 0.741250 0.773333 0.060000 0.073333
0 0.104688 0.776667 0.093125 0.083333
0 0.983437 0.769167 0.033125 0.083333
0 0.473125 0.760833 0.062500 0.075000
0 0.876875 0.764167 0.083750 0.096667
0 0.349687 0.757083 0.054375 0.085833
0 0.034375 0.747917 0.051250 0.077500
0 0.499063 0.731667 0.054375 0.081667
0 0.440937 0.712500 0.058125 0.083333
0 0.542813 0.683750 0.051875 0.094167
0 0.030312 0.663750 0.060625 0.077500
0 0.980625 0.657500 0.038750 0.113333
0 0.714063 0.634583 0.085625 0.070833
0 0.385000 0.630833 0.060000 0.091667
0 0.525937 0.615833 0.065625 0.066667
0 0.634062 0.585000 0.055625 0.081667
0 0.331250 0.584583 0.053750 0.082500
0 0.712187 0.576667 0.058125 0.070000
0 0.980625 0.560833 0.038750 0.076667
0 0.079062 0.575833 0.084375 0.128333
0 0.564688 0.553333 0.066875 0.090000
0 0.281250 0.558750 0.075000 0.105833
0 0.941562 0.531250 0.039375 0.074167
0 0.362500 0.532917 0.078750 0.089167
0 0.512188 0.526250 0.054375 0.077500
0 0.055625 0.523750 0.056250 0.077500
0 0.239063 0.515000 0.055625 0.080000
0 0.819688 0.512083 0.056875 0.079167
0 0.450937 0.506667 0.058125 0.080000
0 0.283438 0.470833 0.045625 0.070000
0 0.970938 0.471250 0.058125 0.080833
0 0.221562 0.460833 0.055625 0.068333
0 0.025625 0.465417 0.051250 0.079167
0 0.781250 0.451250 0.062500 0.082500
0 0.844688 0.440417 0.051875 0.089167
0 0.682187 0.431250 0.071875 0.105833
0 0.238437 0.404167 0.060625 0.065000
0 0.888125 0.404583 0.045000 0.074167
0 0.131875 0.375833 0.065000 0.081667
0 0.489687 0.352083 0.044375 0.069167
0 0.855625 0.351250 0.055000 0.084167
0 0.906875 0.327917 0.055000 0.060833
0 0.230937 0.330833 0.058125 0.081667
0 0.981875 0.341667 0.036250 0.106667
0 0.352812 0.324583 0.058125 0.080833
0 0.181562 0.322083 0.051875 0.079167
0 0.290000 0.309167 0.058750 0.076667
0 0.666875 0.290833 0.065000 0.066667
0 0.140000 0.293333 0.075000 0.096667
0 0.955313 0.275417 0.046875 0.072500
0 0.206875 0.267500 0.052500 0.086667
0 0.914062 0.255417 0.049375 0.072500
0 0.861250 0.254583 0.056250 0.070833
0 0.537188 0.246250 0.063125 0.089167
0 0.702500 0.231667 0.051250 0.070000
0 0.260625 0.238750 0.050000 0.087500
0 0.759375 0.230000 0.058750 0.085000
0 0.433750 0.235417 0.058750 0.095833
0 0.377188 0.231250 0.070625 0.104167
0 0.593437 0.221667 0.036875 0.090000
0 0.984375 0.210000 0.031250 0.076667
0 0.232813 0.176250 0.060625 0.077500
0 0.790937 0.162500 0.051875 0.075000
0 0.678750 0.167083 0.063750 0.084167
0 0.294687 0.163750 0.053125 0.077500
0 0.342813 0.152500 0.054375 0.080000
0 0.590313 0.138750 0.054375 0.074167
0 0.524687 0.124583 0.050625 0.062500
0 0.477187 0.170833 0.059375 0.158333
0 0.876875 0.122917 0.052500 0.087500
0 0.197500 0.094583 0.055000 0.067500
0 0.700625 0.101250 0.070000 0.082500
0 0.564375 0.077917 0.062500 0.075833
0 0.900937 0.051250 0.056875 0.075833
0 0.842812 0.041667 0.056875 0.075000
0 0.408125 0.034167 0.051250 0.068333
0 0.330000 0.035833 0.053750 0.071667
0 0.225000 0.032083 0.056250 0.064167
0 0.133125 0.023750 0.068750 0.047500