0 0.391875 0.975000 0.075000 0.050000
0 0.110625 0.969167 0.072500 0.061667
0 0.320937 0.947083 0.118125 0.105833
0 0.054062 0.932083 0.060625 0.079167
0 0.183125 0.905833 0.080000 0.101667
0 0.425938 0.912083 0.074375 0.117500
0 0.131875 0.868333 0.061250 0.076667
0 0.076563 0.866250 0.053125 0.075833
0 0.978750 0.862917 0.042500 0.102500
0 0.769062 0.864167 0.090625 0.113333
0 0.349375 0.865833 0.078750 0.118333
0 0.283750 0.850417 0.071250 0.105833
0 0.196875 0.825000 0.066250 0.081667
0 0.667188 0.824583 0.054375 0.087500
0 0.942187 0.819583 0.070625 0.079167
0 0.573125 0.822917 0.088750 0.097500
0 0.404687 0.816667 0.083125 0.091667
0 0.806875 0.801250 0.070000 0.085833
0 0.484063 0.797083 0.089375 0.144167
0 0.750000 0.760833 0.062500 0.083333
0 0.067500 0.783333 0.078750 0.148333
0 0.115625 0.761667 0.081250 0.120000
0 0.555625 0.755833 0.082500 0.115000
0 0.842812 0.744583 0.060625 0.094167
0 0.901563 0.736667 0.065625 0.106667
0 0.962500 0.732083 0.075000 0.107500
0 0.662188 0.717083 0.058125 0.082500
0 0.263750 0.735417 0.075000 0.129167
0 0.601250 0.716667 0.067500 0.100000
0 0.183750 0.732917 0.081250 0.137500
0 0.555937 0.658333 0.069375 0.091667
0 0.623750 0.644583 0.062500 0.074167
0 0.976875 0.640833 0.046250 0.105000
0 0.083125 0.632083 0.065000 0.104167
0 0.828438 0.657917 0.090625 0.159167
0 0.192500 0.622500 0.056250 0.091667
0 0.245938 0.620000 0.068125 0.105000
0 0.132188 0.593750 0.069375 0.097500
0 0.695312 0.587083 0.061875 0.085833
0 0.863125 0.567083 0.066250 0.094167
0 0.981563 0.546667 0.036875 0.083333
0 0.641563 0.562500 0.101875 0.136667
0 0.550625 0.516667 0.072500 0.081667
0 0.044687 0.533333 0.089375 0.130000
0 0.659062 0.480417 0.059375 0.077500
0 0.964688 0.485000 0.070625 0.100000
0 0.099062 0.483333 0.093125 0.128333
0 0.540937 0.425000 0.071875 0.100000
0 0.134687 0.433750 0.111875 0.145833
0 0.945625 0.398750 0.070000 0.102500
0 0.652500 0.394167 0.078750 0.118333
0 0.203437 0.368750 0.071875 0.084167
0 0.567813 0.351667 0.055625 0.075000
0 0.088125 0.350833 0.076250 0.088333
0 0.284687 0.352500 0.105625 0.100000
0 0.672500 0.311250 0.065000 0.074167
0 0.421875 0.309583 0.102500 0.112500
0 0.232187 0.299583 0.061875 0.099167
0 0.129688 0.285417 0.068125 0.087500
0 0.029687 0.297500 0.059375 0.113333
0 0.495000 0.257500 0.068750 0.073333
0 0.586562 0.270833 0.108125 0.103333
0 0.410313 0.215833 0.103125 0.098333
0 0.281250 0.211250 0.100000 0.099167
0 0.584375 0.195833 0.057500 0.075000
0 0.871875 0.191667 0.076250 0.085000
0 0.491875 0.182917 0.057500 0.080833
0 0.932813 0.168333 0.073125 0.088333
0 0.444688 0.157917 0.065625 0.090833
0 0.691250 0.177917 0.085000 0.139167
0 0.530937 0.127917 0.061875 0.100833
0 0.232187 0.140833 0.096875 0.130000
0 0.594688 0.119583 0.069375 0.114167
0 0.936875 0.100000 0.066250 0.088333
0 0.393437 0.113333 0.094375 0.116667
0 0.878750 0.097500 0.077500 0.108333
0 0.368750 0.065417 0.050000 0.065833
0 0.307812 0.092500 0.065625 0.138333
0 0.979375 0.094583 0.041250 0.189167
0 0.926562 0.038333 0.125625 0.076667
0 0.838437 0.031667 0.060625 0.063333
0 0.702187 0.034167 0.061875 0.068333
0 0.646563 0.065000 0.118125 0.130000
0 0.573750 0.019167 0.057500 0.038333
0 0.408438 0.021667 0.060625 0.043333