0 0.878125 0.924583 0.075000 0.085833
0 0.049063 0.882083 0.086875 0.079167
0 0.901250 0.873333 0.073750 0.091667
0 0.052187 0.813333 0.074375 0.071667
0 0.849375 0.817917 0.068750 0.092500
0 0.139375 0.803750 0.075000 0.102500
0 0.929688 0.762500 0.073125 0.100000
0 0.079687 0.753333 0.090625 0.093333
0 0.153438 0.702083 0.075625 0.095833
0 0.594688 0.650833 0.069375 0.088333
0 0.191562 0.641250 0.078125 0.090833
0 0.250625 0.615417 0.077500 0.089167
0 0.652188 0.567500 0.073125 0.086667
0 0.522188 0.524583 0.061875 0.105833
0 0.622812 0.492500 0.059375 0.081667
0 0.468750 0.495417 0.066250 0.109167
0 0.500625 0.380833 0.067500 0.091667
0 0.042188 0.376667 0.079375 0.091667
0 0.811875 0.369583 0.078750 0.095833
0 0.968750 0.329583 0.062500 0.087500
0 0.185625 0.312083 0.062500 0.065833
0 0.756563 0.275417 0.069375 0.082500
0 0.390937 0.247083 0.069375 0.087500
0 0.501250 0.235417 0.062500 0.085833
0 0.246875 0.221250 0.076250 0.094167
0 0.964375 0.187917 0.071250 0.087500
0 0.766250 0.171250 0.077500 0.090833
0 0.516563 0.150417 0.078125 0.090833
0 0.957500 0.121250 0.081250 0.074167
0 0.300312 0.075833 0.070625 0.076667
0 0.927813 0.051667 0.075625 0.090000
0 0.980625 0.040417 0.038750 0.080833