0 0.261875 0.976667 0.063750 0.046667
0 0.336250 0.973750 0.062500 0.052500
0 0.883125 0.970417 0.067500 0.059167
0 0.579375 0.967083 0.068750 0.065833
0 0.113750 0.953333 0.061250 0.090000
0 0.473438 0.947083 0.079375 0.080833
0 0.782188 0.908750 0.069375 0.100833
0 0.159688 0.891667 0.060625 0.078333
0 0.580625 0.889167 0.065000 0.086667
0 0.950937 0.891250 0.069375 0.095833
0 0.026875 0.893750 0.053750 0.100833
0 0.833438 0.875417 0.060625 0.065833
0 0.514375 0.868333 0.063750 0.090000
0 0.384062 0.810417 0.064375 0.089167
0 0.848750 0.806250 0.065000 0.094167
0 0.916562 0.804167 0.064375 0.091667
0 0.463750 0.786667 0.070000 0.095000
0 0.675000 0.781667 0.071250 0.100000
0 0.068125 0.744583 0.070000 0.089167
0 0.555625 0.747083 0.067500 0.099167
0 0.137813 0.718750 0.069375 0.092500
0 0.734375 0.720000 0.073750 0.110000
0 0.842812 0.692917 0.078125 0.100833
0 0.046562 0.694583 0.090625 0.120833
0 0.929063 0.674167 0.070625 0.083333
0 0.441875 0.674583 0.062500 0.084167
0 0.444375 0.601667 0.066250 0.070000
0 0.099687 0.602083 0.066875 0.085833
0 0.181250 0.604167 0.066250 0.106667
0 0.928750 0.588333 0.075000 0.086667
0 0.022500 0.545417 0.045000 0.089167
0 0.980625 0.544167 0.038750 0.091667
0 0.765312 0.536667 0.058125 0.078333
0 0.243125 0.532917 0.066250 0.102500
0 0.403750 0.511250 0.062500 0.080833
0 0.189688 0.515833 0.060625 0.090000
0 0.718437 0.525000 0.086875 0.131667
0 0.852187 0.485833 0.064375 0.101667
0 0.650625 0.507917 0.101250 0.154167
0 0.925000 0.484583 0.078750 0.124167
0 0.346250 0.464167 0.072500 0.086667
0 0.476250 0.454167 0.080000 0.095000
0 0.629375 0.431667 0.037500 0.066667
0 0.144375 0.404167 0.073750 0.083333
0 0.870000 0.391667 0.061250 0.090000
0 0.794687 0.414583 0.080625 0.155833
0 0.478438 0.371667 0.080625 0.085000
0 0.952812 0.377083 0.075625 0.102500
0 0.738750 0.372917 0.066250 0.094167
0 0.580625 0.393750 0.068750 0.157500
0 0.684688 0.319167 0.061875 0.078333
0 0.910312 0.316667 0.060625 0.075000
0 0.409375 0.302917 0.063750 0.097500
0 0.080937 0.290000 0.068125 0.101667
0 0.216875 0.276667 0.071250 0.085000
0 0.706250 0.270000 0.073750 0.085000
0 0.537188 0.276250 0.071875 0.099167
0 0.295625 0.253750 0.061250 0.085833
0 0.968125 0.272083 0.063750 0.125833
0 0.361875 0.257083 0.070000 0.099167
0 0.150625 0.251250 0.071250 0.097500
0 0.467187 0.232500 0.075625 0.086667
0 0.595313 0.225000 0.066875 0.091667
0 0.198125 0.192917 0.075000 0.072500
0 0.356875 0.178333 0.078750 0.066667
0 0.433437 0.151667 0.076875 0.138333
0 0.521563 0.120833 0.059375 0.090000
0 0.239687 0.137083 0.096875 0.135833
0 0.643437 0.100833 0.053125 0.098333
0 0.186875 0.075000 0.071250 0.095000
0 0.973125 0.057083 0.053750 0.095833
0 0.894062 0.064583 0.086875 0.129167
0 0.797188 0.064583 0.103125 0.129167
0 0.626250 0.027917 0.082500 0.055833
0 0.302187 0.032083 0.073125 0.064167
0 0.143437 0.031250 0.071875 0.062500
0 0.076563 0.027500 0.071875 0.055000