0 0.367812 0.971667 0.065625 0.056667
0 0.567813 0.970833 0.070625 0.058333
0 0.626875 0.957917 0.103750 0.084167
0 0.227813 0.942500 0.078125 0.090000
0 0.953125 0.932083 0.093750 0.077500
0 0.471250 0.909167 0.063750 0.086667
0 0.252188 0.848333 0.085625 0.091667
0 0.530625 0.783750 0.073750 0.092500
0 0.630313 0.689167 0.083125 0.096667
0 0.699063 0.684167 0.070625 0.095000
0 0.143437 0.663750 0.083125 0.099167
0 0.313437 0.648750 0.073125 0.095833
0 0.935312 0.605417 0.079375 0.082500
0 0.669063 0.577917 0.068125 0.087500
0 0.403750 0.578333 0.070000 0.095000
0 0.824688 0.560417 0.091875 0.105833
0 0.478750 0.538750 0.071250 0.107500
0 0.293750 0.493333 0.072500 0.090000
0 0.760938 0.490000 0.068125 0.098333
0 0.607187 0.468333 0.081875 0.103333
0 0.031875 0.472500 0.063750 0.113333
0 0.153750 0.466667 0.071250 0.103333
0 0.367812 0.433750 0.068125 0.104167
0 0.110000 0.416250 0.070000 0.089167
0 0.593125 0.377083 0.070000 0.090833
0 0.728750 0.361667 0.072500 0.100000
0 0.294063 0.328333 0.076875 0.098333
0 0.492500 0.325000 0.068750 0.096667
0 0.575000 0.291667 0.108750 0.061667
0 0.076250 0.290417 0.077500 0.097500
0 0.129062 0.216667 0.068125 0.086667
0 0.570000 0.211250 0.088750 0.105833
0 0.747812 0.191667 0.070625 0.086667
0 0.063750 0.179583 0.067500 0.104167
0 0.123125 0.144583 0.081250 0.075833
0 0.891563 0.138333 0.089375 0.076667
0 0.768125 0.087917 0.067500 0.089167
0 0.363125 0.076667 0.075000 0.096667
0 0.057188 0.064583 0.066875 0.089167
0 0.894375 0.053333 0.070000 0.088333