0 0.166875 0.978750 0.078750 0.042500
0 0.366563 0.978333 0.076875 0.043333
0 0.543750 0.960000 0.082500 0.080000
0 0.778750 0.957083 0.076250 0.085833
0 0.514062 0.916250 0.074375 0.062500
0 0.350313 0.920417 0.071875 0.080833
0 0.818125 0.922500 0.065000 0.086667
0 0.681562 0.915417 0.089375 0.090833
0 0.115312 0.900417 0.073125 0.087500
0 0.162500 0.890833 0.071250 0.088333
0 0.769687 0.875833 0.079375 0.080000
0 0.488438 0.863750 0.105625 0.074167
0 0.888125 0.869583 0.072500 0.090833
0 0.645938 0.850833 0.099375 0.108333
0 0.790312 0.816667 0.083125 0.086667
0 0.165937 0.812500 0.080625 0.078333
0 0.431563 0.817500 0.096875 0.090000
0 0.116875 0.812083 0.087500 0.079167
0 0.604688 0.808750 0.128125 0.094167
0 0.837500 0.786250 0.071250 0.087500
0 0.374375 0.763333 0.070000 0.088333
0 0.794063 0.733333 0.075625 0.073333
0 0.140937 0.732500 0.078125 0.078333
0 0.659062 0.729583 0.070625 0.089167
0 0.156250 0.699167 0.077500 0.095000
0 0.775625 0.685000 0.085000 0.078333
0 0.204375 0.682083 0.092500 0.104167
0 0.223125 0.631667 0.096250 0.110000
0 0.953750 0.605833 0.076250 0.088333
0 0.773438 0.598333 0.068125 0.080000
0 0.320625 0.598333 0.088750 0.088333
0 0.423438 0.574167 0.095625 0.090000
0 0.614062 0.567083 0.063125 0.080833
0 0.338438 0.533750 0.071875 0.080833
0 0.750938 0.531667 0.084375 0.086667
0 0.246250 0.514167 0.087500 0.055000
0 0.586250 0.501250 0.107500 0.057500
0 0.425000 0.496250 0.078750 0.062500
0 0.925312 0.477917 0.071875 0.105833
0 0.158125 0.466667 0.081250 0.100000
0 0.523750 0.458333 0.090000 0.085000
0 0.084687 0.410000 0.078125 0.075000
0 0.301875 0.418333 0.101250 0.116667
0 0.596562 0.371250 0.089375 0.077500
0 0.897500 0.375833 0.067500 0.096667
0 0.840313 0.370000 0.055625 0.085000
0 0.704063 0.341667 0.084375 0.076667
0 0.775625 0.348333 0.085000 0.093333
0 0.391250 0.335000 0.081250 0.081667
0 0.239375 0.335833 0.131250 0.085000
0 0.267500 0.268333 0.127500 0.091667
0 0.395000 0.255000 0.090000 0.075000
0 0.080000 0.232917 0.083750 0.079167
0 0.973750 0.220833 0.052500 0.083333
0 0.617500 0.219167 0.080000 0.088333
0 0.094062 0.176250 0.090625 0.092500
0 0.595313 0.161667 0.071875 0.086667
0 0.753437 0.160417 0.105625 0.089167
0 0.456875 0.079167 0.106250 0.070000
0 0.622500 0.076250 0.072500 0.095833
0 0.163438 0.049167 0.078125 0.076667