0 0.348125 0.953333 0.065000 0.075000
0 0.831250 0.954583 0.067500 0.090833
0 0.206875 0.917083 0.057500 0.072500
0 0.750313 0.860000 0.055625 0.085000
0 0.577500 0.842917 0.050000 0.082500
0 0.511250 0.847083 0.066250 0.092500
0 0.426250 0.840000 0.070000 0.091667
0 0.866563 0.800833 0.068125 0.100000
0 0.965938 0.788750 0.064375 0.099167
0 0.470313 0.733750 0.049375 0.067500
0 0.313437 0.731250 0.070625 0.095833
0 0.800937 0.731250 0.076875 0.104167
0 0.230313 0.678333 0.075625 0.098333
0 0.387813 0.675000 0.069375 0.095000
0 0.478125 0.646250 0.065000 0.080833
0 0.579688 0.623333 0.058125 0.080000
0 0.098125 0.592917 0.062500 0.090833
0 0.413125 0.547917 0.060000 0.089167
0 0.894062 0.523750 0.069375 0.090833
0 0.186562 0.509583 0.066875 0.092500
0 0.657813 0.517917 0.103125 0.112500
0 0.321250 0.470833 0.071250 0.098333
0 0.238125 0.437500 0.065000 0.093333
0 0.775937 0.433333 0.066875 0.091667
0 0.982187 0.431250 0.035625 0.092500
0 0.509687 0.433750 0.094375 0.119167
0 0.151875 0.388750 0.076250 0.100833
0 0.290000 0.360833 0.065000 0.086667
0 0.025625 0.342083 0.051250 0.084167
0 0.767813 0.315833 0.098125 0.083333
0 0.321562 0.287500 0.079375 0.078333
0 0.585000 0.257083 0.053750 0.077500
0 0.200625 0.245833 0.060000 0.075000
0 0.745625 0.241250 0.063750 0.084167
0 0.119375 0.225417 0.096250 0.109167
0 0.541250 0.209167 0.063750 0.108333
0 0.502812 0.188333 0.059375 0.091667
0 0.971562 0.175000 0.056875 0.078333
0 0.701562 0.172083 0.063125 0.085833
0 0.205937 0.159583 0.066875 0.090833
0 0.568125 0.134167 0.056250 0.101667
0 0.517813 0.110000 0.046875 0.073333
0 0.938750 0.076667 0.055000 0.086667
0 0.118125 0.077917 0.066250 0.095833
0 0.364375 0.062917 0.062500 0.082500
0 0.603750 0.042917 0.080000 0.085833
0 0.276250 0.020417 0.056250 0.040833