0 0.204375 0.976250 0.068750 0.047500
0 0.430625 0.970000 0.061250 0.060000
0 0.744062 0.969583 0.085625 0.060833
0 0.380312 0.962917 0.059375 0.074167
0 0.843125 0.962083 0.093750 0.075833
0 0.322813 0.955417 0.055625 0.089167
0 0.260313 0.954167 0.070625 0.091667
0 0.131875 0.947083 0.072500 0.099167
0 0.063125 0.930417 0.071250 0.077500
0 0.631250 0.929583 0.088750 0.099167
0 0.439375 0.905000 0.052500 0.071667
0 0.573438 0.930000 0.083125 0.140000
0 0.389688 0.896667 0.061875 0.085000
0 0.091563 0.872500 0.065625 0.080000
0 0.503750 0.881250 0.063750 0.140833
0 0.030312 0.858333 0.060625 0.105000
0 0.167813 0.860417 0.086875 0.117500
0 0.461250 0.857500 0.057500 0.118333
0 0.536563 0.831250 0.076875 0.087500
0 0.604688 0.824167 0.106875 0.115000
0 0.119688 0.809167 0.075625 0.095000
0 0.226875 0.789167 0.071250 0.120000
0 0.481563 0.758333 0.078125 0.101667
0 0.148125 0.752917 0.071250 0.110833
0 0.284375 0.722500 0.062500 0.081667
0 0.048438 0.749167 0.096875 0.145000
0 0.755313 0.727083 0.111875 0.104167
0 0.071250 0.698750 0.076250 0.095833
0 0.212500 0.683750 0.077500 0.102500
0 0.828438 0.664583 0.120625 0.087500
0 0.490000 0.664583 0.120000 0.119167
0 0.146875 0.646250 0.085000 0.092500
0 0.362187 0.650417 0.109375 0.144167
0 0.055313 0.603333 0.110625 0.101667
0 0.282813 0.595000 0.086875 0.086667
0 0.138750 0.565417 0.076250 0.084167
0 0.434063 0.578750 0.075625 0.127500
0 0.876875 0.579167 0.081250 0.160000
0 0.318125 0.527917 0.062500 0.100833
0 0.229375 0.500000 0.063750 0.088333
0 0.165313 0.487917 0.071875 0.090833
0 0.104375 0.497500 0.076250 0.121667
0 0.683438 0.507500 0.151875 0.153333
0 0.018750 0.474583 0.037500 0.089167
0 0.058438 0.463333 0.063125 0.085000
0 0.400313 0.470417 0.081875 0.119167
0 0.252188 0.431667 0.063125 0.076667
0 0.324062 0.431667 0.055625 0.080000
0 0.808125 0.437083 0.077500 0.100833
0 0.690000 0.409583 0.110000 0.109167
0 0.455000 0.405417 0.125000 0.110833
0 0.370937 0.368750 0.051875 0.070833
0 0.915937 0.352083 0.090625 0.117500
0 0.193125 0.322500 0.058750 0.075000
0 0.451562 0.316667 0.069375 0.090000
0 0.246250 0.311667 0.056250 0.081667
0 0.133125 0.314583 0.065000 0.087500
0 0.512813 0.313750 0.058125 0.087500
0 0.751875 0.330417 0.095000 0.144167
0 0.401562 0.252083 0.058125 0.072500
0 0.302500 0.277083 0.065000 0.129167
0 0.479063 0.248333 0.080625 0.093333
0 0.966875 0.248750 0.066250 0.102500
0 0.076875 0.207917 0.060000 0.090833
0 0.337187 0.196250 0.068125 0.087500
0 0.233750 0.188750 0.090000 0.102500
0 0.022500 0.193333 0.045000 0.116667
0 0.772188 0.174583 0.095625 0.162500
0 0.488438 0.143333 0.083125 0.113333
0 0.390000 0.143333 0.077500 0.128333
0 0.071875 0.126250 0.077500 0.094167
0 0.275938 0.109583 0.069375 0.090833
0 0.576875 0.072083 0.045000 0.080833
0 0.360000 0.070417 0.070000 0.094167
0 0.851875 0.085833 0.076250 0.138333
0 0.783438 0.056667 0.066875 0.081667
0 0.455000 0.059583 0.073750 0.092500
0 0.716875 0.073750 0.081250 0.139167
0 0.653438 0.025417 0.069375 0.050833
0 0.604688 0.045833 0.061875 0.091667
0 0.522500 0.065833 0.072500 0.131667
0 0.266562 0.026667 0.065625 0.053333
0 0.204375 0.033750 0.066250 0.067500
0 0.139063 0.070417 0.074375 0.140833