0 0.952500 0.973333 0.080000 0.053333
0 0.901250 0.951250 0.065000 0.084167
0 0.192188 0.925833 0.055625 0.091667
0 0.843125 0.911250 0.058750 0.077500
0 0.567187 0.913750 0.085625 0.084167
0 0.243750 0.900833 0.061250 0.071667
0 0.408750 0.905000 0.061250 0.086667
0 0.133750 0.898333 0.063750 0.085000
0 0.976562 0.910833 0.046875 0.113333
0 0.924375 0.883750 0.062500 0.080833
0 0.492812 0.887500 0.058125 0.116667
0 0.731875 0.866250 0.062500 0.084167
0 0.447500 0.854167 0.055000 0.073333
0 0.799375 0.866250 0.060000 0.099167
0 0.528438 0.851250 0.055625 0.085833
0 0.345000 0.843750 0.045000 0.092500
0 0.606250 0.834167 0.061250 0.076667
0 0.961250 0.837500 0.060000 0.088333
0 0.665937 0.830417 0.060625 0.092500
0 0.140313 0.804167 0.061875 0.083333
0 0.211562 0.765417 0.055625 0.072500
0 0.845000 0.772500 0.067500 0.091667
0 0.969688 0.781250 0.060625 0.114167
0 0.042188 0.731667 0.053125 0.070000
0 0.779375 0.721250 0.066250 0.084167
0 0.084687 0.729167 0.073125 0.130000
0 0.521875 0.697500 0.066250 0.078333
0 0.215625 0.693333 0.065000 0.081667
0 0.872188 0.695417 0.078125 0.092500
0 0.683750 0.673333 0.063750 0.096667
0 0.922188 0.660000 0.056875 0.080000
0 0.435312 0.660000 0.061875 0.080000
0 0.303125 0.627917 0.057500 0.064167
0 0.248125 0.604583 0.052500 0.114167
0 0.749062 0.579167 0.068125 0.071667
0 0.279062 0.566667 0.058125 0.088333
0 0.349062 0.537917 0.056875 0.077500
0 0.525937 0.529583 0.056875 0.072500
0 0.022812 0.514583 0.045625 0.079167
0 0.678125 0.498750 0.056250 0.077500
0 0.257188 0.480833 0.059375 0.073333
0 0.957500 0.507917 0.073750 0.134167
0 0.497188 0.464167 0.060625 0.083333
0 0.435937 0.467917 0.058125 0.090833
0 0.628125 0.446250 0.056250 0.084167
0 0.758437 0.441667 0.068125 0.086667
0 0.692187 0.421667 0.065625 0.086667
0 0.185938 0.386667 0.063125 0.080000
0 0.111562 0.364167 0.061875 0.075000
0 0.746250 0.361667 0.051250 0.083333
0 0.241250 0.362917 0.062500 0.094167
0 0.666562 0.342500 0.071875 0.086667
0 0.543125 0.284167 0.060000 0.083333
0 0.032500 0.282083 0.065000 0.084167
0 0.652500 0.270833 0.070000 0.093333
0 0.612812 0.251250 0.050625 0.097500
0 0.519687 0.232083 0.056875 0.077500
0 0.210938 0.217500 0.060625 0.081667
0 0.758437 0.209583 0.045625 0.075833
0 0.711875 0.205833 0.051250 0.075000
0 0.381250 0.208333 0.062500 0.100000
0 0.859375 0.222500 0.073750 0.158333
0 0.343125 0.169167 0.053750 0.076667
0 0.290000 0.157917 0.055000 0.084167
0 0.035625 0.171667 0.071250 0.116667
0 0.529687 0.150417 0.055625 0.082500
0 0.902188 0.142083 0.080625 0.109167
0 0.432500 0.112083 0.058750 0.079167
0 0.762188 0.110000 0.060625 0.078333
0 0.707500 0.118750 0.063750 0.119167
0 0.867500 0.075417 0.057500 0.069167
0 0.944688 0.050000 0.068125 0.100000
0 0.359063 0.040833 0.060625 0.081667