0 0.418125 0.926667 0.063750 0.086667
0 0.661563 0.884167 0.074375 0.091667
0 0.855000 0.875000 0.072500 0.100000
0 0.978125 0.830417 0.043750 0.104167
0 0.244375 0.772083 0.082500 0.109167
0 0.826250 0.743333 0.070000 0.088333
0 0.173437 0.736250 0.080625 0.095833
0 0.612500 0.735833 0.071250 0.103333
0 0.382812 0.676667 0.070625 0.085000
0 0.080937 0.675417 0.081875 0.114167
0 0.147187 0.644167 0.076875 0.105000
0 0.550625 0.627083 0.068750 0.095833
0 0.712812 0.626250 0.076875 0.095833
0 0.231875 0.622917 0.070000 0.094167
0 0.089375 0.513333 0.067500 0.091667
0 0.272813 0.492500 0.074375 0.095000
0 0.576250 0.478333 0.072500 0.088333
0 0.660000 0.484167 0.072500 0.116667
0 0.345313 0.477083 0.075625 0.109167
0 0.292187 0.420833 0.071875 0.090000
0 0.747812 0.422083 0.076875 0.102500
0 0.886563 0.394167 0.068125 0.103333
0 0.057188 0.304583 0.076875 0.090833
0 0.397500 0.313750 0.071250 0.115833
0 0.530312 0.315000 0.086875 0.148333
0 0.710000 0.265417 0.073750 0.092500
0 0.377812 0.247917 0.086875 0.105833
0 0.335313 0.220000 0.063125 0.091667
0 0.649062 0.215417 0.075625 0.095833
0 0.759062 0.201250 0.064375 0.092500
0 0.150938 0.170417 0.074375 0.097500
0 0.335000 0.103750 0.078750 0.107500
0 0.059687 0.068333 0.065625 0.078333
0 0.483125 0.059583 0.080000 0.119167
0 0.029063 0.038333 0.058125 0.076667