0 0.179688 0.979167 0.061875 0.041667
0 0.418750 0.964167 0.058750 0.061667
0 0.950937 0.962500 0.058125 0.075000
0 0.546250 0.944167 0.065000 0.090000
0 0.921250 0.927500 0.056250 0.080000
0 0.022500 0.923333 0.045000 0.078333
0 0.639062 0.902500 0.058125 0.060000
0 0.505313 0.885833 0.063125 0.076667
0 0.612187 0.844583 0.071875 0.070833
0 0.334688 0.807917 0.055625 0.087500
0 0.473750 0.803750 0.082500 0.097500
0 0.097500 0.789167 0.058750 0.071667
0 0.809688 0.782500 0.061875 0.085000
0 0.610625 0.769167 0.066250 0.078333
0 0.536875 0.763333 0.065000 0.080000
0 0.968437 0.751250 0.063125 0.092500
0 0.460313 0.709167 0.051875 0.070000
0 0.848437 0.696667 0.060625 0.076667
0 0.617500 0.685417 0.058750 0.070833
0 0.926875 0.694167 0.067500 0.091667
0 0.059687 0.676250 0.073125 0.110833
0 0.338125 0.639583 0.060000 0.079167
0 0.449062 0.637083 0.064375 0.085833
0 0.697187 0.633333 0.085625 0.116667
0 0.593437 0.616250 0.063125 0.089167
0 0.824063 0.605417 0.063125 0.084167
0 0.519062 0.599583 0.063125 0.094167
0 0.107188 0.577500 0.058125 0.081667
0 0.877812 0.576250 0.075625 0.129167
0 0.425625 0.562500 0.092500 0.105000
0 0.156875 0.540417 0.046250 0.090833
0 0.721250 0.528750 0.057500 0.079167
0 0.674063 0.504583 0.054375 0.084167
0 0.270937 0.524167 0.106875 0.123333
0 0.415625 0.466250 0.052500 0.065833
0 0.169063 0.448333 0.060625 0.083333
0 0.019688 0.477917 0.039375 0.147500
0 0.638437 0.395833 0.055625 0.075000
0 0.025000 0.377500 0.050000 0.066667
0 0.869375 0.376667 0.068750 0.085000
0 0.778125 0.391250 0.082500 0.124167
0 0.178437 0.362500 0.061875 0.078333
0 0.433125 0.324167 0.062500 0.078333
0 0.687187 0.344167 0.086875 0.120000
0 0.120000 0.327083 0.087500 0.115833
0 0.771250 0.290000 0.062500 0.075000
0 0.200625 0.276250 0.055000 0.072500
0 0.832812 0.280417 0.055625 0.082500
0 0.546250 0.260000 0.062500 0.066667
0 0.948750 0.275833 0.065000 0.101667
0 0.381250 0.263750 0.058750 0.077500
0 0.077813 0.255833 0.066875 0.081667
0 0.887813 0.246667 0.063125 0.081667
0 0.689688 0.237917 0.058125 0.082500
0 0.288125 0.241667 0.095000 0.108333
0 0.988125 0.227500 0.023750 0.085000
0 0.241875 0.185833 0.058750 0.071667
0 0.067812 0.159167 0.070625 0.090000
0 0.617500 0.136667 0.053750 0.088333
0 0.670937 0.120833 0.061875 0.076667
0 0.396562 0.126667 0.056875 0.100000
0 0.230937 0.110417 0.050625 0.074167
0 0.480000 0.099167 0.055000 0.076667
0 0.979062 0.086250 0.041875 0.074167
0 0.430937 0.082083 0.059375 0.089167
0 0.170313 0.067083 0.056875 0.067500
0 0.645938 0.059583 0.083125 0.107500
0 0.165000 0.021250 0.063750 0.042500
0 0.080000 0.028750 0.057500 0.057500