0 0.479375 0.963750 0.067500 0.072500
0 0.040625 0.960000 0.081250 0.080000
0 0.713125 0.957917 0.060000 0.084167
0 0.976875 0.954583 0.046250 0.082500
0 0.219688 0.940417 0.063125 0.084167
0 0.606875 0.909167 0.077500 0.086667
0 0.789687 0.880417 0.051875 0.075833
0 0.879375 0.880417 0.060000 0.085833
0 0.126562 0.889167 0.074375 0.121667
0 0.168125 0.867917 0.081250 0.104167
0 0.112187 0.791667 0.065625 0.071667
0 0.698125 0.756667 0.060000 0.073333
0 0.599688 0.764583 0.066875 0.092500
0 0.977812 0.718750 0.044375 0.094167
0 0.544063 0.703750 0.065625 0.085833
0 0.418125 0.655833 0.061250 0.085000
0 0.031563 0.632917 0.063125 0.089167
0 0.188125 0.627917 0.058750 0.082500
0 0.922188 0.617083 0.059375 0.075833
0 0.526250 0.617500 0.062500 0.078333
0 0.847812 0.541250 0.065625 0.089167
0 0.162500 0.493333 0.060000 0.073333
0 0.423750 0.493333 0.070000 0.101667
0 0.474375 0.456250 0.055000 0.090833
0 0.710000 0.449583 0.077500 0.104167
0 0.759062 0.418750 0.048125 0.087500
0 0.643125 0.414167 0.076250 0.085000
0 0.209063 0.389583 0.059375 0.084167
0 0.025937 0.380000 0.051875 0.076667
0 0.796875 0.382500 0.058750 0.090000
0 0.074688 0.362500 0.069375 0.085000
0 0.569375 0.343750 0.063750 0.079167
0 0.912500 0.310833 0.062500 0.076667
0 0.287813 0.298333 0.070625 0.068333
0 0.063437 0.291250 0.069375 0.069167
0 0.627188 0.293333 0.061875 0.081667
0 0.681562 0.264583 0.061875 0.085833
0 0.111562 0.253750 0.064375 0.077500
0 0.572500 0.251250 0.075000 0.090833
0 0.390625 0.225417 0.060000 0.079167
0 0.953125 0.225417 0.093750 0.089167
0 0.629375 0.212917 0.058750 0.072500
0 0.847187 0.200417 0.061875 0.084167
0 0.022812 0.203333 0.045625 0.096667
0 0.098437 0.185833 0.078125 0.086667
0 0.546562 0.180417 0.065625 0.077500
0 0.061562 0.122917 0.061875 0.079167
0 0.389375 0.126667 0.056250 0.088333
0 0.648125 0.117917 0.063750 0.082500
0 0.570000 0.105417 0.067500 0.085833
0 0.213125 0.077917 0.056250 0.072500
0 0.744375 0.065000 0.067500 0.086667
0 0.873125 0.023750 0.060000 0.047500
0 0.559063 0.030000 0.070625 0.060000
0 0.371563 0.034167 0.060625 0.068333
0 0.287500 0.034167 0.052500 0.068333