0 0.219375 0.980833 0.076250 0.038333
0 0.302812 0.979583 0.061875 0.040833
0 0.649375 0.967500 0.077500 0.065000
0 0.422812 0.961667 0.076875 0.076667
0 0.835625 0.945000 0.057500 0.066667
0 0.362812 0.943750 0.064375 0.077500
0 0.052500 0.949167 0.075000 0.096667
0 0.258437 0.940000 0.063125 0.085000
0 0.762500 0.932500 0.062500 0.080000
0 0.974375 0.904167 0.051250 0.100000
0 0.553750 0.902917 0.063750 0.117500
0 0.700625 0.892083 0.125000 0.100833
0 0.080625 0.858750 0.057500 0.075833
0 0.372812 0.849583 0.058125 0.082500
0 0.536563 0.833333 0.039375 0.060000
0 0.295312 0.857500 0.075625 0.111667
0 0.952500 0.770833 0.065000 0.085000
0 0.326250 0.767500 0.063750 0.078333
0 0.047813 0.761250 0.056875 0.099167
0 0.202500 0.729583 0.066250 0.064167
0 0.424687 0.735833 0.063125 0.085000
0 0.806250 0.742917 0.067500 0.117500
0 0.983125 0.707083 0.033750 0.074167
0 0.308437 0.700417 0.065625 0.102500
0 0.204063 0.679583 0.056875 0.072500
0 0.069062 0.657083 0.046875 0.094167
0 0.741563 0.642083 0.058125 0.074167
0 0.833125 0.630000 0.056250 0.071667
0 0.556250 0.630000 0.051250 0.081667
0 0.364375 0.606250 0.067500 0.070833
0 0.191875 0.586250 0.061250 0.084167
0 0.352812 0.560000 0.073125 0.085000
0 0.750000 0.547917 0.080000 0.090833
0 0.576562 0.518333 0.059375 0.076667
0 0.171563 0.514167 0.066875 0.075000
0 0.514062 0.521250 0.050625 0.094167
0 0.875000 0.521250 0.062500 0.095833
0 0.251563 0.524167 0.069375 0.111667
0 0.327500 0.482083 0.061250 0.080833
0 0.256563 0.450417 0.068125 0.070833
0 0.624062 0.437917 0.044375 0.060833
0 0.967812 0.414583 0.064375 0.080833
0 0.372188 0.405833 0.056875 0.078333
0 0.253750 0.392083 0.070000 0.059167
0 0.052500 0.400000 0.052500 0.091667
0 0.120313 0.390833 0.060625 0.083333
0 0.164062 0.376250 0.053125 0.097500
0 0.902813 0.359583 0.060625 0.075833
0 0.551250 0.336250 0.062500 0.082500
0 0.348125 0.320417 0.068750 0.069167
0 0.834688 0.327917 0.069375 0.085833
0 0.611250 0.317083 0.050000 0.080833
0 0.016875 0.337083 0.033750 0.150833
0 0.535000 0.282083 0.063750 0.062500
0 0.426563 0.270417 0.053125 0.065833
0 0.939375 0.280417 0.067500 0.089167
0 0.687500 0.275417 0.067500 0.095833
0 0.105625 0.257083 0.075000 0.094167
0 0.982500 0.230000 0.035000 0.080000
0 0.420625 0.208333 0.061250 0.063333
0 0.130000 0.212500 0.058750 0.076667
0 0.604062 0.222917 0.085625 0.115833
0 0.327500 0.205833 0.078750 0.081667
0 0.655937 0.191250 0.063125 0.087500
0 0.894062 0.162917 0.054375 0.077500
0 0.381875 0.142500 0.052500 0.070000
0 0.963437 0.139167 0.059375 0.073333
0 0.609062 0.117500 0.058125 0.075000
0 0.454375 0.116667 0.063750 0.076667
0 0.283438 0.064167 0.048125 0.065000
0 0.712500 0.046250 0.061250 0.040833
0 0.381250 0.058750 0.050000 0.067500
0 0.227187 0.080833 0.068125 0.113333
0 0.107813 0.082500 0.063125 0.116667
0 0.792500 0.050417 0.062500 0.075833
0 0.551562 0.048750 0.061875 0.087500
0 0.864062 0.034583 0.063125 0.069167
0 0.278750 0.015000 0.062500 0.030000
0 0.195625 0.026667 0.085000 0.053333
0 0.098437 0.025000 0.059375 0.050000