0 0.388750 0.979167 0.068750 0.041667
0 0.528438 0.914167 0.073125 0.101667
0 0.447813 0.865000 0.071875 0.086667
0 0.767813 0.846250 0.073125 0.087500
0 0.266562 0.836250 0.074375 0.084167
0 0.135937 0.839167 0.079375 0.101667
0 0.058750 0.826250 0.065000 0.102500
0 0.681875 0.807500 0.071250 0.118333
0 0.366563 0.809583 0.088125 0.122500
0 0.289687 0.787083 0.065625 0.084167
0 0.863750 0.728333 0.068750 0.100000
0 0.198750 0.714167 0.065000 0.093333
0 0.736250 0.707083 0.075000 0.100833
0 0.256250 0.657500 0.073750 0.103333
0 0.605000 0.613333 0.080000 0.093333
0 0.030625 0.592917 0.061250 0.100833
0 0.217188 0.567917 0.080625 0.095833
0 0.084375 0.559167 0.071250 0.100000
0 0.683438 0.545417 0.073125 0.094167
0 0.503750 0.545417 0.073750 0.099167
0 0.809688 0.535000 0.074375 0.101667
0 0.223750 0.462083 0.073750 0.102500
0 0.883437 0.460833 0.079375 0.103333
0 0.114375 0.437917 0.061250 0.090833
0 0.290938 0.424583 0.073125 0.100833
0 0.362812 0.369583 0.075625 0.100833
0 0.023438 0.352500 0.046875 0.098333
0 0.528125 0.307917 0.068750 0.089167
0 0.065625 0.313750 0.076250 0.107500
0 0.907500 0.276250 0.083750 0.115833
0 0.954688 0.179583 0.065625 0.080833
0 0.748750 0.133333 0.068750 0.105000
0 0.665000 0.132083 0.081250 0.102500
0 0.300312 0.117917 0.071875 0.095833
0 0.106563 0.064167 0.069375 0.091667
0 0.811875 0.052083 0.072500 0.092500
0 0.490312 0.054583 0.080625 0.099167
0 0.553438 0.023750 0.073125 0.047500