0 0.382500 0.979167 0.067500 0.041667
0 0.077813 0.979167 0.066875 0.041667
0 0.028438 0.972500 0.056875 0.055000
0 0.958125 0.963750 0.062500 0.072500
0 0.570000 0.953750 0.065000 0.089167
0 0.818125 0.950000 0.088750 0.100000
0 0.899062 0.946250 0.074375 0.107500
0 0.279375 0.932500 0.075000 0.101667
0 0.344375 0.918333 0.062500 0.088333
0 0.222812 0.870417 0.069375 0.089167
0 0.762500 0.866667 0.068750 0.100000
0 0.605625 0.835833 0.062500 0.086667
0 0.667813 0.833333 0.061875 0.088333
0 0.440937 0.784583 0.063125 0.087500
0 0.895938 0.771250 0.066875 0.095833
0 0.357812 0.762083 0.066875 0.085833
0 0.634687 0.740000 0.071875 0.085000
0 0.129375 0.766250 0.068750 0.144167
0 0.196250 0.736250 0.078750 0.132500
0 0.740000 0.675000 0.073750 0.113333
0 0.389062 0.654583 0.073125 0.084167
0 0.968437 0.652500 0.063125 0.093333
0 0.324375 0.627917 0.077500 0.090833
0 0.436563 0.615417 0.089375 0.072500
0 0.021875 0.612917 0.043750 0.097500
0 0.625313 0.607500 0.074375 0.100000
0 0.482187 0.587917 0.065625 0.092500
0 0.901250 0.577500 0.065000 0.100000
0 0.247188 0.547083 0.071875 0.082500
0 0.739688 0.552917 0.071875 0.099167
0 0.327188 0.519167 0.066875 0.093333
0 0.641563 0.501667 0.068125 0.091667
0 0.580000 0.477500 0.067500 0.096667
0 0.115625 0.467500 0.066250 0.093333
0 0.856563 0.456667 0.071875 0.100000
0 0.705313 0.452500 0.063125 0.096667
0 0.772813 0.448750 0.071875 0.090833
0 0.024063 0.453333 0.048125 0.103333
0 0.421875 0.444167 0.068750 0.086667
0 0.325625 0.425417 0.075000 0.087500
0 0.529375 0.391250 0.070000 0.097500
0 0.040313 0.357917 0.065625 0.087500
0 0.326875 0.324583 0.063750 0.090833
0 0.469375 0.314167 0.070000 0.093333
0 0.683125 0.274167 0.051250 0.081667
0 0.606875 0.266667 0.060000 0.085000
0 0.816250 0.270833 0.068750 0.096667
0 0.514687 0.234583 0.070625 0.092500
0 0.936562 0.233333 0.071875 0.093333
0 0.754375 0.199583 0.058750 0.070833
0 0.539375 0.174167 0.061250 0.083333
0 0.096875 0.157500 0.060000 0.086667
0 0.924687 0.150833 0.079375 0.078333
0 0.136250 0.119583 0.076250 0.105833
0 0.032813 0.126250 0.065625 0.132500
0 0.785937 0.098333 0.071875 0.135000
0 0.468750 0.060000 0.068750 0.096667
0 0.610938 0.041250 0.070625 0.082500
0 0.323125 0.045000 0.070000 0.090000