0 0.411875 0.955417 0.061250 0.079167
0 0.471875 0.955000 0.058750 0.090000
0 0.035000 0.946667 0.063750 0.090000
0 0.816875 0.925417 0.063750 0.089167
0 0.660312 0.922500 0.064375 0.093333
0 0.882812 0.926250 0.063125 0.104167
0 0.204375 0.915417 0.067500 0.092500
0 0.629062 0.926250 0.071875 0.125833
0 0.724063 0.898750 0.058125 0.099167
0 0.970000 0.892917 0.060000 0.089167
0 0.774062 0.873750 0.055625 0.084167
0 0.930312 0.836250 0.066875 0.090833
0 0.380937 0.821250 0.076875 0.090833
0 0.025000 0.818750 0.050000 0.095833
0 0.667500 0.801667 0.075000 0.093333
0 0.987500 0.772083 0.025000 0.092500
0 0.723437 0.763750 0.066875 0.085833
0 0.803750 0.749583 0.065000 0.109167
0 0.198125 0.703750 0.082500 0.122500
0 0.932500 0.687083 0.107500 0.130833
0 0.117188 0.643750 0.061875 0.085833
0 0.571250 0.635000 0.070000 0.076667
0 0.252812 0.640000 0.074375 0.116667
0 0.189062 0.606667 0.078125 0.083333
0 0.604688 0.601667 0.061875 0.086667
0 0.332813 0.578333 0.069375 0.086667
0 0.740000 0.570000 0.068750 0.078333
0 0.668125 0.530000 0.055000 0.075000
0 0.178125 0.522500 0.077500 0.091667
0 0.367188 0.503750 0.070625 0.074167
0 0.038437 0.491667 0.066875 0.093333
0 0.441875 0.465417 0.067500 0.097500
0 0.203125 0.459167 0.068750 0.088333
0 0.677188 0.450000 0.073125 0.091667
0 0.569063 0.442083 0.070625 0.100833
0 0.268437 0.414167 0.061875 0.085000
0 0.880625 0.415417 0.068750 0.090833
0 0.802813 0.418750 0.068125 0.105833
0 0.327188 0.412083 0.061875 0.094167
0 0.462813 0.363750 0.061875 0.082500
0 0.029375 0.374167 0.058750 0.126667
0 0.873750 0.336250 0.080000 0.095833
0 0.178750 0.319583 0.071250 0.092500
0 0.936250 0.299583 0.065000 0.094167
0 0.759375 0.277500 0.061250 0.088333
0 0.700625 0.254167 0.065000 0.086667
0 0.920312 0.232083 0.090625 0.074167
0 0.401562 0.232083 0.073125 0.075833
0 0.572812 0.235833 0.063125 0.091667
0 0.975625 0.197917 0.048750 0.084167
0 0.178750 0.204167 0.068750 0.100000
0 0.040000 0.206667 0.070000 0.106667
0 0.235937 0.182500 0.063125 0.088333
0 0.376875 0.163333 0.060000 0.086667
0 0.299375 0.150417 0.076250 0.090833
0 0.772500 0.108333 0.071250 0.085000
0 0.238750 0.097917 0.070000 0.085833
0 0.316563 0.078750 0.060625 0.082500
0 0.705313 0.076250 0.091875 0.127500
0 0.829375 0.050000 0.070000 0.100000
0 0.646563 0.025417 0.069375 0.050833
0 0.473125 0.027917 0.061250 0.055833