0 0.932187 0.981667 0.054375 0.036667
0 0.609375 0.961667 0.053750 0.076667
0 0.959063 0.941667 0.063125 0.088333
0 0.349687 0.933750 0.063125 0.090833
0 0.453750 0.917500 0.066250 0.070000
0 0.518437 0.925000 0.059375 0.086667
0 0.900625 0.921667 0.060000 0.081667
0 0.291875 0.924583 0.052500 0.097500
0 0.751875 0.892917 0.070000 0.090833
0 0.820937 0.870833 0.069375 0.080000
0 0.574688 0.848750 0.058125 0.080833
0 0.133437 0.843333 0.058125 0.075000
0 0.702812 0.830000 0.065625 0.086667
0 0.888437 0.831667 0.065625 0.093333
0 0.773125 0.810833 0.060000 0.078333
0 0.044062 0.802083 0.064375 0.079167
0 0.975000 0.783333 0.050000 0.096667
0 0.483750 0.761667 0.062500 0.070000
0 0.120625 0.769583 0.090000 0.089167
0 0.732500 0.755000 0.060000 0.081667
0 0.028438 0.744583 0.056875 0.075833
0 0.851562 0.747083 0.069375 0.092500
0 0.184688 0.736250 0.045625 0.079167
0 0.611250 0.715000 0.052500 0.070000
0 0.080625 0.708750 0.058750 0.119167
0 0.556562 0.661250 0.059375 0.085833
0 0.496875 0.673750 0.052500 0.117500
0 0.304688 0.654167 0.060625 0.081667
0 0.749375 0.642500 0.047500 0.088333
0 0.688750 0.650833 0.092500 0.130000
0 0.224688 0.620000 0.068125 0.081667
0 0.894687 0.569583 0.055625 0.067500
0 0.435937 0.581250 0.064375 0.092500
0 0.627812 0.568750 0.058125 0.082500
0 0.304375 0.570833 0.061250 0.091667
0 0.766875 0.510417 0.067500 0.085833
0 0.721562 0.486250 0.061875 0.080833
0 0.905312 0.487917 0.061875 0.085833
0 0.452813 0.480417 0.058125 0.075833
0 0.210625 0.476667 0.070000 0.070000
0 0.571250 0.480833 0.062500 0.093333
0 0.393750 0.475833 0.050000 0.088333
0 0.342813 0.465833 0.055625 0.078333
0 0.622500 0.460833 0.057500 0.095000
0 0.762188 0.422917 0.059375 0.079167
0 0.555312 0.393750 0.063125 0.082500
0 0.679688 0.373750 0.065625 0.080833
0 0.223438 0.359167 0.105625 0.081667
0 0.457813 0.341667 0.060625 0.086667
0 0.216250 0.295000 0.045000 0.063333
0 0.937500 0.302083 0.063750 0.085833
0 0.757188 0.277500 0.051875 0.081667
0 0.110937 0.270417 0.083125 0.107500
0 0.904062 0.235000 0.058125 0.078333
0 0.339062 0.223750 0.070625 0.069167
0 0.648125 0.224167 0.051250 0.076667
0 0.029375 0.198750 0.058750 0.099167
0 0.124375 0.173333 0.033750 0.050000
0 0.561250 0.184583 0.058750 0.080833
0 0.075625 0.181250 0.061250 0.092500
0 0.875625 0.162500 0.062500 0.071667
0 0.270625 0.167917 0.051250 0.089167
0 0.704688 0.155000 0.051875 0.076667
0 0.231875 0.143750 0.055000 0.077500
0 0.585625 0.105417 0.052500 0.095833
0 0.899375 0.097083 0.058750 0.080833
0 0.708125 0.079583 0.058750 0.077500
0 0.335000 0.064167 0.052500 0.068333
0 0.415312 0.065000 0.056875 0.081667
0 0.213750 0.057083 0.060000 0.075833
0 0.154688 0.046667 0.055625 0.075000
0 0.605625 0.041667 0.056250 0.073333
0 0.854375 0.023333 0.062500 0.046667
0 0.454688 0.022083 0.075625 0.044167
0 0.265000 0.020000 0.051250 0.040000