0 0.468438 0.978333 0.075625 0.043333
0 0.800937 0.969583 0.061875 0.060833
0 0.735938 0.967500 0.059375 0.065000
0 0.605625 0.965000 0.071250 0.070000
0 0.029375 0.962917 0.058750 0.074167
0 0.336562 0.958750 0.074375 0.082500
0 0.922813 0.954167 0.068125 0.091667
0 0.545937 0.912500 0.081875 0.091667
0 0.783438 0.895000 0.068125 0.095000
0 0.383750 0.869167 0.072500 0.095000
0 0.855000 0.866250 0.072500 0.100833
0 0.094375 0.839583 0.076250 0.095833
0 0.537188 0.810000 0.076875 0.091667
0 0.235937 0.766667 0.074375 0.100000
0 0.058125 0.742500 0.070000 0.090000
0 0.336250 0.738333 0.077500 0.100000
0 0.882188 0.730000 0.076875 0.090000
0 0.148750 0.710000 0.061250 0.096667
0 0.085000 0.689583 0.070000 0.102500
0 0.404375 0.664167 0.072500 0.091667
0 0.264062 0.658750 0.066875 0.087500
0 0.900312 0.657500 0.076875 0.093333
0 0.977187 0.646667 0.045625 0.096667
0 0.493750 0.647917 0.075000 0.135833
0 0.925625 0.612500 0.061250 0.108333
0 0.225000 0.587083 0.065000 0.089167
0 0.098437 0.583750 0.068125 0.087500
0 0.977187 0.560417 0.045625 0.070833
0 0.061875 0.532083 0.061250 0.110833
0 0.473750 0.519167 0.078750 0.110000
0 0.978437 0.492917 0.043125 0.069167
0 0.638125 0.432500 0.068750 0.088333
0 0.502188 0.436667 0.065625 0.113333
0 0.822812 0.426250 0.061875 0.095833
0 0.120000 0.395000 0.078750 0.103333
0 0.963750 0.378333 0.072500 0.105000
0 0.569688 0.377083 0.074375 0.102500
0 0.899375 0.347917 0.067500 0.087500
0 0.026250 0.349583 0.052500 0.102500
0 0.187812 0.360833 0.061875 0.126667
0 0.327813 0.355833 0.074375 0.120000
0 0.715313 0.320417 0.070625 0.095833
0 0.230000 0.275417 0.055000 0.102500
0 0.476250 0.269167 0.065000 0.095000
0 0.386875 0.272917 0.068750 0.105833
0 0.557813 0.266250 0.078125 0.095833
0 0.181562 0.251250 0.068125 0.087500
0 0.825625 0.250833 0.075000 0.110000
0 0.750938 0.221250 0.071875 0.094167
0 0.963750 0.207917 0.072500 0.097500
0 0.637500 0.197500 0.066250 0.095000
0 0.043750 0.178333 0.071250 0.096667
0 0.383125 0.169583 0.076250 0.089167
0 0.155938 0.167500 0.063125 0.091667
0 0.868750 0.114167 0.071250 0.103333
0 0.088750 0.103750 0.070000 0.089167
0 0.738125 0.088750 0.065000 0.094167
0 0.447500 0.070417 0.071250 0.097500
0 0.808125 0.064167 0.070000 0.096667
0 0.909687 0.039583 0.069375 0.079167
0 0.052500 0.045000 0.078750 0.090000