0 0.479687 0.977083 0.066875 0.045833
0 0.923125 0.974167 0.068750 0.051667
0 0.645625 0.970417 0.095000 0.059167
0 0.736875 0.961667 0.065000 0.076667
0 0.543750 0.961667 0.061250 0.076667
0 0.118125 0.950000 0.068750 0.080000
0 0.179375 0.937917 0.070000 0.087500
0 0.796562 0.932083 0.065625 0.095833
0 0.341562 0.922083 0.065625 0.084167
0 0.877812 0.905417 0.065625 0.090833
0 0.670000 0.905000 0.062500 0.091667
0 0.750000 0.884583 0.063750 0.082500
0 0.134063 0.879167 0.068125 0.075000
0 0.203125 0.867083 0.075000 0.084167
0 0.397188 0.860417 0.064375 0.092500
0 0.316250 0.852083 0.088750 0.115833
0 0.067500 0.856667 0.090000 0.125000
0 0.457813 0.835417 0.071875 0.087500
0 0.870625 0.830000 0.072500 0.100000
0 0.938750 0.823750 0.066250 0.090833
0 0.784062 0.809167 0.053125 0.078333
0 0.513125 0.808750 0.073750 0.094167
0 0.120000 0.799167 0.075000 0.103333
0 0.702500 0.825000 0.071250 0.176667
0 0.219375 0.782917 0.075000 0.092500
0 0.659687 0.770000 0.068125 0.098333
0 0.284375 0.757500 0.070000 0.073333
0 0.053437 0.762500 0.066875 0.085000
0 0.904062 0.745833 0.075625 0.093333
0 0.621563 0.735000 0.063125 0.071667
0 0.152500 0.729167 0.063750 0.073333
0 0.385000 0.726667 0.063750 0.081667
0 0.255625 0.706250 0.065000 0.072500
0 0.088750 0.698333 0.057500 0.076667
0 0.674063 0.682500 0.064375 0.081667
0 0.326250 0.672083 0.070000 0.075833
0 0.136563 0.667917 0.064375 0.080833
0 0.621875 0.666250 0.082500 0.095833
0 0.830937 0.659167 0.056875 0.083333
0 0.940625 0.646250 0.093750 0.105833
0 0.775312 0.644583 0.078125 0.119167
0 0.386562 0.624167 0.086875 0.106667
0 0.069375 0.610417 0.082500 0.117500
0 0.590000 0.594167 0.097500 0.100000
0 0.306250 0.587500 0.073750 0.091667
0 0.972500 0.569583 0.055000 0.092500
0 0.890938 0.554167 0.059375 0.076667
0 0.366875 0.546667 0.073750 0.065000
0 0.128438 0.558333 0.066875 0.088333
0 0.014375 0.541667 0.028750 0.060000
0 0.178437 0.535417 0.069375 0.087500
0 0.736563 0.537500 0.096875 0.103333
0 0.557813 0.500833 0.060625 0.101667
0 0.744375 0.483333 0.061250 0.090000
0 0.018437 0.470000 0.036875 0.080000
0 0.952500 0.468750 0.076250 0.097500
0 0.072500 0.460833 0.077500 0.156667
0 0.689688 0.421667 0.065625 0.100000
0 0.760312 0.393333 0.066875 0.085000
0 0.044375 0.369167 0.055000 0.063333
0 0.394062 0.380000 0.088125 0.105000
0 0.502500 0.394583 0.157500 0.142500
0 0.946875 0.348750 0.067500 0.100833
0 0.809375 0.340000 0.067500 0.088333
0 0.098437 0.338750 0.064375 0.089167
0 0.346562 0.332917 0.063125 0.105833
0 0.723437 0.321250 0.089375 0.109167
0 0.968125 0.253750 0.063750 0.089167
0 0.811875 0.252917 0.068750 0.095833
0 0.897188 0.242500 0.106875 0.078333
0 0.333750 0.244167 0.071250 0.093333
0 0.606250 0.240417 0.067500 0.092500
0 0.677500 0.236250 0.072500 0.094167
0 0.295938 0.190417 0.080625 0.092500
0 0.066562 0.154167 0.096875 0.095000
0 0.622812 0.151250 0.060625 0.104167
0 0.981563 0.126667 0.036875 0.093333
0 0.571250 0.110833 0.058750 0.073333
0 0.507500 0.106667 0.068750 0.088333
0 0.655312 0.041250 0.065625 0.082500
0 0.237813 0.057083 0.080625 0.114167
0 0.034375 0.041667 0.055000 0.083333