0 0.306875 0.978333 0.061250 0.043333
0 0.878125 0.977083 0.062500 0.045833
0 0.357812 0.970000 0.050625 0.060000
0 0.499688 0.965417 0.048125 0.069167
0 0.928438 0.957917 0.053125 0.072500
0 0.043437 0.958750 0.054375 0.082500
0 0.664687 0.931250 0.064375 0.080833
0 0.319063 0.928333 0.055625 0.076667
0 0.460938 0.914583 0.060625 0.070833
0 0.235625 0.896250 0.061250 0.094167
0 0.795000 0.890000 0.061250 0.086667
0 0.895938 0.885417 0.050625 0.079167
0 0.845625 0.880417 0.048750 0.075833
0 0.561562 0.880000 0.066875 0.086667
0 0.294063 0.871250 0.054375 0.074167
0 0.382188 0.860000 0.054375 0.091667
0 0.450313 0.837917 0.051875 0.067500
0 0.630938 0.846250 0.064375 0.087500
0 0.692813 0.837083 0.055625 0.079167
0 0.110000 0.823333 0.053750 0.080000
0 0.061875 0.814583 0.050000 0.079167
0 0.531875 0.807083 0.056250 0.077500
0 0.774375 0.803750 0.058750 0.079167
0 0.906563 0.795417 0.073125 0.084167
0 0.980313 0.768750 0.039375 0.059167
0 0.475625 0.762500 0.068750 0.090000
0 0.031875 0.766667 0.063750 0.098333
0 0.700000 0.754583 0.076250 0.084167
0 0.955313 0.721250 0.051875 0.059167
0 0.900625 0.714583 0.055000 0.072500
0 0.185312 0.707917 0.064375 0.080833
0 0.313750 0.708333 0.090000 0.086667
0 0.730313 0.689167 0.046875 0.068333
0 0.485938 0.685000 0.051875 0.073333
0 0.843125 0.685000 0.058750 0.083333
0 0.943750 0.672083 0.048750 0.060833
0 0.565000 0.677083 0.058750 0.077500
0 0.145937 0.655833 0.054375 0.085000
0 0.432812 0.654583 0.064375 0.090833
0 0.809688 0.612083 0.055625 0.064167
0 0.681562 0.614583 0.063125 0.072500
0 0.183125 0.622083 0.056250 0.090833
0 0.589688 0.605000 0.051875 0.073333
0 0.076563 0.603750 0.065625 0.072500
0 0.591562 0.556250 0.033125 0.029167
0 0.428125 0.570417 0.065000 0.072500
0 0.825625 0.545417 0.063750 0.077500
0 0.026562 0.510417 0.053125 0.082500
0 0.683125 0.504167 0.050000 0.073333
0 0.567500 0.503333 0.053750 0.078333
0 0.985000 0.482917 0.030000 0.065833
0 0.939375 0.483750 0.055000 0.074167
0 0.126562 0.479167 0.049375 0.078333
0 0.410000 0.484167 0.082500 0.108333
0 0.325000 0.469167 0.056250 0.080000
0 0.072500 0.460417 0.063750 0.092500
0 0.613437 0.447083 0.063125 0.085833
0 0.455000 0.439167 0.080000 0.101667
0 0.956875 0.429167 0.062500 0.086667
0 0.343438 0.384583 0.054375 0.075833
0 0.565625 0.386667 0.062500 0.086667
0 0.843437 0.384583 0.064375 0.084167
0 0.085938 0.377083 0.054375 0.070833
0 0.687813 0.373333 0.054375 0.070000
0 0.186875 0.356250 0.066250 0.092500
0 0.972812 0.359583 0.054375 0.102500
0 0.349375 0.313333 0.051250 0.070000
0 0.535625 0.315417 0.047500 0.082500
0 0.019688 0.310833 0.039375 0.086667
0 0.673125 0.292500 0.068750 0.088333
0 0.110312 0.277917 0.056875 0.069167
0 0.294375 0.280833 0.066250 0.093333
0 0.503125 0.254583 0.062500 0.079167
0 0.232813 0.234167 0.065625 0.070000
0 0.899375 0.234583 0.075000 0.074167
0 0.058750 0.228750 0.065000 0.087500
0 0.837500 0.194583 0.055000 0.077500
0 0.125625 0.199583 0.050000 0.092500
0 0.653438 0.179583 0.069375 0.084167
0 0.029687 0.189583 0.059375 0.109167
0 0.730625 0.171667 0.060000 0.081667
0 0.923125 0.171250 0.097500 0.089167
0 0.389062 0.160000 0.076875 0.080000
0 0.236563 0.153333 0.080625 0.091667
0 0.843125 0.117083 0.088750 0.082500
0 0.550625 0.117917 0.060000 0.087500
0 0.458125 0.109583 0.086250 0.079167
0 0.024063 0.097500 0.048125 0.070000
0 0.790312 0.076667 0.053125 0.081667
0 0.728125 0.058750 0.060000 0.080833
0 0.873750 0.043750 0.057500 0.077500
0 0.978437 0.040417 0.043125 0.074167
0 0.822187 0.029583 0.054375 0.059167
0 0.491250 0.037917 0.065000 0.075833
0 0.425312 0.030417 0.055625 0.060833