0 0.342187 0.833333 0.076875 0.101667
0 0.716562 0.792083 0.069375 0.099167
0 0.264062 0.791667 0.080625 0.101667
0 0.556875 0.650417 0.071250 0.102500
0 0.459375 0.627917 0.063750 0.084167
0 0.966250 0.577917 0.067500 0.104167
0 0.042188 0.472083 0.084375 0.104167
0 0.773125 0.441250 0.073750 0.100833
0 0.852812 0.375000 0.089375 0.101667
0 0.592500 0.366250 0.073750 0.087500
0 0.662500 0.328333 0.070000 0.093333
0 0.830313 0.298750 0.074375 0.094167
0 0.200625 0.277500 0.080000 0.103333
0 0.350938 0.250417 0.066875 0.100833
0 0.784687 0.235417 0.066875 0.090833
0 0.261250 0.182917 0.068750 0.089167
0 0.944063 0.146667 0.068125 0.098333
0 0.075000 0.138333 0.073750 0.100000
0 0.488750 0.077917 0.062500 0.090833