0 0.968750 0.972083 0.062500 0.055833
0 0.585625 0.947500 0.067500 0.080000
0 0.774375 0.947917 0.063750 0.100833
0 0.285313 0.928750 0.081875 0.094167
0 0.711250 0.933333 0.075000 0.105000
0 0.467813 0.891250 0.074375 0.090833
0 0.143437 0.867083 0.078125 0.084167
0 0.069375 0.869167 0.055000 0.088333
0 0.609375 0.860833 0.070000 0.098333
0 0.026250 0.856250 0.052500 0.090833
0 0.515938 0.860000 0.074375 0.108333
0 0.799375 0.790417 0.066250 0.090833
0 0.741875 0.770833 0.076250 0.108333
0 0.955000 0.756667 0.055000 0.096667
0 0.898125 0.756250 0.053750 0.097500
0 0.031250 0.709583 0.062500 0.089167
0 0.695312 0.695000 0.076875 0.096667
0 0.597187 0.673750 0.068125 0.095833
0 0.782188 0.652500 0.073125 0.105000
0 0.863437 0.640833 0.071875 0.091667
0 0.234063 0.617500 0.064375 0.095000
0 0.530312 0.600417 0.068125 0.092500
0 0.920625 0.581250 0.072500 0.095833
0 0.433750 0.574583 0.063750 0.085833
0 0.708438 0.563750 0.070625 0.089167
0 0.172813 0.569167 0.065625 0.103333
0 0.274375 0.535417 0.078750 0.100833
0 0.081250 0.521667 0.073750 0.100000
0 0.468125 0.514167 0.075000 0.098333
0 0.403750 0.497083 0.061250 0.077500
0 0.784062 0.493333 0.066875 0.095000
0 0.337813 0.487500 0.073125 0.093333
0 0.898750 0.477083 0.070000 0.089167
0 0.200937 0.467917 0.065625 0.089167
0 0.130625 0.466667 0.071250 0.103333
0 0.714688 0.446667 0.068125 0.091667
0 0.495000 0.430000 0.071250 0.098333
0 0.355000 0.413750 0.070000 0.102500
0 0.647813 0.410000 0.076875 0.108333
0 0.254375 0.398750 0.071250 0.105833
0 0.163125 0.360833 0.063750 0.085000
0 0.545000 0.324583 0.080000 0.094167
0 0.019375 0.311250 0.038750 0.094167
0 0.920625 0.244167 0.062500 0.085000
0 0.334062 0.226667 0.069375 0.095000
0 0.088750 0.222917 0.066250 0.094167
0 0.163125 0.217083 0.067500 0.087500
0 0.231563 0.196250 0.070625 0.094167
0 0.412500 0.187917 0.070000 0.095833
0 0.816875 0.159583 0.070000 0.095833
0 0.749687 0.161250 0.070625 0.102500
0 0.172500 0.140833 0.077500 0.086667
0 0.609375 0.141250 0.078750 0.097500
0 0.075938 0.135833 0.076875 0.116667
0 0.024375 0.170000 0.048750 0.185000
0 0.761875 0.068333 0.071250 0.090000
0 0.983437 0.069167 0.033125 0.103333
0 0.658438 0.060417 0.071875 0.089167
0 0.926875 0.045833 0.063750 0.083333
0 0.198437 0.056250 0.059375 0.105833
0 0.858750 0.070833 0.085000 0.140000
0 0.538438 0.030000 0.070625 0.060000
0 0.468125 0.036667 0.068750 0.073333
0 0.399062 0.036667 0.064375 0.073333
0 0.340000 0.020833 0.061250 0.041667