0 0.815625 0.978750 0.078750 0.042500
0 0.487500 0.930000 0.070000 0.096667
0 0.965313 0.915000 0.069375 0.093333
0 0.960625 0.822083 0.078750 0.107500
0 0.217812 0.789583 0.071875 0.127500
0 0.544687 0.728750 0.071875 0.094167
0 0.110312 0.613333 0.075625 0.098333
0 0.177500 0.601667 0.060000 0.095000
0 0.379375 0.596250 0.070000 0.094167
0 0.852500 0.457917 0.077500 0.092500
0 0.279062 0.399167 0.056875 0.083333
0 0.390625 0.414583 0.103750 0.134167
0 0.200313 0.433333 0.133125 0.171667
0 0.522813 0.336667 0.069375 0.088333
0 0.434063 0.336667 0.074375 0.101667
0 0.775937 0.293750 0.071875 0.094167
0 0.219062 0.282083 0.078125 0.092500
0 0.920937 0.245000 0.064375 0.096667
0 0.785000 0.205000 0.072500 0.093333
0 0.534375 0.187917 0.080000 0.110833
0 0.937813 0.151250 0.066875 0.097500
0 0.517188 0.025417 0.073125 0.050833