0 0.373125 0.978750 0.058750 0.042500
0 0.892500 0.976667 0.058750 0.046667
0 0.314063 0.973333 0.060625 0.053333
0 0.171875 0.973333 0.080000 0.053333
0 0.428438 0.972500 0.064375 0.055000
0 0.657500 0.970417 0.052500 0.059167
0 0.795312 0.958333 0.064375 0.071667
0 0.085000 0.950417 0.050000 0.072500
0 0.731875 0.940000 0.055000 0.068333
0 0.015625 0.945417 0.031250 0.109167
0 0.144687 0.919583 0.054375 0.069167
0 0.892813 0.908750 0.046875 0.070833
0 0.410000 0.915833 0.090000 0.091667
0 0.858125 0.897917 0.046250 0.075833
0 0.692500 0.897917 0.055000 0.079167
0 0.629687 0.892500 0.063125 0.080000
0 0.271562 0.882917 0.063125 0.089167
0 0.982500 0.877917 0.035000 0.080833
0 0.388125 0.848333 0.047500 0.063333
0 0.450937 0.843333 0.053125 0.066667
0 0.670625 0.831250 0.062500 0.079167
0 0.107500 0.822500 0.057500 0.078333
0 0.534375 0.829583 0.072500 0.099167
0 0.218438 0.822083 0.085625 0.104167
0 0.926562 0.793750 0.054375 0.085833
0 0.418125 0.780000 0.078750 0.100000
0 0.280938 0.763750 0.054375 0.072500
0 0.577812 0.747083 0.070625 0.050833
0 0.507812 0.745833 0.055625 0.070000
0 0.901563 0.728750 0.054375 0.074167
0 0.349375 0.737083 0.078750 0.090833
0 0.823750 0.731250 0.068750 0.092500
0 0.235313 0.709167 0.065625 0.086667
0 0.672500 0.690000 0.062500 0.078333
0 0.532813 0.677083 0.063125 0.079167
0 0.057188 0.687917 0.065625 0.102500
0 0.598125 0.674167 0.057500 0.078333
0 0.872812 0.662917 0.063125 0.085833
0 0.155938 0.619583 0.056875 0.070833
0 0.218438 0.615833 0.060625 0.075000
0 0.012188 0.616667 0.024375 0.076667
0 0.902188 0.615417 0.064375 0.080833
0 0.284687 0.617083 0.065625 0.104167
0 0.816875 0.600417 0.063750 0.084167
0 0.405313 0.604167 0.068125 0.098333
0 0.711250 0.554583 0.052500 0.079167
0 0.478438 0.552500 0.065625 0.083333
0 0.853437 0.543333 0.046875 0.070000
0 0.782188 0.542917 0.079375 0.087500
0 0.620313 0.552917 0.096875 0.120833
0 0.103438 0.530417 0.045625 0.097500
0 0.043750 0.537083 0.073750 0.122500
0 0.210625 0.496667 0.053750 0.085000
0 0.516563 0.490000 0.060625 0.075000
0 0.347187 0.457917 0.056875 0.070833
0 0.785625 0.460000 0.055000 0.078333
0 0.583750 0.463333 0.075000 0.090000
0 0.110937 0.443750 0.050625 0.075833
0 0.847187 0.449583 0.069375 0.104167
0 0.248125 0.432083 0.048750 0.084167
0 0.487500 0.423750 0.055000 0.069167
0 0.049063 0.423333 0.066875 0.088333
0 0.631563 0.410417 0.050625 0.067500
0 0.742500 0.413333 0.058750 0.075000
0 0.531250 0.385000 0.057500 0.076667
0 0.980313 0.376667 0.039375 0.071667
0 0.335938 0.370000 0.065625 0.090000
0 0.099062 0.361667 0.045625 0.073333
0 0.186562 0.361250 0.069375 0.092500
0 0.800937 0.367083 0.074375 0.110833
0 0.677188 0.350000 0.066875 0.076667
0 0.477187 0.350000 0.059375 0.078333
0 0.066562 0.312083 0.058125 0.077500
0 0.955000 0.310000 0.063750 0.086667
0 0.289375 0.300417 0.065000 0.074167
0 0.378750 0.300417 0.058750 0.075833
0 0.516875 0.291250 0.061250 0.082500
0 0.232187 0.284583 0.050625 0.070833
0 0.867812 0.296250 0.090625 0.115833
0 0.667188 0.268333 0.056875 0.066667
0 0.187188 0.264167 0.050625 0.065000
0 0.031250 0.265833 0.055000 0.073333
0 0.879375 0.223333 0.048750 0.065000
0 0.813750 0.214583 0.060000 0.074167
0 0.329375 0.211250 0.050000 0.067500
0 0.377812 0.207500 0.064375 0.086667
0 0.174375 0.193750 0.051250 0.069167
0 0.575313 0.165417 0.051875 0.075833
0 0.442188 0.165000 0.056875 0.090000
0 0.486250 0.150417 0.052500 0.080833
0 0.397813 0.142500 0.059375 0.071667
0 0.727187 0.125417 0.051875 0.069167
0 0.845625 0.142083 0.091250 0.110833
0 0.649062 0.106667 0.050625 0.071667
0 0.945312 0.093333 0.053125 0.080000
0 0.601875 0.067917 0.052500 0.067500
0 0.697500 0.065833 0.052500 0.071667
0 0.874687 0.068333 0.080625 0.086667
0 0.485000 0.049583 0.058750 0.085833
0 0.976250 0.043750 0.047500 0.082500
0 0.916562 0.029167 0.064375 0.058333
0 0.803438 0.029167 0.060625 0.058333
0 0.687813 0.020000 0.060625 0.040000
0 0.425312 0.029583 0.053125 0.059167
0 0.237813 0.029583 0.066875 0.059167