0 0.143437 0.974167 0.108125 0.051667
0 0.042188 0.973750 0.081875 0.052500
0 0.749687 0.967917 0.068125 0.064167
0 0.241563 0.962083 0.091875 0.075833
0 0.425000 0.960000 0.068750 0.080000
0 0.680937 0.940833 0.061875 0.083333
0 0.853750 0.927917 0.085000 0.102500
0 0.568438 0.909167 0.059375 0.070000
0 0.112500 0.910833 0.088750 0.090000
0 0.970000 0.886250 0.060000 0.077500
0 0.372500 0.910833 0.078750 0.133333
0 0.449688 0.871250 0.080625 0.094167
0 0.256250 0.871250 0.108750 0.099167
0 0.771250 0.857500 0.067500 0.083333
0 0.327813 0.853333 0.084375 0.093333
0 0.847812 0.840000 0.103125 0.086667
0 0.176875 0.857917 0.076250 0.130833
0 0.542188 0.832083 0.074375 0.104167
0 0.481875 0.825833 0.063750 0.110000
0 0.401250 0.823333 0.052500 0.106667
0 0.937813 0.837500 0.081875 0.141667
0 0.040000 0.826667 0.080000 0.125000
0 0.607187 0.816250 0.060625 0.127500
0 0.744375 0.789167 0.092500 0.080000
0 0.106563 0.797500 0.070625 0.115000
0 0.261875 0.770417 0.083750 0.094167
0 0.343750 0.753333 0.072500 0.076667
0 0.669375 0.752083 0.073750 0.129167
0 0.935625 0.721667 0.057500 0.088333
0 0.980625 0.713750 0.038750 0.087500
0 0.080937 0.712917 0.068125 0.085833
0 0.614062 0.707083 0.066875 0.092500
0 0.495937 0.717500 0.071875 0.113333
0 0.422187 0.737083 0.094375 0.170833
0 0.265625 0.685000 0.062500 0.073333
0 0.885312 0.717083 0.075625 0.140833
0 0.026562 0.707500 0.053125 0.133333
0 0.311875 0.667917 0.057500 0.080833
0 0.778438 0.659167 0.085625 0.091667
0 0.145000 0.668750 0.063750 0.117500
0 0.445625 0.642083 0.076250 0.092500
0 0.519375 0.627500 0.091250 0.101667
0 0.600625 0.615833 0.066250 0.083333
0 0.683750 0.622500 0.086250 0.098333
0 0.906875 0.624583 0.067500 0.109167
0 0.241875 0.586667 0.060000 0.085000
0 0.076250 0.593333 0.070000 0.111667
0 0.828438 0.591250 0.094375 0.119167
0 0.547500 0.552500 0.081250 0.085000
0 0.457188 0.554167 0.095625 0.116667
0 0.973125 0.524167 0.053750 0.068333
0 0.375625 0.558333 0.067500 0.136667
0 0.140000 0.547083 0.077500 0.124167
0 0.314688 0.541667 0.073125 0.143333
0 0.182500 0.507083 0.086250 0.090833
0 0.627500 0.511250 0.081250 0.120833
0 0.773750 0.509583 0.081250 0.120833
0 0.895000 0.511667 0.060000 0.128333
0 0.267813 0.503750 0.084375 0.127500
0 0.698125 0.498333 0.070000 0.126667
0 0.088125 0.485000 0.082500 0.120000
0 0.952187 0.461667 0.073125 0.076667
0 0.832812 0.457500 0.059375 0.081667
0 0.478125 0.462917 0.096250 0.110833
0 0.026250 0.425833 0.052500 0.085000
0 0.428438 0.415417 0.056875 0.092500
0 0.243438 0.416667 0.110625 0.100000
0 0.906875 0.390000 0.050000 0.070000
0 0.149375 0.409583 0.076250 0.125833
0 0.742188 0.395833 0.069375 0.116667
0 0.348125 0.403333 0.080000 0.140000
0 0.508125 0.375000 0.063750 0.085000
0 0.970625 0.372917 0.058750 0.124167
0 0.283438 0.358333 0.056875 0.100000
0 0.031875 0.341667 0.063750 0.081667
0 0.643125 0.367917 0.091250 0.139167
0 0.097187 0.333333 0.070625 0.086667
0 0.836875 0.366250 0.101250 0.159167
0 0.553438 0.329583 0.079375 0.109167
0 0.698438 0.312083 0.060625 0.095833
0 0.449688 0.307500 0.081875 0.105000
0 0.364063 0.297083 0.086875 0.107500
0 0.774375 0.312500 0.090000 0.140000
0 0.190938 0.279167 0.069375 0.100000
0 0.914375 0.270000 0.058750 0.091667
0 0.033125 0.255417 0.066250 0.102500
0 0.771875 0.226667 0.061250 0.070000
0 0.502188 0.232917 0.054375 0.087500
0 0.082187 0.232917 0.063125 0.095833
0 0.563125 0.226667 0.091250 0.093333
0 0.674063 0.225000 0.071875 0.120000
0 0.155625 0.206667 0.102500 0.103333
0 0.393125 0.200833 0.095000 0.095000
0 0.249375 0.207917 0.081250 0.124167
0 0.895625 0.187083 0.051250 0.090833
0 0.843437 0.206250 0.091875 0.132500
0 0.341562 0.160000 0.060625 0.080000
0 0.411250 0.152500 0.060000 0.066667
0 0.705000 0.148750 0.058750 0.084167
0 0.053125 0.144167 0.071250 0.083333
0 0.475000 0.138750 0.056250 0.087500
0 0.622188 0.134583 0.063125 0.084167
0 0.168437 0.125417 0.059375 0.065833
0 0.544375 0.135000 0.098750 0.108333
0 0.283125 0.118333 0.062500 0.075000
0 0.228437 0.123333 0.068125 0.085000
0 0.942187 0.118750 0.081875 0.080833
0 0.749375 0.120417 0.058750 0.089167
0 0.400313 0.090000 0.060625 0.081667
0 0.298750 0.063750 0.106250 0.079167
0 0.974688 0.065833 0.050625 0.085000
0 0.125000 0.078333 0.063750 0.133333
0 0.901250 0.065417 0.072500 0.130833
0 0.812813 0.072500 0.098125 0.145000
0 0.665937 0.051250 0.079375 0.102500
0 0.583750 0.035833 0.058750 0.071667
0 0.536563 0.038333 0.068125 0.076667
0 0.378750 0.026667 0.067500 0.053333
0 0.202187 0.042917 0.083125 0.085833
0 0.026562 0.040000 0.053125 0.080000