0 0.854688 0.967500 0.091875 0.065000
0 0.723437 0.950833 0.094375 0.098333
0 0.785625 0.890417 0.061250 0.107500
0 0.109687 0.873333 0.068125 0.083333
0 0.281875 0.875833 0.066250 0.138333
0 0.722187 0.864583 0.051875 0.117500
0 0.928125 0.841667 0.068750 0.096667
0 0.350625 0.831250 0.047500 0.092500
0 0.321250 0.857500 0.068750 0.151667
0 0.210625 0.823750 0.076250 0.105833
0 0.396250 0.819167 0.058750 0.111667
0 0.466875 0.790833 0.092500 0.131667
0 0.536250 0.772917 0.062500 0.112500
0 0.629062 0.761250 0.066875 0.099167
0 0.026562 0.736250 0.053125 0.099167
0 0.065625 0.712917 0.071250 0.097500
0 0.595000 0.685000 0.068750 0.076667
0 0.948125 0.683333 0.062500 0.110000
0 0.690625 0.667917 0.071250 0.097500
0 0.110937 0.674167 0.071875 0.115000
0 0.530625 0.666250 0.046250 0.122500
0 0.898125 0.667083 0.061250 0.125833
0 0.279062 0.668750 0.094375 0.135833
0 0.192500 0.672500 0.107500 0.193333
0 0.258750 0.605417 0.066250 0.067500
0 0.614375 0.617917 0.068750 0.099167
0 0.435937 0.608333 0.063125 0.091667
0 0.026875 0.605833 0.053750 0.100000
0 0.741563 0.595833 0.058125 0.100000
0 0.557500 0.553750 0.070000 0.102500
0 0.364687 0.539583 0.066875 0.095833
0 0.250937 0.523333 0.104375 0.103333
0 0.180312 0.532083 0.081875 0.124167
0 0.710625 0.499167 0.068750 0.091667
0 0.020938 0.476667 0.041875 0.070000
0 0.063750 0.484167 0.065000 0.098333
0 0.498437 0.475000 0.071875 0.120000
0 0.284062 0.469583 0.116875 0.115833
0 0.112187 0.459583 0.068125 0.112500
0 0.738437 0.450833 0.065625 0.103333
0 0.582187 0.462500 0.060625 0.135000
0 0.027187 0.410417 0.054375 0.074167
0 0.329688 0.431250 0.103125 0.117500
0 0.955937 0.410000 0.053125 0.130000
0 0.983125 0.383333 0.033750 0.101667
0 0.508437 0.370000 0.076875 0.083333
0 0.047188 0.364167 0.078125 0.088333
0 0.623125 0.363750 0.067500 0.105833
0 0.248438 0.345000 0.069375 0.078333
0 0.795937 0.369583 0.083125 0.132500
0 0.900000 0.338333 0.092500 0.155000
0 0.986563 0.281667 0.026875 0.100000
0 0.384062 0.276250 0.061875 0.089167
0 0.698438 0.271250 0.080625 0.140833
0 0.493125 0.259583 0.071250 0.135833
0 0.310937 0.228333 0.074375 0.118333
0 0.858750 0.224167 0.045000 0.140000
0 0.365000 0.193333 0.067500 0.083333
0 0.147500 0.187500 0.070000 0.083333
0 0.752500 0.215417 0.078750 0.152500
0 0.218438 0.195417 0.098125 0.135833
0 0.926875 0.175000 0.065000 0.100000
0 0.534375 0.170833 0.071250 0.091667
0 0.454062 0.175417 0.094375 0.102500
0 0.970625 0.170417 0.058750 0.114167
0 0.621875 0.141667 0.058750 0.096667
0 0.369688 0.116667 0.065625 0.088333
0 0.810937 0.105417 0.070625 0.090833
0 0.432812 0.106250 0.074375 0.102500
0 0.682813 0.131667 0.069375 0.160000
0 0.244062 0.092500 0.063125 0.085000
0 0.568438 0.127917 0.060625 0.162500
0 0.194375 0.095417 0.062500 0.120833
0 0.749062 0.072083 0.066875 0.094167
0 0.967500 0.087500 0.065000 0.136667
0 0.970625 0.024167 0.058750 0.048333
0 0.658750 0.026250 0.062500 0.052500
0 0.577500 0.048333 0.068750 0.096667
0 0.517500 0.028333 0.047500 0.056667
0 0.472500 0.023333 0.055000 0.046667