0 0.573438 0.981250 0.075625 0.037500
0 0.099375 0.976250 0.083750 0.047500
0 0.884375 0.974167 0.076250 0.051667
0 0.419375 0.960833 0.106250 0.078333
0 0.962812 0.952083 0.074375 0.080833
0 0.500313 0.950000 0.066875 0.100000
0 0.272188 0.945000 0.056875 0.100000
0 0.827187 0.945417 0.073125 0.107500
0 0.180312 0.945417 0.066875 0.109167
0 0.066562 0.928333 0.083125 0.078333
0 0.129688 0.929167 0.056875 0.093333
0 0.388125 0.924583 0.090000 0.102500
0 0.541562 0.923750 0.066875 0.107500
0 0.233750 0.914167 0.060000 0.121667
0 0.034375 0.885833 0.068750 0.070000
0 0.972500 0.878333 0.055000 0.075000
0 0.866563 0.895000 0.079375 0.110000
0 0.102500 0.863333 0.085000 0.076667
0 0.912500 0.865000 0.070000 0.085000
0 0.733125 0.854167 0.071250 0.098333
0 0.808438 0.855417 0.074375 0.104167
0 0.192812 0.812083 0.076875 0.089167
0 0.029687 0.794583 0.059375 0.070833
0 0.257500 0.806250 0.063750 0.105833
0 0.728125 0.770417 0.065000 0.080833
0 0.938125 0.772083 0.087500 0.122500
0 0.480625 0.760000 0.071250 0.100000
0 0.595938 0.760000 0.080625 0.106667
0 0.031875 0.724167 0.063750 0.073333
0 0.165000 0.719583 0.088750 0.080833
0 0.968437 0.713333 0.058125 0.078333
0 0.300938 0.720417 0.085625 0.097500
0 0.540312 0.712917 0.071875 0.104167
0 0.909062 0.708333 0.073125 0.111667
0 0.499063 0.679167 0.068125 0.090000
0 0.232500 0.678333 0.058750 0.093333
0 0.033750 0.656667 0.067500 0.066667
0 0.281562 0.650417 0.093125 0.095833
0 0.177500 0.640417 0.085000 0.087500
0 0.452500 0.637083 0.067500 0.092500
0 0.026875 0.615417 0.053750 0.064167
0 0.669063 0.626667 0.069375 0.106667
0 0.604375 0.617500 0.061250 0.090000
0 0.533125 0.613333 0.076250 0.091667
0 0.242500 0.591667 0.092500 0.080000
0 0.573750 0.568750 0.058750 0.084167
0 0.041875 0.557500 0.083750 0.078333
0 0.485938 0.553750 0.075625 0.082500
0 0.367812 0.554167 0.066875 0.088333
0 0.285000 0.550000 0.085000 0.088333
0 0.188750 0.516667 0.072500 0.095000
0 0.980313 0.512083 0.039375 0.094167
0 0.623125 0.497083 0.078750 0.089167
0 0.941250 0.485000 0.080000 0.083333
0 0.519375 0.491250 0.078750 0.097500
0 0.061875 0.492917 0.055000 0.117500
0 0.445000 0.485000 0.067500 0.105000
0 0.113125 0.493333 0.082500 0.161667
0 0.154688 0.445000 0.065625 0.090000
0 0.686875 0.440000 0.070000 0.091667
0 0.216875 0.437083 0.063750 0.099167
0 0.036875 0.398333 0.073750 0.088333
0 0.190312 0.391667 0.069375 0.080000
0 0.935625 0.389583 0.080000 0.085833
0 0.572812 0.392917 0.073125 0.094167
0 0.412187 0.392083 0.063125 0.102500
0 0.838125 0.375000 0.065000 0.083333
0 0.143750 0.360417 0.082500 0.075833
0 0.499375 0.367917 0.067500 0.094167
0 0.740938 0.340000 0.074375 0.090000
0 0.215312 0.337083 0.079375 0.087500
0 0.088750 0.328750 0.082500 0.072500
0 0.540000 0.322083 0.070000 0.095833
0 0.286875 0.310417 0.072500 0.100833
0 0.883750 0.309583 0.078750 0.105833
0 0.665312 0.310417 0.071875 0.110833
0 0.411875 0.293333 0.070000 0.090000
0 0.810312 0.295000 0.058125 0.103333
0 0.224688 0.262917 0.093125 0.077500
0 0.130938 0.270833 0.131875 0.096667
0 0.571562 0.248333 0.065625 0.078333
0 0.786875 0.246250 0.076250 0.082500
0 0.863125 0.252917 0.061250 0.112500
0 0.633750 0.243333 0.062500 0.110000
0 0.515625 0.213333 0.066250 0.081667
0 0.139375 0.201667 0.076250 0.073333
0 0.014063 0.200833 0.028125 0.085000
0 0.075938 0.201667 0.094375 0.088333
0 0.261250 0.195833 0.073750 0.080000
0 0.670312 0.203333 0.078125 0.111667
0 0.346250 0.214583 0.096250 0.137500
0 0.457500 0.175000 0.077500 0.085000
0 0.222188 0.168750 0.081875 0.077500
0 0.713750 0.181250 0.058750 0.104167
0 0.372812 0.165417 0.076875 0.087500
0 0.573438 0.157500 0.085625 0.111667
0 0.520312 0.133750 0.064375 0.079167
0 0.106875 0.127500 0.086250 0.076667
0 0.746875 0.136250 0.060000 0.099167
0 0.437812 0.132917 0.076875 0.092500
0 0.984375 0.123333 0.031250 0.088333
0 0.662500 0.123750 0.065000 0.089167
0 0.590938 0.121250 0.079375 0.100833
0 0.242188 0.103750 0.090625 0.079167
0 0.025000 0.106250 0.050000 0.094167
0 0.853125 0.115000 0.092500 0.113333
0 0.513750 0.088333 0.077500 0.073333
0 0.716562 0.050417 0.059375 0.084167
0 0.309375 0.065417 0.061250 0.115833
0 0.857187 0.022500 0.083125 0.045000
0 0.773438 0.026250 0.068125 0.052500
0 0.650000 0.038333 0.070000 0.076667
0 0.585625 0.032917 0.087500 0.065833
0 0.503437 0.035000 0.074375 0.070000
0 0.414375 0.040417 0.077500 0.080833
0 0.336250 0.038750 0.075000 0.077500
0 0.253437 0.044167 0.059375 0.088333
0 0.069375 0.046250 0.066250 0.092500