0 0.899062 0.980000 0.056875 0.040000
0 0.035625 0.973333 0.062500 0.053333
0 0.366875 0.968333 0.063750 0.063333
0 0.668438 0.960000 0.055625 0.080000
0 0.588437 0.958750 0.061875 0.082500
0 0.467500 0.957917 0.092500 0.084167
0 0.079687 0.933333 0.063125 0.088333
0 0.933438 0.920417 0.068125 0.090833
0 0.169375 0.912917 0.062500 0.079167
0 0.252812 0.909167 0.060625 0.085000
0 0.538438 0.908750 0.064375 0.085833
0 0.344062 0.890417 0.086875 0.090833
0 0.118125 0.870833 0.075000 0.073333
0 0.407500 0.874167 0.060000 0.081667
0 0.981875 0.842500 0.036250 0.086667
0 0.273125 0.798333 0.057500 0.075000
0 0.333750 0.798750 0.078750 0.084167
0 0.201563 0.788333 0.050625 0.068333
0 0.126562 0.792500 0.053125 0.081667
0 0.412500 0.788333 0.071250 0.090000
0 0.542188 0.758750 0.066875 0.082500
0 0.075938 0.751250 0.058125 0.084167
0 0.188125 0.717083 0.062500 0.080833
0 0.845938 0.710833 0.068125 0.090000
0 0.627812 0.705833 0.066875 0.081667
0 0.742500 0.693750 0.057500 0.074167
0 0.529687 0.686250 0.061875 0.077500
0 0.306875 0.702083 0.106250 0.109167
0 0.889375 0.682083 0.063750 0.089167
0 0.250312 0.639583 0.060625 0.065833
0 0.054375 0.638750 0.061250 0.067500
0 0.657813 0.633333 0.065625 0.076667
0 0.735000 0.617083 0.063750 0.080833
0 0.080312 0.600000 0.056875 0.076667
0 0.818125 0.596667 0.068750 0.091667
0 0.480312 0.590833 0.078125 0.101667
0 0.908750 0.579583 0.057500 0.082500
0 0.968437 0.559167 0.063125 0.078333
0 0.100000 0.545417 0.063750 0.080833
0 0.165937 0.541250 0.064375 0.085833
0 0.747500 0.527500 0.058750 0.078333
0 0.014375 0.520417 0.028750 0.084167
0 0.506563 0.513750 0.069375 0.084167
0 0.084687 0.456250 0.058125 0.097500
0 0.828125 0.443750 0.063750 0.094167
0 0.779375 0.431667 0.048750 0.071667
0 0.465313 0.430417 0.064375 0.095833
0 0.189062 0.407917 0.060625 0.082500
0 0.895938 0.403750 0.065625 0.094167
0 0.533438 0.384167 0.063125 0.086667
0 0.632188 0.373750 0.076875 0.092500
0 0.934063 0.327917 0.058125 0.079167
0 0.687500 0.299167 0.063750 0.095000
0 0.445312 0.285000 0.066875 0.078333
0 0.126875 0.288333 0.060000 0.086667
0 0.370625 0.250417 0.062500 0.087500
0 0.214062 0.268750 0.095625 0.125833
0 0.592812 0.235000 0.055625 0.093333
0 0.499688 0.226250 0.068125 0.080833
0 0.672188 0.193750 0.060625 0.072500
0 0.884687 0.202083 0.064375 0.094167
0 0.539375 0.193333 0.055000 0.086667
0 0.057188 0.195000 0.061875 0.090000
0 0.252812 0.170417 0.074375 0.082500
0 0.015625 0.153333 0.031250 0.080000
0 0.785312 0.145833 0.055625 0.073333
0 0.116562 0.146250 0.056875 0.087500
0 0.720625 0.130833 0.060000 0.083333
0 0.552813 0.112083 0.059375 0.077500
0 0.353750 0.107917 0.087500 0.089167
0 0.462813 0.097500 0.069375 0.085000
0 0.152812 0.050417 0.049375 0.077500
0 0.310000 0.041250 0.061250 0.075833
0 0.208437 0.044167 0.058125 0.083333
0 0.825937 0.027917 0.061875 0.055833
0 0.710313 0.042083 0.058125 0.084167
0 0.096562 0.022083 0.059375 0.044167