0 0.776563 0.972083 0.064375 0.055833
0 0.283750 0.967500 0.067500 0.065000
0 0.652188 0.967083 0.070625 0.065833
0 0.207500 0.966250 0.070000 0.067500
0 0.720938 0.960833 0.065625 0.078333
0 0.468438 0.955833 0.063125 0.088333
0 0.823438 0.954167 0.060625 0.091667
0 0.533438 0.942083 0.071875 0.090833
0 0.941562 0.944583 0.110625 0.110833
0 0.372188 0.927917 0.076875 0.104167
0 0.282187 0.886250 0.064375 0.082500
0 0.492188 0.876250 0.065625 0.079167
0 0.237187 0.845417 0.113125 0.069167
0 0.140937 0.864167 0.069375 0.113333
0 0.070000 0.862500 0.073750 0.121667
0 0.575313 0.858333 0.100625 0.155000
0 0.409062 0.824167 0.076875 0.090000
0 0.800937 0.841667 0.104375 0.146667
0 0.934688 0.805833 0.074375 0.125000
0 0.329688 0.793333 0.095625 0.101667
0 0.982500 0.788750 0.035000 0.094167
0 0.672500 0.838333 0.072500 0.205000
0 0.258437 0.788333 0.070625 0.118333
0 0.434688 0.756667 0.098125 0.123333
0 0.206875 0.745000 0.078750 0.128333
0 0.886875 0.753750 0.080000 0.147500
0 0.320000 0.688750 0.060000 0.104167
0 0.248438 0.666667 0.098125 0.145000
0 0.659687 0.647917 0.101875 0.110833
0 0.943125 0.631250 0.080000 0.092500
0 0.574375 0.594167 0.071250 0.108333
0 0.195937 0.598333 0.133125 0.136667
0 0.964063 0.547917 0.050625 0.084167
0 0.312812 0.570417 0.101875 0.132500
0 0.161562 0.530000 0.073125 0.105000
0 0.910312 0.482500 0.056875 0.066667
0 0.252188 0.442917 0.068125 0.077500
0 0.324375 0.458333 0.092500 0.111667
0 0.100937 0.441667 0.108125 0.141667
0 0.605313 0.430417 0.104375 0.165833
0 0.289687 0.369167 0.061875 0.085000
0 0.981875 0.365417 0.036250 0.097500
0 0.856563 0.349167 0.065625 0.100000
0 0.611875 0.305833 0.078750 0.103333
0 0.890625 0.287500 0.067500 0.088333
0 0.742188 0.283750 0.064375 0.087500
0 0.345313 0.265000 0.069375 0.083333
0 0.454375 0.256667 0.060000 0.093333
0 0.953125 0.237917 0.088750 0.099167
0 0.377500 0.212500 0.055000 0.086667
0 0.030312 0.232917 0.060625 0.137500
0 0.697812 0.181250 0.059375 0.110833
0 0.829688 0.168750 0.073125 0.164167
0 0.494688 0.137500 0.071875 0.103333
0 0.322188 0.141667 0.056875 0.113333
0 0.378437 0.109583 0.065625 0.119167
0 0.289687 0.071250 0.086875 0.080833
0 0.603750 0.081667 0.103750 0.126667
0 0.947500 0.038333 0.105000 0.076667
0 0.826250 0.025417 0.117500 0.050833
0 0.735000 0.025417 0.071250 0.050833
0 0.687813 0.065000 0.120625 0.130000
0 0.397813 0.037917 0.074375 0.075833
0 0.321562 0.023750 0.069375 0.047500
0 0.190000 0.025833 0.062500 0.051667