0 0.204063 0.935833 0.078125 0.093333
0 0.283438 0.903333 0.085625 0.105000
0 0.367812 0.894167 0.074375 0.090000
0 0.777813 0.840000 0.073125 0.090000
0 0.704688 0.800000 0.065625 0.100000
0 0.646875 0.806667 0.055000 0.113333
0 0.156562 0.788750 0.090625 0.087500
0 0.155938 0.697917 0.105625 0.094167
0 0.618125 0.695417 0.092500 0.105833
0 0.525625 0.641250 0.063750 0.094167
0 0.424687 0.647917 0.075625 0.114167
0 0.586250 0.620417 0.076250 0.107500
0 0.369688 0.582917 0.080625 0.100833
0 0.249688 0.575000 0.065625 0.091667
0 0.213750 0.529583 0.107500 0.100833
0 0.398750 0.508750 0.080000 0.092500
0 0.127500 0.501667 0.047500 0.093333
0 0.278438 0.485417 0.096875 0.079167
0 0.186562 0.472917 0.069375 0.127500
0 0.720625 0.457083 0.060000 0.097500
0 0.057188 0.448333 0.114375 0.103333
0 0.778438 0.439583 0.069375 0.095833
0 0.911563 0.422917 0.085625 0.100833
0 0.415938 0.363750 0.089375 0.110833
0 0.923750 0.345833 0.090000 0.101667
0 0.823125 0.325417 0.100000 0.097500
0 0.339062 0.271250 0.100625 0.099167
0 0.912813 0.255833 0.081875 0.095000
0 0.063750 0.202500 0.088750 0.088333
0 0.046562 0.138750 0.086875 0.074167
0 0.593750 0.127917 0.095000 0.137500
0 0.245625 0.092500 0.073750 0.095000
0 0.675625 0.031667 0.077500 0.063333