0 0.710313 0.977500 0.058125 0.045000
0 0.142187 0.976250 0.054375 0.047500
0 0.574063 0.966667 0.058125 0.066667
0 0.659062 0.963333 0.044375 0.070000
0 0.244375 0.953333 0.057500 0.076667
0 0.397813 0.935000 0.060625 0.078333
0 0.165937 0.919167 0.053125 0.078333
0 0.308437 0.905833 0.049375 0.063333
0 0.887500 0.911667 0.061250 0.080000
0 0.115625 0.907083 0.057500 0.080833
0 0.947812 0.893333 0.048125 0.066667
0 0.714688 0.909583 0.080625 0.100833
0 0.028750 0.878333 0.048750 0.066667
0 0.252188 0.868750 0.061875 0.077500
0 0.507188 0.858750 0.070625 0.090833
0 0.160938 0.843750 0.068125 0.069167
0 0.652500 0.842917 0.058750 0.082500
0 0.092500 0.832917 0.062500 0.074167
0 0.325937 0.816667 0.065625 0.086667
0 0.218438 0.804583 0.060625 0.070833
0 0.592187 0.809167 0.058125 0.083333
0 0.143437 0.788750 0.074375 0.055833
0 0.698438 0.795000 0.049375 0.073333
0 0.031563 0.799167 0.058125 0.090000
0 0.775312 0.809583 0.074375 0.139167
0 0.075625 0.762083 0.057500 0.074167
0 0.837812 0.765417 0.071875 0.095833
0 0.266250 0.760000 0.076250 0.093333
0 0.470313 0.742083 0.060625 0.079167
0 0.339687 0.730417 0.053125 0.070833
0 0.976250 0.741667 0.047500 0.100000
0 0.057188 0.705417 0.059375 0.064167
0 0.933750 0.708750 0.056250 0.077500
0 0.389375 0.702917 0.061250 0.074167
0 0.883437 0.699583 0.051875 0.074167
0 0.732812 0.695417 0.051875 0.070833
0 0.015312 0.675000 0.030625 0.076667
0 0.840313 0.668333 0.046875 0.065000
0 0.103125 0.663333 0.051250 0.078333
0 0.484687 0.654167 0.044375 0.083333
0 0.285313 0.669167 0.065625 0.120000
0 0.342500 0.644583 0.057500 0.077500
0 0.955313 0.637917 0.053125 0.074167
0 0.741250 0.639167 0.066250 0.081667
0 0.229687 0.634167 0.063125 0.091667
0 0.537188 0.620000 0.063125 0.065000
0 0.175625 0.627500 0.065000 0.095000
0 0.432188 0.645000 0.069375 0.133333
0 0.891875 0.578333 0.052500 0.070000
0 0.696875 0.575417 0.056250 0.077500
0 0.806875 0.564583 0.078750 0.069167
0 0.559688 0.555833 0.068125 0.078333
0 0.316875 0.555833 0.056250 0.080000
0 0.265313 0.552083 0.046875 0.075833
0 0.457500 0.558333 0.117500 0.101667
0 0.087500 0.535417 0.056250 0.070833
0 0.369375 0.536667 0.060000 0.076667
0 0.209375 0.522917 0.053750 0.072500
0 0.040000 0.517500 0.051250 0.066667
0 0.145313 0.522083 0.064375 0.084167
0 0.834688 0.507083 0.054375 0.074167
0 0.943438 0.500833 0.058125 0.070000
0 0.887188 0.499167 0.055625 0.090000
0 0.626563 0.490833 0.056875 0.086667
0 0.527188 0.476250 0.061875 0.085833
0 0.779062 0.489583 0.069375 0.120833
0 0.255937 0.457917 0.064375 0.085833
0 0.702187 0.460833 0.079375 0.103333
0 0.317812 0.430833 0.053125 0.066667
0 0.068125 0.426667 0.047500 0.071667
0 0.928438 0.430000 0.050625 0.080000
0 0.150938 0.432083 0.066875 0.085833
0 0.578125 0.423750 0.062500 0.080833
0 0.835000 0.416250 0.067500 0.097500
0 0.877812 0.380417 0.050625 0.060833
0 0.198750 0.391250 0.063750 0.084167
0 0.483438 0.375833 0.058125 0.080000
0 0.274375 0.375833 0.063750 0.083333
0 0.658125 0.370000 0.070000 0.078333
0 0.568750 0.355417 0.103750 0.077500
0 0.101250 0.342500 0.065000 0.078333
0 0.225938 0.317500 0.051875 0.073333
0 0.906563 0.315417 0.069375 0.087500
0 0.462813 0.304167 0.055625 0.070000
0 0.600313 0.291667 0.058125 0.080000
0 0.268750 0.280000 0.068750 0.070000
0 0.419375 0.237500 0.057500 0.080000
0 0.368437 0.225000 0.050625 0.068333
0 0.640000 0.235833 0.061250 0.093333
0 0.224062 0.224583 0.080625 0.107500
0 0.840313 0.204167 0.046875 0.073333
0 0.962500 0.201250 0.062500 0.090833
0 0.408438 0.167917 0.049375 0.059167
0 0.741563 0.172917 0.065625 0.074167
0 0.680625 0.177500 0.040000 0.090000
0 0.588125 0.148750 0.060000 0.062500
0 0.916562 0.134167 0.066875 0.090000
0 0.278125 0.119167 0.062500 0.081667
0 0.747500 0.106250 0.065000 0.067500
0 0.426250 0.100000 0.057500 0.073333
0 0.348125 0.098750 0.063750 0.085833
0 0.637188 0.094583 0.049375 0.080833
0 0.051562 0.092500 0.045625 0.076667
0 0.238437 0.081667 0.058125 0.086667
0 0.610625 0.060417 0.048750 0.064167
0 0.141563 0.061250 0.068125 0.075833
0 0.389062 0.047917 0.040625 0.059167
0 0.531563 0.044583 0.058125 0.075833
0 0.921875 0.043333 0.061250 0.075000
0 0.700625 0.037500 0.061250 0.063333
0 0.787813 0.022083 0.068125 0.044167
0 0.167500 0.016250 0.058750 0.032500
0 0.047500 0.024583 0.047500 0.049167
0 0.015938 0.036667 0.031875 0.073333