0 0.255937 0.964167 0.073125 0.071667
0 0.045625 0.964167 0.073750 0.071667
0 0.340625 0.959583 0.067500 0.080833
0 0.983750 0.954583 0.032500 0.090833
0 0.920000 0.890833 0.070000 0.098333
0 0.516875 0.862917 0.065000 0.090833
0 0.287187 0.861667 0.090625 0.091667
0 0.173125 0.844583 0.072500 0.090833
0 0.755938 0.819583 0.069375 0.094167
0 0.886875 0.800000 0.075000 0.098333
0 0.030937 0.781250 0.050625 0.105833
0 0.090625 0.790000 0.070000 0.141667
0 0.614688 0.757500 0.071875 0.091667
0 0.960313 0.740000 0.071875 0.085000
0 0.866250 0.708333 0.072500 0.091667
0 0.218438 0.700000 0.065625 0.086667
0 0.692813 0.699167 0.074375 0.090000
0 0.025625 0.680417 0.051250 0.085833
0 0.549375 0.632083 0.076250 0.102500
0 0.349687 0.619167 0.069375 0.098333
0 0.268125 0.620833 0.067500 0.106667
0 0.620938 0.595000 0.078125 0.101667
0 0.973125 0.575417 0.053750 0.090833
0 0.209375 0.548750 0.066250 0.097500
0 0.666250 0.514583 0.067500 0.107500
0 0.961875 0.492083 0.070000 0.099167
0 0.351875 0.440417 0.081250 0.099167
0 0.919063 0.431250 0.103125 0.102500
0 0.633750 0.408750 0.075000 0.104167
0 0.251250 0.353333 0.078750 0.101667
0 0.605313 0.332917 0.071875 0.087500
0 0.960313 0.335833 0.079375 0.098333
0 0.503437 0.318750 0.070625 0.099167
0 0.134063 0.265417 0.075625 0.102500
0 0.765312 0.258750 0.068125 0.100833
0 0.652813 0.252083 0.079375 0.100833
0 0.384375 0.231250 0.073750 0.097500
0 0.201563 0.157083 0.068125 0.094167
0 0.335000 0.156250 0.067500 0.097500
0 0.897500 0.148750 0.063750 0.097500
0 0.726250 0.141667 0.061250 0.086667
0 0.398125 0.092083 0.080000 0.109167
0 0.934063 0.072917 0.074375 0.097500
0 0.622188 0.059167 0.070625 0.095000
0 0.872812 0.031250 0.073125 0.062500
0 0.080937 0.043750 0.070625 0.087500