0 0.496563 0.973333 0.059375 0.053333
0 0.423125 0.961250 0.070000 0.077500
0 0.138125 0.947500 0.062500 0.105000
0 0.818750 0.937083 0.062500 0.099167
0 0.898750 0.941667 0.096250 0.110000
0 0.280313 0.918333 0.068125 0.085000
0 0.660625 0.935000 0.058750 0.126667
0 0.970000 0.907083 0.060000 0.092500
0 0.716875 0.928333 0.050000 0.143333
0 0.605625 0.887917 0.071250 0.099167
0 0.058750 0.873750 0.066250 0.105833
0 0.161562 0.866250 0.063125 0.099167
0 0.795312 0.870833 0.084375 0.130000
0 0.239687 0.851667 0.078125 0.101667
0 0.450313 0.835417 0.081875 0.104167
0 0.565312 0.804583 0.076875 0.087500
0 0.219688 0.798750 0.069375 0.084167
0 0.665625 0.735833 0.078750 0.091667
0 0.291875 0.748333 0.072500 0.116667
0 0.160938 0.737500 0.098125 0.108333
0 0.420312 0.714583 0.061875 0.095833
0 0.771875 0.673333 0.072500 0.091667
0 0.949688 0.641667 0.070625 0.103333
0 0.855938 0.629167 0.061875 0.086667
0 0.200625 0.644583 0.093750 0.124167
0 0.079062 0.630417 0.090625 0.104167
0 0.141250 0.613333 0.055000 0.136667
0 0.792500 0.592917 0.073750 0.100833
0 0.401250 0.592083 0.060000 0.100833
0 0.986875 0.580417 0.026250 0.105833
0 0.037500 0.589583 0.058750 0.130833
0 0.499688 0.570000 0.056875 0.093333
0 0.208750 0.574167 0.072500 0.116667
0 0.442188 0.546250 0.056875 0.099167
0 0.567813 0.543333 0.073125 0.108333
0 0.507500 0.520000 0.062500 0.110000
0 0.025937 0.520833 0.051875 0.116667
0 0.836250 0.509583 0.085000 0.127500
0 0.967812 0.450417 0.064375 0.080833
0 0.311875 0.439167 0.075000 0.108333
0 0.533438 0.433333 0.063125 0.108333
0 0.905000 0.425000 0.058750 0.096667
0 0.952812 0.406250 0.050625 0.069167
0 0.374063 0.420833 0.066875 0.113333
0 0.742500 0.422500 0.062500 0.138333
0 0.429375 0.390833 0.053750 0.106667
0 0.487812 0.373750 0.061875 0.094167
0 0.253750 0.385417 0.062500 0.125833
0 0.613437 0.354167 0.075625 0.075000
0 0.862187 0.350833 0.100625 0.113333
0 0.696562 0.346250 0.071875 0.114167
0 0.049063 0.333333 0.064375 0.091667
0 0.195312 0.329167 0.080625 0.110000
0 0.920312 0.321250 0.066875 0.107500
0 0.446875 0.309583 0.063750 0.102500
0 0.980313 0.293750 0.039375 0.084167
0 0.170625 0.287500 0.062500 0.083333
0 0.608125 0.279583 0.078750 0.077500
0 0.527188 0.228750 0.080625 0.105833
0 0.599063 0.215417 0.065625 0.082500
0 0.019688 0.227500 0.039375 0.110000
0 0.068437 0.210417 0.065625 0.092500
0 0.985625 0.204167 0.028750 0.090000
0 0.491250 0.196667 0.062500 0.078333
0 0.680312 0.202917 0.063125 0.099167
0 0.939688 0.196667 0.069375 0.091667
0 0.746250 0.182500 0.086250 0.098333
0 0.156562 0.177500 0.070625 0.091667
0 0.364687 0.146667 0.074375 0.090000
0 0.647500 0.146667 0.072500 0.096667
0 0.824063 0.144167 0.074375 0.111667
0 0.552188 0.131667 0.048125 0.095000
0 0.055625 0.122500 0.072500 0.093333
0 0.290938 0.118333 0.076875 0.095000
0 0.508750 0.118333 0.051250 0.113333
0 0.869375 0.118750 0.063750 0.124167
0 0.776875 0.108750 0.085000 0.117500
0 0.195937 0.093750 0.074375 0.090833
0 0.701875 0.098333 0.066250 0.101667
0 0.952500 0.088333 0.063750 0.096667
0 0.371563 0.074167 0.063125 0.080000
0 0.596562 0.073750 0.069375 0.082500
0 0.968750 0.028750 0.062500 0.057500
0 0.906563 0.028333 0.074375 0.056667
0 0.553125 0.033750 0.076250 0.067500
0 0.452500 0.026667 0.050000 0.053333
0 0.302500 0.035000 0.073750 0.070000
0 0.254688 0.036667 0.059375 0.073333