0 0.298438 0.980000 0.060625 0.040000
0 0.971875 0.972500 0.056250 0.055000
0 0.032188 0.960417 0.064375 0.079167
0 0.345625 0.918750 0.060000 0.082500
0 0.094062 0.922917 0.091875 0.110833
0 0.700625 0.884583 0.082500 0.092500
0 0.385000 0.840417 0.068750 0.087500
0 0.024063 0.798333 0.048125 0.088333
0 0.781563 0.800000 0.064375 0.096667
0 0.668125 0.785000 0.073750 0.105000
0 0.352500 0.770833 0.071250 0.076667
0 0.095000 0.791667 0.095000 0.136667
0 0.608750 0.745417 0.055000 0.102500
0 0.945625 0.718333 0.075000 0.096667
0 0.815000 0.702917 0.058750 0.072500
0 0.115625 0.724583 0.093750 0.117500
0 0.350625 0.702917 0.061250 0.092500
0 0.165937 0.692500 0.086875 0.110000
0 0.396562 0.667917 0.059375 0.075833
0 0.603437 0.649583 0.069375 0.082500
0 0.460938 0.657083 0.083125 0.109167
0 0.532813 0.637500 0.074375 0.080000
0 0.073125 0.635417 0.066250 0.080833
0 0.658125 0.622083 0.065000 0.079167
0 0.137813 0.617500 0.069375 0.085000
0 0.830937 0.612917 0.104375 0.115833
0 0.308125 0.583333 0.067500 0.093333
0 0.192188 0.585000 0.065625 0.100000
0 0.368125 0.573750 0.052500 0.080833
0 0.065312 0.548333 0.061875 0.073333
0 0.962812 0.542083 0.074375 0.079167
0 0.280625 0.537917 0.082500 0.107500
0 0.229687 0.526667 0.065625 0.090000
0 0.667500 0.530417 0.092500 0.104167
0 0.025000 0.510833 0.050000 0.088333
0 0.755938 0.499583 0.061875 0.080833
0 0.123125 0.517917 0.087500 0.122500
0 0.628125 0.503750 0.075000 0.095833
0 0.389375 0.479167 0.065000 0.088333
0 0.982500 0.478750 0.035000 0.097500
0 0.559375 0.438750 0.053750 0.080833
0 0.278125 0.434167 0.066250 0.095000
0 0.043437 0.430000 0.086875 0.091667
0 0.183438 0.429583 0.058125 0.092500
0 0.978437 0.397083 0.043125 0.075833
0 0.377812 0.394167 0.058125 0.081667
0 0.807187 0.390417 0.114375 0.085833
0 0.326875 0.380833 0.057500 0.073333
0 0.617812 0.383333 0.070625 0.086667
0 0.491250 0.366250 0.066250 0.087500
0 0.718750 0.392083 0.072500 0.144167
0 0.556562 0.365417 0.063125 0.095833
0 0.213750 0.348333 0.073750 0.096667
0 0.965938 0.329583 0.068125 0.089167
0 0.091563 0.345000 0.114375 0.121667
0 0.416563 0.326667 0.090625 0.106667
0 0.901563 0.302083 0.085625 0.095833
0 0.648125 0.298333 0.051250 0.088333
0 0.595000 0.296250 0.062500 0.099167
0 0.243125 0.272083 0.063750 0.070833
0 0.693750 0.260833 0.077500 0.088333
0 0.972500 0.249583 0.055000 0.069167
0 0.107500 0.259167 0.076250 0.091667
0 0.501250 0.264583 0.062500 0.105833
0 0.179063 0.256667 0.058125 0.106667
0 0.453750 0.246667 0.070000 0.100000
0 0.331875 0.220417 0.100000 0.110833
0 0.730938 0.207500 0.096875 0.116667
0 0.404062 0.195833 0.066875 0.106667
0 0.522188 0.189583 0.104375 0.112500
0 0.175313 0.146667 0.065625 0.078333
0 0.355625 0.139167 0.057500 0.088333
0 0.971875 0.116667 0.056250 0.100000
0 0.308750 0.092500 0.060000 0.088333
0 0.741563 0.078333 0.066875 0.083333
0 0.204375 0.075833 0.106250 0.093333
0 0.572500 0.061250 0.068750 0.097500
0 0.773750 0.030833 0.073750 0.061667
0 0.306250 0.025417 0.060000 0.050833
0 0.248438 0.026250 0.058125 0.052500