0 0.569688 0.980417 0.069375 0.039167
0 0.293750 0.976250 0.085000 0.047500
0 0.950937 0.935000 0.078125 0.101667
0 0.851562 0.855000 0.066875 0.091667
0 0.175313 0.842500 0.071875 0.101667
0 0.344062 0.836667 0.073125 0.101667
0 0.097500 0.827500 0.076250 0.098333
0 0.894375 0.799167 0.076250 0.096667
0 0.856563 0.765833 0.089375 0.093333
0 0.783750 0.713750 0.091250 0.082500
0 0.701250 0.708750 0.072500 0.092500
0 0.861875 0.684167 0.076250 0.080000
0 0.464687 0.535833 0.066875 0.088333
0 0.533750 0.539167 0.070000 0.098333
0 0.142500 0.518333 0.078750 0.090000
0 0.985313 0.474583 0.029375 0.092500
0 0.658125 0.467500 0.080000 0.098333
0 0.900937 0.429583 0.071875 0.100833
0 0.380937 0.427083 0.099375 0.109167
0 0.301250 0.405000 0.063750 0.096667
0 0.618750 0.381250 0.072500 0.104167
0 0.464375 0.352500 0.073750 0.096667
0 0.041563 0.319167 0.071875 0.093333
0 0.097500 0.259583 0.077500 0.094167
0 0.605938 0.212500 0.079375 0.083333
0 0.233750 0.196667 0.080000 0.101667
0 0.753125 0.146667 0.087500 0.101667
0 0.837812 0.121667 0.068125 0.086667
0 0.598437 0.098333 0.070625 0.090000
0 0.276562 0.093333 0.076875 0.123333
0 0.985313 0.068750 0.029375 0.105833