0 0.137187 0.978750 0.061875 0.042500
0 0.549687 0.974583 0.058125 0.050833
0 0.973125 0.968750 0.053750 0.062500
0 0.434375 0.965417 0.075000 0.069167
0 0.292812 0.948333 0.066875 0.086667
0 0.881250 0.914583 0.051250 0.084167
0 0.386250 0.910000 0.063750 0.083333
0 0.016875 0.897083 0.033750 0.084167
0 0.605625 0.897083 0.065000 0.090833
0 0.478125 0.878333 0.063750 0.100000
0 0.430625 0.857500 0.055000 0.076667
0 0.528438 0.836667 0.048125 0.075000
0 0.145000 0.824583 0.070000 0.080833
0 0.050000 0.813750 0.071250 0.094167
0 0.563438 0.772917 0.061875 0.097500
0 0.441563 0.758333 0.060625 0.086667
0 0.919375 0.762083 0.072500 0.095833
0 0.019375 0.755417 0.038750 0.094167
0 0.744062 0.733750 0.078125 0.087500
0 0.250625 0.721667 0.045000 0.080000
0 0.116250 0.719167 0.060000 0.078333
0 0.426875 0.715000 0.057500 0.080000
0 0.178125 0.660417 0.058750 0.075833
0 0.085312 0.626250 0.083125 0.087500
0 0.320000 0.603333 0.066250 0.076667
0 0.636250 0.611250 0.085000 0.109167
0 0.551562 0.602917 0.068125 0.100833
0 0.664062 0.570417 0.061875 0.059167
0 0.068125 0.539583 0.053750 0.069167
0 0.268125 0.516250 0.061250 0.080833
0 0.531250 0.491250 0.063750 0.082500
0 0.675312 0.479583 0.064375 0.084167
0 0.797813 0.467083 0.068125 0.085833
0 0.459375 0.454583 0.062500 0.099167
0 0.614688 0.420000 0.035625 0.110000
0 0.393437 0.399167 0.060625 0.081667
0 0.930937 0.381667 0.070625 0.085000
0 0.562187 0.378750 0.058125 0.085833
0 0.198125 0.373333 0.060000 0.081667
0 0.785937 0.361250 0.060625 0.077500
0 0.660000 0.367083 0.041250 0.089167
0 0.455625 0.340417 0.056250 0.072500
0 0.903438 0.285833 0.066875 0.088333
0 0.392500 0.278333 0.063750 0.093333
0 0.689063 0.272500 0.060625 0.086667
0 0.313750 0.264167 0.060000 0.078333
0 0.980000 0.252083 0.040000 0.085833
0 0.833438 0.247083 0.069375 0.080833
0 0.555000 0.253750 0.067500 0.097500
0 0.209375 0.234583 0.065000 0.077500
0 0.973437 0.192083 0.053125 0.079167
0 0.213125 0.142083 0.075000 0.079167
0 0.826562 0.142500 0.075625 0.095000
0 0.378437 0.123750 0.058125 0.072500
0 0.164687 0.070417 0.059375 0.050833
0 0.451250 0.085000 0.076250 0.085000
0 0.892188 0.069583 0.061875 0.092500
0 0.323437 0.065000 0.060625 0.083333
0 0.941562 0.057500 0.066875 0.078333
0 0.785937 0.054583 0.056875 0.075833
0 0.083437 0.023333 0.055625 0.046667