0 0.616875 0.972500 0.072500 0.055000
0 0.827500 0.959583 0.053750 0.074167
0 0.304688 0.957917 0.064375 0.084167
0 0.933438 0.947083 0.065625 0.090833
0 0.072500 0.929583 0.066250 0.092500
0 0.573125 0.909583 0.063750 0.082500
0 0.717812 0.866667 0.068125 0.095000
0 0.305937 0.870833 0.069375 0.103333
0 0.781563 0.820417 0.074375 0.100833
0 0.508750 0.801667 0.063750 0.086667
0 0.239375 0.795000 0.063750 0.085000
0 0.978750 0.786667 0.042500 0.095000
0 0.065937 0.767083 0.056875 0.077500
0 0.873437 0.762083 0.071875 0.094167
0 0.137500 0.760833 0.066250 0.091667
0 0.628125 0.691250 0.058750 0.089167
0 0.165625 0.658750 0.072500 0.094167
0 0.400000 0.651250 0.061250 0.092500
0 0.338750 0.648333 0.053750 0.103333
0 0.538438 0.632500 0.071875 0.091667
0 0.924063 0.599167 0.065625 0.080000
0 0.670000 0.587500 0.070000 0.090000
0 0.743125 0.562083 0.062500 0.084167
0 0.966875 0.509167 0.066250 0.086667
0 0.791562 0.494583 0.069375 0.094167
0 0.622500 0.477500 0.057500 0.086667
0 0.557813 0.480833 0.074375 0.141667
0 0.393750 0.443333 0.063750 0.091667
0 0.449688 0.435833 0.058125 0.086667
0 0.297187 0.410833 0.066875 0.091667
0 0.940937 0.396667 0.068125 0.080000
0 0.559063 0.344583 0.066875 0.095833
0 0.355625 0.318750 0.065000 0.094167
0 0.103750 0.271250 0.078750 0.082500
0 0.183125 0.257500 0.065000 0.090000
0 0.830625 0.273750 0.047500 0.124167
0 0.356250 0.219583 0.058750 0.079167
0 0.653125 0.208333 0.067500 0.088333
0 0.264375 0.148750 0.091250 0.107500
0 0.448125 0.117500 0.068750 0.091667
0 0.069062 0.068750 0.066875 0.094167
0 0.618125 0.050417 0.067500 0.085833
0 0.841875 0.042500 0.067500 0.085000
0 0.410625 0.039167 0.066250 0.078333