0 0.400313 0.968750 0.076875 0.062500
0 0.586875 0.912500 0.077500 0.090000
0 0.048438 0.884167 0.069375 0.090000
0 0.571562 0.833750 0.071875 0.089167
0 0.850938 0.827083 0.068125 0.097500
0 0.935937 0.823750 0.078125 0.102500
0 0.752812 0.812500 0.071875 0.093333
0 0.656563 0.793750 0.071875 0.090833
0 0.527500 0.773333 0.065000 0.093333
0 0.076563 0.754167 0.068125 0.090000
0 0.900625 0.750417 0.067500 0.099167
0 0.302500 0.730417 0.066250 0.087500
0 0.724688 0.720833 0.069375 0.086667
0 0.807813 0.683333 0.074375 0.078333
0 0.201875 0.676250 0.073750 0.080833
0 0.496250 0.666250 0.065000 0.087500
0 0.866250 0.665833 0.075000 0.106667
0 0.261875 0.655417 0.073750 0.102500
0 0.128750 0.637500 0.077500 0.101667
0 0.044375 0.631667 0.070000 0.095000
0 0.549687 0.632500 0.075625 0.098333
0 0.914062 0.616250 0.069375 0.099167
0 0.465313 0.582917 0.068125 0.094167
0 0.258750 0.560417 0.067500 0.084167
0 0.651563 0.552917 0.078125 0.104167
0 0.368750 0.544583 0.077500 0.087500
0 0.731875 0.522917 0.081250 0.129167
0 0.417812 0.470833 0.068125 0.078333
0 0.860313 0.477083 0.061875 0.097500
0 0.769375 0.455833 0.071250 0.085000
0 0.162500 0.433333 0.075000 0.091667
0 0.051250 0.372917 0.075000 0.085833
0 0.662813 0.369583 0.066875 0.087500
0 0.540625 0.334167 0.067500 0.113333
0 0.154375 0.324167 0.083750 0.106667
0 0.283125 0.295417 0.056250 0.095833
0 0.230625 0.282083 0.065000 0.100833
0 0.024375 0.272500 0.048750 0.101667
0 0.427500 0.267917 0.065000 0.099167
0 0.116875 0.257917 0.072500 0.089167
0 0.482812 0.243333 0.068125 0.101667
0 0.554375 0.236250 0.070000 0.099167
0 0.050625 0.213333 0.063750 0.095000
0 0.568750 0.173333 0.063750 0.063333
0 0.379375 0.177917 0.071250 0.092500
0 0.508750 0.140000 0.075000 0.100000
0 0.329375 0.114167 0.063750 0.086667
0 0.809375 0.101250 0.065000 0.095833
0 0.219375 0.095417 0.073750 0.095833
0 0.927813 0.052083 0.060625 0.087500
0 0.294063 0.035833 0.070625 0.071667