0 0.882188 0.976250 0.066875 0.047500
0 0.142500 0.972917 0.060000 0.054167
0 0.232500 0.957917 0.065000 0.084167
0 0.426563 0.945833 0.075625 0.096667
0 0.624375 0.913333 0.066250 0.086667
0 0.554688 0.905000 0.079375 0.106667
0 0.735000 0.890000 0.078750 0.081667
0 0.900000 0.890000 0.073750 0.083333
0 0.302812 0.899583 0.071875 0.119167
0 0.376563 0.877083 0.055625 0.087500
0 0.958750 0.828750 0.068750 0.084167
0 0.085000 0.805000 0.068750 0.091667
0 0.334688 0.788750 0.051875 0.070833
0 0.274062 0.797083 0.066875 0.097500
0 0.654062 0.788333 0.070625 0.091667
0 0.029063 0.772500 0.058125 0.090000
0 0.721562 0.762083 0.068125 0.097500
0 0.400625 0.747917 0.062500 0.089167
0 0.960938 0.742917 0.069375 0.087500
0 0.065937 0.691667 0.065625 0.091667
0 0.860938 0.664583 0.069375 0.080833
0 0.684375 0.683750 0.088750 0.142500
0 0.319063 0.613333 0.059375 0.085000
0 0.914687 0.592083 0.065625 0.090833
0 0.078125 0.562500 0.085000 0.100000
0 0.432812 0.552083 0.066875 0.090833
0 0.241875 0.535833 0.065000 0.091667
0 0.671562 0.550000 0.098125 0.145000
0 0.799687 0.476250 0.065625 0.095833
0 0.867500 0.470417 0.058750 0.092500
0 0.566250 0.463333 0.070000 0.096667
0 0.963437 0.439167 0.068125 0.085000
0 0.921875 0.407500 0.065000 0.091667
0 0.278750 0.401250 0.070000 0.089167
0 0.558125 0.362500 0.066250 0.076667
0 0.971250 0.344167 0.057500 0.086667
0 0.867812 0.334583 0.061875 0.084167
0 0.357500 0.294583 0.062500 0.069167
0 0.972812 0.271667 0.054375 0.078333
0 0.183750 0.283750 0.093750 0.109167
0 0.282187 0.272917 0.060625 0.092500
0 0.502500 0.279167 0.068750 0.120000
0 0.864688 0.230000 0.064375 0.090000
0 0.715313 0.221667 0.065625 0.090000
0 0.135000 0.214583 0.068750 0.092500
0 0.571562 0.193750 0.066875 0.077500
0 0.625000 0.181250 0.065000 0.089167
0 0.915000 0.145000 0.065000 0.091667
0 0.800312 0.115000 0.061875 0.093333
0 0.382500 0.096250 0.065000 0.099167
0 0.430937 0.111250 0.070625 0.135833
0 0.868750 0.035000 0.066250 0.070000
0 0.795937 0.023333 0.066875 0.046667
0 0.728750 0.045000 0.063750 0.090000
0 0.482812 0.047917 0.066875 0.095833
0 0.266562 0.043333 0.068125 0.086667