0 0.165313 0.972500 0.059375 0.055000
0 0.612812 0.971667 0.076875 0.056667
0 0.709063 0.960000 0.078125 0.080000
0 0.085000 0.947500 0.078750 0.105000
0 0.016875 0.932917 0.033750 0.075833
0 0.289062 0.929167 0.058125 0.088333
0 0.626563 0.924167 0.063125 0.090000
0 0.931562 0.905000 0.068125 0.090000
0 0.715313 0.874167 0.069375 0.085000
0 0.503437 0.880833 0.069375 0.108333
0 0.822812 0.857917 0.080625 0.080833
0 0.569375 0.853750 0.066250 0.082500
0 0.091250 0.855000 0.067500 0.086667
0 0.323125 0.847917 0.068750 0.084167
0 0.665937 0.833333 0.054375 0.090000
0 0.479687 0.833750 0.068125 0.099167
0 0.046875 0.832500 0.066250 0.096667
0 0.150312 0.799167 0.069375 0.091667
0 0.806875 0.785417 0.060000 0.084167
0 0.077188 0.775833 0.070625 0.075000
0 0.744062 0.780000 0.063125 0.110000
0 0.630938 0.766250 0.073125 0.092500
0 0.692813 0.753750 0.055625 0.079167
0 0.225938 0.752500 0.064375 0.086667
0 0.314688 0.752500 0.071875 0.095000
0 0.063750 0.719583 0.065000 0.069167
0 0.127188 0.712500 0.063125 0.086667
0 0.773750 0.710833 0.065000 0.091667
0 0.544063 0.704167 0.075625 0.086667
0 0.451562 0.690417 0.069375 0.079167
0 0.376875 0.692500 0.062500 0.085000
0 0.294375 0.673750 0.068750 0.080833
0 0.590313 0.637917 0.075625 0.085833
0 0.437188 0.621250 0.059375 0.084167
0 0.710938 0.612917 0.104375 0.124167
0 0.046562 0.588333 0.051875 0.098333
0 0.084062 0.557917 0.061875 0.082500
0 0.602187 0.552917 0.063125 0.077500
0 0.770938 0.575833 0.086875 0.128333
0 0.896875 0.519167 0.068750 0.091667
0 0.627188 0.510000 0.068125 0.111667
0 0.829375 0.481667 0.062500 0.081667
0 0.041875 0.483333 0.060000 0.098333
0 0.682187 0.471667 0.061875 0.085000
0 0.758125 0.474583 0.071250 0.092500
0 0.264062 0.462917 0.074375 0.084167
0 0.588125 0.459583 0.078750 0.100833
0 0.439375 0.447083 0.066250 0.092500
0 0.543438 0.421250 0.073125 0.089167
0 0.782188 0.403333 0.049375 0.075000
0 0.372812 0.405000 0.065625 0.091667
0 0.725625 0.396667 0.071250 0.093333
0 0.545625 0.358333 0.067500 0.063333
0 0.652813 0.359583 0.068125 0.084167
0 0.474687 0.367500 0.088125 0.105000
0 0.247500 0.347917 0.063750 0.074167
0 0.920937 0.314167 0.069375 0.078333
0 0.845625 0.312083 0.060000 0.087500
0 0.201875 0.286667 0.061250 0.081667
0 0.460938 0.282083 0.071875 0.085833
0 0.292500 0.268750 0.075000 0.087500
0 0.730313 0.264583 0.093125 0.090833
0 0.076250 0.248333 0.065000 0.080000
0 0.517188 0.247500 0.068125 0.093333
0 0.376250 0.242917 0.075000 0.084167
0 0.976875 0.234583 0.046250 0.089167
0 0.789375 0.215833 0.072500 0.086667
0 0.956562 0.188750 0.086875 0.085833
0 0.474375 0.180833 0.065000 0.080000
0 0.052187 0.181667 0.065625 0.086667
0 0.361250 0.160833 0.070000 0.088333
0 0.153125 0.163333 0.063750 0.105000
0 0.199687 0.155833 0.046875 0.091667
0 0.979688 0.105833 0.040625 0.103333
0 0.307188 0.092500 0.068125 0.086667
0 0.386562 0.066667 0.064375 0.083333
0 0.727187 0.053750 0.076875 0.077500
0 0.905937 0.058750 0.065625 0.092500
0 0.798125 0.030417 0.068750 0.060833
0 0.721562 0.020833 0.065625 0.041667