0 0.935937 0.976667 0.066875 0.046667
0 0.362812 0.970000 0.068125 0.060000
0 0.257188 0.898333 0.070625 0.091667
0 0.356875 0.895417 0.071250 0.097500
0 0.930937 0.888750 0.064375 0.102500
0 0.661875 0.860417 0.060000 0.099167
0 0.020625 0.832500 0.041250 0.116667
0 0.507500 0.746667 0.088750 0.088333
0 0.620313 0.652083 0.056875 0.110833
0 0.714688 0.665000 0.061875 0.145000
0 0.570000 0.652917 0.063750 0.120833
0 0.671250 0.640417 0.042500 0.107500
0 0.446250 0.613750 0.062500 0.084167
0 0.122188 0.609167 0.068125 0.090000
0 0.826875 0.595000 0.073750 0.098333
0 0.344062 0.570000 0.066875 0.093333
0 0.946250 0.566667 0.080000 0.115000
0 0.703125 0.529167 0.073750 0.075000
0 0.530000 0.507917 0.068750 0.100833
0 0.639687 0.495000 0.068125 0.103333
0 0.587812 0.477083 0.055625 0.107500
0 0.708438 0.444167 0.069375 0.088333
0 0.224688 0.412083 0.069375 0.085833
0 0.512500 0.398333 0.061250 0.123333
0 0.098437 0.378333 0.058125 0.100000
0 0.896875 0.377083 0.051250 0.114167
0 0.945000 0.364583 0.056250 0.109167
0 0.843750 0.384167 0.052500 0.150000
0 0.782813 0.357083 0.055625 0.115833
0 0.170937 0.325417 0.073125 0.097500
0 0.596562 0.282917 0.113125 0.114167
0 0.513437 0.264167 0.053125 0.081667
0 0.108438 0.232083 0.058125 0.084167
0 0.798438 0.221250 0.066875 0.089167
0 0.024063 0.219167 0.048125 0.101667
0 0.553125 0.207917 0.076250 0.082500
0 0.730938 0.212500 0.055625 0.126667
0 0.433750 0.196250 0.067500 0.095833
0 0.842500 0.165417 0.061250 0.082500
0 0.264688 0.158333 0.051875 0.106667
0 0.935312 0.144167 0.058125 0.093333
0 0.781875 0.141667 0.052500 0.088333
0 0.595000 0.134583 0.075000 0.080833
0 0.546562 0.143750 0.101875 0.110833
0 0.225312 0.131667 0.053125 0.136667
0 0.176563 0.115000 0.048125 0.120000
0 0.132188 0.111250 0.049375 0.165833
0 0.333125 0.076250 0.057500 0.104167
0 0.276562 0.067083 0.059375 0.120833
0 0.749375 0.050000 0.062500 0.100000
0 0.674687 0.032917 0.056875 0.065833
0 0.503125 0.045417 0.048750 0.090833
0 0.458750 0.049167 0.052500 0.098333
0 0.414062 0.059583 0.048125 0.119167
0 0.361563 0.042083 0.049375 0.084167