0 0.513125 0.981667 0.040000 0.036667
0 0.950000 0.977917 0.075000 0.044167
0 0.390625 0.977917 0.046250 0.044167
0 0.580000 0.968750 0.061250 0.062500
0 0.759062 0.966667 0.089375 0.066667
0 0.116875 0.961667 0.098750 0.076667
0 0.220938 0.959583 0.080625 0.080833
0 0.880000 0.955000 0.068750 0.090000
0 0.663125 0.946667 0.122500 0.106667
0 0.399062 0.920417 0.056875 0.072500
0 0.467813 0.919167 0.065625 0.078333
0 0.047500 0.920833 0.080000 0.096667
0 0.293125 0.931667 0.081250 0.120000
0 0.832812 0.911250 0.054375 0.080833
0 0.224688 0.900417 0.056875 0.082500
0 0.595938 0.890833 0.063125 0.081667
0 0.782188 0.890833 0.064375 0.085000
0 0.154062 0.880417 0.090625 0.104167
0 0.420312 0.847917 0.064375 0.082500
0 0.931562 0.840000 0.060625 0.080000
0 0.279375 0.836667 0.057500 0.075000
0 0.699688 0.825000 0.051875 0.073333
0 0.884375 0.807500 0.060000 0.071667
0 0.779062 0.810000 0.060625 0.083333
0 0.350313 0.811250 0.074375 0.104167
0 0.569375 0.792083 0.063750 0.089167
0 0.047188 0.805000 0.094375 0.123333
0 0.496875 0.787917 0.061250 0.099167
0 0.151562 0.777500 0.081875 0.110000
0 0.929063 0.752500 0.060625 0.073333
0 0.220938 0.763333 0.053125 0.095000
0 0.310937 0.750000 0.065625 0.091667
0 0.435625 0.746667 0.087500 0.095000
0 0.252500 0.736250 0.055000 0.080833
0 0.370937 0.725000 0.055625 0.071667
0 0.647813 0.717500 0.120625 0.088333
0 0.540937 0.708333 0.065625 0.076667
0 0.765625 0.710417 0.076250 0.112500
0 0.964375 0.683750 0.058750 0.070833
0 0.344062 0.686250 0.068125 0.079167
0 0.866250 0.712917 0.125000 0.134167
0 0.494688 0.683333 0.058125 0.080000
0 0.156250 0.667917 0.123750 0.105833
0 0.698750 0.645417 0.057500 0.087500
0 0.909375 0.640417 0.073750 0.082500
0 0.632812 0.624583 0.058125 0.072500
0 0.295938 0.612083 0.059375 0.084167
0 0.756250 0.593750 0.062500 0.099167
0 0.025625 0.590000 0.051250 0.100000
0 0.527813 0.575833 0.059375 0.085000
0 0.862500 0.587083 0.076250 0.109167
0 0.359687 0.582917 0.076875 0.104167
0 0.575000 0.561667 0.055000 0.085000
0 0.967187 0.555833 0.060625 0.078333
0 0.159688 0.564583 0.066875 0.112500
0 0.481875 0.545417 0.053750 0.079167
0 0.274062 0.539167 0.096875 0.078333
0 0.086250 0.541667 0.076250 0.096667
0 0.661563 0.535833 0.069375 0.106667
0 0.405313 0.535000 0.075625 0.145000
0 0.919063 0.505833 0.060625 0.088333
0 0.248750 0.474583 0.060000 0.079167
0 0.612812 0.500833 0.084375 0.151667
0 0.521563 0.475000 0.079375 0.118333
0 0.880938 0.464167 0.060625 0.101667
0 0.172187 0.457500 0.111875 0.143333
0 0.320937 0.430417 0.071875 0.099167
0 0.075938 0.438333 0.066875 0.125000
0 0.960938 0.410417 0.065625 0.074167
0 0.406250 0.411667 0.096250 0.083333
0 0.795937 0.426667 0.123125 0.140000
0 0.588750 0.391667 0.055000 0.071667
0 0.249375 0.397917 0.055000 0.084167
0 0.506250 0.366667 0.087500 0.078333
0 0.711250 0.402917 0.097500 0.174167
0 0.771875 0.325000 0.058750 0.080000
0 0.429375 0.320417 0.056250 0.080833
0 0.635000 0.326667 0.080000 0.095000
0 0.331250 0.331250 0.085000 0.107500
0 0.938750 0.325000 0.051250 0.096667
0 0.552813 0.294583 0.064375 0.077500
0 0.862812 0.328750 0.105625 0.154167
0 0.247500 0.289583 0.061250 0.107500
0 0.365312 0.272083 0.051875 0.075833
0 0.745313 0.278333 0.070625 0.113333
0 0.482500 0.273333 0.067500 0.138333
0 0.411562 0.240417 0.054375 0.075833
0 0.801875 0.232917 0.088750 0.097500
0 0.710000 0.229167 0.058750 0.091667
0 0.905625 0.212083 0.062500 0.064167
0 0.144063 0.283750 0.119375 0.215833
0 0.326250 0.192500 0.051250 0.058333
0 0.061875 0.219167 0.061250 0.116667
0 0.602187 0.195000 0.100625 0.083333
0 0.440625 0.188333 0.065000 0.071667
0 0.178750 0.210000 0.077500 0.128333
0 0.374688 0.168750 0.060625 0.079167
0 0.261875 0.190417 0.116250 0.124167
0 0.505938 0.167917 0.061875 0.082500
0 0.134375 0.153750 0.057500 0.077500
0 0.961250 0.147500 0.077500 0.095000
0 0.659062 0.147083 0.051875 0.120833
0 0.018437 0.171250 0.036875 0.172500
0 0.782813 0.142500 0.070625 0.118333
0 0.405938 0.120417 0.058125 0.082500
0 0.461250 0.106667 0.052500 0.086667
0 0.700937 0.097500 0.056875 0.071667
0 0.921250 0.095417 0.062500 0.075833
0 0.565000 0.097917 0.076250 0.094167
0 0.858437 0.113333 0.079375 0.133333
0 0.739375 0.080833 0.061250 0.068333
0 0.175937 0.087917 0.061875 0.085833
0 0.085938 0.105000 0.070625 0.131667
0 0.389375 0.051667 0.065000 0.088333
0 0.898125 0.032500 0.040000 0.058333
0 0.951875 0.046250 0.096250 0.092500
0 0.832500 0.033750 0.062500 0.067500
0 0.754687 0.030000 0.090625 0.060000
0 0.565312 0.024583 0.074375 0.049167
0 0.498125 0.039583 0.061250 0.079167
0 0.332188 0.060417 0.086875 0.120833
0 0.234063 0.062917 0.078125 0.125833
0 0.115000 0.031667 0.070000 0.063333
0 0.034688 0.038333 0.069375 0.076667