0 0.784375 0.975000 0.070000 0.050000
0 0.337500 0.964583 0.067500 0.070833
0 0.723437 0.952917 0.065625 0.094167
0 0.411562 0.937083 0.075625 0.092500
0 0.594688 0.917083 0.076875 0.082500
0 0.320937 0.876667 0.070625 0.086667
0 0.854375 0.871250 0.062500 0.089167
0 0.503437 0.808750 0.074375 0.094167
0 0.223125 0.800417 0.082500 0.097500
0 0.391562 0.784583 0.075625 0.102500
0 0.651563 0.753750 0.071875 0.095833
0 0.545312 0.702500 0.063125 0.090000
0 0.069687 0.705833 0.075625 0.098333
0 0.200937 0.698333 0.075625 0.086667
0 0.145000 0.707500 0.071250 0.131667
0 0.368125 0.665833 0.085000 0.093333
0 0.498437 0.657500 0.059375 0.098333
0 0.436563 0.647917 0.070625 0.107500
0 0.513125 0.564583 0.097500 0.069167
0 0.641563 0.572083 0.056875 0.089167
0 0.590938 0.573333 0.048125 0.091667
0 0.088125 0.564167 0.091250 0.103333
0 0.115937 0.515833 0.074375 0.105000
0 0.696875 0.495417 0.068750 0.084167
0 0.236875 0.482083 0.065000 0.090833
0 0.162188 0.485833 0.065625 0.108333
0 0.607187 0.464583 0.090625 0.115833
0 0.390625 0.448750 0.071250 0.094167
0 0.757500 0.412083 0.072500 0.080833
0 0.673438 0.409583 0.075625 0.080833
0 0.916562 0.369167 0.059375 0.096667
0 0.970938 0.343333 0.058125 0.080000
0 0.726875 0.323333 0.092500 0.076667
0 0.423750 0.320833 0.082500 0.098333
0 0.202500 0.312500 0.068750 0.095000
0 0.067812 0.307083 0.076875 0.095833
0 0.720625 0.253750 0.081250 0.082500
0 0.616563 0.209583 0.078125 0.090833
0 0.652188 0.179583 0.074375 0.105833
0 0.492812 0.131667 0.071875 0.098333
0 0.140313 0.042083 0.080625 0.084167
0 0.067187 0.030417 0.076875 0.060833