0 0.774687 0.981250 0.070625 0.037500
0 0.402813 0.978333 0.083125 0.043333
0 0.613437 0.977917 0.068125 0.044167
0 0.932187 0.969167 0.059375 0.061667
0 0.033438 0.968333 0.064375 0.063333
0 0.478438 0.967917 0.060625 0.064167
0 0.289375 0.955000 0.082500 0.090000
0 0.109375 0.954583 0.076250 0.090833
0 0.683125 0.953750 0.073750 0.092500
0 0.979375 0.943333 0.041250 0.083333
0 0.055313 0.936250 0.054375 0.070833
0 0.840625 0.936250 0.061250 0.114167
0 0.762188 0.922500 0.086875 0.093333
0 0.235000 0.915000 0.052500 0.115000
0 0.179688 0.905000 0.061875 0.100000
0 0.540312 0.900417 0.094375 0.109167
0 0.903438 0.895417 0.068125 0.114167
0 0.404375 0.887083 0.077500 0.099167
0 0.033125 0.875417 0.052500 0.082500
0 0.969375 0.846667 0.057500 0.083333
0 0.686562 0.845000 0.084375 0.113333
0 0.283750 0.826250 0.058750 0.087500
0 0.597500 0.830000 0.065000 0.100000
0 0.768125 0.819583 0.065000 0.110833
0 0.222188 0.803750 0.061875 0.084167
0 0.466875 0.808333 0.063750 0.111667
0 0.872812 0.786250 0.051875 0.077500
0 0.735938 0.786667 0.058125 0.081667
0 0.370000 0.804167 0.095000 0.125000
0 0.930937 0.796250 0.059375 0.112500
0 0.121563 0.767083 0.055625 0.070833
0 0.045312 0.779583 0.073125 0.097500
0 0.835313 0.765417 0.059375 0.070833
0 0.581875 0.754583 0.060000 0.077500
0 0.440312 0.746250 0.064375 0.087500
0 0.183125 0.724167 0.058750 0.081667
0 0.506875 0.728333 0.076250 0.095000
0 0.704688 0.707500 0.061875 0.080000
0 0.622188 0.702917 0.063125 0.072500
0 0.782188 0.707083 0.064375 0.087500
0 0.895625 0.703750 0.060000 0.084167
0 0.268125 0.718333 0.111250 0.125000
0 0.966250 0.689167 0.060000 0.085000
0 0.380937 0.680417 0.054375 0.119167
0 0.445625 0.654583 0.066250 0.080833
0 0.148438 0.660000 0.100625 0.098333
0 0.537188 0.656250 0.094375 0.094167
0 0.658750 0.633333 0.082500 0.061667
0 0.013750 0.627917 0.027500 0.072500
0 0.862500 0.628750 0.062500 0.079167
0 0.051562 0.646667 0.074375 0.115000
0 0.931562 0.622083 0.061875 0.080833
0 0.793750 0.614583 0.053750 0.080833
0 0.355312 0.614583 0.055625 0.080833
0 0.740000 0.613333 0.052500 0.083333
0 0.089063 0.596667 0.060625 0.095000
0 0.953438 0.566250 0.058125 0.075833
0 0.142187 0.564583 0.056875 0.082500
0 0.440312 0.561250 0.066875 0.082500
0 0.608750 0.565417 0.060000 0.099167
0 0.546875 0.549167 0.063750 0.078333
0 0.240625 0.550833 0.097500 0.083333
0 0.677188 0.547083 0.058125 0.080833
0 0.029687 0.538333 0.059375 0.078333
0 0.897188 0.528750 0.063125 0.075833
0 0.822500 0.534167 0.067500 0.105000
0 0.318437 0.530833 0.066875 0.115000
0 0.081562 0.510417 0.050625 0.082500
0 0.737187 0.517917 0.083125 0.099167
0 0.118750 0.497083 0.045000 0.079167
0 0.185938 0.478750 0.064375 0.064167
0 0.029375 0.476667 0.058750 0.063333
0 0.615313 0.474583 0.054375 0.070833
0 0.665000 0.467917 0.052500 0.069167
0 0.975938 0.464583 0.048125 0.080833
0 0.511875 0.468750 0.075000 0.099167
0 0.327500 0.458750 0.057500 0.084167
0 0.853750 0.440000 0.078750 0.091667
0 0.251250 0.445833 0.085000 0.108333
0 0.730313 0.423333 0.059375 0.081667
0 0.793438 0.418750 0.063125 0.084167
0 0.088125 0.422083 0.092500 0.129167
0 0.373437 0.388750 0.081875 0.094167
0 0.505625 0.380000 0.061250 0.080000
0 0.161562 0.379583 0.058125 0.082500
0 0.661875 0.378333 0.081250 0.083333
0 0.214062 0.377500 0.051875 0.085000
0 0.578438 0.369583 0.056875 0.077500
0 0.953438 0.362083 0.085625 0.089167
0 0.439688 0.400833 0.086875 0.190000
0 0.744375 0.347917 0.070000 0.089167
0 0.885312 0.337917 0.051875 0.077500
0 0.276875 0.330000 0.063750 0.108333
0 0.410625 0.310000 0.060000 0.083333
0 0.183750 0.298750 0.055000 0.075833
0 0.550312 0.283750 0.055625 0.075833
0 0.331562 0.276667 0.056875 0.068333
0 0.975313 0.275833 0.049375 0.090000
0 0.909687 0.274583 0.076875 0.090833
0 0.488438 0.275417 0.078125 0.097500
0 0.107500 0.271667 0.073750 0.093333
0 0.681562 0.280417 0.059375 0.114167
0 0.232813 0.266250 0.069375 0.095833
0 0.612500 0.272917 0.066250 0.110833
0 0.030312 0.263750 0.060625 0.092500
0 0.779375 0.262917 0.082500 0.105833
0 0.848125 0.258333 0.062500 0.106667
0 0.290938 0.210833 0.051875 0.078333
0 0.174687 0.208750 0.061875 0.075833
0 0.888125 0.195000 0.101250 0.078333
0 0.341250 0.195000 0.078750 0.093333
0 0.975938 0.187500 0.048125 0.081667
0 0.022812 0.181250 0.045625 0.077500
0 0.107813 0.184167 0.098125 0.090000
0 0.534375 0.175417 0.062500 0.087500
0 0.223750 0.166250 0.056250 0.074167
0 0.695000 0.167083 0.067500 0.085833
0 0.618750 0.170833 0.077500 0.095000
0 0.762813 0.161250 0.070625 0.104167
0 0.575000 0.137917 0.055000 0.067500
0 0.829688 0.160417 0.073125 0.115833
0 0.420312 0.166667 0.063125 0.181667
0 0.186562 0.109583 0.083125 0.079167
0 0.983437 0.107917 0.033125 0.085833
0 0.589688 0.093333 0.050625 0.063333
0 0.111875 0.091667 0.057500 0.073333
0 0.055000 0.095000 0.055000 0.090000
0 0.339062 0.097500 0.069375 0.098333
0 0.922500 0.097500 0.086250 0.101667
0 0.537188 0.078750 0.050625 0.074167
0 0.240625 0.075000 0.067500 0.093333
0 0.477187 0.076667 0.068125 0.103333
0 0.680625 0.071250 0.117500 0.104167
0 0.768750 0.058333 0.080000 0.088333
0 0.956250 0.023750 0.087500 0.047500
0 0.860938 0.040417 0.101875 0.080833
0 0.677813 0.015417 0.055625 0.030833
0 0.599375 0.034583 0.058750 0.069167
0 0.402500 0.036250 0.080000 0.072500
0 0.325625 0.030833 0.061250 0.061667
0 0.168750 0.032500 0.076250 0.065000
0 0.083437 0.034583 0.079375 0.069167
0 0.015625 0.047500 0.031250 0.095000