0 0.360625 0.966667 0.065000 0.066667
0 0.655625 0.962083 0.073750 0.075833
0 0.846250 0.946250 0.110000 0.087500
0 0.944375 0.919167 0.071250 0.088333
0 0.074375 0.927500 0.072500 0.105000
0 0.661563 0.895833 0.064375 0.076667
0 0.138125 0.873333 0.075000 0.100000
0 0.231250 0.867917 0.058750 0.109167
0 0.336562 0.847083 0.065625 0.085833
0 0.726250 0.857083 0.058750 0.109167
0 0.552813 0.806667 0.065625 0.093333
0 0.642500 0.793333 0.067500 0.083333
0 0.966875 0.779583 0.066250 0.094167
0 0.669063 0.744167 0.074375 0.070000
0 0.927813 0.747917 0.073125 0.092500
0 0.092500 0.740833 0.068750 0.100000
0 0.258437 0.705000 0.066875 0.086667
0 0.129375 0.704167 0.060000 0.101667
0 0.043125 0.665833 0.062500 0.088333
0 0.445625 0.646667 0.070000 0.086667
0 0.172813 0.606250 0.064375 0.100833
0 0.360938 0.580833 0.064375 0.086667
0 0.027187 0.572083 0.054375 0.090833
0 0.674375 0.542917 0.066250 0.080833
0 0.802500 0.536250 0.071250 0.094167
0 0.136563 0.532083 0.095625 0.140833
0 0.406875 0.515417 0.086250 0.115833
0 0.280313 0.442083 0.069375 0.090833
0 0.500000 0.413750 0.071250 0.094167
0 0.108125 0.412917 0.065000 0.092500
0 0.931875 0.357083 0.083750 0.085833
0 0.777188 0.356250 0.063125 0.092500
0 0.178125 0.352500 0.075000 0.095000
0 0.419687 0.345417 0.080625 0.144167
0 0.111875 0.305417 0.071250 0.092500
0 0.303125 0.282083 0.050000 0.085833
0 0.254688 0.285417 0.074375 0.094167
0 0.872500 0.267917 0.062500 0.082500
0 0.693750 0.272500 0.056250 0.091667
0 0.629687 0.264583 0.064375 0.075833
0 0.218750 0.250417 0.065000 0.090833
0 0.089375 0.246250 0.077500 0.099167
0 0.765312 0.240417 0.070625 0.095833
0 0.021875 0.232500 0.043750 0.093333
0 0.386875 0.190833 0.063750 0.091667
0 0.850938 0.163750 0.069375 0.085833
0 0.135937 0.132500 0.071875 0.093333
0 0.476875 0.116250 0.062500 0.087500
0 0.825000 0.062917 0.060000 0.095833
0 0.434688 0.060417 0.063125 0.090833
0 0.083750 0.052083 0.067500 0.087500
0 0.883750 0.051250 0.065000 0.097500
0 0.769375 0.033750 0.068750 0.067500
0 0.251250 0.037917 0.072500 0.075833
0 0.168437 0.040000 0.090625 0.080000
0 0.031875 0.030417 0.061250 0.060833