0 0.311563 0.954583 0.076875 0.090833
0 0.379063 0.917083 0.070625 0.094167
0 0.728750 0.786667 0.068750 0.080000
0 0.265313 0.734583 0.071875 0.094167
0 0.034688 0.680417 0.069375 0.090833
0 0.051562 0.601250 0.064375 0.082500
0 0.541250 0.572917 0.067500 0.089167
0 0.187812 0.570000 0.070625 0.105000
0 0.442500 0.560833 0.075000 0.101667
0 0.940937 0.507917 0.059375 0.082500
0 0.277187 0.499583 0.078125 0.099167
0 0.519687 0.490417 0.069375 0.100833
0 0.229687 0.467917 0.076875 0.097500
0 0.440625 0.436250 0.078750 0.102500
0 0.470938 0.297083 0.069375 0.095833
0 0.931875 0.277083 0.067500 0.087500
0 0.283750 0.249583 0.068750 0.100833
0 0.974688 0.125833 0.050625 0.091667
0 0.113750 0.100833 0.071250 0.100000