0 0.478750 0.975833 0.056250 0.048333
0 0.380937 0.972917 0.068125 0.054167
0 0.543750 0.970000 0.063750 0.060000
0 0.230313 0.962917 0.063125 0.074167
0 0.143437 0.957500 0.063125 0.085000
0 0.829688 0.956667 0.169375 0.086667
0 0.966250 0.954167 0.067500 0.091667
0 0.276875 0.919167 0.073750 0.071667
0 0.385625 0.915833 0.067500 0.070000
0 0.634062 0.935417 0.105625 0.129167
0 0.463750 0.920833 0.062500 0.115000
0 0.082187 0.923750 0.075625 0.152500
0 0.720313 0.902917 0.078125 0.122500
0 0.408125 0.875000 0.057500 0.073333
0 0.537500 0.880000 0.065000 0.090000
0 0.910000 0.891250 0.062500 0.115833
0 0.327813 0.857083 0.064375 0.077500
0 0.853750 0.859583 0.061250 0.085833
0 0.253125 0.849583 0.075000 0.077500
0 0.633437 0.852083 0.070625 0.087500
0 0.025000 0.854167 0.050000 0.098333
0 0.162188 0.856667 0.080625 0.105000
0 0.788125 0.813750 0.062500 0.080833
0 0.963125 0.815000 0.058750 0.086667
0 0.451875 0.805000 0.073750 0.078333
0 0.236563 0.797083 0.066875 0.077500
0 0.303125 0.791250 0.061250 0.079167
0 0.888125 0.772917 0.053750 0.074167
0 0.947812 0.762500 0.060625 0.081667
0 0.145000 0.753750 0.055000 0.075833
0 0.087813 0.773750 0.073125 0.124167
0 0.506875 0.751250 0.058750 0.080833
0 0.649375 0.747500 0.062500 0.088333
0 0.709375 0.755417 0.075000 0.142500
0 0.559375 0.718333 0.053750 0.086667
0 0.444375 0.712083 0.057500 0.084167
0 0.241563 0.715833 0.141875 0.133333
0 0.813750 0.688750 0.077500 0.092500
0 0.272188 0.667917 0.069375 0.067500
0 0.624062 0.680000 0.073125 0.118333
0 0.897188 0.667083 0.106875 0.104167
0 0.496563 0.645000 0.061875 0.085000
0 0.038125 0.645833 0.076250 0.113333
0 0.686562 0.625833 0.063125 0.086667
0 0.766250 0.660417 0.108750 0.160833
0 0.335313 0.617083 0.070625 0.077500
0 0.266250 0.605833 0.062500 0.075000
0 0.946562 0.595000 0.066875 0.090000
0 0.856875 0.590833 0.078750 0.083333
0 0.560000 0.592917 0.070000 0.095833
0 0.427500 0.607500 0.088750 0.128333
0 0.185625 0.576667 0.077500 0.111667
0 0.610938 0.548750 0.085625 0.100833
0 0.776563 0.535000 0.061875 0.076667
0 0.272813 0.535000 0.123125 0.095000
0 0.705937 0.540833 0.080625 0.108333
0 0.899375 0.507917 0.061250 0.084167
0 0.964063 0.508333 0.071875 0.086667
0 0.167813 0.492917 0.054375 0.069167
0 0.553125 0.491667 0.060000 0.088333
0 0.759375 0.481250 0.067500 0.072500
0 0.404687 0.495000 0.141875 0.105000
0 0.080312 0.527083 0.114375 0.179167
0 0.830000 0.472083 0.066250 0.085833
0 0.675625 0.468333 0.066250 0.081667
0 0.093750 0.467917 0.082500 0.085833
0 0.482500 0.446667 0.071250 0.093333
0 0.276250 0.441667 0.073750 0.086667
0 0.353750 0.421667 0.065000 0.083333
0 0.210938 0.417500 0.058125 0.086667
0 0.732500 0.412917 0.100000 0.079167
0 0.535937 0.411250 0.060625 0.080833
0 0.943750 0.408750 0.066250 0.087500
0 0.608750 0.390833 0.066250 0.081667
0 0.435937 0.405833 0.075625 0.115000
0 0.143750 0.410833 0.125000 0.125000
0 0.247188 0.363333 0.059375 0.078333
0 0.820312 0.364583 0.063125 0.087500
0 0.887813 0.351250 0.061875 0.079167
0 0.540312 0.339167 0.064375 0.083333
0 0.485938 0.342083 0.059375 0.094167
0 0.067812 0.332917 0.064375 0.079167
0 0.746563 0.326250 0.071875 0.080833
0 0.909062 0.307083 0.068125 0.082500
0 0.438750 0.299167 0.066250 0.080000
0 0.284375 0.304167 0.067500 0.101667
0 0.205000 0.283333 0.055000 0.070000
0 0.620625 0.300000 0.078750 0.105000
0 0.775312 0.287500 0.059375 0.093333
0 0.170625 0.275833 0.040000 0.100000
0 0.698438 0.277083 0.089375 0.124167
0 0.550000 0.265833 0.072500 0.126667
0 0.360938 0.258750 0.073125 0.122500
0 0.850000 0.250000 0.061250 0.118333
0 0.269375 0.222917 0.071250 0.064167
0 0.476250 0.219167 0.062500 0.091667
0 0.021250 0.211250 0.042500 0.079167
0 0.782188 0.203750 0.065625 0.084167
0 0.432812 0.200000 0.050625 0.080000
0 0.675625 0.185417 0.058750 0.087500
0 0.171250 0.171667 0.066250 0.101667
0 0.920312 0.176250 0.095625 0.117500
0 0.240625 0.163333 0.065000 0.108333
0 0.359687 0.139583 0.099375 0.082500
0 0.074063 0.134583 0.059375 0.090833
0 0.792813 0.102500 0.048125 0.083333
0 0.737812 0.132083 0.074375 0.167500
0 0.515938 0.095000 0.068125 0.096667
0 0.415000 0.061667 0.057500 0.073333
0 0.283438 0.055833 0.079375 0.096667
0 0.969375 0.074583 0.061250 0.149167
0 0.905312 0.058333 0.086875 0.116667
0 0.819375 0.046250 0.063750 0.092500
0 0.654375 0.070000 0.101250 0.140000
0 0.575000 0.028333 0.080000 0.056667
0 0.478125 0.020417 0.071250 0.040833
0 0.360000 0.020000 0.063750 0.040000
0 0.236563 0.035000 0.091875 0.070000
0 0.097500 0.032500 0.075000 0.065000
0 0.028438 0.030000 0.056875 0.060000