0 0.790000 0.979167 0.060000 0.041667
0 0.954375 0.977917 0.063750 0.044167
0 0.860938 0.977917 0.058125 0.044167
0 0.530937 0.973333 0.058125 0.053333
0 0.709688 0.972917 0.064375 0.054167
0 0.294063 0.963333 0.059375 0.073333
0 0.411250 0.943333 0.057500 0.073333
0 0.630938 0.928750 0.064375 0.074167
0 0.213125 0.936667 0.090000 0.100000
0 0.501250 0.914583 0.061250 0.075833
0 0.077188 0.907083 0.065625 0.080833
0 0.922188 0.899583 0.071875 0.075833
0 0.837500 0.897083 0.057500 0.075833
0 0.349062 0.893750 0.071875 0.072500
0 0.787500 0.887917 0.065000 0.087500
0 0.570937 0.882500 0.055625 0.081667
0 0.690312 0.862917 0.058125 0.082500
0 0.165000 0.855417 0.063750 0.079167
0 0.461562 0.850000 0.066875 0.075000
0 0.286250 0.843333 0.055000 0.066667
0 0.629375 0.822083 0.056250 0.080833
0 0.388437 0.809167 0.063125 0.071667
0 0.127812 0.810417 0.060625 0.079167
0 0.758437 0.809167 0.068125 0.078333
0 0.939375 0.804167 0.065000 0.076667
0 0.887500 0.787083 0.058750 0.080833
0 0.212188 0.770000 0.059375 0.073333
0 0.476562 0.765000 0.065625 0.081667
0 0.295625 0.757917 0.065000 0.075833
0 0.021562 0.756667 0.043125 0.076667
0 0.696875 0.759167 0.057500 0.085000
0 0.554063 0.752083 0.056875 0.084167
0 0.793438 0.719583 0.068125 0.069167
0 0.627188 0.723750 0.063125 0.084167
0 0.439688 0.696250 0.058125 0.077500
0 0.045625 0.687500 0.055000 0.070000
0 0.200625 0.683333 0.066250 0.066667
0 0.161875 0.695000 0.053750 0.093333
0 0.497188 0.681250 0.061875 0.077500
0 0.313750 0.665417 0.060000 0.082500
0 0.372500 0.659167 0.060000 0.083333
0 0.103438 0.661667 0.046875 0.096667
0 0.978125 0.655000 0.043750 0.086667
0 0.703125 0.612917 0.071250 0.069167
0 0.626250 0.616250 0.052500 0.079167
0 0.970313 0.607500 0.059375 0.068333
0 0.263437 0.604167 0.055625 0.085000
0 0.560000 0.603333 0.060000 0.090000
0 0.766875 0.598333 0.046250 0.081667
0 0.818438 0.608750 0.065625 0.120833
0 0.519375 0.577917 0.061250 0.074167
0 0.363750 0.566667 0.060000 0.063333
0 0.227187 0.560833 0.066875 0.078333
0 0.032500 0.556250 0.051250 0.079167
0 0.865938 0.537917 0.050625 0.085833
0 0.322813 0.525833 0.070625 0.078333
0 0.460000 0.536250 0.045000 0.100833
0 0.620313 0.522083 0.063125 0.074167
0 0.396562 0.502083 0.063125 0.084167
0 0.970313 0.492083 0.059375 0.084167
0 0.071250 0.481667 0.066250 0.078333
0 0.534062 0.481667 0.058125 0.085000
0 0.207813 0.470833 0.050625 0.076667
0 0.143125 0.453333 0.052500 0.073333
0 0.654687 0.445000 0.050625 0.070000
0 0.899062 0.437083 0.061875 0.074167
0 0.471875 0.420000 0.068750 0.085000
0 0.583750 0.412083 0.057500 0.075833
0 0.744062 0.413750 0.084375 0.099167
0 0.057500 0.390000 0.067500 0.081667
0 0.244688 0.387917 0.055625 0.085833
0 0.840000 0.378333 0.063750 0.086667
0 0.959063 0.368750 0.060625 0.079167
0 0.180625 0.365833 0.058750 0.073333
0 0.447500 0.364583 0.060000 0.084167
0 0.384375 0.345417 0.051250 0.080833
0 0.694688 0.340000 0.060625 0.076667
0 0.113437 0.333750 0.059375 0.080833
0 0.617812 0.330417 0.064375 0.077500
0 0.762188 0.304583 0.050625 0.070833
0 0.535625 0.311667 0.067500 0.086667
0 0.902813 0.308333 0.059375 0.081667
0 0.245625 0.295000 0.058750 0.078333
0 0.984062 0.284583 0.031875 0.069167
0 0.830625 0.275000 0.062500 0.083333
0 0.170313 0.270833 0.063125 0.078333
0 0.468750 0.264167 0.061250 0.080000
0 0.074688 0.262500 0.069375 0.078333
0 0.662188 0.249583 0.048125 0.077500
0 0.595625 0.243750 0.053750 0.075833
0 0.706250 0.240000 0.056250 0.076667
0 0.333125 0.203333 0.056250 0.066667
0 0.417500 0.210000 0.063750 0.083333
0 0.540312 0.206250 0.056875 0.084167
0 0.983437 0.189583 0.033125 0.085833
0 0.266250 0.185833 0.068750 0.088333
0 0.173125 0.168333 0.051250 0.078333
0 0.109375 0.148333 0.053750 0.073333
0 0.487500 0.145833 0.062500 0.075000
0 0.814688 0.146667 0.083125 0.101667
0 0.026875 0.136250 0.053750 0.090833
0 0.652813 0.118750 0.063125 0.072500
0 0.927500 0.103750 0.052500 0.060833
0 0.431563 0.099167 0.056875 0.070000
0 0.587812 0.104583 0.058125 0.089167
0 0.150938 0.074583 0.061875 0.064167
0 0.711875 0.068750 0.073750 0.072500
0 0.282500 0.067500 0.068750 0.073333
0 0.531875 0.066667 0.061250 0.083333
0 0.871875 0.065833 0.056250 0.095000
0 0.068125 0.045833 0.067500 0.081667
0 0.938125 0.032083 0.057500 0.064167
0 0.788750 0.042500 0.058750 0.085000
0 0.218438 0.023750 0.059375 0.047500