0 0.789687 0.973333 0.066875 0.053333
0 0.882812 0.967500 0.064375 0.065000
0 0.600938 0.966250 0.064375 0.067500
0 0.031563 0.965833 0.063125 0.068333
0 0.409687 0.955417 0.079375 0.089167
0 0.267188 0.945833 0.060625 0.090000
0 0.836250 0.948333 0.065000 0.096667
0 0.342813 0.948333 0.069375 0.098333
0 0.137813 0.935000 0.081875 0.095000
0 0.457813 0.911667 0.076875 0.085000
0 0.518125 0.874167 0.068750 0.081667
0 0.922813 0.878333 0.066875 0.098333
0 0.730313 0.871250 0.073125 0.097500
0 0.823125 0.840833 0.076250 0.095000
0 0.464687 0.800833 0.036875 0.043333
0 0.278438 0.819167 0.066875 0.090000
0 0.405938 0.815000 0.076875 0.093333
0 0.080625 0.821250 0.070000 0.105833
0 0.765938 0.813333 0.069375 0.093333
0 0.595625 0.795000 0.062500 0.086667
0 0.975313 0.794583 0.049375 0.089167
0 0.022812 0.795417 0.045625 0.094167
0 0.339375 0.770000 0.063750 0.085000
0 0.922813 0.751250 0.069375 0.097500
0 0.501250 0.740417 0.071250 0.095833
0 0.437500 0.720833 0.070000 0.096667
0 0.016563 0.698333 0.033125 0.090000
0 0.677188 0.688333 0.064375 0.103333
0 0.364063 0.680833 0.074375 0.098333
0 0.081562 0.647083 0.080625 0.085833
0 0.865000 0.647917 0.071250 0.095833
0 0.929375 0.636667 0.067500 0.100000
0 0.484375 0.593750 0.076250 0.097500
0 0.552500 0.566250 0.067500 0.097500
0 0.875313 0.553333 0.076875 0.083333
0 0.278438 0.554167 0.068125 0.085000
0 0.212188 0.540833 0.070625 0.098333
0 0.637188 0.529167 0.075625 0.096667
0 0.979688 0.519583 0.040625 0.090833
0 0.710938 0.503333 0.066875 0.088333
0 0.816562 0.502500 0.068125 0.101667
0 0.463438 0.489167 0.073125 0.085000
0 0.926562 0.484167 0.075625 0.083333
0 0.054062 0.484167 0.075625 0.093333
0 0.734375 0.439167 0.070000 0.083333
0 0.655312 0.422500 0.059375 0.088333
0 0.948125 0.410000 0.070000 0.085000
0 0.280938 0.397083 0.071875 0.087500
0 0.373437 0.372917 0.074375 0.092500
0 0.570000 0.372083 0.073750 0.092500
0 0.848750 0.360000 0.067500 0.095000
0 0.750938 0.350833 0.078125 0.098333
0 0.908438 0.321250 0.055625 0.070833
0 0.444688 0.317500 0.071875 0.090000
0 0.659062 0.308750 0.108125 0.102500
0 0.058125 0.298750 0.068750 0.092500
0 0.562500 0.277083 0.072500 0.084167
0 0.913125 0.239583 0.070000 0.080833
0 0.491250 0.240833 0.072500 0.093333
0 0.696562 0.220833 0.075625 0.103333
0 0.311250 0.207500 0.062500 0.091667
0 0.548438 0.167917 0.075625 0.102500
0 0.867500 0.156667 0.073750 0.093333
0 0.629375 0.156667 0.082500 0.095000
0 0.301875 0.117083 0.076250 0.090833
0 0.223438 0.100417 0.068125 0.104167
0 0.837500 0.095000 0.075000 0.096667
0 0.414062 0.079167 0.069375 0.098333
0 0.055938 0.066667 0.074375 0.090000
0 0.356563 0.059167 0.069375 0.093333
0 0.780312 0.023333 0.073125 0.046667
0 0.698750 0.019167 0.068750 0.038333
0 0.614375 0.042500 0.072500 0.085000
0 0.539062 0.021250 0.070625 0.042500
0 0.197187 0.029167 0.070625 0.058333