0 0.882500 0.973750 0.072500 0.052500
0 0.303125 0.960000 0.070000 0.080000
0 0.575937 0.948750 0.074375 0.095833
0 0.255312 0.930833 0.070625 0.096667
0 0.980938 0.931250 0.038125 0.107500
0 0.259688 0.843750 0.081875 0.082500
0 0.582500 0.815833 0.076250 0.101667
0 0.415000 0.791250 0.076250 0.094167
0 0.979688 0.762083 0.040625 0.092500
0 0.139063 0.745000 0.079375 0.091667
0 0.897813 0.740417 0.069375 0.090833
0 0.492188 0.686250 0.075625 0.092500
0 0.651563 0.681667 0.070625 0.091667
0 0.827187 0.665000 0.076875 0.095000
0 0.116250 0.629167 0.085000 0.093333
0 0.123438 0.546667 0.076875 0.091667
0 0.474062 0.557083 0.083125 0.120833
0 0.822187 0.534167 0.069375 0.101667
0 0.625313 0.530417 0.080625 0.095833
0 0.744687 0.524167 0.073125 0.101667
0 0.894062 0.526250 0.069375 0.115833
0 0.172500 0.491667 0.075000 0.103333
0 0.323750 0.457917 0.082500 0.109167
0 0.113750 0.440000 0.065000 0.093333
0 0.686562 0.413333 0.073125 0.101667
0 0.593750 0.393750 0.063750 0.075833
0 0.786250 0.401667 0.065000 0.096667
0 0.922813 0.380417 0.071875 0.104167
0 0.401250 0.322917 0.072500 0.090833
0 0.310000 0.320000 0.068750 0.091667
0 0.219688 0.316667 0.070625 0.095000
0 0.693750 0.295833 0.093750 0.085000
0 0.035312 0.292083 0.070625 0.099167
0 0.963125 0.260417 0.073750 0.099167
0 0.494063 0.240417 0.073125 0.082500
0 0.584375 0.237083 0.071250 0.092500
0 0.394375 0.232083 0.077500 0.090833
0 0.881875 0.222917 0.072500 0.100833
0 0.797813 0.208750 0.098125 0.079167
0 0.665312 0.190833 0.070625 0.091667
0 0.237187 0.187500 0.068125 0.101667
0 0.957187 0.165417 0.071875 0.094167
0 0.464687 0.170833 0.075625 0.110000
0 0.399375 0.141667 0.081250 0.091667
0 0.101875 0.126667 0.071250 0.096667
0 0.518750 0.122917 0.065000 0.099167
0 0.675000 0.096667 0.071250 0.086667
0 0.440312 0.071250 0.105625 0.089167
0 0.959063 0.065000 0.081875 0.110000
0 0.686562 0.034583 0.078125 0.069167
0 0.269688 0.025833 0.073125 0.051667
0 0.078125 0.038333 0.071250 0.076667