0 0.378437 0.974167 0.063125 0.051667
0 0.800312 0.966667 0.060625 0.066667
0 0.940312 0.930000 0.058125 0.071667
0 0.083437 0.916667 0.066875 0.083333
0 0.695625 0.890833 0.062500 0.076667
0 0.170625 0.899583 0.061250 0.099167
0 0.348438 0.882500 0.066875 0.085000
0 0.020625 0.881250 0.041250 0.097500
0 0.442500 0.829167 0.056250 0.073333
0 0.205937 0.820417 0.071875 0.087500
0 0.807187 0.809167 0.051875 0.071667
0 0.732500 0.812083 0.062500 0.085833
0 0.606875 0.795000 0.061250 0.080000
0 0.492188 0.737500 0.064375 0.083333
0 0.669063 0.741667 0.076875 0.095000
0 0.029375 0.717083 0.058750 0.104167
0 0.754375 0.700000 0.082500 0.081667
0 0.225312 0.705417 0.073125 0.114167
0 0.959688 0.677500 0.061875 0.080000
0 0.539375 0.666250 0.052500 0.072500
0 0.191562 0.637083 0.085625 0.060833
0 0.832812 0.636250 0.061875 0.089167
0 0.748437 0.622083 0.070625 0.077500
0 0.016875 0.614583 0.033750 0.075833
0 0.386875 0.610833 0.058750 0.090000
0 0.218125 0.586250 0.085000 0.084167
0 0.630313 0.586250 0.060625 0.095833
0 0.884375 0.554167 0.062500 0.080000
0 0.966562 0.532500 0.063125 0.083333
0 0.575313 0.520417 0.058125 0.104167
0 0.380312 0.506250 0.058125 0.075833
0 0.027813 0.462917 0.055625 0.084167
0 0.743125 0.448333 0.066250 0.085000
0 0.495000 0.454167 0.080000 0.098333
0 0.621563 0.345833 0.051875 0.056667
0 0.830313 0.315417 0.056875 0.074167
0 0.962812 0.309167 0.064375 0.085000
0 0.519062 0.313750 0.060625 0.097500
0 0.024375 0.306667 0.048750 0.086667
0 0.479063 0.294167 0.058125 0.088333
0 0.752812 0.278333 0.063125 0.080000
0 0.210313 0.250833 0.065625 0.086667
0 0.307500 0.248750 0.067500 0.100833
0 0.831875 0.217500 0.063750 0.076667
0 0.977500 0.209583 0.045000 0.074167
0 0.900937 0.207083 0.048125 0.080833
0 0.345313 0.199583 0.064375 0.084167
0 0.111875 0.180833 0.065000 0.086667
0 0.461250 0.166250 0.068750 0.085833
0 0.199687 0.161250 0.070625 0.082500
0 0.036875 0.152917 0.056250 0.069167
0 0.725000 0.140417 0.057500 0.080833
0 0.842500 0.121667 0.052500 0.071667
0 0.582187 0.114167 0.063125 0.080000
0 0.954375 0.102917 0.060000 0.085833
0 0.180312 0.097500 0.078125 0.080000
0 0.784062 0.049167 0.051875 0.065000
0 0.906563 0.056250 0.064375 0.090833
0 0.041250 0.050833 0.066250 0.088333
0 0.629687 0.022500 0.069375 0.045000
0 0.132812 0.026667 0.068125 0.053333