0 0.371563 0.977083 0.068125 0.045833
0 0.040000 0.974583 0.080000 0.050833
0 0.267188 0.959583 0.135625 0.080833
0 0.792500 0.956667 0.070000 0.086667
0 0.972187 0.954583 0.055625 0.090833
0 0.421250 0.947083 0.067500 0.075833
0 0.872188 0.949583 0.109375 0.100833
0 0.129688 0.949167 0.115625 0.101667
0 0.754062 0.934583 0.058125 0.089167
0 0.019062 0.927500 0.038125 0.113333
0 0.680937 0.914583 0.080625 0.099167
0 0.446875 0.902917 0.076250 0.079167
0 0.595625 0.905833 0.071250 0.091667
0 0.070000 0.880417 0.063750 0.087500
0 0.825000 0.876667 0.082500 0.085000
0 0.320000 0.872083 0.067500 0.085833
0 0.389062 0.839583 0.070625 0.089167
0 0.960000 0.836250 0.057500 0.087500
0 0.794375 0.820833 0.065000 0.080000
0 0.542188 0.821250 0.071875 0.094167
0 0.325937 0.812083 0.070625 0.079167
0 0.126562 0.821250 0.066875 0.104167
0 0.884062 0.806667 0.086875 0.098333
0 0.693438 0.796667 0.089375 0.116667
0 0.754687 0.779583 0.068125 0.105833
0 0.630000 0.775000 0.050000 0.103333
0 0.980625 0.767083 0.038750 0.095833
0 0.579063 0.746667 0.059375 0.090000
0 0.494688 0.747500 0.101875 0.091667
0 0.773438 0.702500 0.068125 0.071667
0 0.500625 0.693750 0.071250 0.092500
0 0.963125 0.672083 0.073750 0.130833
0 0.127188 0.666667 0.071875 0.120000
0 0.236563 0.646250 0.069375 0.094167
0 0.058125 0.638333 0.066250 0.085000
0 0.298125 0.728750 0.206250 0.274167
0 0.651563 0.667917 0.093125 0.159167
0 0.823750 0.630000 0.075000 0.093333
0 0.528125 0.607500 0.065000 0.085000
0 0.450937 0.617083 0.088125 0.109167
0 0.731875 0.619583 0.071250 0.130833
0 0.865625 0.575417 0.070000 0.085833
0 0.615313 0.565000 0.076875 0.093333
0 0.076250 0.551250 0.070000 0.082500
0 0.333750 0.555000 0.110000 0.101667
0 0.664062 0.541250 0.063125 0.084167
0 0.751563 0.537083 0.055625 0.084167
0 0.807500 0.537083 0.067500 0.090833
0 0.183438 0.535833 0.063125 0.095000
0 0.273750 0.454167 0.075000 0.096667
0 0.616250 0.453333 0.080000 0.123333
0 0.675937 0.430833 0.053125 0.091667
0 0.430312 0.416250 0.075625 0.079167
0 0.825937 0.426250 0.075625 0.119167
0 0.203437 0.407917 0.069375 0.087500
0 0.021562 0.412500 0.043125 0.103333
0 0.913125 0.396667 0.065000 0.093333
0 0.970938 0.354167 0.058125 0.080000
0 0.398125 0.368750 0.051250 0.110833
0 0.730000 0.362083 0.082500 0.104167
0 0.315937 0.372500 0.109375 0.140000
0 0.505000 0.342917 0.072500 0.092500
0 0.028438 0.325000 0.056875 0.093333
0 0.241250 0.321667 0.067500 0.098333
0 0.825313 0.316250 0.069375 0.089167
0 0.485625 0.291667 0.075000 0.078333
0 0.080312 0.297083 0.064375 0.097500
0 0.564688 0.281250 0.073125 0.099167
0 0.281875 0.265417 0.045000 0.105833
0 0.897188 0.274583 0.075625 0.129167
0 0.973437 0.249167 0.053125 0.093333
0 0.226250 0.251250 0.060000 0.120833
0 0.170625 0.245000 0.080000 0.133333
0 0.853437 0.221250 0.070625 0.092500
0 0.320312 0.218333 0.063125 0.090000
0 0.043437 0.207083 0.071875 0.087500
0 0.490625 0.203750 0.075000 0.092500
0 0.380000 0.190833 0.067500 0.085000
0 0.257500 0.172917 0.068750 0.089167
0 0.452500 0.169583 0.075000 0.097500
0 0.568750 0.161250 0.067500 0.089167
0 0.659062 0.157917 0.064375 0.095833
0 0.979688 0.137500 0.040625 0.078333
0 0.112812 0.140417 0.066875 0.087500
0 0.747812 0.143750 0.054375 0.097500
0 0.884375 0.140000 0.080000 0.096667
0 0.288438 0.131667 0.069375 0.093333
0 0.395937 0.115833 0.066875 0.091667
0 0.191250 0.110000 0.063750 0.088333
0 0.330313 0.103333 0.068125 0.096667
0 0.561562 0.077917 0.089375 0.100833
0 0.917500 0.060417 0.065000 0.080833
0 0.808125 0.051667 0.057500 0.101667
0 0.521875 0.030833 0.070000 0.061667
0 0.284375 0.040000 0.076250 0.080000
0 0.085938 0.035000 0.094375 0.070000