0 0.732187 0.973750 0.063125 0.052500
0 0.306875 0.948333 0.056250 0.071667
0 0.597812 0.937083 0.065625 0.079167
0 0.077500 0.934167 0.062500 0.075000
0 0.844375 0.927917 0.065000 0.077500
0 0.782188 0.916667 0.053125 0.075000
0 0.370312 0.881250 0.063125 0.067500
0 0.089063 0.871250 0.080625 0.092500
0 0.819063 0.855000 0.069375 0.071667
0 0.597187 0.834167 0.058125 0.081667
0 0.334688 0.832083 0.058125 0.077500
0 0.888437 0.831250 0.060625 0.089167
0 0.407187 0.793333 0.051875 0.085000
0 0.449062 0.779583 0.053125 0.079167
0 0.068437 0.778333 0.064375 0.083333
0 0.537813 0.772083 0.060625 0.080833
0 0.851562 0.759583 0.078125 0.065833
0 0.304688 0.750833 0.063125 0.088333
0 0.131562 0.744583 0.060625 0.080833
0 0.501875 0.733750 0.053750 0.074167
0 0.201875 0.728333 0.066250 0.075000
0 0.833125 0.703333 0.081250 0.080000
0 0.402813 0.700000 0.063125 0.083333
0 0.474687 0.685000 0.050625 0.076667
0 0.665000 0.686667 0.068750 0.093333
0 0.241875 0.664583 0.065000 0.089167
0 0.867188 0.647500 0.070625 0.068333
0 0.299687 0.648333 0.059375 0.078333
0 0.145313 0.645417 0.061875 0.084167
0 0.551250 0.634167 0.043750 0.076667
0 0.783750 0.630000 0.056250 0.083333
0 0.606250 0.617083 0.048750 0.062500
0 0.894375 0.586250 0.062500 0.070833
0 0.639062 0.588750 0.064375 0.082500
0 0.577187 0.568750 0.043125 0.057500
0 0.694375 0.550417 0.076250 0.109167
0 0.367500 0.531250 0.067500 0.079167
0 0.895312 0.510000 0.056875 0.076667
0 0.171875 0.498750 0.056250 0.077500
0 0.835938 0.457917 0.059375 0.075833
0 0.345313 0.451250 0.050625 0.067500
0 0.515000 0.451250 0.047500 0.080833
0 0.402813 0.456250 0.065625 0.090833
0 0.918750 0.447917 0.086250 0.092500
0 0.630000 0.455000 0.217500 0.143333
0 0.257500 0.417500 0.062500 0.095000
0 0.085625 0.404583 0.062500 0.072500
0 0.199687 0.391667 0.051875 0.071667
0 0.366250 0.377917 0.060000 0.067500
0 0.640938 0.351667 0.066875 0.068333
0 0.549687 0.344583 0.039375 0.062500
0 0.833750 0.345417 0.061250 0.085833
0 0.411250 0.337500 0.055000 0.075000
0 0.322813 0.341667 0.058125 0.083333
0 0.081562 0.327917 0.063125 0.072500
0 0.197500 0.314167 0.062500 0.081667
0 0.598437 0.302083 0.060625 0.067500
0 0.527188 0.284583 0.059375 0.070833
0 0.718750 0.279167 0.070000 0.083333
0 0.655937 0.272500 0.054375 0.071667
0 0.121563 0.275000 0.063125 0.086667
0 0.316563 0.258750 0.063125 0.069167
0 0.768125 0.230000 0.070000 0.095000
0 0.619062 0.212083 0.065625 0.075833
0 0.817813 0.189583 0.071875 0.064167
0 0.278438 0.189583 0.051875 0.074167
0 0.511250 0.173750 0.067500 0.074167
0 0.881250 0.171250 0.060000 0.070833
0 0.304688 0.144583 0.065625 0.082500
0 0.114062 0.129583 0.060625 0.069167
0 0.625000 0.126667 0.056250 0.070000
0 0.461250 0.100417 0.095000 0.062500
0 0.862187 0.104583 0.073125 0.085833
0 0.213438 0.093333 0.060625 0.076667
0 0.913750 0.067917 0.063750 0.080833
0 0.574063 0.072500 0.070625 0.095000
0 0.526563 0.052917 0.060625 0.074167
0 0.105625 0.055000 0.066250 0.083333
0 0.149062 0.045833 0.048125 0.073333
0 0.981250 0.042917 0.037500 0.084167
0 0.841562 0.032500 0.064375 0.065000
0 0.636875 0.029583 0.057500 0.059167
0 0.424063 0.032083 0.089375 0.064167
0 0.244688 0.027083 0.060625 0.054167