0 0.421563 0.972500 0.071875 0.055000
0 0.161250 0.967500 0.077500 0.065000
0 0.904375 0.962083 0.056250 0.075833
0 0.737187 0.933333 0.066875 0.081667
0 0.840625 0.920000 0.063750 0.095000
0 0.550937 0.910417 0.065625 0.087500
0 0.304688 0.900417 0.075625 0.100833
0 0.467187 0.881250 0.076875 0.092500
0 0.038437 0.865833 0.059375 0.076667
0 0.966250 0.865833 0.067500 0.085000
0 0.650000 0.844583 0.068750 0.089167
0 0.734062 0.836250 0.064375 0.079167
0 0.848437 0.797500 0.084375 0.101667
0 0.474062 0.779167 0.068125 0.070000
0 0.948125 0.786667 0.070000 0.091667
0 0.398125 0.742500 0.057500 0.058333
0 0.703750 0.740000 0.067500 0.086667
0 0.482500 0.718333 0.068750 0.056667
0 0.043437 0.703750 0.071875 0.115833
0 0.543125 0.660417 0.060000 0.077500
0 0.411250 0.648750 0.057500 0.067500
0 0.466562 0.637083 0.064375 0.082500
0 0.859062 0.623750 0.066875 0.074167
0 0.163125 0.622083 0.120000 0.105833
0 0.606250 0.586250 0.053750 0.074167
0 0.445625 0.575833 0.073750 0.071667
0 0.974375 0.577500 0.051250 0.091667
0 0.210000 0.552500 0.088750 0.083333
0 0.460000 0.520417 0.070000 0.072500
0 0.679063 0.517083 0.063125 0.090833
0 0.210938 0.481250 0.085625 0.080833
0 0.028125 0.464583 0.056250 0.062500
0 0.774687 0.471250 0.071875 0.097500
0 0.272813 0.458750 0.060625 0.110833
0 0.109063 0.445417 0.076875 0.089167
0 0.408125 0.420000 0.060000 0.080000
0 0.323125 0.399167 0.078750 0.078333
0 0.485625 0.419167 0.083750 0.148333
0 0.597187 0.380000 0.065625 0.085000
0 0.058125 0.357917 0.063750 0.079167
0 0.845313 0.352917 0.063125 0.094167
0 0.253125 0.349167 0.050000 0.090000
0 0.179375 0.340833 0.072500 0.086667
0 0.955313 0.334583 0.061875 0.077500
0 0.506563 0.302500 0.054375 0.061667
0 0.980625 0.259583 0.038750 0.092500
0 0.940000 0.236667 0.060000 0.088333
0 0.570937 0.224167 0.068125 0.095000
0 0.836250 0.224167 0.075000 0.098333
0 0.457188 0.218750 0.078125 0.092500
0 0.319688 0.209583 0.085625 0.130833
0 0.370000 0.172500 0.076250 0.110000
0 0.517813 0.146667 0.065625 0.081667
0 0.759375 0.132083 0.058750 0.090833
0 0.921250 0.109167 0.070000 0.083333
0 0.154688 0.102083 0.079375 0.099167
0 0.634687 0.080000 0.053125 0.073333
0 0.516563 0.068750 0.061875 0.070833
0 0.965000 0.033750 0.060000 0.067500
0 0.485938 0.035833 0.071875 0.071667
0 0.405938 0.030417 0.070625 0.060833
0 0.330000 0.025417 0.072500 0.050833
0 0.228750 0.025417 0.058750 0.050833
0 0.058750 0.032083 0.066250 0.064167