0 0.042500 0.972083 0.063750 0.055833
0 0.843437 0.967917 0.065625 0.064167
0 0.690625 0.961667 0.076250 0.076667
0 0.096875 0.955833 0.067500 0.088333
0 0.280938 0.949583 0.063125 0.082500
0 0.568438 0.953750 0.068125 0.092500
0 0.449375 0.945417 0.075000 0.092500
0 0.212500 0.948750 0.083750 0.102500
0 0.886875 0.939167 0.070000 0.090000
0 0.350000 0.938333 0.073750 0.088333
0 0.886875 0.872083 0.062500 0.055833
0 0.487187 0.870833 0.075625 0.065000
0 0.229063 0.866250 0.094375 0.100833
0 0.563438 0.852917 0.056875 0.094167
0 0.655312 0.844583 0.070625 0.084167
0 0.423438 0.841667 0.066875 0.090000
0 0.085312 0.871250 0.160625 0.160833
0 0.742500 0.787083 0.063750 0.082500
0 0.512813 0.785833 0.056875 0.088333
0 0.929375 0.787917 0.065000 0.104167
0 0.475938 0.775000 0.055625 0.091667
0 0.610625 0.769583 0.062500 0.085833
0 0.683438 0.762083 0.063125 0.085833
0 0.041875 0.747083 0.083750 0.100833
0 0.958125 0.741250 0.072500 0.097500
0 0.197500 0.705833 0.073750 0.093333
0 0.120938 0.676250 0.071875 0.095833
0 0.790000 0.653750 0.056250 0.085833
0 0.022500 0.646250 0.045000 0.079167
0 0.976250 0.653750 0.047500 0.095833
0 0.743750 0.650833 0.055000 0.095000
0 0.698750 0.645000 0.053750 0.093333
0 0.639375 0.641667 0.061250 0.086667
0 0.277187 0.632500 0.080625 0.110000
0 0.509062 0.606667 0.079375 0.073333
0 0.829375 0.597917 0.051250 0.072500
0 0.934375 0.610000 0.066250 0.101667
0 0.247188 0.570000 0.061875 0.078333
0 0.171563 0.570000 0.066875 0.098333
0 0.672813 0.562500 0.058125 0.085000
0 0.109375 0.563333 0.067500 0.093333
0 0.030312 0.554167 0.060625 0.096667
0 0.551250 0.541667 0.065000 0.086667
0 0.873125 0.550833 0.077500 0.106667
0 0.723437 0.542500 0.070625 0.103333
0 0.337187 0.517917 0.069375 0.092500
0 0.616250 0.512917 0.068750 0.087500
0 0.093438 0.508333 0.074375 0.095000
0 0.455313 0.504583 0.081875 0.090833
0 0.975000 0.510000 0.050000 0.136667
0 0.292500 0.485000 0.065000 0.091667
0 0.028750 0.460000 0.057500 0.080000
0 0.533125 0.467500 0.075000 0.106667
0 0.874375 0.430833 0.057500 0.076667
0 0.155000 0.435417 0.071250 0.094167
0 0.412500 0.408333 0.067500 0.086667
0 0.481250 0.402083 0.066250 0.089167
0 0.726562 0.390000 0.064375 0.090000
0 0.920625 0.390417 0.076250 0.094167
0 0.587500 0.361250 0.067500 0.080833
0 0.432500 0.350417 0.080000 0.087500
0 0.308437 0.323750 0.069375 0.085833
0 0.163750 0.324167 0.067500 0.095000
0 0.451250 0.315000 0.066250 0.078333
0 0.974375 0.321667 0.051250 0.101667
0 0.862500 0.302500 0.072500 0.095000
0 0.370000 0.292500 0.066250 0.085000
0 0.793125 0.284583 0.071250 0.074167
0 0.691875 0.304583 0.083750 0.125833
0 0.626250 0.281667 0.108750 0.100000
0 0.243125 0.273750 0.065000 0.095833
0 0.552188 0.253750 0.064375 0.085833
0 0.764062 0.247083 0.074375 0.077500
0 0.488750 0.257500 0.071250 0.108333
0 0.312500 0.241250 0.071250 0.075833
0 0.085938 0.247917 0.070625 0.092500
0 0.974688 0.219167 0.050625 0.086667
0 0.378750 0.202083 0.062500 0.094167
0 0.659062 0.190417 0.100625 0.109167
0 0.790312 0.177083 0.076875 0.092500
0 0.312812 0.160833 0.078125 0.101667
0 0.745625 0.130417 0.083750 0.074167
0 0.035937 0.157917 0.071875 0.132500
0 0.525312 0.122500 0.071875 0.078333
0 0.963437 0.132500 0.073125 0.100000
0 0.442812 0.150417 0.093125 0.149167
0 0.904062 0.114167 0.064375 0.091667
0 0.716250 0.103333 0.072500 0.081667
0 0.190312 0.073750 0.068125 0.092500
0 0.910000 0.025417 0.073750 0.050833
0 0.790625 0.045000 0.095000 0.090000
0 0.721250 0.034583 0.067500 0.069167
0 0.658438 0.068750 0.074375 0.137500
0 0.453125 0.039167 0.071250 0.078333
0 0.383750 0.063333 0.073750 0.126667
0 0.267813 0.020000 0.059375 0.040000
0 0.052812 0.040000 0.081875 0.080000