0 0.746563 0.957500 0.054375 0.075000
0 0.670625 0.959583 0.070000 0.080833
0 0.210938 0.955833 0.066875 0.088333
0 0.505313 0.901667 0.061875 0.093333
0 0.332813 0.885417 0.053125 0.069167
0 0.549375 0.882083 0.071250 0.084167
0 0.233750 0.848750 0.060000 0.087500
0 0.721250 0.835000 0.067500 0.110000
0 0.657813 0.827083 0.060625 0.097500
0 0.924687 0.777083 0.068125 0.080833
0 0.816875 0.765833 0.061250 0.088333
0 0.037812 0.758333 0.075625 0.101667
0 0.218438 0.740000 0.078125 0.093333
0 0.850000 0.725000 0.067500 0.098333
0 0.474375 0.705833 0.073750 0.086667
0 0.083125 0.677500 0.058750 0.065000
0 0.372812 0.682500 0.065625 0.085000
0 0.225938 0.662083 0.049375 0.064167
0 0.964063 0.660417 0.063125 0.084167
0 0.711250 0.658750 0.061250 0.087500
0 0.155625 0.657500 0.061250 0.085000
0 0.577187 0.647917 0.058125 0.075833
0 0.892500 0.637917 0.057500 0.070833
0 0.335938 0.631667 0.061875 0.078333
0 0.651875 0.627917 0.058750 0.090833
0 0.072500 0.616667 0.062500 0.080000
0 0.263437 0.631250 0.070625 0.110833
0 0.203437 0.581667 0.065625 0.091667
0 0.118125 0.572500 0.058750 0.076667
0 0.808438 0.567083 0.070625 0.087500
0 0.521250 0.530000 0.072500 0.088333
0 0.356563 0.535417 0.090625 0.105833
0 0.049063 0.522500 0.064375 0.085000
0 0.487500 0.503750 0.060000 0.095833
0 0.417187 0.494167 0.053125 0.081667
0 0.976562 0.496250 0.046875 0.095833
0 0.639375 0.478750 0.047500 0.065833
0 0.878125 0.501667 0.081250 0.113333
0 0.274062 0.480000 0.090625 0.086667
0 0.754375 0.475417 0.056250 0.080833
0 0.110625 0.473750 0.071250 0.087500
0 0.371563 0.440833 0.069375 0.078333
0 0.033438 0.428750 0.066875 0.092500
0 0.590313 0.418750 0.068125 0.082500
0 0.930312 0.417083 0.075625 0.087500
0 0.190625 0.352500 0.062500 0.083333
0 0.658750 0.341250 0.056250 0.075833
0 0.535937 0.341250 0.070625 0.090833
0 0.802500 0.326667 0.063750 0.083333
0 0.130000 0.323333 0.060000 0.098333
0 0.956875 0.305417 0.067500 0.105833
0 0.053125 0.288333 0.081250 0.088333
0 0.592812 0.270833 0.070625 0.090000
0 0.846250 0.258750 0.068750 0.100833
0 0.763750 0.256667 0.071250 0.101667
0 0.185312 0.247500 0.066875 0.085000
0 0.492500 0.216250 0.063750 0.085833
0 0.700937 0.201667 0.073125 0.096667
0 0.416875 0.155000 0.073750 0.098333
0 0.636250 0.150000 0.073750 0.093333
0 0.224375 0.147917 0.076250 0.094167
0 0.326875 0.147083 0.075000 0.107500
0 0.536563 0.130000 0.054375 0.080000
0 0.910937 0.116667 0.069375 0.091667
0 0.117813 0.101667 0.075625 0.095000
0 0.965625 0.082917 0.068750 0.099167
0 0.033125 0.077500 0.066250 0.091667
0 0.455000 0.060000 0.070000 0.088333
0 0.613125 0.054583 0.062500 0.109167
0 0.569375 0.038750 0.063750 0.077500
0 0.370000 0.045833 0.068750 0.091667