0 0.804688 0.967917 0.075625 0.064167
0 0.922813 0.963333 0.068125 0.073333
0 0.602187 0.952083 0.073125 0.095833
0 0.195312 0.916250 0.078125 0.092500
0 0.312188 0.902083 0.081875 0.100833
0 0.107500 0.878333 0.068750 0.090000
0 0.893750 0.810000 0.063750 0.090000
0 0.955937 0.791250 0.063125 0.085833
0 0.781563 0.725417 0.075625 0.099167
0 0.320000 0.688333 0.077500 0.085000
0 0.589688 0.676250 0.076875 0.087500
0 0.392188 0.658333 0.059375 0.085000
0 0.824375 0.652917 0.070000 0.099167
0 0.185312 0.619583 0.085625 0.085833
0 0.107188 0.617500 0.054375 0.093333
0 0.061250 0.620000 0.061250 0.105000
0 0.550937 0.586667 0.071875 0.090000
0 0.923750 0.532500 0.056250 0.078333
0 0.111875 0.513750 0.071250 0.094167
0 0.196563 0.501250 0.078125 0.107500
0 0.284062 0.480417 0.076875 0.107500
0 0.781563 0.451250 0.094375 0.089167
0 0.558125 0.446667 0.090000 0.080000
0 0.081250 0.441667 0.072500 0.088333
0 0.431875 0.436667 0.073750 0.085000
0 0.180000 0.405833 0.071250 0.085000
0 0.884375 0.372500 0.083750 0.075000
0 0.954688 0.388750 0.061875 0.109167
0 0.766563 0.367917 0.074375 0.087500
0 0.098125 0.362500 0.082500 0.095000
0 0.188750 0.310417 0.097500 0.114167
0 0.549063 0.259583 0.066875 0.089167
0 0.666250 0.213333 0.076250 0.081667
0 0.200625 0.212083 0.071250 0.085833
0 0.049063 0.201667 0.066875 0.090000
0 0.449062 0.197917 0.074375 0.095833
0 0.328750 0.190417 0.098750 0.094167
0 0.170937 0.129167 0.070625 0.083333
0 0.921250 0.086667 0.073750 0.096667
0 0.100625 0.030417 0.077500 0.060833