0 0.388750 0.979167 0.066250 0.041667
0 0.058438 0.970000 0.056875 0.060000
0 0.477812 0.932500 0.050625 0.066667
0 0.783125 0.907083 0.071250 0.060833
0 0.209687 0.907083 0.059375 0.072500
0 0.034688 0.898333 0.069375 0.075000
0 0.683125 0.880417 0.062500 0.084167
0 0.130312 0.866667 0.064375 0.083333
0 0.392813 0.831250 0.075625 0.112500
0 0.221562 0.804583 0.063125 0.079167
0 0.083437 0.788333 0.060625 0.070000
0 0.895938 0.754167 0.064375 0.080000
0 0.803125 0.747917 0.061250 0.079167
0 0.330000 0.738750 0.048750 0.082500
0 0.282500 0.736667 0.065000 0.088333
0 0.133750 0.730417 0.061250 0.079167
0 0.785625 0.680417 0.047500 0.067500
0 0.634375 0.677917 0.061250 0.079167
0 0.449688 0.676667 0.049375 0.081667
0 0.570625 0.637917 0.055000 0.060833
0 0.522813 0.601667 0.043125 0.070000
0 0.903125 0.592500 0.065000 0.065000
0 0.397500 0.591250 0.061250 0.069167
0 0.604062 0.531250 0.060625 0.072500
0 0.802188 0.532917 0.084375 0.097500
0 0.085938 0.508750 0.061875 0.085833
0 0.503437 0.475000 0.058125 0.083333
0 0.711875 0.443750 0.058750 0.075833
0 0.986563 0.416667 0.026875 0.071667
0 0.921875 0.399167 0.048750 0.063333
0 0.571250 0.397083 0.107500 0.094167
0 0.866875 0.377083 0.055000 0.069167
0 0.304688 0.348750 0.055625 0.070833
0 0.027813 0.340000 0.055625 0.076667
0 0.612187 0.325833 0.066875 0.065000
0 0.850313 0.312500 0.065625 0.068333
0 0.063750 0.274583 0.055000 0.075833
0 0.609375 0.262500 0.060000 0.078333
0 0.400625 0.263333 0.067500 0.083333
0 0.021562 0.258333 0.043125 0.073333
0 0.866563 0.230417 0.065625 0.084167
0 0.264375 0.155833 0.083750 0.101667
0 0.816250 0.127500 0.060000 0.075000
0 0.082500 0.133750 0.053750 0.089167
0 0.205625 0.111250 0.061250 0.074167
0 0.637500 0.113750 0.078750 0.089167
0 0.025313 0.108750 0.050625 0.079167
0 0.296875 0.086250 0.063750 0.069167
0 0.556875 0.074167 0.065000 0.088333
0 0.680000 0.034583 0.057500 0.069167
0 0.212188 0.025833 0.068125 0.051667