0 0.641563 0.951250 0.069375 0.090833
0 0.334688 0.926667 0.075625 0.103333
0 0.360000 0.862917 0.072500 0.085833
0 0.477500 0.855417 0.062500 0.094167
0 0.168125 0.860000 0.068750 0.108333
0 0.961562 0.797917 0.069375 0.085833
0 0.534375 0.805000 0.073750 0.101667
0 0.366563 0.762083 0.068125 0.089167
0 0.459688 0.731667 0.078125 0.093333
0 0.893437 0.714167 0.065625 0.075000
0 0.754062 0.695833 0.073125 0.098333
0 0.830937 0.686250 0.068125 0.100833
0 0.121875 0.646250 0.065000 0.082500
0 0.545937 0.652917 0.073125 0.100833
0 0.876250 0.639167 0.062500 0.086667
0 0.309688 0.630833 0.065625 0.090000
0 0.371250 0.559167 0.102500 0.101667
0 0.198437 0.539167 0.078125 0.088333
0 0.096562 0.530833 0.063125 0.088333
0 0.843750 0.517500 0.070000 0.096667
0 0.746875 0.515417 0.066250 0.094167
0 0.045312 0.484583 0.071875 0.102500
0 0.243750 0.460417 0.105000 0.104167
0 0.701250 0.417500 0.068750 0.093333
0 0.600625 0.417917 0.076250 0.102500
0 0.870000 0.376250 0.067500 0.085833
0 0.140937 0.377083 0.069375 0.092500
0 0.100625 0.379167 0.058750 0.101667
0 0.382188 0.364167 0.074375 0.088333
0 0.965938 0.296667 0.068125 0.096667
0 0.589688 0.286250 0.079375 0.092500
0 0.299375 0.272083 0.077500 0.085833
0 0.201563 0.242083 0.069375 0.099167
0 0.259375 0.211667 0.071250 0.096667
0 0.644062 0.192500 0.058125 0.096667
0 0.891250 0.193750 0.067500 0.104167
0 0.544375 0.184583 0.061250 0.092500
0 0.828438 0.182500 0.065625 0.095000
0 0.586562 0.176667 0.054375 0.098333
0 0.162812 0.117083 0.070625 0.089167
0 0.044687 0.104167 0.074375 0.088333
0 0.925625 0.103750 0.068750 0.095833
0 0.420625 0.092500 0.075000 0.090000
0 0.563125 0.066667 0.067500 0.085000
0 0.824063 0.029167 0.061875 0.058333