0 0.591250 0.980000 0.048750 0.040000
0 0.050000 0.976667 0.068750 0.046667
0 0.138437 0.939167 0.054375 0.078333
0 0.021562 0.932917 0.043125 0.079167
0 0.080625 0.910833 0.052500 0.088333
0 0.546250 0.890000 0.062500 0.073333
0 0.151875 0.881667 0.083750 0.063333
0 0.640312 0.881250 0.056875 0.077500
0 0.699375 0.871667 0.051250 0.081667
0 0.026250 0.857500 0.052500 0.078333
0 0.331875 0.839167 0.075000 0.076667
0 0.509687 0.810000 0.061875 0.083333
0 0.653438 0.797083 0.064375 0.070833
0 0.046875 0.794167 0.060000 0.081667
0 0.573750 0.790000 0.066250 0.085000
0 0.415625 0.774167 0.068750 0.086667
0 0.326250 0.762500 0.073750 0.085000
0 0.822500 0.752500 0.061250 0.080000
0 0.483125 0.745000 0.066250 0.081667
0 0.624687 0.724583 0.065625 0.079167
0 0.285938 0.705833 0.071875 0.081667
0 0.689375 0.705417 0.060000 0.089167
0 0.542500 0.699167 0.067500 0.090000
0 0.784375 0.692083 0.063750 0.084167
0 0.606563 0.670833 0.053125 0.075000
0 0.344062 0.673333 0.063125 0.091667
0 0.458437 0.667917 0.064375 0.082500
0 0.946250 0.667083 0.055000 0.087500
0 0.988750 0.662917 0.022500 0.105833
0 0.261562 0.639167 0.066875 0.065000
0 0.842187 0.640000 0.059375 0.080000
0 0.907188 0.617917 0.054375 0.077500
0 0.528438 0.611250 0.058125 0.075833
0 0.670312 0.608333 0.065625 0.078333
0 0.301250 0.585417 0.057500 0.082500
0 0.796875 0.576667 0.058750 0.088333
0 0.232500 0.563750 0.063750 0.077500
0 0.444688 0.567917 0.059375 0.092500
0 0.979062 0.558333 0.041875 0.078333
0 0.864375 0.554583 0.056250 0.072500
0 0.564688 0.556250 0.054375 0.087500
0 0.929063 0.554167 0.063125 0.106667
0 0.625938 0.542500 0.050625 0.095000
0 0.955625 0.485417 0.065000 0.070833
0 0.331250 0.487083 0.053750 0.077500
0 0.853750 0.475000 0.057500 0.070000
0 0.676875 0.469167 0.060000 0.071667
0 0.419375 0.462917 0.060000 0.077500
0 0.910312 0.445833 0.055625 0.063333
0 0.362500 0.446667 0.057500 0.106667
0 0.550000 0.423750 0.072500 0.062500
0 0.975625 0.395833 0.048750 0.076667
0 0.808750 0.395833 0.057500 0.083333
0 0.898125 0.385417 0.081250 0.069167
0 0.404375 0.385833 0.067500 0.078333
0 0.488125 0.390417 0.053750 0.090833
0 0.712500 0.366667 0.060000 0.075000
0 0.587187 0.343750 0.068125 0.077500
0 0.432500 0.342917 0.072500 0.084167
0 0.744062 0.315833 0.073125 0.080000
0 0.657188 0.310833 0.053125 0.083333
0 0.889687 0.312500 0.071875 0.088333
0 0.455937 0.297500 0.066875 0.066667
0 0.816250 0.295833 0.065000 0.076667
0 0.601562 0.272500 0.050625 0.071667
0 0.675937 0.241667 0.055625 0.078333
0 0.841875 0.236250 0.058750 0.077500
0 0.773125 0.228333 0.057500 0.078333
0 0.909062 0.219583 0.064375 0.067500
0 0.842187 0.148333 0.046875 0.073333
0 0.897500 0.130833 0.065000 0.095000
0 0.775625 0.113333 0.057500 0.083333
0 0.697500 0.071667 0.056250 0.071667
0 0.941250 0.074583 0.055000 0.080833
0 0.862812 0.051250 0.073125 0.080833
0 0.828438 0.029583 0.066875 0.059167