0 0.575000 0.978333 0.067500 0.043333
0 0.968437 0.977917 0.063125 0.044167
0 0.220312 0.966250 0.068125 0.067500
0 0.720938 0.965417 0.063125 0.069167
0 0.076250 0.964167 0.063750 0.071667
0 0.880938 0.944167 0.064375 0.085000
0 0.347187 0.898750 0.066875 0.087500
0 0.424063 0.891250 0.068125 0.090833
0 0.055938 0.847500 0.064375 0.086667
0 0.911875 0.826667 0.061250 0.083333
0 0.532500 0.814167 0.065000 0.088333
0 0.282187 0.796250 0.073125 0.092500
0 0.063750 0.765417 0.050000 0.072500
0 0.535312 0.715833 0.083125 0.100000
0 0.332813 0.702500 0.070625 0.088333
0 0.448125 0.670417 0.070000 0.067500
0 0.191250 0.672083 0.072500 0.084167
0 0.690625 0.648333 0.067500 0.096667
0 0.521250 0.622917 0.065000 0.092500
0 0.455625 0.617917 0.065000 0.087500
0 0.881250 0.596667 0.071250 0.098333
0 0.982500 0.590833 0.035000 0.091667
0 0.155938 0.591250 0.064375 0.102500
0 0.079062 0.595833 0.074375 0.125000
0 0.647188 0.567917 0.069375 0.084167
0 0.236250 0.522083 0.062500 0.085833
0 0.560312 0.517083 0.070625 0.095833
0 0.347813 0.488333 0.065625 0.096667
0 0.714375 0.466667 0.062500 0.093333
0 0.852812 0.445417 0.069375 0.092500
0 0.622812 0.436667 0.073125 0.095000
0 0.030937 0.402917 0.060625 0.095833
0 0.978750 0.372500 0.042500 0.091667
0 0.781250 0.349583 0.066250 0.082500
0 0.080000 0.345833 0.061250 0.085000
0 0.380312 0.347083 0.061875 0.092500
0 0.497812 0.331250 0.059375 0.109167
0 0.969375 0.316667 0.061250 0.083333
0 0.189375 0.314583 0.068750 0.094167
0 0.127812 0.240000 0.059375 0.086667
0 0.231250 0.231250 0.055000 0.072500
0 0.481250 0.233333 0.065000 0.080000
0 0.673438 0.214583 0.074375 0.070833
0 0.042813 0.222917 0.069375 0.089167
0 0.521563 0.162083 0.065625 0.089167
0 0.798438 0.145417 0.068125 0.077500
0 0.952500 0.146667 0.072500 0.086667
0 0.318437 0.118750 0.071875 0.089167
0 0.612812 0.063750 0.059375 0.085833
0 0.657188 0.064167 0.055625 0.088333
0 0.768750 0.057917 0.067500 0.079167
0 0.356250 0.020000 0.070000 0.040000
0 0.160625 0.029583 0.063750 0.059167