0 0.617500 0.972083 0.072500 0.055833
0 0.839375 0.961667 0.071250 0.076667
0 0.224375 0.948750 0.080000 0.090833
0 0.296250 0.925833 0.075000 0.083333
0 0.024688 0.911667 0.049375 0.096667
0 0.589063 0.901250 0.063125 0.085833
0 0.849375 0.867500 0.063750 0.095000
0 0.439375 0.852500 0.075000 0.090000
0 0.067500 0.844167 0.075000 0.091667
0 0.186875 0.835833 0.067500 0.101667
0 0.543125 0.833750 0.087500 0.109167
0 0.241250 0.787083 0.076250 0.109167
0 0.550312 0.768750 0.096875 0.094167
0 0.701562 0.749583 0.064375 0.119167
0 0.632812 0.740000 0.075625 0.106667
0 0.335938 0.723333 0.065625 0.091667
0 0.525937 0.685417 0.060625 0.084167
0 0.820000 0.645417 0.075000 0.090833
0 0.262500 0.642917 0.075000 0.092500
0 0.380625 0.615833 0.082500 0.090000
0 0.784687 0.595417 0.084375 0.087500
0 0.902813 0.586667 0.076875 0.096667
0 0.162188 0.564583 0.065625 0.095833
0 0.290938 0.527083 0.071875 0.070833
0 0.352812 0.540000 0.071875 0.101667
0 0.890625 0.522917 0.096250 0.075833
0 0.460938 0.520417 0.069375 0.089167
0 0.890000 0.462083 0.091250 0.065833
0 0.967187 0.445833 0.065625 0.095000
0 0.487500 0.430833 0.075000 0.085000
0 0.694375 0.430000 0.070000 0.113333
0 0.749062 0.410417 0.066875 0.105833
0 0.055625 0.301667 0.063750 0.091667
0 0.611250 0.283750 0.071250 0.082500
0 0.889062 0.281250 0.079375 0.097500
0 0.735625 0.269583 0.077500 0.102500
0 0.125312 0.253750 0.073125 0.075833
0 0.829063 0.243750 0.075625 0.074167
0 0.421875 0.242083 0.057500 0.082500
0 0.518750 0.170417 0.073750 0.089167
0 0.851250 0.171667 0.082500 0.098333
0 0.432188 0.157500 0.059375 0.075000
0 0.815312 0.133750 0.068125 0.067500
0 0.179375 0.132917 0.062500 0.087500
0 0.713750 0.125000 0.075000 0.091667
0 0.438437 0.077500 0.075625 0.088333
0 0.075000 0.049583 0.076250 0.092500
0 0.818750 0.028750 0.058750 0.057500
0 0.768437 0.051250 0.083125 0.102500