0 0.181562 0.975000 0.073125 0.050000
0 0.535937 0.974167 0.079375 0.051667
0 0.935312 0.973333 0.070625 0.053333
0 0.540937 0.925833 0.093125 0.071667
0 0.198750 0.928333 0.072500 0.080000
0 0.049375 0.930000 0.053750 0.100000
0 0.243750 0.917500 0.065000 0.100000
0 0.294063 0.900000 0.073125 0.108333
0 0.095000 0.877500 0.068750 0.095000
0 0.560312 0.852917 0.076875 0.077500
0 0.792500 0.851667 0.085000 0.078333
0 0.334688 0.850000 0.076875 0.110000
0 0.200313 0.840417 0.074375 0.092500
0 0.135000 0.815833 0.067500 0.093333
0 0.715000 0.806667 0.075000 0.085000
0 0.617500 0.796667 0.071250 0.085000
0 0.862812 0.794583 0.069375 0.094167
0 0.972812 0.790000 0.054375 0.091667
0 0.232187 0.779167 0.086875 0.083333
0 0.806250 0.774583 0.101250 0.080833
0 0.101875 0.745000 0.067500 0.071667
0 0.301250 0.744583 0.066250 0.090833
0 0.828438 0.717917 0.106875 0.069167
0 0.729062 0.724167 0.074375 0.083333
0 0.964375 0.713333 0.071250 0.108333
0 0.916562 0.695833 0.061875 0.105000
0 0.271562 0.675417 0.063125 0.069167
0 0.039062 0.689167 0.061875 0.096667
0 0.163438 0.695000 0.058125 0.118333
0 0.107500 0.669167 0.068750 0.080000
0 0.774062 0.657917 0.058125 0.104167
0 0.640938 0.645833 0.084375 0.080000
0 0.146875 0.628333 0.076250 0.051667
0 0.863750 0.634167 0.062500 0.110000
0 0.536250 0.606667 0.077500 0.088333
0 0.318750 0.582500 0.057500 0.086667
0 0.690000 0.584583 0.041250 0.099167
0 0.727812 0.595000 0.051875 0.135000
0 0.635000 0.557083 0.060000 0.102500
0 0.968125 0.525833 0.063750 0.080000
0 0.533750 0.536250 0.073750 0.105833
0 0.582812 0.537917 0.050625 0.114167
0 0.865313 0.499583 0.068125 0.095833
0 0.260313 0.452500 0.070625 0.081667
0 0.925000 0.458750 0.080000 0.099167
0 0.693750 0.452500 0.070000 0.105000
0 0.031563 0.438750 0.063125 0.077500
0 0.157812 0.442917 0.056875 0.100833
0 0.594375 0.421250 0.078750 0.084167
0 0.446875 0.426250 0.076250 0.094167
0 0.110937 0.434167 0.059375 0.125000
0 0.954063 0.413750 0.078125 0.092500
0 0.072188 0.404167 0.065625 0.098333
0 0.369375 0.392500 0.062500 0.078333
0 0.511250 0.399583 0.065000 0.094167
0 0.311875 0.407083 0.063750 0.134167
0 0.220000 0.382917 0.063750 0.094167
0 0.820312 0.380833 0.065625 0.096667
0 0.884375 0.355000 0.078750 0.101667
0 0.470000 0.335417 0.085000 0.094167
0 0.854375 0.304167 0.080000 0.081667
0 0.017188 0.289583 0.034375 0.102500
0 0.614062 0.270417 0.066875 0.092500
0 0.488125 0.259583 0.056250 0.082500
0 0.347187 0.254167 0.069375 0.090000
0 0.082187 0.254167 0.055625 0.105000
0 0.845000 0.241250 0.087500 0.089167
0 0.034375 0.253750 0.065000 0.119167
0 0.544375 0.212083 0.067500 0.099167
0 0.804375 0.202083 0.090000 0.087500
0 0.428125 0.194583 0.085000 0.074167
0 0.972812 0.194167 0.054375 0.090000
0 0.039062 0.149583 0.078125 0.084167
0 0.491563 0.157917 0.056875 0.107500
0 0.431250 0.129583 0.073750 0.090833
0 0.971562 0.117500 0.056875 0.078333
0 0.582812 0.125833 0.061875 0.096667
0 0.734375 0.124583 0.060000 0.099167
0 0.676875 0.105833 0.058750 0.085000
0 0.203437 0.103333 0.060625 0.086667
0 0.525000 0.105000 0.058750 0.113333
0 0.038437 0.060833 0.065625 0.081667
0 0.383125 0.044583 0.062500 0.084167
0 0.723437 0.036667 0.071875 0.073333
0 0.558438 0.040417 0.065625 0.080833