0 0.250000 0.970417 0.058750 0.059167
0 0.882188 0.965000 0.055625 0.070000
0 0.442812 0.955833 0.065625 0.078333
0 0.959375 0.921250 0.056250 0.077500
0 0.568438 0.915417 0.065625 0.075833
0 0.287187 0.887917 0.066875 0.072500
0 0.905937 0.850833 0.061875 0.085000
0 0.979688 0.843333 0.040625 0.083333
0 0.023438 0.833333 0.046875 0.081667
0 0.515625 0.833333 0.066250 0.085000
0 0.359375 0.820833 0.063750 0.088333
0 0.140625 0.807917 0.060000 0.080833
0 0.547188 0.793333 0.056875 0.075000
0 0.970938 0.747917 0.058125 0.070833
0 0.835625 0.745833 0.055000 0.080000
0 0.028750 0.745417 0.057500 0.099167
0 0.597187 0.692083 0.051875 0.082500
0 0.865938 0.673750 0.063125 0.082500
0 0.984688 0.656250 0.030625 0.082500
0 0.043125 0.599583 0.057500 0.092500
0 0.186875 0.578750 0.065000 0.094167
0 0.655312 0.560833 0.065625 0.078333
0 0.903750 0.543333 0.060000 0.088333
0 0.147500 0.545833 0.062500 0.093333
0 0.704063 0.503750 0.073125 0.077500
0 0.384688 0.506250 0.059375 0.089167
0 0.677188 0.452917 0.068125 0.087500
0 0.821562 0.432917 0.069375 0.079167
0 0.414375 0.419167 0.067500 0.085000
0 0.094375 0.397083 0.071250 0.099167
0 0.874062 0.387500 0.066875 0.086667
0 0.031563 0.388333 0.054375 0.088333
0 0.586562 0.382083 0.070625 0.109167
0 0.823125 0.348750 0.060000 0.072500
0 0.447500 0.335417 0.061250 0.080833
0 0.719688 0.333333 0.065625 0.088333
0 0.974375 0.326667 0.051250 0.088333
0 0.906250 0.314167 0.063750 0.083333
0 0.776250 0.306667 0.061250 0.081667
0 0.633750 0.284583 0.078750 0.089167
0 0.398750 0.266250 0.066250 0.085833
0 0.134375 0.262917 0.055000 0.080833
0 0.885625 0.240833 0.053750 0.075000
0 0.071563 0.241250 0.060625 0.082500
0 0.461875 0.233750 0.067500 0.070833
0 0.924063 0.177083 0.053125 0.074167
0 0.120000 0.175000 0.068750 0.091667
0 0.838437 0.140417 0.051875 0.075833
0 0.286875 0.135833 0.056250 0.076667
0 0.636563 0.130833 0.054375 0.075000
0 0.506875 0.123750 0.063750 0.080833
0 0.041875 0.106667 0.061250 0.080000
0 0.572812 0.098750 0.055625 0.080833
0 0.965313 0.105417 0.064375 0.097500
0 0.353438 0.096250 0.074375 0.092500
0 0.785000 0.100000 0.087500 0.120000
0 0.855000 0.064167 0.056250 0.083333
0 0.274375 0.060833 0.065000 0.080000
0 0.521875 0.051250 0.063750 0.082500
0 0.741250 0.043750 0.067500 0.087500
0 0.452813 0.022083 0.059375 0.044167
0 0.022812 0.037083 0.045625 0.074167