0 0.316250 0.977500 0.071250 0.045000
0 0.966875 0.972917 0.063750 0.054167
0 0.078437 0.968750 0.073125 0.062500
0 0.507500 0.967083 0.062500 0.065833
0 0.022812 0.965000 0.045625 0.070000
0 0.176875 0.952083 0.141250 0.095833
0 0.385313 0.943333 0.071875 0.091667
0 0.871875 0.927917 0.073750 0.080833
0 0.980938 0.925833 0.038125 0.078333
0 0.525625 0.895833 0.068750 0.088333
0 0.915000 0.897083 0.063750 0.097500
0 0.709688 0.890000 0.061875 0.093333
0 0.638125 0.880000 0.072500 0.083333
0 0.369375 0.857083 0.068750 0.082500
0 0.752500 0.848333 0.071250 0.083333
0 0.547813 0.843333 0.063125 0.081667
0 0.676875 0.824583 0.075000 0.085833
0 0.906875 0.801250 0.061250 0.090833
0 0.985625 0.797917 0.028750 0.095833
0 0.866563 0.767917 0.058125 0.089167
0 0.935000 0.752083 0.067500 0.092500
0 0.809375 0.749583 0.061250 0.092500
0 0.252188 0.745417 0.068125 0.094167
0 0.518125 0.742083 0.051250 0.090833
0 0.152188 0.724167 0.068125 0.093333
0 0.583125 0.712917 0.058750 0.080833
0 0.878750 0.712500 0.055000 0.085000
0 0.468125 0.710833 0.061250 0.081667
0 0.658750 0.722083 0.090000 0.115833
0 0.368437 0.714583 0.045625 0.109167
0 0.433125 0.689167 0.053750 0.116667
0 0.503125 0.665833 0.068750 0.081667
0 0.215312 0.689583 0.049375 0.145833
0 0.728437 0.656667 0.069375 0.090000
0 0.166875 0.655000 0.083750 0.096667
0 0.377812 0.627500 0.069375 0.086667
0 0.088438 0.627500 0.066875 0.115000
0 0.613750 0.623750 0.091250 0.117500
0 0.292812 0.592917 0.064375 0.085833
0 0.395000 0.581250 0.072500 0.069167
0 0.034688 0.577083 0.069375 0.087500
0 0.218750 0.573333 0.061250 0.086667
0 0.727187 0.565000 0.054375 0.106667
0 0.078125 0.527917 0.065000 0.084167
0 0.847500 0.533333 0.072500 0.100000
0 0.200000 0.531667 0.060000 0.111667
0 0.538125 0.512917 0.066250 0.092500
0 0.145313 0.506667 0.059375 0.093333
0 0.386875 0.504583 0.056250 0.095833
0 0.455313 0.501250 0.091875 0.119167
0 0.635312 0.475417 0.074375 0.095833
0 0.557187 0.456667 0.064375 0.096667
0 0.492812 0.448333 0.061875 0.083333
0 0.848125 0.445000 0.062500 0.085000
0 0.171250 0.446667 0.063750 0.091667
0 0.028125 0.444583 0.056250 0.087500
0 0.270625 0.460417 0.127500 0.149167
0 0.750000 0.427917 0.070000 0.087500
0 0.681562 0.422500 0.065625 0.081667
0 0.079687 0.398750 0.066875 0.079167
0 0.875000 0.400417 0.071250 0.090833
0 0.509375 0.400833 0.072500 0.091667
0 0.937500 0.377083 0.063750 0.072500
0 0.837500 0.349167 0.078750 0.080000
0 0.435937 0.350833 0.070625 0.083333
0 0.702187 0.343750 0.055625 0.077500
0 0.628125 0.316250 0.063750 0.084167
0 0.028438 0.317500 0.056875 0.091667
0 0.489375 0.311667 0.067500 0.095000
0 0.387188 0.282083 0.048125 0.105833
0 0.281250 0.257083 0.066250 0.092500
0 0.089063 0.272500 0.086875 0.125000
0 0.968125 0.257917 0.063750 0.099167
0 0.480000 0.235417 0.061250 0.074167
0 0.835000 0.243333 0.063750 0.103333
0 0.772813 0.231250 0.065625 0.099167
0 0.709063 0.207500 0.056875 0.088333
0 0.059687 0.199583 0.063125 0.084167
0 0.890000 0.174167 0.075000 0.093333
0 0.617500 0.167083 0.062500 0.084167
0 0.302500 0.164167 0.057500 0.085000
0 0.740000 0.154583 0.067500 0.090833
0 0.404687 0.150417 0.058125 0.095833
0 0.469687 0.144167 0.058125 0.106667
0 0.683125 0.127500 0.061250 0.085000
0 0.359063 0.122500 0.065625 0.088333
0 0.519687 0.133333 0.076875 0.151667
0 0.234063 0.101667 0.050625 0.123333
0 0.017188 0.058750 0.034375 0.080833
0 0.730625 0.049583 0.063750 0.092500
0 0.915312 0.036667 0.066875 0.073333
0 0.673750 0.047500 0.060000 0.095000
0 0.564063 0.035000 0.055625 0.070000
0 0.338750 0.037083 0.066250 0.074167
0 0.282187 0.025417 0.050625 0.050833
0 0.219375 0.027500 0.053750 0.055000