0 0.507188 0.985000 0.064375 0.030000
0 0.224062 0.980833 0.049375 0.038333
0 0.963437 0.978750 0.056875 0.042500
0 0.048438 0.975000 0.066875 0.050000
0 0.845313 0.974583 0.056875 0.050833
0 0.415000 0.973750 0.066250 0.052500
0 0.713125 0.972500 0.050000 0.055000
0 0.589688 0.970000 0.049375 0.060000
0 0.814063 0.931667 0.051875 0.063333
0 0.645000 0.938333 0.062500 0.078333
0 0.379688 0.925833 0.074375 0.056667
0 0.509687 0.922083 0.075625 0.092500
0 0.123125 0.922500 0.078750 0.100000
0 0.671250 0.887917 0.053750 0.059167
0 0.013437 0.892083 0.026875 0.072500
0 0.763437 0.891250 0.056875 0.080833
0 0.364375 0.868750 0.058750 0.069167
0 0.421875 0.867917 0.055000 0.077500
0 0.956562 0.862917 0.061875 0.075833
0 0.480938 0.855833 0.079375 0.106667
0 0.814063 0.852083 0.054375 0.105833
0 0.064687 0.839583 0.058125 0.085833
0 0.559375 0.830833 0.055000 0.085000
0 0.764375 0.817500 0.046250 0.061667
0 0.333125 0.815000 0.061250 0.060000
0 0.707812 0.804167 0.066875 0.078333
0 0.194062 0.792917 0.046875 0.055833
0 0.925312 0.783333 0.080625 0.105000
0 0.396250 0.771667 0.067500 0.090000
0 0.040000 0.757500 0.046250 0.078333
0 0.093750 0.754167 0.058750 0.081667
0 0.799375 0.740000 0.052500 0.071667
0 0.500313 0.752083 0.098125 0.095833
0 0.677813 0.735417 0.054375 0.075833
0 0.240625 0.745833 0.072500 0.118333
0 0.731875 0.722500 0.053750 0.078333
0 0.465938 0.698333 0.059375 0.070000
0 0.133437 0.676667 0.066875 0.083333
0 0.820937 0.666667 0.055625 0.075000
0 0.280313 0.657083 0.053125 0.072500
0 0.557187 0.637500 0.069375 0.078333
0 0.333125 0.635833 0.056250 0.075000
0 0.166563 0.635000 0.065625 0.083333
0 0.655937 0.640000 0.065625 0.110000
0 0.927813 0.625417 0.094375 0.094167
0 0.431875 0.661250 0.077500 0.172500
0 0.475000 0.610000 0.060000 0.073333
0 0.745313 0.584167 0.054375 0.068333
0 0.150312 0.583750 0.041875 0.067500
0 0.602500 0.571667 0.052500 0.068333
0 0.801562 0.580833 0.054375 0.098333
0 0.437188 0.574167 0.046875 0.088333
0 0.117188 0.566250 0.056875 0.082500
0 0.844688 0.555833 0.059375 0.086667
0 0.894687 0.542917 0.040625 0.064167
0 0.727500 0.542917 0.070000 0.080833
0 0.497188 0.541667 0.066875 0.085000
0 0.628750 0.527500 0.045000 0.058333
0 0.356563 0.531667 0.059375 0.083333
0 0.936875 0.520833 0.052500 0.068333
0 0.233750 0.536667 0.075000 0.103333
0 0.162500 0.520417 0.042500 0.070833
0 0.088750 0.541250 0.086250 0.134167
0 0.268750 0.492917 0.058750 0.060833
0 0.544063 0.497917 0.061875 0.084167
0 0.978125 0.488333 0.043750 0.070000
0 0.908750 0.464167 0.050000 0.065000
0 0.686562 0.456667 0.068125 0.080000
0 0.302500 0.445833 0.047500 0.061667
0 0.099062 0.456667 0.056875 0.088333
0 0.406562 0.442917 0.063125 0.064167
0 0.541875 0.427083 0.063750 0.060833
0 0.252500 0.420833 0.078750 0.081667
0 0.895938 0.404167 0.048125 0.066667
0 0.841875 0.403333 0.053750 0.068333
0 0.460625 0.390417 0.071250 0.080833
0 0.649062 0.372500 0.044375 0.076667
0 0.955625 0.371250 0.088750 0.089167
0 0.795625 0.335417 0.056250 0.065833
0 0.715000 0.335417 0.052500 0.070833
0 0.297187 0.333750 0.055625 0.079167
0 0.232813 0.335000 0.066875 0.086667
0 0.603750 0.318333 0.052500 0.070000
0 0.060000 0.317083 0.055000 0.079167
0 0.558125 0.311250 0.057500 0.082500
0 0.458125 0.295000 0.060000 0.061667
0 0.371563 0.293333 0.056875 0.063333
0 0.932813 0.295417 0.050625 0.072500
0 0.980313 0.278333 0.039375 0.076667
0 0.255312 0.273750 0.054375 0.079167
0 0.198437 0.271667 0.065625 0.085000
0 0.412813 0.258333 0.041875 0.078333
0 0.864375 0.245833 0.055000 0.061667
0 0.308125 0.245417 0.051250 0.084167
0 0.800312 0.250417 0.073125 0.102500
0 0.362812 0.235833 0.053125 0.073333
0 0.694688 0.213750 0.054375 0.067500
0 0.555937 0.222917 0.061875 0.090833
0 0.900625 0.198333 0.052500 0.073333
0 0.594063 0.200000 0.065625 0.086667
0 0.953750 0.190417 0.056250 0.075833
0 0.073125 0.189583 0.062500 0.079167
0 0.234063 0.188333 0.086875 0.113333
0 0.199063 0.123750 0.055625 0.069167
0 0.614375 0.121250 0.052500 0.077500
0 0.359687 0.120417 0.060625 0.080833
0 0.513125 0.107917 0.056250 0.087500
0 0.076250 0.092083 0.057500 0.065833
0 0.826875 0.105000 0.073750 0.093333
0 0.244062 0.092500 0.056875 0.070000
0 0.449688 0.080417 0.060625 0.077500
0 0.724063 0.081250 0.065625 0.094167
0 0.178750 0.062917 0.062500 0.085833
0 0.870938 0.041667 0.059375 0.071667
0 0.106875 0.039583 0.056250 0.067500
0 0.674063 0.038750 0.046875 0.067500
0 0.912813 0.020000 0.055625 0.040000
0 0.812500 0.019167 0.060000 0.038333
0 0.758750 0.025417 0.056250 0.050833
0 0.620938 0.038333 0.059375 0.076667
0 0.505000 0.030417 0.066250 0.060833
0 0.316250 0.034167 0.057500 0.068333
0 0.239375 0.032500 0.066250 0.065000
0 0.134687 0.022917 0.055625 0.045833