0 0.210625 0.979167 0.062500 0.041667
0 0.947187 0.966250 0.069375 0.067500
0 0.261562 0.952083 0.061875 0.095833
0 0.753125 0.950417 0.095000 0.099167
0 0.491875 0.914583 0.063750 0.094167
0 0.683750 0.893333 0.075000 0.100000
0 0.368437 0.873333 0.068125 0.076667
0 0.852187 0.875833 0.069375 0.085000
0 0.919063 0.855000 0.068125 0.088333
0 0.178437 0.866667 0.114375 0.145000
0 0.790312 0.809583 0.063125 0.075833
0 0.323750 0.811250 0.067500 0.089167
0 0.666250 0.805000 0.070000 0.086667
0 0.499375 0.809167 0.076250 0.096667
0 0.360625 0.757917 0.077500 0.092500
0 0.942500 0.753750 0.065000 0.090833
0 0.555000 0.725833 0.065000 0.085000
0 0.481250 0.724167 0.077500 0.081667
0 0.232187 0.765833 0.080625 0.171667
0 0.666250 0.707917 0.072500 0.095833
0 0.401562 0.692500 0.076875 0.095000
0 0.285625 0.685417 0.058750 0.107500
0 0.516250 0.641250 0.078750 0.090833
0 0.366250 0.635833 0.063750 0.085000
0 0.578750 0.602917 0.066250 0.092500
0 0.429375 0.598333 0.057500 0.098333
0 0.313437 0.550833 0.086875 0.105000
0 0.387813 0.533750 0.069375 0.080833
0 0.977187 0.525833 0.045625 0.086667
0 0.629687 0.525000 0.064375 0.088333
0 0.896563 0.454167 0.075625 0.095000
0 0.531875 0.444167 0.070000 0.096667
0 0.404375 0.442500 0.061250 0.105000
0 0.614375 0.421667 0.085000 0.103333
0 0.539062 0.360833 0.084375 0.068333
0 0.961875 0.346250 0.065000 0.079167
0 0.413438 0.342083 0.066875 0.090833
0 0.770312 0.274583 0.069375 0.087500
0 0.531563 0.277917 0.073125 0.102500
0 0.659062 0.259583 0.070625 0.085833
0 0.895938 0.232500 0.066875 0.098333
0 0.592812 0.216250 0.078125 0.089167
0 0.491563 0.212917 0.086875 0.082500
0 0.351562 0.211667 0.085625 0.115000
0 0.423750 0.195833 0.057500 0.096667
0 0.629062 0.130417 0.069375 0.094167
0 0.764375 0.122917 0.060000 0.080833
0 0.300000 0.127083 0.066250 0.107500
0 0.509687 0.123750 0.065625 0.105833
0 0.921562 0.076667 0.068125 0.096667
0 0.743125 0.037083 0.078750 0.074167
0 0.479375 0.042500 0.068750 0.085000