0 0.574688 0.905833 0.059375 0.088333
0 0.244688 0.907917 0.070625 0.094167
0 0.965313 0.893333 0.069375 0.108333
0 0.017812 0.815000 0.035625 0.093333
0 0.880625 0.839583 0.057500 0.154167
0 0.230937 0.804167 0.063125 0.095000
0 0.287187 0.757083 0.075625 0.095833
0 0.717187 0.652917 0.060625 0.089167
0 0.829063 0.586667 0.074375 0.098333
0 0.031875 0.487083 0.063750 0.089167
0 0.512813 0.485833 0.068125 0.113333
0 0.812187 0.471250 0.064375 0.110833
0 0.582812 0.430833 0.070625 0.085000
0 0.417187 0.424583 0.066875 0.099167
0 0.313125 0.320417 0.071250 0.122500
0 0.180625 0.303333 0.063750 0.111667
0 0.240625 0.271667 0.066250 0.103333
0 0.292500 0.252917 0.057500 0.087500
0 0.031563 0.184167 0.063125 0.090000
0 0.347813 0.085417 0.061875 0.097500
0 0.231875 0.062500 0.063750 0.113333