0 0.259062 0.953750 0.061875 0.069167
0 0.498437 0.951250 0.064375 0.072500
0 0.377188 0.907500 0.060625 0.075000
0 0.506875 0.880000 0.080000 0.080000
0 0.762188 0.869583 0.074375 0.082500
0 0.071563 0.868333 0.075625 0.093333
0 0.594375 0.859167 0.066250 0.081667
0 0.383125 0.827083 0.060000 0.075833
0 0.227813 0.826250 0.063125 0.079167
0 0.018437 0.809583 0.036875 0.085833
0 0.913125 0.793750 0.073750 0.070833
0 0.497500 0.790833 0.050000 0.083333
0 0.446250 0.786667 0.060000 0.093333
0 0.646875 0.769167 0.060000 0.085000
0 0.324688 0.732500 0.054375 0.075000
0 0.205937 0.712500 0.059375 0.080000
0 0.934063 0.702500 0.059375 0.081667
0 0.611563 0.675000 0.054375 0.075000
0 0.686875 0.662917 0.060000 0.074167
0 0.493750 0.629167 0.065000 0.085000
0 0.244062 0.577083 0.065625 0.080833
0 0.918125 0.565000 0.062500 0.073333
0 0.619062 0.567500 0.066875 0.085000
0 0.765312 0.549583 0.071875 0.095833
0 0.832812 0.538750 0.055625 0.077500
0 0.920937 0.491667 0.061875 0.086667
0 0.491563 0.467917 0.056875 0.084167
0 0.346250 0.459583 0.056250 0.082500
0 0.960000 0.421250 0.065000 0.089167
0 0.323437 0.402917 0.064375 0.087500
0 0.235625 0.346667 0.061250 0.080000
0 0.557813 0.332917 0.056875 0.077500
0 0.980938 0.323333 0.038125 0.070000
0 0.229687 0.269583 0.058125 0.077500
0 0.964688 0.245000 0.070625 0.076667
0 0.017812 0.225833 0.035625 0.093333
0 0.950000 0.198333 0.057500 0.073333
0 0.065937 0.190417 0.058125 0.079167
0 0.259375 0.151250 0.065000 0.080833
0 0.875313 0.134167 0.073125 0.080000
0 0.498125 0.142083 0.090000 0.132500
0 0.647813 0.111250 0.056875 0.077500
0 0.468438 0.070417 0.080625 0.069167
0 0.980000 0.063333 0.040000 0.081667
0 0.887813 0.020417 0.060625 0.040833
0 0.181250 0.031667 0.072500 0.063333