0 0.838125 0.975417 0.050000 0.049167
0 0.931250 0.973333 0.067500 0.053333
0 0.606250 0.968333 0.058750 0.063333
0 0.787500 0.963333 0.055000 0.073333
0 0.063125 0.961250 0.057500 0.077500
0 0.985313 0.956250 0.029375 0.082500
0 0.550312 0.944167 0.058125 0.075000
0 0.162500 0.941667 0.050000 0.078333
0 0.324375 0.933750 0.057500 0.064167
0 0.103438 0.941667 0.061875 0.081667
0 0.702812 0.930417 0.061875 0.079167
0 0.950313 0.902500 0.056875 0.076667
0 0.452188 0.887083 0.053125 0.077500
0 0.405938 0.869583 0.044375 0.062500
0 0.531875 0.865000 0.056250 0.070000
0 0.856563 0.872500 0.069375 0.096667
0 0.244375 0.867917 0.062500 0.087500
0 0.627500 0.801250 0.060000 0.080833
0 0.395625 0.780000 0.052500 0.071667
0 0.490000 0.782917 0.061250 0.079167
0 0.777813 0.780833 0.060625 0.083333
0 0.285313 0.731250 0.053125 0.069167
0 0.466875 0.707917 0.056250 0.075833
0 0.532813 0.704583 0.061875 0.089167
0 0.670312 0.697917 0.061875 0.090833
0 0.045625 0.697500 0.060000 0.091667
0 0.607187 0.684583 0.065625 0.089167
0 0.772500 0.676250 0.061250 0.074167
0 0.153438 0.665000 0.093125 0.075000
0 0.698750 0.638750 0.060000 0.069167
0 0.812187 0.621667 0.058125 0.081667
0 0.597500 0.609583 0.057500 0.070833
0 0.708750 0.580417 0.057500 0.060833
0 0.134687 0.591250 0.071875 0.089167
0 0.515312 0.561250 0.053125 0.070833
0 0.412813 0.579583 0.088125 0.117500
0 0.577187 0.534167 0.060625 0.075000
0 0.658125 0.521667 0.053750 0.083333
0 0.930625 0.516667 0.083750 0.083333
0 0.028125 0.563333 0.056250 0.180000
0 0.710000 0.512500 0.046250 0.085000
0 0.446562 0.501667 0.055625 0.065000
0 0.322813 0.514583 0.078125 0.130833
0 0.983437 0.488333 0.033125 0.086667
0 0.208750 0.478750 0.053750 0.074167
0 0.427500 0.450833 0.065000 0.060000
0 0.832187 0.453333 0.061875 0.075000
0 0.675000 0.437083 0.055000 0.075833
0 0.108438 0.430417 0.058125 0.082500
0 0.531563 0.414583 0.055625 0.069167
0 0.642188 0.414167 0.065625 0.093333
0 0.763750 0.379167 0.062500 0.090000
0 0.589688 0.362500 0.055625 0.075000
0 0.431875 0.375833 0.065000 0.105000
0 0.705000 0.355833 0.046250 0.068333
0 0.075000 0.342917 0.052500 0.082500
0 0.508750 0.315417 0.067500 0.102500
0 0.984688 0.297917 0.030625 0.069167
0 0.868125 0.260833 0.048750 0.070000
0 0.215312 0.254167 0.059375 0.083333
0 0.555937 0.231667 0.053125 0.063333
0 0.350625 0.199583 0.055000 0.070833
0 0.424375 0.195417 0.053750 0.070833
0 0.806250 0.194583 0.053750 0.070833
0 0.300938 0.197500 0.050625 0.076667
0 0.015312 0.189583 0.030625 0.082500
0 0.210000 0.177500 0.061250 0.068333
0 0.388437 0.150000 0.064375 0.078333
0 0.744375 0.131250 0.058750 0.067500
0 0.123125 0.131250 0.055000 0.074167
0 0.978125 0.140833 0.043750 0.095000
0 0.521250 0.124583 0.056250 0.069167
0 0.467500 0.121667 0.068750 0.083333
0 0.590000 0.099583 0.065000 0.074167
0 0.401875 0.067500 0.062500 0.075000
0 0.969688 0.061250 0.060625 0.069167
0 0.828125 0.033333 0.062500 0.066667
0 0.547813 0.020417 0.058125 0.040833
0 0.424687 0.029583 0.066875 0.059167
0 0.330313 0.020833 0.070625 0.041667
0 0.190938 0.029167 0.059375 0.058333