0 0.224375 0.979583 0.062500 0.040833
0 0.095625 0.975417 0.055000 0.049167
0 0.300000 0.973333 0.061250 0.053333
0 0.032188 0.967917 0.064375 0.064167
0 0.919063 0.965417 0.055625 0.069167
0 0.600000 0.960000 0.057500 0.080000
0 0.493750 0.950833 0.063750 0.083333
0 0.803438 0.912083 0.054375 0.065833
0 0.348750 0.907083 0.053750 0.074167
0 0.366875 0.858750 0.057500 0.064167
0 0.060312 0.881250 0.048125 0.109167
0 0.023750 0.865833 0.047500 0.091667
0 0.242188 0.870417 0.054375 0.139167
0 0.724063 0.823750 0.069375 0.085833
0 0.971562 0.805000 0.056875 0.081667
0 0.910312 0.797083 0.058125 0.077500
0 0.630938 0.793333 0.063125 0.086667
0 0.115000 0.775833 0.070000 0.090000
0 0.803125 0.756667 0.055000 0.080000
0 0.743125 0.740833 0.062500 0.080000
0 0.461250 0.735000 0.065000 0.090000
0 0.515312 0.723333 0.063125 0.101667
0 0.062500 0.671250 0.057500 0.089167
0 0.538438 0.655833 0.065625 0.073333
0 0.334375 0.662083 0.062500 0.090833
0 0.934688 0.647500 0.059375 0.083333
0 0.982187 0.619167 0.035625 0.085000
0 0.137187 0.604167 0.061875 0.081667
0 0.775000 0.602083 0.061250 0.114167
0 0.704063 0.582500 0.066875 0.085000
0 0.074375 0.571667 0.066250 0.088333
0 0.452188 0.553750 0.059375 0.082500
0 0.355625 0.529167 0.067500 0.078333
0 0.713125 0.499167 0.067500 0.088333
0 0.504375 0.486667 0.066250 0.091667
0 0.149688 0.472500 0.065625 0.083333
0 0.424687 0.468750 0.068125 0.090833
0 0.810000 0.453750 0.066250 0.087500
0 0.560312 0.443333 0.064375 0.076667
0 0.972500 0.431667 0.055000 0.076667
0 0.881563 0.425833 0.059375 0.081667
0 0.656250 0.425833 0.067500 0.081667
0 0.339062 0.418750 0.056875 0.087500
0 0.756875 0.390833 0.063750 0.076667
0 0.521250 0.392083 0.070000 0.084167
0 0.320000 0.371250 0.061250 0.080833
0 0.906250 0.357500 0.068750 0.081667
0 0.626250 0.355000 0.063750 0.078333
0 0.373125 0.361667 0.056250 0.095000
0 0.400938 0.313333 0.078125 0.093333
0 0.906563 0.289167 0.060625 0.070000
0 0.645000 0.292500 0.058750 0.078333
0 0.677500 0.232917 0.061250 0.075833
0 0.021562 0.222917 0.043125 0.087500
0 0.355625 0.197917 0.068750 0.085833
0 0.925000 0.195417 0.063750 0.090833
0 0.290625 0.209167 0.066250 0.118333
0 0.824375 0.191667 0.061250 0.085000
0 0.768125 0.179167 0.051250 0.111667
0 0.489375 0.140417 0.063750 0.084167
0 0.607187 0.127917 0.066875 0.080833
0 0.372812 0.144167 0.068125 0.115000
0 0.024688 0.082500 0.049375 0.078333
0 0.616250 0.063333 0.072500 0.080000
0 0.863125 0.050417 0.062500 0.085833
0 0.950000 0.065000 0.068750 0.118333
0 0.150938 0.050833 0.069375 0.090000
0 0.420938 0.030000 0.036875 0.060000
0 0.308750 0.029167 0.070000 0.058333
0 0.020938 0.024167 0.041875 0.048333