0 0.766875 0.976250 0.067500 0.047500
0 0.528438 0.959583 0.076875 0.080833
0 0.924687 0.910833 0.075625 0.088333
0 0.786875 0.906250 0.073750 0.097500
0 0.260937 0.880000 0.080625 0.096667
0 0.664375 0.867083 0.060000 0.092500
0 0.461875 0.861667 0.083750 0.110000
0 0.019688 0.788750 0.039375 0.097500
0 0.201250 0.780417 0.063750 0.084167
0 0.875313 0.773750 0.080625 0.094167
0 0.037500 0.722917 0.075000 0.070833
0 0.785312 0.716667 0.079375 0.098333
0 0.951562 0.694167 0.073125 0.095000
0 0.023438 0.600833 0.046875 0.093333
0 0.415938 0.593333 0.071875 0.090000
0 0.873125 0.586250 0.067500 0.082500
0 0.105938 0.574167 0.066875 0.085000
0 0.854688 0.499583 0.076875 0.082500
0 0.025937 0.482500 0.051875 0.101667
0 0.554688 0.442500 0.075625 0.083333
0 0.851562 0.430000 0.084375 0.075000
0 0.976875 0.433750 0.046250 0.094167
0 0.928750 0.414583 0.060000 0.092500
0 0.310312 0.338333 0.080625 0.081667
0 0.191875 0.334167 0.093750 0.096667
0 0.090625 0.324583 0.071250 0.094167
0 0.627812 0.295833 0.071875 0.080000
0 0.753125 0.281250 0.091250 0.072500
0 0.309688 0.261250 0.096875 0.074167
0 0.960938 0.226250 0.061875 0.097500
0 0.895938 0.217917 0.069375 0.109167
0 0.103125 0.172500 0.063750 0.093333
0 0.506875 0.135417 0.063750 0.082500
0 0.296250 0.156250 0.055000 0.135833
0 0.865938 0.127500 0.069375 0.096667
0 0.334062 0.119167 0.073125 0.098333
0 0.576562 0.102917 0.079375 0.090833
0 0.784062 0.108333 0.078125 0.110000
0 0.094687 0.075417 0.079375 0.089167
0 0.825313 0.022500 0.070625 0.045000