0 0.279687 0.979583 0.060625 0.040833
0 0.093125 0.975833 0.068750 0.048333
0 0.562500 0.973333 0.061250 0.053333
0 0.489063 0.971250 0.050625 0.057500
0 0.784375 0.967917 0.070000 0.064167
0 0.245312 0.956250 0.058125 0.087500
0 0.622188 0.954583 0.048125 0.090833
0 0.399375 0.946667 0.076250 0.081667
0 0.970625 0.939583 0.058750 0.074167
0 0.888437 0.946250 0.104375 0.107500
0 0.315937 0.940833 0.070625 0.096667
0 0.689375 0.928750 0.075000 0.075833
0 0.132188 0.907917 0.060625 0.079167
0 0.450937 0.900417 0.055625 0.074167
0 0.831562 0.900000 0.056875 0.085000
0 0.548438 0.915000 0.118125 0.121667
0 0.181875 0.907917 0.087500 0.132500
0 0.268750 0.865417 0.063750 0.079167
0 0.028438 0.873333 0.056875 0.113333
0 0.979375 0.856250 0.041250 0.092500
0 0.496250 0.825833 0.061250 0.083333
0 0.132500 0.831667 0.065000 0.098333
0 0.830313 0.810417 0.055625 0.092500
0 0.589375 0.787917 0.046250 0.060833
0 0.761250 0.807500 0.083750 0.113333
0 0.082187 0.803750 0.044375 0.115833
0 0.181875 0.774167 0.055000 0.091667
0 0.241250 0.778750 0.081250 0.102500
0 0.930312 0.777500 0.126875 0.105000
0 0.507500 0.764583 0.067500 0.080833
0 0.425625 0.792917 0.063750 0.139167
0 0.026562 0.775000 0.053125 0.106667
0 0.670000 0.817083 0.106250 0.195833
0 0.409687 0.715417 0.061875 0.042500
0 0.302187 0.730833 0.089375 0.121667
0 0.850000 0.695417 0.068750 0.089167
0 0.788125 0.699167 0.066250 0.128333
0 0.607812 0.697083 0.074375 0.132500
0 0.720625 0.677500 0.085000 0.100000
0 0.360938 0.671250 0.056875 0.087500
0 0.015000 0.655000 0.030000 0.078333
0 0.413750 0.656667 0.056250 0.090000
0 0.061250 0.677500 0.073750 0.131667
0 0.142500 0.687917 0.096250 0.157500
0 0.968437 0.670833 0.063125 0.125000
0 0.218438 0.655000 0.066875 0.095000
0 0.653438 0.626667 0.051875 0.070000
0 0.541562 0.628333 0.059375 0.096667
0 0.028438 0.597917 0.053125 0.074167
0 0.891563 0.609167 0.070625 0.105000
0 0.603437 0.592917 0.050625 0.077500
0 0.271562 0.603750 0.068125 0.105833
0 0.795000 0.602500 0.131250 0.113333
0 0.369375 0.580000 0.107500 0.096667
0 0.693125 0.579167 0.095000 0.098333
0 0.138125 0.571250 0.103750 0.104167
0 0.217812 0.552083 0.049375 0.074167
0 0.314688 0.542083 0.053125 0.079167
0 0.644687 0.525833 0.056875 0.065000
0 0.933438 0.538333 0.075625 0.101667
0 0.490312 0.510000 0.101875 0.086667
0 0.577500 0.504167 0.086250 0.111667
0 0.768125 0.500417 0.111250 0.122500
0 0.189062 0.469583 0.059375 0.074167
0 0.411562 0.473333 0.075625 0.120000
0 0.688125 0.458750 0.052500 0.095833
0 0.059062 0.489167 0.099375 0.156667
0 0.856563 0.483750 0.074375 0.159167
0 0.625625 0.441250 0.068750 0.084167
0 0.263125 0.450833 0.095000 0.105000
0 0.956875 0.440417 0.056250 0.089167
0 0.340000 0.420417 0.065000 0.105833
0 0.524375 0.408333 0.130000 0.111667
0 0.741563 0.407083 0.063125 0.115833
0 0.463750 0.375833 0.063750 0.091667
0 0.204063 0.365417 0.053125 0.075833
0 0.856563 0.358750 0.060625 0.074167
0 0.650625 0.356667 0.063750 0.070000
0 0.403750 0.370833 0.060000 0.105000
0 0.927813 0.353333 0.065625 0.081667
0 0.781250 0.350833 0.056250 0.083333
0 0.117188 0.377500 0.166875 0.171667
0 0.599688 0.312500 0.055625 0.078333
0 0.174375 0.305833 0.093750 0.071667
0 0.286250 0.323750 0.130000 0.117500
0 0.693750 0.296667 0.098750 0.088333
0 0.064062 0.292083 0.064375 0.095833
0 0.932813 0.263750 0.071875 0.077500
0 0.758125 0.258750 0.053750 0.082500
0 0.394688 0.267083 0.085625 0.109167
0 0.270313 0.243333 0.061875 0.083333
0 0.638437 0.230833 0.071875 0.091667
0 0.166875 0.221667 0.055000 0.075000
0 0.837812 0.254583 0.096875 0.149167
0 0.027500 0.232083 0.055000 0.110833
0 0.884062 0.210417 0.055625 0.085833
0 0.560625 0.216250 0.062500 0.127500
0 0.106875 0.193333 0.080000 0.095000
0 0.688750 0.201250 0.096250 0.112500
0 0.442188 0.196250 0.056875 0.117500
0 0.936875 0.174583 0.080000 0.079167
0 0.376563 0.162917 0.059375 0.077500
0 0.739062 0.142917 0.049375 0.067500
0 0.212500 0.152083 0.087500 0.105833
0 0.819063 0.123750 0.113125 0.095833
0 0.494063 0.119167 0.063125 0.090000
0 0.294375 0.158750 0.076250 0.172500
0 0.639687 0.114583 0.129375 0.109167
0 0.070938 0.109583 0.084375 0.109167
0 0.969063 0.090833 0.061875 0.085000
0 0.441563 0.087500 0.093125 0.080000
0 0.215938 0.070000 0.040625 0.056667
0 0.371875 0.078750 0.058750 0.079167
0 0.743750 0.069583 0.067500 0.082500
0 0.655625 0.051250 0.082500 0.052500
0 0.869062 0.063333 0.071875 0.088333
0 0.559063 0.042083 0.085625 0.084167
0 0.455000 0.027083 0.107500 0.054167
0 0.170625 0.050000 0.068750 0.100000
0 0.109687 0.042500 0.065625 0.085000