0 0.292500 0.982083 0.062500 0.035833
0 0.643750 0.976667 0.061250 0.046667
0 0.983750 0.973750 0.032500 0.052500
0 0.019062 0.973333 0.038125 0.053333
0 0.927500 0.968750 0.052500 0.062500
0 0.464687 0.967083 0.043125 0.065833
0 0.399062 0.960833 0.060625 0.076667
0 0.104688 0.937500 0.058125 0.066667
0 0.268437 0.935417 0.058125 0.085833
0 0.638125 0.917500 0.048750 0.068333
0 0.869687 0.934583 0.054375 0.104167
0 0.824375 0.917083 0.050000 0.089167
0 0.061562 0.908750 0.053125 0.079167
0 0.449062 0.915000 0.076875 0.093333
0 0.980000 0.905417 0.040000 0.079167
0 0.685000 0.888750 0.057500 0.069167
0 0.108750 0.879167 0.068750 0.070000
0 0.893437 0.877917 0.056875 0.075833
0 0.391875 0.863750 0.055000 0.087500
0 0.728750 0.858333 0.060000 0.088333
0 0.183438 0.838333 0.053125 0.071667
0 0.806562 0.831250 0.065625 0.080833
0 0.225625 0.800000 0.057500 0.070000
0 0.614062 0.799583 0.063125 0.090833
0 0.066562 0.786250 0.068125 0.099167
0 0.350625 0.779583 0.068750 0.087500
0 0.405313 0.770833 0.048125 0.076667
0 0.825000 0.755000 0.048750 0.068333
0 0.951875 0.744167 0.058750 0.075000
0 0.596562 0.704167 0.061875 0.088333
0 0.083437 0.680833 0.059375 0.080000
0 0.546562 0.652500 0.059375 0.081667
0 0.026250 0.649583 0.052500 0.092500
0 0.834688 0.629167 0.059375 0.088333
0 0.145000 0.634167 0.075000 0.110000
0 0.397188 0.604583 0.061875 0.080833
0 0.734062 0.602500 0.068125 0.095000
0 0.664062 0.587500 0.058125 0.078333
0 0.802813 0.546250 0.054375 0.090833
0 0.653125 0.513333 0.050000 0.076667
0 0.524062 0.510000 0.064375 0.075000
0 0.270625 0.510833 0.062500 0.083333
0 0.907500 0.540417 0.121250 0.157500
0 0.118125 0.477917 0.060000 0.080833
0 0.289062 0.435833 0.060625 0.068333
0 0.985313 0.425833 0.029375 0.080000
0 0.415000 0.426250 0.061250 0.082500
0 0.163125 0.380833 0.065000 0.081667
0 0.378750 0.356667 0.058750 0.078333
0 0.946562 0.321250 0.055625 0.079167
0 0.235625 0.304583 0.055000 0.085833
0 0.426875 0.253333 0.065000 0.076667
0 0.580937 0.225833 0.065625 0.090000
0 0.328125 0.205833 0.060000 0.078333
0 0.905937 0.200417 0.054375 0.079167
0 0.971875 0.175000 0.056250 0.076667
0 0.323750 0.123750 0.070000 0.077500
0 0.740625 0.126667 0.060000 0.086667
0 0.554375 0.119167 0.067500 0.080000
0 0.630625 0.105833 0.066250 0.083333
0 0.111562 0.098333 0.066875 0.083333
0 0.970625 0.080833 0.058750 0.070000
0 0.825313 0.052500 0.050625 0.078333
0 0.310000 0.052500 0.053750 0.078333
0 0.956875 0.045000 0.062500 0.081667
0 0.561250 0.036667 0.056250 0.073333
0 0.496250 0.036667 0.063750 0.073333
0 0.059062 0.045000 0.083125 0.090000