0 0.222188 0.973333 0.073125 0.053333
0 0.217188 0.926250 0.061875 0.062500
0 0.069062 0.929167 0.054375 0.071667
0 0.022187 0.927500 0.044375 0.078333
0 0.591562 0.912500 0.065625 0.095000
0 0.132500 0.920833 0.063750 0.113333
0 0.175313 0.877500 0.058125 0.080000
0 0.278438 0.892083 0.081875 0.142500
0 0.028125 0.846250 0.056250 0.094167
0 0.085312 0.840417 0.061875 0.084167
0 0.554688 0.848750 0.085625 0.110833
0 0.654687 0.834583 0.069375 0.094167
0 0.939375 0.821667 0.071250 0.105000
0 0.313750 0.810833 0.067500 0.090000
0 0.472187 0.806667 0.066875 0.090000
0 0.185625 0.768750 0.106250 0.117500
0 0.107500 0.751667 0.060000 0.093333
0 0.043125 0.752083 0.068750 0.094167
0 0.923125 0.724583 0.072500 0.099167
0 0.366563 0.707917 0.066875 0.090833
0 0.069375 0.686250 0.066250 0.084167
0 0.016563 0.676667 0.033125 0.085000
0 0.861563 0.681250 0.069375 0.099167
0 0.796250 0.677917 0.065000 0.105833
0 0.826250 0.608750 0.055000 0.074167
0 0.884687 0.595833 0.080625 0.093333
0 0.194375 0.620833 0.103750 0.148333
0 0.380937 0.612917 0.086875 0.152500
0 0.153125 0.534583 0.065000 0.082500
0 0.966562 0.515833 0.066875 0.081667
0 0.829063 0.512083 0.071875 0.089167
0 0.444688 0.515000 0.158125 0.131667
0 0.208437 0.487917 0.065625 0.089167
0 0.904062 0.475417 0.075625 0.089167
0 0.760938 0.462083 0.061875 0.075833
0 0.979062 0.434167 0.041875 0.080000
0 0.368125 0.442917 0.080000 0.105833
0 0.721875 0.425833 0.068750 0.090000
0 0.562187 0.420000 0.064375 0.083333
0 0.624375 0.422083 0.081250 0.100833
0 0.498750 0.389167 0.056250 0.073333
0 0.331250 0.396250 0.067500 0.090833
0 0.270000 0.380417 0.057500 0.074167
0 0.427812 0.390000 0.100625 0.115000
0 0.907188 0.367083 0.073125 0.104167
0 0.065312 0.350000 0.059375 0.085000
0 0.223125 0.337917 0.053750 0.072500
0 0.131562 0.331667 0.068125 0.086667
0 0.368437 0.324167 0.055625 0.086667
0 0.019375 0.321667 0.038750 0.088333
0 0.689688 0.300833 0.089375 0.113333
0 0.278125 0.276667 0.062500 0.076667
0 0.563125 0.281667 0.087500 0.090000
0 0.205313 0.254583 0.053125 0.087500
0 0.430312 0.245417 0.070625 0.092500
0 0.960938 0.261667 0.078125 0.141667
0 0.477500 0.218333 0.056250 0.076667
0 0.550000 0.187500 0.091250 0.121667
0 0.234687 0.169583 0.073125 0.089167
0 0.357812 0.172917 0.108125 0.127500
0 0.935312 0.155833 0.075625 0.101667
0 0.602500 0.124583 0.085000 0.079167
0 0.150938 0.091250 0.076875 0.095833
0 0.274687 0.092500 0.074375 0.100000
0 0.550937 0.080833 0.068125 0.081667
0 0.436875 0.088750 0.076250 0.104167
0 0.020625 0.079167 0.041250 0.093333
0 0.108750 0.050000 0.077500 0.091667
0 0.560625 0.027500 0.068750 0.055000
0 0.441250 0.022083 0.068750 0.044167
0 0.295312 0.027083 0.058125 0.054167
0 0.234063 0.026250 0.055625 0.052500
0 0.172187 0.030417 0.069375 0.060833