0 0.635625 0.979583 0.061250 0.040833
0 0.983750 0.972500 0.032500 0.055000
0 0.499688 0.971667 0.058125 0.056667
0 0.169063 0.970833 0.055625 0.058333
0 0.716250 0.966250 0.065000 0.067500
0 0.114687 0.965000 0.050625 0.070000
0 0.655625 0.940000 0.063750 0.061667
0 0.412813 0.935000 0.056875 0.078333
0 0.886563 0.922917 0.070625 0.067500
0 0.277813 0.919583 0.058125 0.089167
0 0.080000 0.910417 0.056250 0.080833
0 0.541250 0.911667 0.078750 0.088333
0 0.974375 0.900000 0.051250 0.071667
0 0.461875 0.897917 0.053750 0.074167
0 0.384062 0.896250 0.061875 0.080833
0 0.807813 0.893750 0.051875 0.077500
0 0.021562 0.887083 0.043125 0.077500
0 0.660312 0.870833 0.063125 0.073333
0 0.194062 0.877083 0.074375 0.094167
0 0.427812 0.844583 0.061875 0.094167
0 0.598125 0.825000 0.052500 0.075000
0 0.355000 0.821250 0.053750 0.075833
0 0.922188 0.815000 0.058125 0.075000
0 0.560625 0.817500 0.058750 0.088333
0 0.782188 0.805417 0.056875 0.069167
0 0.663750 0.790833 0.062500 0.076667
0 0.314688 0.789583 0.066875 0.082500
0 0.970938 0.788333 0.058125 0.093333
0 0.532188 0.758333 0.053125 0.078333
0 0.446875 0.741250 0.060000 0.084167
0 0.225000 0.722500 0.055000 0.075000
0 0.130312 0.703750 0.056875 0.072500
0 0.310625 0.702083 0.068750 0.082500
0 0.485312 0.689583 0.051875 0.077500
0 0.812187 0.684583 0.056875 0.077500
0 0.911875 0.679583 0.058750 0.085833
0 0.711562 0.666667 0.071875 0.080000
0 0.598750 0.651667 0.058750 0.080000
0 0.429063 0.653333 0.060625 0.083333
0 0.274375 0.639583 0.052500 0.074167
0 0.226250 0.643333 0.053750 0.086667
0 0.030000 0.627083 0.060000 0.100833
0 0.958438 0.601250 0.051875 0.077500
0 0.659687 0.605000 0.064375 0.086667
0 0.084687 0.602500 0.063125 0.098333
0 0.905625 0.586667 0.050000 0.081667
0 0.328750 0.578333 0.061250 0.076667
0 0.635312 0.568333 0.059375 0.081667
0 0.704063 0.541250 0.060625 0.080833
0 0.981250 0.522917 0.037500 0.080833
0 0.025625 0.530000 0.051250 0.100000
0 0.533438 0.490833 0.060625 0.073333
0 0.879687 0.489583 0.069375 0.087500
0 0.306563 0.469583 0.054375 0.072500
0 0.423750 0.453750 0.057500 0.074167
0 0.075938 0.454583 0.066875 0.084167
0 0.868125 0.428750 0.053750 0.057500
0 0.018437 0.432083 0.036875 0.080833
0 0.800000 0.441250 0.072500 0.112500
0 0.673438 0.420000 0.053125 0.078333
0 0.461562 0.398750 0.060625 0.070833
0 0.861563 0.362917 0.063125 0.072500
0 0.755938 0.358333 0.064375 0.083333
0 0.800937 0.356667 0.040625 0.083333
0 0.660000 0.335833 0.048750 0.060000
0 0.300312 0.317500 0.063125 0.085000
0 0.128438 0.307083 0.056875 0.074167
0 0.356563 0.300417 0.050625 0.074167
0 0.414062 0.286667 0.055625 0.083333
0 0.844688 0.285833 0.061875 0.083333
0 0.952187 0.266667 0.070625 0.101667
0 0.651250 0.255417 0.061250 0.097500
0 0.511250 0.218333 0.058750 0.076667
0 0.142813 0.208333 0.056875 0.076667
0 0.025937 0.209583 0.051875 0.090833
0 0.095312 0.205417 0.064375 0.102500
0 0.309063 0.186250 0.086875 0.097500
0 0.858125 0.158333 0.046250 0.065000
0 0.152188 0.132083 0.048125 0.065833
0 0.767500 0.137500 0.048750 0.078333
0 0.988125 0.124583 0.023750 0.064167
0 0.519687 0.123750 0.056875 0.062500
0 0.811875 0.122083 0.055000 0.070833
0 0.886250 0.117500 0.045000 0.063333
0 0.194375 0.132500 0.066250 0.106667
0 0.290312 0.111667 0.056875 0.075000
0 0.434375 0.092500 0.062500 0.076667
0 0.073750 0.088750 0.058750 0.082500
0 0.964063 0.080000 0.055625 0.085000
0 0.575313 0.077917 0.060625 0.085833
0 0.637500 0.064167 0.057500 0.071667
0 0.756875 0.055417 0.061250 0.079167
0 0.250000 0.055000 0.075000 0.080000
0 0.817813 0.052083 0.055625 0.080833
0 0.862812 0.046667 0.053125 0.080000
0 0.695000 0.038750 0.058750 0.067500
0 0.432500 0.030833 0.066250 0.061667
0 0.190625 0.024583 0.048750 0.049167