0 0.584063 0.957917 0.069375 0.072500
0 0.797813 0.952500 0.053125 0.073333
0 0.418438 0.950833 0.061875 0.076667
0 0.918750 0.935000 0.055000 0.080000
0 0.310000 0.920417 0.061250 0.077500
0 0.847500 0.905000 0.052500 0.075000
0 0.649687 0.909583 0.058125 0.094167
0 0.594688 0.880000 0.054375 0.068333
0 0.690937 0.887917 0.061875 0.089167
0 0.457500 0.880000 0.056250 0.090000
0 0.338125 0.867917 0.046250 0.072500
0 0.769687 0.872917 0.063125 0.100833
0 0.585000 0.804583 0.048750 0.070833
0 0.416563 0.743333 0.054375 0.075000
0 0.686875 0.747917 0.062500 0.092500
0 0.614688 0.727917 0.069375 0.092500
0 0.913125 0.710417 0.057500 0.079167
0 0.490312 0.702083 0.068125 0.079167
0 0.281875 0.715000 0.065000 0.105000
0 0.670000 0.655417 0.057500 0.072500
0 0.325625 0.651667 0.061250 0.078333
0 0.970313 0.650833 0.059375 0.080000
0 0.015625 0.645000 0.031250 0.080000
0 0.835938 0.633750 0.063125 0.080833
0 0.142500 0.631667 0.065000 0.080000
0 0.269375 0.604167 0.057500 0.075000
0 0.704375 0.596250 0.055000 0.075833
0 0.761875 0.558333 0.057500 0.083333
0 0.328437 0.542083 0.064375 0.080833
0 0.966562 0.525833 0.066875 0.076667
0 0.627188 0.520833 0.060625 0.083333
0 0.712500 0.507083 0.052500 0.069167
0 0.433125 0.499167 0.067500 0.091667
0 0.141250 0.485000 0.093750 0.096667
0 0.270000 0.452917 0.065000 0.092500
0 0.803438 0.440000 0.068125 0.076667
0 0.198750 0.420417 0.082500 0.079167
0 0.597187 0.389583 0.054375 0.089167
0 0.148750 0.384167 0.056250 0.088333
0 0.417187 0.369583 0.053125 0.090833
0 0.489063 0.362083 0.066875 0.077500
0 0.631875 0.371667 0.057500 0.100000
0 0.051250 0.352500 0.076250 0.078333
0 0.791875 0.356250 0.058750 0.094167
0 0.197187 0.341250 0.053125 0.069167
0 0.359063 0.328750 0.058125 0.087500
0 0.919687 0.320833 0.068125 0.075000
0 0.541875 0.307500 0.070000 0.081667
0 0.699688 0.297500 0.066875 0.088333
0 0.799063 0.273333 0.055625 0.083333
0 0.612187 0.260000 0.058125 0.086667
0 0.216875 0.214583 0.063750 0.082500
0 0.022812 0.178750 0.045625 0.075833
0 0.965938 0.177083 0.068125 0.087500
0 0.509062 0.191667 0.084375 0.120000
0 0.658438 0.173333 0.064375 0.085000
0 0.144375 0.107083 0.058750 0.077500
0 0.221250 0.092083 0.047500 0.075833
0 0.838125 0.102917 0.065000 0.104167
0 0.714375 0.076667 0.067500 0.076667
0 0.877500 0.077500 0.052500 0.080000
0 0.389688 0.029583 0.079375 0.059167
0 0.180000 0.042500 0.065000 0.085000