0 0.394062 0.977083 0.063125 0.045833
0 0.461562 0.972083 0.069375 0.055833
0 0.511875 0.927083 0.068750 0.085833
0 0.191562 0.925000 0.084375 0.091667
0 0.881250 0.933750 0.076250 0.110833
0 0.226562 0.877917 0.059375 0.072500
0 0.676562 0.870417 0.065625 0.077500
0 0.980000 0.855417 0.040000 0.075833
0 0.842187 0.843333 0.060625 0.081667
0 0.554688 0.829167 0.068125 0.071667
0 0.335000 0.800000 0.062500 0.081667
0 0.162500 0.800833 0.065000 0.100000
0 0.262500 0.790417 0.065000 0.100833
0 0.047188 0.761667 0.064375 0.080000
0 0.208125 0.760833 0.063750 0.093333
0 0.506250 0.727083 0.060000 0.080833
0 0.575625 0.710833 0.066250 0.083333
0 0.310000 0.707083 0.053750 0.080833
0 0.231250 0.687917 0.071250 0.079167
0 0.038437 0.660000 0.069375 0.076667
0 0.525000 0.634167 0.063750 0.086667
0 0.804688 0.625417 0.061875 0.087500
0 0.730938 0.627083 0.061875 0.090833
0 0.249062 0.604167 0.065625 0.086667
0 0.594375 0.600000 0.075000 0.080000
0 0.336875 0.575833 0.060000 0.085000
0 0.779062 0.557917 0.073125 0.092500
0 0.285625 0.558750 0.061250 0.095833
0 0.915625 0.552083 0.070000 0.090833
0 0.446562 0.518333 0.064375 0.086667
0 0.525937 0.508333 0.065625 0.075000
0 0.845938 0.502500 0.061875 0.076667
0 0.037812 0.510417 0.071875 0.100833
0 0.419375 0.458750 0.058750 0.072500
0 0.023438 0.425417 0.046875 0.077500
0 0.720313 0.420833 0.064375 0.085000
0 0.981250 0.402500 0.037500 0.073333
0 0.892813 0.400833 0.060625 0.083333
0 0.352500 0.395417 0.058750 0.090833
0 0.640000 0.376667 0.066250 0.078333
0 0.152500 0.373333 0.055000 0.080000
0 0.466875 0.360833 0.052500 0.098333
0 0.789062 0.345833 0.068125 0.078333
0 0.043125 0.339167 0.067500 0.088333
0 0.518125 0.331250 0.066250 0.080833
0 0.395313 0.332500 0.061875 0.088333
0 0.938125 0.323750 0.052500 0.085833
0 0.980625 0.321667 0.038750 0.091667
0 0.878750 0.315833 0.053750 0.091667
0 0.660312 0.291667 0.058125 0.081667
0 0.586562 0.270000 0.068125 0.081667
0 0.067187 0.252083 0.069375 0.085833
0 0.690937 0.220417 0.061875 0.075833
0 0.515312 0.201250 0.060625 0.069167
0 0.245938 0.192917 0.060625 0.072500
0 0.841250 0.202083 0.057500 0.092500
0 0.021875 0.189583 0.043750 0.069167
0 0.892500 0.172917 0.058750 0.075833
0 0.606250 0.154167 0.058750 0.063333
0 0.061562 0.126667 0.063125 0.078333
0 0.801875 0.127917 0.065000 0.082500
0 0.677188 0.126667 0.064375 0.080000
0 0.185625 0.103750 0.061250 0.070833
0 0.384375 0.088333 0.057500 0.078333
0 0.112812 0.089583 0.073125 0.085833
0 0.878125 0.080833 0.066250 0.078333
0 0.034375 0.042083 0.068750 0.074167
0 0.749062 0.020417 0.060625 0.040833
0 0.430000 0.035833 0.060000 0.071667
0 0.165937 0.026667 0.074375 0.053333