0 0.275938 0.884583 0.083125 0.089167
0 0.306250 0.813750 0.071250 0.087500
0 0.048438 0.811250 0.075625 0.100833
0 0.475938 0.781250 0.076875 0.099167
0 0.259375 0.772500 0.072500 0.085000
0 0.627500 0.750417 0.065000 0.097500
0 0.212188 0.707500 0.070625 0.093333
0 0.535312 0.671250 0.095625 0.084167
0 0.151250 0.619167 0.073750 0.091667
0 0.616250 0.612083 0.065000 0.090833
0 0.550312 0.590000 0.076875 0.090000
0 0.350313 0.545417 0.070625 0.104167
0 0.386875 0.530000 0.056250 0.090000
0 0.203750 0.522917 0.075000 0.089167
0 0.112500 0.527083 0.081250 0.104167
0 0.587812 0.513750 0.071875 0.099167
0 0.818750 0.501250 0.066250 0.092500
0 0.559688 0.440000 0.078125 0.088333
0 0.135313 0.267500 0.083125 0.083333
0 0.781875 0.251667 0.072500 0.096667
0 0.315937 0.249167 0.071875 0.096667
0 0.192188 0.217500 0.069375 0.091667
0 0.888125 0.155417 0.066250 0.087500
0 0.498437 0.135833 0.074375 0.103333