0 0.160625 0.980000 0.062500 0.040000
0 0.517500 0.973333 0.076250 0.053333
0 0.932813 0.962917 0.078125 0.074167
0 0.047188 0.950417 0.056875 0.085833
0 0.334375 0.938333 0.061250 0.090000
0 0.689688 0.946250 0.075625 0.107500
0 0.110625 0.939167 0.068750 0.101667
0 0.838437 0.927500 0.070625 0.088333
0 0.905000 0.874167 0.062500 0.090000
0 0.077813 0.872917 0.074375 0.087500
0 0.720625 0.859167 0.062500 0.076667
0 0.019688 0.870000 0.039375 0.103333
0 0.517188 0.882917 0.104375 0.134167
0 0.598437 0.845000 0.076875 0.095000
0 0.663750 0.836250 0.060000 0.079167
0 0.382500 0.852083 0.092500 0.120833
0 0.836250 0.819167 0.090000 0.115000
0 0.449375 0.807917 0.068750 0.095833
0 0.968437 0.805000 0.063125 0.093333
0 0.764062 0.783333 0.076875 0.093333
0 0.087813 0.786250 0.064375 0.104167
0 0.165000 0.773333 0.082500 0.101667
0 0.577187 0.752500 0.071875 0.096667
0 0.276250 0.725000 0.075000 0.085000
0 0.818438 0.710417 0.108125 0.095833
0 0.914687 0.709583 0.068125 0.095833
0 0.115000 0.695000 0.071250 0.086667
0 0.518125 0.649583 0.096250 0.082500
0 0.868125 0.640417 0.061250 0.080833
0 0.591562 0.658333 0.086875 0.116667
0 0.047188 0.668333 0.094375 0.136667
0 0.099687 0.605000 0.075625 0.085000
0 0.786875 0.593750 0.065000 0.084167
0 0.950313 0.584583 0.063125 0.097500
0 0.867500 0.570000 0.076250 0.086667
0 0.464375 0.524583 0.081250 0.092500
0 0.241563 0.521667 0.079375 0.095000
0 0.699063 0.576250 0.100625 0.222500
0 0.314063 0.482500 0.071875 0.086667
0 0.150312 0.489167 0.086875 0.111667
0 0.225312 0.450000 0.066875 0.076667
0 0.095000 0.438750 0.055000 0.094167
0 0.157812 0.378750 0.064375 0.100833
0 0.268750 0.284167 0.082500 0.093333
0 0.135000 0.261667 0.071250 0.091667
0 0.630625 0.269167 0.098750 0.131667
0 0.700937 0.221250 0.074375 0.105833
0 0.944063 0.201250 0.073125 0.104167
0 0.252812 0.186667 0.064375 0.086667
0 0.316563 0.120833 0.070625 0.073333
0 0.103125 0.120000 0.065000 0.080000
0 0.161875 0.096250 0.060000 0.072500
0 0.069062 0.092083 0.069375 0.090833
0 0.595938 0.073333 0.078125 0.103333
0 0.331250 0.040833 0.062500 0.078333
0 0.827500 0.073750 0.118750 0.147500
0 0.068125 0.022917 0.063750 0.045833