0 0.295312 0.979583 0.063125 0.040833
0 0.633437 0.970833 0.066875 0.058333
0 0.736250 0.963333 0.090000 0.073333
0 0.146563 0.949167 0.063125 0.083333
0 0.518750 0.944167 0.063750 0.088333
0 0.970625 0.930000 0.058750 0.080000
0 0.257812 0.930833 0.069375 0.088333
0 0.906250 0.922917 0.066250 0.082500
0 0.672188 0.921667 0.076875 0.091667
0 0.867500 0.904167 0.067500 0.086667
0 0.982812 0.872500 0.034375 0.061667
0 0.725000 0.887083 0.063750 0.095833
0 0.620000 0.858333 0.067500 0.081667
0 0.047188 0.879167 0.079375 0.160000
0 0.898438 0.834167 0.064375 0.075000
0 0.258125 0.839583 0.073750 0.085833
0 0.954063 0.819167 0.053125 0.070000
0 0.786875 0.820417 0.067500 0.084167
0 0.089375 0.821250 0.071250 0.099167
0 0.016250 0.781667 0.032500 0.075000
0 0.868125 0.775000 0.060000 0.078333
0 0.185312 0.778333 0.068125 0.095000
0 0.641563 0.767917 0.069375 0.097500
0 0.975313 0.743333 0.049375 0.078333
0 0.261875 0.725000 0.067500 0.086667
0 0.129062 0.716250 0.098125 0.102500
0 0.698438 0.690417 0.060625 0.089167
0 0.951250 0.681667 0.071250 0.076667
0 0.873750 0.670417 0.067500 0.087500
0 0.221250 0.660000 0.073750 0.093333
0 0.170000 0.624167 0.105000 0.101667
0 0.755313 0.600417 0.056875 0.064167
0 0.815000 0.607083 0.062500 0.082500
0 0.574375 0.582500 0.063750 0.081667
0 0.466875 0.590833 0.066250 0.100000
0 0.308125 0.610000 0.133750 0.145000
0 0.905625 0.557500 0.068750 0.085000
0 0.174063 0.542917 0.080625 0.094167
0 0.735313 0.529167 0.080625 0.085000
0 0.375937 0.522500 0.061875 0.083333
0 0.826875 0.512917 0.063750 0.085833
0 0.424687 0.495417 0.054375 0.077500
0 0.792500 0.484167 0.057500 0.081667
0 0.601562 0.472917 0.065625 0.085833
0 0.483125 0.470000 0.061250 0.085000
0 0.136250 0.473333 0.066250 0.098333
0 0.967500 0.468333 0.065000 0.090000
0 0.312500 0.454167 0.065000 0.085000
0 0.543438 0.440833 0.074375 0.073333
0 0.373437 0.444583 0.066875 0.080833
0 0.737187 0.426250 0.066875 0.079167
0 0.877500 0.417500 0.076250 0.091667
0 0.396875 0.391667 0.087500 0.111667
0 0.136250 0.370833 0.060000 0.081667
0 0.510625 0.352500 0.062500 0.083333
0 0.575937 0.350000 0.063125 0.088333
0 0.638437 0.341250 0.056875 0.074167
0 0.739375 0.345833 0.055000 0.091667
0 0.439688 0.305833 0.068125 0.088333
0 0.770938 0.281250 0.056875 0.075833
0 0.375937 0.286667 0.061875 0.086667
0 0.857187 0.296667 0.075625 0.110000
0 0.501563 0.272500 0.059375 0.078333
0 0.596250 0.251667 0.063750 0.090000
0 0.810937 0.228750 0.064375 0.082500
0 0.940312 0.221250 0.065625 0.072500
0 0.340625 0.220417 0.060000 0.084167
0 0.173437 0.226667 0.086875 0.100000
0 0.017812 0.217500 0.035625 0.083333
0 0.056250 0.215417 0.046250 0.082500
0 0.866250 0.205000 0.071250 0.090000
0 0.099062 0.174583 0.066875 0.080833
0 0.252188 0.159583 0.060625 0.065833
0 0.549687 0.163333 0.069375 0.091667
0 0.030000 0.150417 0.050000 0.077500
0 0.353438 0.136667 0.071875 0.078333
0 0.785312 0.135417 0.065625 0.080833
0 0.610625 0.109167 0.061250 0.081667
0 0.356875 0.071250 0.061250 0.064167
0 0.636875 0.063750 0.083750 0.082500
0 0.023750 0.049167 0.047500 0.081667
0 0.416563 0.040417 0.061875 0.075833
0 0.843437 0.047083 0.083125 0.094167
0 0.704375 0.041250 0.097500 0.082500
0 0.319688 0.021667 0.061875 0.043333