0 0.733750 0.976667 0.057500 0.046667
0 0.875313 0.972917 0.053125 0.054167
0 0.929688 0.962917 0.045625 0.067500
0 0.084375 0.963333 0.073750 0.073333
0 0.481563 0.951250 0.053125 0.075833
0 0.843750 0.941667 0.056250 0.076667
0 0.170000 0.935833 0.063750 0.081667
0 0.585000 0.939167 0.067500 0.091667
0 0.436563 0.918333 0.060625 0.085000
0 0.775937 0.907917 0.054375 0.075833
0 0.030625 0.907500 0.061250 0.081667
0 0.663750 0.890417 0.061250 0.074167
0 0.265313 0.862917 0.064375 0.074167
0 0.719375 0.873333 0.058750 0.101667
0 0.072813 0.848333 0.070625 0.083333
0 0.170625 0.842500 0.083750 0.091667
0 0.817813 0.784583 0.063125 0.075833
0 0.101875 0.774583 0.058750 0.082500
0 0.516563 0.769583 0.064375 0.082500
0 0.956562 0.755417 0.065625 0.085833
0 0.041875 0.750417 0.053750 0.077500
0 0.184062 0.745417 0.063125 0.082500
0 0.835625 0.718333 0.050000 0.071667
0 0.769062 0.707083 0.055625 0.064167
0 0.343438 0.682917 0.051875 0.072500
0 0.559063 0.672917 0.060625 0.084167
0 0.749062 0.664583 0.060625 0.079167
0 0.375625 0.606667 0.057500 0.078333
0 0.769687 0.576667 0.064375 0.076667
0 0.095625 0.505417 0.063750 0.085833
0 0.370312 0.506250 0.058125 0.095833
0 0.339687 0.494167 0.053125 0.076667
0 0.717187 0.489167 0.065625 0.078333
0 0.633750 0.455417 0.071250 0.070833
0 0.019688 0.442917 0.039375 0.079167
0 0.570312 0.420000 0.055625 0.080000
0 0.741563 0.409583 0.063125 0.075833
0 0.279687 0.403750 0.071875 0.077500
0 0.599375 0.376667 0.055000 0.073333
0 0.509375 0.362083 0.055000 0.074167
0 0.643750 0.354167 0.055000 0.080000
0 0.266250 0.317083 0.058750 0.074167
0 0.780625 0.328333 0.067500 0.103333
0 0.978750 0.298750 0.042500 0.067500
0 0.055625 0.300417 0.066250 0.077500
0 0.875313 0.267500 0.061875 0.075000
0 0.242812 0.251250 0.051875 0.070833
0 0.437500 0.234167 0.072500 0.106667
0 0.567813 0.188333 0.051875 0.066667
0 0.843750 0.189167 0.065000 0.071667
0 0.505313 0.153333 0.056875 0.083333
0 0.445000 0.132083 0.051250 0.067500
0 0.187500 0.132083 0.061250 0.079167
0 0.776250 0.110833 0.063750 0.078333
0 0.640625 0.102083 0.058750 0.085833
0 0.242188 0.090833 0.058125 0.085000
0 0.859688 0.084167 0.050625 0.073333
0 0.957812 0.075833 0.069375 0.073333
0 0.460625 0.057083 0.060000 0.074167
0 0.722500 0.050417 0.052500 0.072500
0 0.167187 0.050833 0.073125 0.078333
0 0.350938 0.053333 0.063125 0.085000