0 0.923750 0.975417 0.063750 0.049167
0 0.385625 0.956667 0.066250 0.086667
0 0.178750 0.936667 0.063750 0.078333
0 0.859375 0.928750 0.063750 0.067500
0 0.547813 0.920000 0.063125 0.096667
0 0.230937 0.897917 0.064375 0.084167
0 0.621250 0.889167 0.063750 0.078333
0 0.671875 0.861667 0.067500 0.093333
0 0.460000 0.852500 0.072500 0.076667
0 0.843125 0.850833 0.058750 0.081667
0 0.775937 0.842083 0.070625 0.085833
0 0.537500 0.834167 0.060000 0.073333
0 0.940625 0.827083 0.070000 0.094167
0 0.222812 0.810000 0.071875 0.106667
0 0.295625 0.795417 0.086250 0.122500
0 0.389688 0.780833 0.066875 0.110000
0 0.550000 0.736667 0.066250 0.080000
0 0.619062 0.730833 0.058125 0.071667
0 0.243750 0.738750 0.055000 0.094167
0 0.486563 0.700833 0.058125 0.073333
0 0.426563 0.702917 0.056875 0.082500
0 0.204375 0.694583 0.076250 0.082500
0 0.142813 0.666250 0.060625 0.089167
0 0.246562 0.652500 0.054375 0.071667
0 0.083125 0.660833 0.073750 0.090000
0 0.572812 0.653750 0.063125 0.080833
0 0.794375 0.657083 0.096250 0.147500
0 0.448125 0.620000 0.062500 0.078333
0 0.668125 0.588333 0.052500 0.080000
0 0.075313 0.582917 0.055625 0.074167
0 0.558750 0.552917 0.056250 0.064167
0 0.383437 0.562500 0.059375 0.085000
0 0.045937 0.559167 0.055625 0.096667
0 0.332813 0.531667 0.056875 0.066667
0 0.916562 0.530000 0.061875 0.066667
0 0.721562 0.533333 0.066875 0.090000
0 0.342813 0.480000 0.051875 0.073333
0 0.546562 0.481250 0.060625 0.087500
0 0.706562 0.456250 0.061875 0.070833
0 0.497188 0.435833 0.058125 0.081667
0 0.372812 0.423750 0.064375 0.084167
0 0.974375 0.403750 0.051250 0.072500
0 0.703438 0.390000 0.059375 0.086667
0 0.962187 0.319167 0.075625 0.083333
0 0.852812 0.320000 0.070625 0.106667
0 0.492500 0.326667 0.087500 0.133333
0 0.290625 0.285833 0.073750 0.088333
0 0.110312 0.281250 0.070625 0.109167
0 0.463125 0.253333 0.072500 0.090000
0 0.891250 0.249167 0.065000 0.088333
0 0.540312 0.248333 0.073125 0.100000
0 0.411250 0.197083 0.056250 0.087500
0 0.379063 0.135833 0.068125 0.076667
0 0.860313 0.136667 0.059375 0.091667
0 0.222188 0.134583 0.069375 0.099167
0 0.156250 0.126667 0.068750 0.088333
0 0.472813 0.122083 0.061875 0.089167
0 0.068125 0.105833 0.075000 0.096667
0 0.285313 0.088333 0.066875 0.096667
0 0.663438 0.066667 0.054375 0.070000
0 0.791250 0.050833 0.060000 0.075000
0 0.129688 0.046667 0.071875 0.075000
0 0.342813 0.050417 0.068125 0.099167
0 0.899062 0.033333 0.066875 0.066667