0 0.397188 0.965833 0.066875 0.068333
0 0.056563 0.957083 0.058125 0.085833
0 0.687813 0.932917 0.074375 0.082500
0 0.350938 0.917083 0.065625 0.084167
0 0.582500 0.912083 0.058750 0.079167
0 0.870313 0.897500 0.060625 0.085000
0 0.924063 0.879583 0.078125 0.110833
0 0.179063 0.847917 0.058125 0.084167
0 0.405000 0.830833 0.060000 0.080000
0 0.823125 0.822500 0.063750 0.073333
0 0.196875 0.802917 0.060000 0.105833
0 0.495937 0.749583 0.058125 0.090833
0 0.906563 0.729167 0.080625 0.115000
0 0.430000 0.712083 0.063750 0.094167
0 0.174687 0.692083 0.061875 0.097500
0 0.775625 0.655417 0.065000 0.082500
0 0.085000 0.684167 0.035000 0.156667
0 0.500625 0.645417 0.065000 0.085833
0 0.115312 0.619583 0.050625 0.084167
0 0.047500 0.615000 0.057500 0.078333
0 0.843750 0.616667 0.063750 0.083333
0 0.639687 0.546250 0.061875 0.079167
0 0.875000 0.530000 0.066250 0.075000
0 0.293750 0.531667 0.053750 0.093333
0 0.522188 0.499583 0.051875 0.094167
0 0.464687 0.478750 0.058125 0.087500
0 0.872812 0.464583 0.075625 0.067500
0 0.097500 0.471667 0.057500 0.088333
0 0.213438 0.473333 0.053125 0.100000
0 0.560625 0.452917 0.062500 0.082500
0 0.347187 0.450833 0.066875 0.085000
0 0.023125 0.371667 0.046250 0.076667
0 0.570937 0.350417 0.059375 0.095833
0 0.067187 0.303333 0.065625 0.073333
0 0.543438 0.256250 0.049375 0.089167
0 0.420625 0.228750 0.060000 0.097500
0 0.359375 0.217500 0.055000 0.093333
0 0.441563 0.186250 0.066875 0.085833
0 0.652813 0.181250 0.058125 0.079167
0 0.035625 0.173750 0.066250 0.114167
0 0.877812 0.138750 0.059375 0.084167
0 0.807187 0.129583 0.075625 0.090833
0 0.153125 0.132083 0.057500 0.099167
0 0.460625 0.118750 0.053750 0.080833
0 0.091563 0.125833 0.059375 0.140000
0 0.041250 0.094167 0.052500 0.096667
0 0.691875 0.027083 0.068750 0.054167