0 0.770000 0.975833 0.058750 0.048333
0 0.531250 0.970000 0.062500 0.060000
0 0.029063 0.941667 0.058125 0.098333
0 0.967500 0.942083 0.065000 0.100833
0 0.664687 0.923750 0.071875 0.097500
0 0.808125 0.908750 0.060000 0.102500
0 0.280313 0.897917 0.060625 0.094167
0 0.217500 0.904583 0.072500 0.107500
0 0.500938 0.900000 0.074375 0.101667
0 0.850938 0.897917 0.053125 0.102500
0 0.018125 0.877500 0.036250 0.090000
0 0.164687 0.870833 0.076875 0.095000
0 0.748750 0.855417 0.071250 0.100833
0 0.483125 0.841667 0.072500 0.083333
0 0.649375 0.814167 0.062500 0.086667
0 0.180312 0.805417 0.069375 0.079167
0 0.789375 0.773750 0.066250 0.104167
0 0.592500 0.778750 0.092500 0.115833
0 0.852812 0.764583 0.061875 0.092500
0 0.497188 0.760000 0.078125 0.096667
0 0.195000 0.747500 0.066250 0.091667
0 0.909062 0.724167 0.068125 0.083333
0 0.250312 0.729167 0.084375 0.101667
0 0.335000 0.751667 0.097500 0.150000
0 0.427812 0.724167 0.073125 0.100000
0 0.541250 0.703333 0.058750 0.093333
0 0.771563 0.687500 0.055625 0.083333
0 0.581875 0.684167 0.061250 0.096667
0 0.833438 0.675833 0.068125 0.091667
0 0.018125 0.677500 0.036250 0.095000
0 0.653438 0.670833 0.078125 0.093333
0 0.510000 0.635833 0.063750 0.083333
0 0.440937 0.620833 0.073125 0.101667
0 0.234375 0.602917 0.070000 0.075833
0 0.812187 0.598750 0.064375 0.090833
0 0.725625 0.605833 0.091250 0.115000
0 0.533750 0.552083 0.068750 0.089167
0 0.872812 0.560833 0.089375 0.111667
0 0.405625 0.544583 0.092500 0.087500
0 0.252188 0.533333 0.070625 0.090000
0 0.191875 0.530417 0.077500 0.090833
0 0.654687 0.518750 0.074375 0.097500
0 0.585625 0.494583 0.080000 0.072500
0 0.856563 0.487500 0.063125 0.071667
0 0.956250 0.488750 0.065000 0.075833
0 0.788438 0.483333 0.053125 0.070000
0 0.360625 0.487500 0.065000 0.110000
0 0.732500 0.481250 0.078750 0.125833
0 0.510938 0.465833 0.070625 0.110000
0 0.312188 0.455417 0.058125 0.089167
0 0.418750 0.460417 0.078750 0.107500
0 0.134375 0.441667 0.070000 0.086667
0 0.617812 0.433750 0.064375 0.085833
0 0.854062 0.411250 0.079375 0.082500
0 0.458750 0.417917 0.077500 0.100833
0 0.067500 0.410833 0.080000 0.103333
0 0.343750 0.401250 0.072500 0.087500
0 0.766875 0.399167 0.067500 0.088333
0 0.679375 0.395417 0.070000 0.085833
0 0.980938 0.388750 0.038125 0.094167
0 0.515312 0.374167 0.084375 0.068333
0 0.141875 0.357500 0.062500 0.078333
0 0.213125 0.392500 0.083750 0.176667
0 0.597187 0.343750 0.066875 0.085833
0 0.753125 0.343333 0.062500 0.090000
0 0.330937 0.330833 0.060625 0.073333
0 0.658438 0.321667 0.060625 0.056667
0 0.268437 0.318750 0.058125 0.082500
0 0.475938 0.301250 0.068125 0.094167
0 0.535312 0.300833 0.091875 0.101667
0 0.708750 0.280000 0.055000 0.065000
0 0.901563 0.266667 0.065625 0.073333
0 0.596250 0.259167 0.063750 0.081667
0 0.381563 0.261250 0.069375 0.089167
0 0.271562 0.244167 0.071875 0.088333
0 0.202500 0.244583 0.071250 0.105833
0 0.822812 0.222500 0.068125 0.080000
0 0.728750 0.215000 0.065000 0.085000
0 0.934375 0.204583 0.065000 0.079167
0 0.630000 0.201667 0.061250 0.080000
0 0.338438 0.195833 0.086875 0.096667
0 0.272813 0.170417 0.075625 0.069167
0 0.873437 0.168750 0.066875 0.094167
0 0.684375 0.144583 0.070000 0.075833
0 0.020625 0.128333 0.041250 0.083333
0 0.601562 0.131667 0.093125 0.095000
0 0.965313 0.131667 0.069375 0.098333
0 0.317500 0.117083 0.058750 0.082500
0 0.774375 0.115417 0.072500 0.085833
0 0.273750 0.097917 0.072500 0.087500
0 0.615313 0.081667 0.066875 0.076667
0 0.197187 0.085833 0.064375 0.085000
0 0.073750 0.080000 0.075000 0.090000
0 0.904375 0.067083 0.080000 0.095833
0 0.156562 0.047917 0.043125 0.090833
0 0.705000 0.041250 0.067500 0.079167
0 0.789375 0.054583 0.073750 0.109167
0 0.632188 0.020417 0.066875 0.040833
0 0.379063 0.032500 0.055625 0.065000
0 0.299375 0.042083 0.112500 0.084167
0 0.029687 0.041667 0.059375 0.083333