0 0.683125 0.980833 0.078750 0.038333
0 0.840938 0.975000 0.064375 0.050000
0 0.904375 0.974167 0.058750 0.051667
0 0.744687 0.973333 0.058125 0.053333
0 0.150938 0.971667 0.065625 0.056667
0 0.245625 0.962083 0.053750 0.075833
0 0.643125 0.949167 0.063750 0.085000
0 0.320312 0.950000 0.096875 0.100000
0 0.055313 0.927917 0.061875 0.067500
0 0.698125 0.916250 0.060000 0.080833
0 0.496250 0.925417 0.085000 0.104167
0 0.414062 0.915833 0.060625 0.086667
0 0.906875 0.901667 0.055000 0.065000
0 0.090313 0.900000 0.083125 0.063333
0 0.243125 0.877083 0.066250 0.087500
0 0.606563 0.883333 0.078125 0.103333
0 0.541250 0.862500 0.053750 0.081667
0 0.029063 0.863750 0.058125 0.092500
0 0.742812 0.852083 0.061875 0.077500
0 0.802813 0.854583 0.055625 0.087500
0 0.923438 0.839167 0.051875 0.061667
0 0.975938 0.824583 0.048125 0.070833
0 0.356563 0.833750 0.078125 0.089167
0 0.671562 0.832500 0.064375 0.088333
0 0.306563 0.837083 0.073125 0.105833
0 0.877812 0.817083 0.050625 0.067500
0 0.491250 0.805417 0.057500 0.070833
0 0.430312 0.806667 0.066875 0.088333
0 0.827500 0.797083 0.053750 0.074167
0 0.212500 0.799583 0.053750 0.079167
0 0.025313 0.778333 0.050625 0.076667
0 0.767500 0.780417 0.060000 0.084167
0 0.149062 0.770000 0.070625 0.096667
0 0.674687 0.749583 0.060625 0.072500
0 0.251875 0.735000 0.068750 0.080000
0 0.901875 0.734167 0.098750 0.093333
0 0.545312 0.721250 0.059375 0.092500
0 0.950937 0.701667 0.069375 0.070000
0 0.149375 0.692083 0.063750 0.072500
0 0.801875 0.698333 0.058750 0.090000
0 0.061875 0.690833 0.061250 0.083333
0 0.029063 0.668333 0.058125 0.073333
0 0.640312 0.664583 0.065625 0.070833
0 0.744062 0.633750 0.070625 0.082500
0 0.291563 0.627500 0.060625 0.081667
0 0.569063 0.628750 0.070625 0.092500
0 0.117813 0.615000 0.053125 0.085000
0 0.525000 0.601250 0.065000 0.092500
0 0.024688 0.586667 0.049375 0.076667
0 0.213438 0.585417 0.068125 0.075833
0 0.655312 0.585417 0.061875 0.082500
0 0.270625 0.556250 0.065000 0.070833
0 0.360938 0.559167 0.056875 0.081667
0 0.087188 0.560833 0.070625 0.091667
0 0.461250 0.545833 0.070000 0.091667
0 0.581562 0.540417 0.068125 0.084167
0 0.212188 0.520833 0.056875 0.071667
0 0.703125 0.517917 0.062500 0.079167
0 0.136563 0.495417 0.059375 0.072500
0 0.899375 0.499583 0.058750 0.087500
0 0.306563 0.490417 0.085625 0.095833
0 0.182188 0.467083 0.054375 0.067500
0 0.511563 0.466250 0.073125 0.095833
0 0.022812 0.453750 0.045625 0.082500
0 0.630000 0.458750 0.082500 0.099167
0 0.390313 0.438750 0.061875 0.079167
0 0.454688 0.442917 0.056875 0.092500
0 0.264688 0.421250 0.054375 0.072500
0 0.853437 0.430833 0.080625 0.105000
0 0.097187 0.429167 0.061875 0.105000
0 0.753437 0.430000 0.141875 0.131667
0 0.328125 0.405833 0.058750 0.091667
0 0.220000 0.385833 0.053750 0.076667
0 0.498437 0.381250 0.061875 0.074167
0 0.266250 0.353750 0.060000 0.067500
0 0.870000 0.354167 0.067500 0.083333
0 0.111875 0.340000 0.046250 0.068333
0 0.435000 0.348333 0.060000 0.120000
0 0.198437 0.322917 0.078125 0.079167
0 0.573438 0.345833 0.086875 0.131667
0 0.909375 0.308333 0.062500 0.095000
0 0.279062 0.275833 0.100625 0.081667
0 0.367188 0.271667 0.064375 0.080000
0 0.611563 0.246250 0.070625 0.082500
0 0.330937 0.243750 0.066875 0.089167
0 0.087500 0.230417 0.068750 0.084167
0 0.490938 0.232083 0.066875 0.104167
0 0.911250 0.215000 0.065000 0.081667
0 0.556875 0.206667 0.055000 0.076667
0 0.973437 0.197083 0.053125 0.084167
0 0.439063 0.189583 0.066875 0.089167
0 0.042500 0.175000 0.060000 0.085000
0 0.152500 0.170833 0.065000 0.096667
0 0.366563 0.160833 0.064375 0.080000
0 0.088750 0.152083 0.060000 0.067500
0 0.193125 0.149167 0.055000 0.086667
0 0.598437 0.148750 0.058125 0.089167
0 0.910937 0.137500 0.065625 0.085000
0 0.657188 0.136250 0.071875 0.094167
0 0.481563 0.116667 0.071875 0.123333
0 0.062187 0.089167 0.064375 0.088333
0 0.975000 0.093750 0.050000 0.102500
0 0.542500 0.087500 0.072500 0.091667
0 0.346562 0.072917 0.050625 0.097500
0 0.919375 0.049167 0.058750 0.083333
0 0.858437 0.045000 0.060625 0.086667
0 0.780000 0.036667 0.072500 0.073333
0 0.618750 0.042917 0.080000 0.085833
0 0.539375 0.021250 0.061250 0.042500
0 0.474687 0.027083 0.053125 0.054167