0 0.546250 0.942083 0.056250 0.100833
0 0.282500 0.930000 0.067500 0.103333
0 0.352812 0.926250 0.061875 0.100833
0 0.545937 0.871667 0.029375 0.048333
0 0.437188 0.913333 0.068125 0.151667
0 0.692187 0.873333 0.060625 0.093333
0 0.482187 0.872917 0.065625 0.099167
0 0.882500 0.868750 0.060000 0.094167
0 0.814375 0.861250 0.071250 0.110833
0 0.368750 0.839167 0.058750 0.095000
0 0.971875 0.831250 0.056250 0.107500
0 0.186562 0.810417 0.064375 0.090833
0 0.522500 0.800000 0.066250 0.088333
0 0.448750 0.789167 0.066250 0.085000
0 0.765625 0.782917 0.065000 0.099167
0 0.309063 0.764583 0.076875 0.099167
0 0.875313 0.760000 0.063125 0.103333
0 0.115312 0.731667 0.071875 0.085000
0 0.714688 0.684583 0.050625 0.097500
0 0.953125 0.677083 0.056250 0.089167
0 0.327188 0.658333 0.068125 0.081667
0 0.625938 0.672083 0.048125 0.120833
0 0.137500 0.658750 0.058750 0.094167
0 0.073125 0.650000 0.066250 0.091667
0 0.770000 0.658750 0.057500 0.115833
0 0.830000 0.643750 0.072500 0.087500
0 0.175313 0.633750 0.063125 0.080833
0 0.490312 0.642083 0.069375 0.102500
0 0.665312 0.635417 0.048125 0.147500
0 0.247500 0.604583 0.068750 0.090833
0 0.553750 0.610000 0.055000 0.113333
0 0.316875 0.572500 0.068750 0.093333
0 0.087813 0.567917 0.070625 0.085833
0 0.172187 0.552500 0.066875 0.085000
0 0.918438 0.557917 0.081875 0.109167
0 0.727812 0.527500 0.071875 0.088333
0 0.602500 0.518750 0.066250 0.090833
0 0.276250 0.482500 0.060000 0.081667
0 0.744375 0.435417 0.073750 0.075833
0 0.496875 0.435000 0.067500 0.090000
0 0.192812 0.418750 0.068125 0.092500
0 0.665937 0.409583 0.064375 0.087500
0 0.553438 0.394583 0.066875 0.089167
0 0.983437 0.382083 0.033125 0.082500
0 0.757812 0.350417 0.070625 0.085833
0 0.932500 0.330417 0.063750 0.064167
0 0.323437 0.340000 0.070625 0.091667
0 0.619062 0.291667 0.070625 0.076667
0 0.113437 0.297500 0.070625 0.093333
0 0.932500 0.258333 0.072500 0.076667
0 0.334062 0.247083 0.075625 0.082500
0 0.833125 0.241250 0.075000 0.082500
0 0.155312 0.231250 0.068125 0.090833
0 0.066875 0.227917 0.075000 0.085833
0 0.585000 0.184167 0.068750 0.091667
0 0.381875 0.176250 0.067500 0.080833
0 0.455625 0.134583 0.066250 0.087500
0 0.275625 0.121250 0.067500 0.094167
0 0.100312 0.108750 0.064375 0.097500
0 0.980000 0.104167 0.040000 0.123333
0 0.151250 0.078333 0.067500 0.088333
0 0.733125 0.063750 0.065000 0.087500
0 0.904687 0.046667 0.084375 0.070000
0 0.321875 0.057917 0.076250 0.099167
0 0.662188 0.030833 0.066875 0.061667