0 0.835313 0.971250 0.064375 0.057500
0 0.231875 0.970417 0.061250 0.059167
0 0.457500 0.969583 0.062500 0.060833
0 0.035000 0.965000 0.070000 0.070000
0 0.944063 0.951250 0.058125 0.077500
0 0.165000 0.940000 0.047500 0.060000
0 0.724375 0.950000 0.055000 0.083333
0 0.407187 0.940417 0.056875 0.072500
0 0.765000 0.932917 0.051250 0.082500
0 0.259688 0.921667 0.049375 0.065000
0 0.524687 0.920000 0.055625 0.068333
0 0.121250 0.916250 0.046250 0.070833
0 0.884375 0.918750 0.061250 0.077500
0 0.665312 0.912500 0.066875 0.081667
0 0.432812 0.885000 0.049375 0.061667
0 0.978750 0.892500 0.042500 0.081667
0 0.807187 0.886250 0.050625 0.090833
0 0.752188 0.873333 0.060625 0.073333
0 0.018750 0.870417 0.037500 0.074167
0 0.485625 0.865417 0.058750 0.065833
0 0.075313 0.859167 0.085625 0.101667
0 0.385313 0.852083 0.094375 0.104167
0 0.921875 0.812500 0.057500 0.078333
0 0.556562 0.821667 0.078125 0.096667
0 0.860313 0.807500 0.059375 0.078333
0 0.278125 0.812500 0.061250 0.090000
0 0.014687 0.797500 0.029375 0.073333
0 0.636563 0.797083 0.056875 0.080833
0 0.512188 0.758750 0.074375 0.080833
0 0.734375 0.732500 0.063750 0.081667
0 0.931250 0.729583 0.058750 0.082500
0 0.194688 0.719583 0.050625 0.074167
0 0.846562 0.704167 0.051875 0.081667
0 0.280625 0.698750 0.056250 0.074167
0 0.059687 0.688333 0.049375 0.068333
0 0.021875 0.667917 0.043750 0.077500
0 0.431875 0.672500 0.077500 0.111667
0 0.796875 0.647500 0.065000 0.090000
0 0.949063 0.642083 0.065625 0.085833
0 0.149688 0.634583 0.056875 0.082500
0 0.545937 0.631250 0.063125 0.082500
0 0.301250 0.628333 0.050000 0.076667
0 0.468750 0.590000 0.101250 0.105000
0 0.755313 0.574167 0.065625 0.085000
0 0.292187 0.541250 0.050625 0.067500
0 0.545937 0.546250 0.045625 0.082500
0 0.951875 0.535833 0.061250 0.100000
0 0.712500 0.516250 0.053750 0.062500
0 0.646563 0.521250 0.054375 0.075833
0 0.036250 0.518333 0.057500 0.073333
0 0.376875 0.505833 0.055000 0.066667
0 0.261875 0.495417 0.050000 0.072500
0 0.744687 0.453333 0.051875 0.076667
0 0.645625 0.437917 0.065000 0.087500
0 0.708750 0.437917 0.068750 0.095833
0 0.395625 0.427083 0.066250 0.080833
0 0.568750 0.415417 0.071250 0.087500
0 0.850625 0.382917 0.062500 0.075833
0 0.376250 0.375833 0.057500 0.063333
0 0.920312 0.379167 0.053125 0.078333
0 0.032188 0.377083 0.064375 0.092500
0 0.307812 0.350833 0.053125 0.066667
0 0.666250 0.351667 0.062500 0.083333
0 0.045312 0.313333 0.051875 0.071667
0 0.824375 0.309583 0.053750 0.069167
0 0.092500 0.291667 0.063750 0.073333
0 0.282500 0.293750 0.061250 0.080833
0 0.622500 0.267917 0.053750 0.077500
0 0.909062 0.272083 0.075625 0.087500
0 0.358438 0.266250 0.065625 0.090833
0 0.064375 0.245000 0.056250 0.061667
0 0.443437 0.274167 0.069375 0.126667
0 0.859062 0.241250 0.060625 0.090833
0 0.680937 0.232500 0.069375 0.078333
0 0.801562 0.221250 0.064375 0.095833
0 0.237500 0.188750 0.058750 0.080833
0 0.975313 0.180833 0.049375 0.081667
0 0.725313 0.185833 0.096875 0.098333
0 0.435312 0.167083 0.056875 0.070833
0 0.519375 0.174167 0.065000 0.093333
0 0.732500 0.128750 0.047500 0.065833
0 0.780000 0.114167 0.058750 0.080000
0 0.888437 0.112917 0.064375 0.089167
0 0.255312 0.108333 0.060625 0.080000
0 0.645000 0.089167 0.048750 0.071667
0 0.559375 0.085000 0.056250 0.083333
0 0.847500 0.070833 0.066250 0.075000
0 0.356563 0.068333 0.053125 0.070000
0 0.763125 0.062500 0.056250 0.066667
0 0.132812 0.052500 0.051875 0.061667
0 0.936562 0.052500 0.065625 0.078333
0 0.900312 0.026667 0.074375 0.053333
0 0.813750 0.048333 0.076250 0.096667
0 0.404062 0.030833 0.061875 0.061667
0 0.065937 0.030833 0.055625 0.061667