0 0.824375 0.965833 0.065000 0.068333
0 0.621563 0.964583 0.069375 0.070833
0 0.540000 0.962083 0.092500 0.075833
0 0.892500 0.960833 0.073750 0.078333
0 0.450937 0.947083 0.095625 0.105833
0 0.502812 0.930000 0.061875 0.085000
0 0.682187 0.920833 0.066875 0.095000
0 0.739688 0.912500 0.066875 0.116667
0 0.637500 0.895833 0.068750 0.090000
0 0.435937 0.869167 0.074375 0.096667
0 0.823438 0.876250 0.094375 0.112500
0 0.046562 0.839583 0.064375 0.079167
0 0.922188 0.855417 0.069375 0.112500
0 0.472500 0.819583 0.066250 0.082500
0 0.876250 0.771250 0.085000 0.097500
0 0.065000 0.760417 0.063750 0.095833
0 0.311875 0.736250 0.073750 0.095833
0 0.889375 0.683750 0.070000 0.099167
0 0.290000 0.602917 0.081250 0.080833
0 0.120625 0.605833 0.066250 0.100000
0 0.854375 0.605833 0.070000 0.103333
0 0.021250 0.584583 0.042500 0.077500
0 0.177813 0.596250 0.060625 0.104167
0 0.231563 0.574167 0.070625 0.085000
0 0.073438 0.574583 0.073125 0.129167
0 0.320625 0.552917 0.077500 0.097500
0 0.388125 0.527500 0.071250 0.075000
0 0.969063 0.500833 0.061875 0.096667
0 0.341875 0.487500 0.075000 0.093333
0 0.908438 0.470417 0.069375 0.097500
0 0.544687 0.473750 0.063125 0.109167
0 0.730000 0.445000 0.075000 0.076667
0 0.806562 0.438750 0.081875 0.097500
0 0.117813 0.427500 0.069375 0.096667
0 0.281250 0.413333 0.072500 0.083333
0 0.370312 0.414167 0.065625 0.103333
0 0.435937 0.403333 0.069375 0.100000
0 0.709688 0.392917 0.070625 0.080833
0 0.617812 0.386667 0.061875 0.081667
0 0.854375 0.391250 0.090000 0.102500
0 0.963437 0.350833 0.070625 0.101667
0 0.344062 0.336667 0.091875 0.078333
0 0.478750 0.340000 0.088750 0.086667
0 0.669687 0.295000 0.064375 0.081667
0 0.112187 0.272083 0.120625 0.109167
0 0.935625 0.250000 0.072500 0.086667
0 0.736875 0.253750 0.071250 0.105833
0 0.499688 0.225833 0.066875 0.085000
0 0.676250 0.207500 0.065000 0.091667
0 0.975938 0.200417 0.048125 0.089167
0 0.878750 0.182917 0.095000 0.130833
0 0.700625 0.152917 0.077500 0.085833
0 0.612500 0.147917 0.098750 0.089167
0 0.766250 0.137917 0.070000 0.089167
0 0.540000 0.130833 0.070000 0.103333
0 0.435937 0.127917 0.084375 0.134167
0 0.941250 0.106250 0.063750 0.094167
0 0.704375 0.078333 0.068750 0.066667
0 0.051875 0.091667 0.070000 0.095000
0 0.644375 0.062083 0.078750 0.089167
0 0.587812 0.047917 0.060625 0.089167
0 0.955000 0.025000 0.066250 0.050000
0 0.836562 0.030000 0.153125 0.060000
0 0.730000 0.029167 0.066250 0.058333
0 0.364375 0.027917 0.082500 0.055833