0 0.467813 0.977917 0.064375 0.044167
0 0.947812 0.972917 0.073125 0.054167
0 0.064375 0.962083 0.065000 0.075833
0 0.314688 0.949583 0.066875 0.080833
0 0.683750 0.929583 0.076250 0.084167
0 0.875313 0.924583 0.069375 0.075833
0 0.765938 0.921667 0.056875 0.076667
0 0.965313 0.901250 0.069375 0.092500
0 0.380937 0.900000 0.069375 0.101667
0 0.067812 0.864583 0.066875 0.089167
0 0.698125 0.851667 0.060000 0.095000
0 0.152188 0.811250 0.069375 0.087500
0 0.651875 0.797500 0.078750 0.090000
0 0.579063 0.800417 0.061875 0.104167
0 0.521875 0.783333 0.062500 0.121667
0 0.759062 0.745833 0.058125 0.080000
0 0.337813 0.692500 0.063125 0.091667
0 0.684063 0.675000 0.065625 0.093333
0 0.590313 0.618750 0.065625 0.112500
0 0.725938 0.608333 0.065625 0.095000
0 0.122813 0.603750 0.069375 0.094167
0 0.435937 0.571667 0.066875 0.086667
0 0.952500 0.560833 0.061250 0.083333
0 0.653438 0.567500 0.076875 0.096667
0 0.200625 0.530833 0.077500 0.086667
0 0.878125 0.531667 0.067500 0.118333
0 0.502812 0.513333 0.075625 0.096667
0 0.336562 0.506250 0.068125 0.089167
0 0.154688 0.465000 0.055625 0.076667
0 0.250937 0.462500 0.070625 0.095000
0 0.460313 0.450417 0.071875 0.090833
0 0.522188 0.427917 0.076875 0.097500
0 0.778125 0.385417 0.070000 0.104167
0 0.654062 0.353333 0.068125 0.093333
0 0.179688 0.341667 0.069375 0.108333
0 0.099062 0.291667 0.071875 0.091667
0 0.505000 0.258750 0.068750 0.077500
0 0.922500 0.252083 0.085000 0.139167
0 0.240625 0.212500 0.070000 0.090000
0 0.456875 0.168750 0.071250 0.094167
0 0.173437 0.158333 0.070625 0.085000
0 0.299063 0.150833 0.069375 0.086667
0 0.393750 0.125000 0.071250 0.083333
0 0.668750 0.118333 0.060000 0.076667
0 0.320312 0.095833 0.070625 0.070000
0 0.124063 0.092917 0.063125 0.085833
0 0.854688 0.080417 0.071875 0.089167
0 0.786563 0.070833 0.066875 0.095000
0 0.181562 0.060417 0.051875 0.100833
0 0.926250 0.043333 0.062500 0.083333
0 0.733750 0.025417 0.065000 0.050833