0 0.444063 0.967500 0.054375 0.065000
0 0.765938 0.967083 0.059375 0.065833
0 0.605938 0.966667 0.046875 0.065000
0 0.110312 0.931667 0.056875 0.065000
0 0.932187 0.928750 0.046875 0.074167
0 0.215938 0.920833 0.050625 0.058333
0 0.816562 0.907083 0.051875 0.062500
0 0.672188 0.891667 0.076875 0.113333
0 0.589688 0.880417 0.051875 0.094167
0 0.155000 0.885000 0.073750 0.106667
0 0.747500 0.882083 0.067500 0.115833
0 0.233437 0.862500 0.055625 0.090000
0 0.359063 0.842917 0.045625 0.069167
0 0.872812 0.813333 0.060625 0.091667
0 0.770938 0.787500 0.048125 0.100000
0 0.581875 0.762500 0.063750 0.068333
0 0.929375 0.764583 0.051250 0.075833
0 0.807500 0.760000 0.040000 0.066667
0 0.663125 0.767083 0.057500 0.080833
0 0.517813 0.766667 0.058125 0.081667
0 0.736563 0.756667 0.054375 0.076667
0 0.246875 0.774583 0.130000 0.119167
0 0.458750 0.759167 0.063750 0.130000
0 0.415312 0.724167 0.050625 0.076667
0 0.554063 0.700833 0.058125 0.080000
0 0.289375 0.677500 0.042500 0.061667
0 0.919375 0.672917 0.053750 0.077500
0 0.155625 0.674583 0.032500 0.095833
0 0.603750 0.660000 0.060000 0.078333
0 0.515938 0.650833 0.055625 0.076667
0 0.725313 0.648750 0.064375 0.077500
0 0.661250 0.611667 0.056250 0.073333
0 0.058125 0.610417 0.056250 0.074167
0 0.916875 0.599583 0.043750 0.072500
0 0.245000 0.569583 0.052500 0.067500
0 0.795312 0.557500 0.065625 0.081667
0 0.531875 0.550833 0.053750 0.085000
0 0.024063 0.538750 0.048125 0.070833
0 0.730625 0.549583 0.057500 0.094167
0 0.675312 0.533750 0.054375 0.074167
0 0.152188 0.526250 0.059375 0.069167
0 0.290312 0.514583 0.053125 0.055833
0 0.976562 0.515000 0.045625 0.070000
0 0.923438 0.519583 0.055625 0.079167
0 0.341250 0.502500 0.038750 0.076667
0 0.573438 0.498750 0.051875 0.080833
0 0.717187 0.482500 0.046875 0.065000
0 0.663750 0.478333 0.051250 0.065000
0 0.374063 0.462083 0.053125 0.077500
0 0.946875 0.454583 0.047500 0.075833
0 0.740000 0.437917 0.048750 0.062500
0 0.425312 0.449583 0.045625 0.085833
0 0.545937 0.444583 0.051875 0.080833
0 0.891875 0.441667 0.055000 0.076667
0 0.100937 0.419167 0.051875 0.068333
0 0.645625 0.413750 0.048750 0.064167
0 0.345313 0.402083 0.063125 0.067500
0 0.779062 0.395833 0.055625 0.073333
0 0.977812 0.378750 0.044375 0.084167
0 0.853750 0.366250 0.046250 0.065833
0 0.609375 0.364583 0.060000 0.070833
0 0.200937 0.367500 0.055625 0.078333
0 0.070312 0.334583 0.058125 0.080833
0 0.682813 0.335000 0.046875 0.091667
0 0.400938 0.303333 0.049375 0.083333
0 0.141250 0.286250 0.053750 0.077500
0 0.580000 0.280417 0.048750 0.070833
0 0.665937 0.277500 0.046875 0.071667
0 0.452188 0.277917 0.060625 0.079167
0 0.803750 0.276250 0.057500 0.084167
0 0.357187 0.306250 0.060625 0.145833
0 0.524687 0.270000 0.054375 0.093333
0 0.915000 0.230833 0.057500 0.075000
0 0.736875 0.240000 0.053750 0.093333
0 0.192812 0.206250 0.054375 0.060833
0 0.477812 0.209583 0.065625 0.082500
0 0.258750 0.195833 0.068750 0.085000
0 0.678438 0.187917 0.055625 0.082500
0 0.137500 0.187083 0.042500 0.080833
0 0.774375 0.177500 0.072500 0.095000
0 0.369688 0.164583 0.049375 0.079167
0 0.075938 0.165000 0.055625 0.083333
0 0.167813 0.136250 0.056875 0.080833
0 0.827187 0.130417 0.069375 0.077500
0 0.710938 0.124583 0.059375 0.084167
0 0.525937 0.112500 0.059375 0.070000
0 0.176563 0.075833 0.045625 0.065000
0 0.842187 0.077083 0.056875 0.069167
0 0.238437 0.075417 0.064375 0.089167
0 0.457500 0.052917 0.056250 0.069167
0 0.874687 0.041667 0.045625 0.061667
0 0.798750 0.038750 0.065000 0.077500
0 0.730313 0.044167 0.060625 0.088333
0 0.534375 0.035000 0.048750 0.070000
0 0.395937 0.031667 0.063125 0.063333
0 0.275625 0.023750 0.055000 0.047500