0 0.672813 0.971667 0.068125 0.056667
0 0.074063 0.961250 0.075625 0.077500
0 0.825625 0.959167 0.057500 0.081667
0 0.877500 0.909583 0.070000 0.080833
0 0.222500 0.870833 0.062500 0.090000
0 0.545000 0.865000 0.068750 0.090000
0 0.889375 0.862083 0.055000 0.100833
0 0.037187 0.865000 0.066875 0.108333
0 0.137500 0.852500 0.128750 0.150000
0 0.664687 0.811667 0.075625 0.093333
0 0.443750 0.810000 0.071250 0.091667
0 0.272188 0.802917 0.070625 0.087500
0 0.731875 0.795000 0.068750 0.075000
0 0.591250 0.805833 0.071250 0.096667
0 0.812187 0.797917 0.069375 0.082500
0 0.936875 0.800417 0.065000 0.092500
0 0.659375 0.750000 0.073750 0.073333
0 0.046562 0.758333 0.065625 0.090000
0 0.518437 0.745000 0.069375 0.101667
0 0.733437 0.727500 0.070625 0.073333
0 0.845000 0.726250 0.072500 0.087500
0 0.592500 0.704167 0.075000 0.086667
0 0.367812 0.709167 0.065625 0.096667
0 0.803750 0.695833 0.066250 0.091667
0 0.240000 0.689583 0.066250 0.079167
0 0.092813 0.689583 0.064375 0.084167
0 0.824688 0.641250 0.068125 0.079167
0 0.980625 0.641250 0.038750 0.094167
0 0.630938 0.616667 0.075625 0.090000
0 0.272813 0.602083 0.058125 0.085833
0 0.220938 0.568750 0.065625 0.094167
0 0.845313 0.561250 0.063125 0.100833
0 0.425000 0.569167 0.083750 0.126667
0 0.904375 0.553750 0.070000 0.100833
0 0.032500 0.534583 0.065000 0.079167
0 0.629062 0.518333 0.074375 0.081667
0 0.968125 0.509167 0.063750 0.098333
0 0.782813 0.500833 0.064375 0.093333
0 0.161250 0.505000 0.086250 0.110000
0 0.090625 0.476250 0.066250 0.092500
0 0.529375 0.475833 0.075000 0.095000
0 0.305937 0.494583 0.075625 0.144167
0 0.420000 0.465417 0.071250 0.097500
0 0.926250 0.437500 0.061250 0.085000
0 0.248438 0.432917 0.059375 0.089167
0 0.360000 0.415000 0.067500 0.096667
0 0.775000 0.406250 0.065000 0.092500
0 0.547188 0.383750 0.058125 0.080833
0 0.029375 0.389583 0.058750 0.109167
0 0.691875 0.351250 0.072500 0.105833
0 0.951250 0.344583 0.067500 0.095833
0 0.877812 0.337500 0.080625 0.110000
0 0.283438 0.326250 0.093125 0.112500
0 0.525312 0.291250 0.073125 0.090833
0 0.436563 0.270417 0.074375 0.087500
0 0.117813 0.265000 0.069375 0.093333
0 0.838750 0.262917 0.067500 0.092500
0 0.374375 0.245000 0.071250 0.085000
0 0.740313 0.228333 0.073125 0.098333
0 0.288438 0.215417 0.065625 0.090833
0 0.023438 0.213333 0.046875 0.098333
0 0.508437 0.196667 0.063125 0.100000
0 0.445625 0.187083 0.065000 0.090833
0 0.560312 0.173333 0.091875 0.096667
0 0.817500 0.161667 0.067500 0.088333
0 0.318125 0.157500 0.072500 0.090000
0 0.402813 0.095833 0.045625 0.098333
0 0.213125 0.082917 0.060000 0.080833
0 0.577812 0.085833 0.068125 0.090000
0 0.117813 0.068750 0.065625 0.077500
0 0.448125 0.066667 0.070000 0.101667
0 0.516250 0.063333 0.075000 0.100000