0 0.744062 0.969167 0.043125 0.061667
0 0.816875 0.960000 0.057500 0.080000
0 0.695937 0.955417 0.060625 0.089167
0 0.547500 0.951667 0.060000 0.096667
0 0.600938 0.951250 0.050625 0.097500
0 0.105313 0.930000 0.060625 0.103333
0 0.056875 0.921667 0.060000 0.090000
0 0.945625 0.911250 0.061250 0.109167
0 0.510625 0.867500 0.056250 0.153333
0 0.274062 0.795833 0.063125 0.106667
0 0.880938 0.789167 0.060625 0.098333
0 0.052812 0.786667 0.064375 0.093333
0 0.461250 0.777083 0.065000 0.119167
0 0.973750 0.749167 0.052500 0.098333
0 0.422187 0.745833 0.056875 0.098333
0 0.804063 0.737083 0.074375 0.092500
0 0.045000 0.706250 0.063750 0.069167
0 0.126875 0.697083 0.078750 0.065833
0 0.395000 0.699583 0.082500 0.084167
0 0.321875 0.660000 0.055000 0.130000
0 0.270937 0.620000 0.056875 0.101667
0 0.945937 0.613333 0.060625 0.108333
0 0.768125 0.602917 0.073750 0.095833
0 0.020625 0.596667 0.041250 0.126667
0 0.055000 0.592500 0.050000 0.128333
0 0.098437 0.565417 0.075625 0.124167
0 0.785000 0.544583 0.051250 0.099167
0 0.650625 0.498333 0.068750 0.088333
0 0.780625 0.466250 0.022500 0.039167
0 0.097500 0.472500 0.075000 0.068333
0 0.829688 0.472917 0.070625 0.100833
0 0.191562 0.469167 0.061875 0.105000
0 0.386250 0.452917 0.071250 0.095833
0 0.255625 0.453750 0.050000 0.127500
0 0.085312 0.407500 0.094375 0.068333
0 0.834063 0.393750 0.063125 0.100833
0 0.788750 0.382500 0.055000 0.120000
0 0.978750 0.365833 0.042500 0.088333
0 0.107500 0.352917 0.085000 0.079167
0 0.509375 0.350833 0.061250 0.098333
0 0.415000 0.343333 0.051250 0.128333
0 0.231250 0.325417 0.060000 0.099167
0 0.468125 0.325417 0.056250 0.100833
0 0.611250 0.301250 0.047500 0.137500
0 0.336875 0.272917 0.062500 0.105833
0 0.492500 0.250000 0.063750 0.101667
0 0.918750 0.240000 0.063750 0.103333
0 0.390937 0.213750 0.061875 0.084167
0 0.706250 0.210833 0.060000 0.095000
0 0.978750 0.206250 0.042500 0.090833
0 0.646250 0.203750 0.056250 0.112500
0 0.590000 0.160000 0.061250 0.101667
0 0.698125 0.116250 0.052500 0.097500
0 0.968437 0.095417 0.063125 0.079167
0 0.815312 0.091250 0.069375 0.075833
0 0.045937 0.102500 0.059375 0.111667
0 0.884062 0.060000 0.079375 0.076667
0 0.126562 0.034167 0.050625 0.068333
0 0.097812 0.045833 0.061875 0.091667
0 0.053125 0.042500 0.072500 0.085000