0 0.345938 0.965833 0.060625 0.068333
0 0.836875 0.957083 0.083750 0.085833
0 0.161562 0.938750 0.078125 0.084167
0 0.414375 0.922500 0.065000 0.088333
0 0.025625 0.910417 0.051250 0.082500
0 0.658125 0.901667 0.086250 0.076667
0 0.297500 0.885000 0.068750 0.096667
0 0.735938 0.851667 0.066875 0.095000
0 0.135000 0.830833 0.063750 0.088333
0 0.647813 0.820417 0.085625 0.099167
0 0.540625 0.761667 0.070000 0.086667
0 0.827812 0.755000 0.070625 0.088333
0 0.413750 0.748750 0.063750 0.087500
0 0.534375 0.677500 0.065000 0.078333
0 0.880000 0.630000 0.068750 0.093333
0 0.243438 0.608333 0.101875 0.131667
0 0.220000 0.503750 0.081250 0.080833
0 0.433750 0.494583 0.065000 0.084167
0 0.032188 0.488750 0.064375 0.095833
0 0.105313 0.498333 0.068125 0.125000
0 0.700937 0.477917 0.079375 0.094167
0 0.810000 0.409167 0.053750 0.066667
0 0.975938 0.393333 0.048125 0.073333
0 0.864688 0.393333 0.049375 0.090000
0 0.419687 0.397083 0.109375 0.110833
0 0.817500 0.363750 0.050000 0.074167
0 0.692813 0.344167 0.065625 0.076667
0 0.260313 0.307083 0.064375 0.084167
0 0.905312 0.299167 0.068125 0.086667
0 0.978437 0.297917 0.043125 0.092500
0 0.567500 0.255417 0.068750 0.092500
0 0.767500 0.231250 0.076250 0.092500
0 0.290312 0.204583 0.069375 0.087500
0 0.041563 0.170417 0.074375 0.090833
0 0.645938 0.131667 0.069375 0.096667
0 0.896250 0.117917 0.075000 0.092500
0 0.814063 0.080833 0.069375 0.093333
0 0.961250 0.067083 0.068750 0.089167
0 0.340000 0.065417 0.076250 0.092500
0 0.892500 0.020833 0.061250 0.041667
0 0.657813 0.023333 0.070625 0.046667