0 0.125938 0.975417 0.054375 0.049167
0 0.453125 0.974167 0.065000 0.051667
0 0.848437 0.972500 0.065625 0.055000
0 0.055313 0.965000 0.069375 0.070000
0 0.523750 0.960833 0.067500 0.078333
0 0.256563 0.948333 0.064375 0.080000
0 0.893437 0.945000 0.051875 0.095000
0 0.428750 0.927917 0.057500 0.070833
0 0.616250 0.901667 0.063750 0.083333
0 0.310625 0.906250 0.072500 0.092500
0 0.733125 0.888750 0.065000 0.082500
0 0.930000 0.887500 0.061250 0.085000
0 0.494063 0.877917 0.058125 0.074167
0 0.515312 0.840417 0.051875 0.070833
0 0.660937 0.831250 0.051875 0.087500
0 0.616563 0.821250 0.041875 0.082500
0 0.155312 0.813333 0.066875 0.083333
0 0.324375 0.813333 0.053750 0.085000
0 0.556562 0.769167 0.064375 0.076667
0 0.277500 0.785000 0.055000 0.110000
0 0.879687 0.762083 0.068125 0.094167
0 0.659375 0.747917 0.075000 0.082500
0 0.395937 0.740000 0.061875 0.090000
0 0.554063 0.690833 0.065625 0.076667
0 0.975625 0.686250 0.048750 0.080833
0 0.597812 0.668333 0.058125 0.075000
0 0.335313 0.666250 0.060625 0.085833
0 0.903438 0.662083 0.065625 0.085833
0 0.176563 0.573333 0.058125 0.083333
0 0.915000 0.535833 0.067500 0.068333
0 0.471562 0.539167 0.061875 0.080000
0 0.043125 0.514583 0.077500 0.097500
0 0.707812 0.511250 0.065625 0.092500
0 0.980000 0.505417 0.040000 0.084167
0 0.245938 0.505417 0.065625 0.084167
0 0.789375 0.503750 0.063750 0.087500
0 0.575000 0.492500 0.062500 0.091667
0 0.091875 0.475000 0.067500 0.076667
0 0.917500 0.474583 0.065000 0.077500
0 0.197187 0.463750 0.054375 0.087500
0 0.648438 0.474167 0.044375 0.128333
0 0.467500 0.436667 0.067500 0.095000
0 0.594063 0.404583 0.058125 0.082500
0 0.718750 0.399583 0.061250 0.092500
0 0.528125 0.398333 0.060000 0.093333
0 0.375312 0.395417 0.063125 0.087500
0 0.772500 0.326250 0.056250 0.075833
0 0.973125 0.295000 0.053750 0.066667
0 0.476250 0.300417 0.067500 0.085833
0 0.725938 0.277500 0.061875 0.076667
0 0.069375 0.273750 0.075000 0.094167
0 0.959063 0.234167 0.058125 0.065000
0 0.284062 0.240417 0.063125 0.084167
0 0.445312 0.240833 0.041875 0.113333
0 0.516563 0.217500 0.055625 0.090000
0 0.036250 0.207917 0.055000 0.094167
0 0.359063 0.194583 0.060625 0.072500
0 0.779375 0.194167 0.048750 0.090000
0 0.574063 0.191667 0.064375 0.085000
0 0.728437 0.171250 0.054375 0.082500
0 0.255312 0.153750 0.064375 0.095833
0 0.344375 0.147500 0.065000 0.088333
0 0.677500 0.157083 0.046250 0.127500
0 0.804063 0.122083 0.055625 0.087500
0 0.573438 0.114167 0.056875 0.081667
0 0.843437 0.103750 0.069375 0.099167
0 0.190312 0.090000 0.058125 0.081667
0 0.541562 0.016250 0.043125 0.032500
0 0.197813 0.022083 0.061875 0.044167