0 0.806562 0.980000 0.063125 0.040000
0 0.694688 0.977917 0.069375 0.044167
0 0.018750 0.949167 0.037500 0.090000
0 0.525937 0.930417 0.085625 0.117500
0 0.861250 0.895000 0.066250 0.083333
0 0.665000 0.889583 0.063750 0.090833
0 0.610000 0.844583 0.058750 0.082500
0 0.049688 0.824167 0.056875 0.070000
0 0.438750 0.831250 0.093750 0.115833
0 0.892188 0.803750 0.055625 0.067500
0 0.100937 0.804583 0.054375 0.069167
0 0.840625 0.814167 0.078750 0.090000
0 0.979062 0.801250 0.041875 0.075833
0 0.503437 0.795833 0.074375 0.128333
0 0.799687 0.756250 0.054375 0.087500
0 0.097812 0.740833 0.060625 0.086667
0 0.880938 0.731250 0.078125 0.085833
0 0.474062 0.724583 0.070625 0.077500
0 0.413125 0.741250 0.070000 0.124167
0 0.952812 0.704583 0.060625 0.059167
0 0.143437 0.702083 0.064375 0.084167
0 0.027187 0.697917 0.054375 0.084167
0 0.469375 0.652083 0.062500 0.079167
0 0.896563 0.634583 0.063125 0.087500
0 0.170000 0.630417 0.060000 0.084167
0 0.411250 0.629583 0.057500 0.084167
0 0.485625 0.612083 0.065000 0.072500
0 0.860625 0.607500 0.062500 0.076667
0 0.025313 0.589167 0.050625 0.071667
0 0.106563 0.596250 0.069375 0.087500
0 0.958125 0.587917 0.052500 0.095833
0 0.293438 0.570417 0.059375 0.080833
0 0.790000 0.560417 0.055000 0.075833
0 0.728750 0.559167 0.060000 0.076667
0 0.200937 0.566667 0.071875 0.091667
0 0.376875 0.552083 0.061250 0.080833
0 0.680625 0.548750 0.046250 0.075833
0 0.838437 0.528750 0.061875 0.075833
0 0.636875 0.527500 0.063750 0.083333
0 0.918438 0.516250 0.055625 0.069167
0 0.306563 0.504167 0.081875 0.050000
0 0.136875 0.519167 0.063750 0.083333
0 0.982500 0.503333 0.035000 0.081667
0 0.399687 0.490833 0.064375 0.078333
0 0.474687 0.507500 0.071875 0.136667
0 0.729688 0.465417 0.061875 0.084167
0 0.909062 0.442500 0.059375 0.070000
0 0.310625 0.448750 0.071250 0.084167
0 0.585625 0.447500 0.076250 0.088333
0 0.020625 0.448750 0.041250 0.090833
0 0.382812 0.422500 0.053125 0.075000
0 0.792188 0.417500 0.066875 0.090000
0 0.319063 0.389167 0.055625 0.053333
0 0.477500 0.399583 0.055000 0.077500
0 0.432812 0.359167 0.046875 0.048333
0 0.169687 0.377917 0.069375 0.090833
0 0.467500 0.348750 0.038750 0.039167
0 0.017500 0.362917 0.035000 0.074167
0 0.881563 0.363333 0.083125 0.093333
0 0.593437 0.360000 0.065625 0.086667
0 0.315937 0.338750 0.071875 0.064167
0 0.555000 0.329583 0.055000 0.069167
0 0.102500 0.322500 0.051250 0.066667
0 0.250312 0.320417 0.061875 0.087500
0 0.924063 0.312083 0.071875 0.080833
0 0.443750 0.296667 0.068750 0.076667
0 0.014687 0.285000 0.029375 0.071667
0 0.140937 0.283333 0.065625 0.091667
0 0.532188 0.256250 0.063125 0.074167
0 0.918438 0.245833 0.069375 0.065000
0 0.205000 0.251250 0.068750 0.087500
0 0.263125 0.240000 0.050000 0.076667
0 0.489375 0.225417 0.057500 0.090833
0 0.425625 0.223750 0.073750 0.114167
0 0.747188 0.195000 0.064375 0.071667
0 0.944063 0.200000 0.058125 0.085000
0 0.584375 0.209583 0.070000 0.132500
0 0.640000 0.183333 0.051250 0.096667
0 0.288438 0.185417 0.083125 0.112500
0 0.328437 0.142083 0.053125 0.074167
0 0.405313 0.127500 0.064375 0.068333
0 0.965938 0.122500 0.061875 0.083333
0 0.875000 0.114167 0.063750 0.081667
0 0.544375 0.107083 0.072500 0.085833
0 0.830625 0.090417 0.070000 0.092500
0 0.916250 0.082500 0.060000 0.096667
0 0.406250 0.067500 0.063750 0.070000
0 0.488750 0.072500 0.070000 0.081667
0 0.095312 0.061250 0.081875 0.097500
0 0.330625 0.051250 0.063750 0.080833
0 0.983125 0.047083 0.033750 0.094167
0 0.949063 0.016250 0.039375 0.032500
0 0.273438 0.021667 0.066875 0.043333