0 0.366250 0.975833 0.066250 0.048333
0 0.691875 0.967083 0.053750 0.065833
0 0.413125 0.961667 0.048750 0.076667
0 0.469062 0.956250 0.060625 0.087500
0 0.524687 0.943333 0.066875 0.098333
0 0.325313 0.934583 0.061875 0.085833
0 0.143125 0.933333 0.067500 0.100000
0 0.759687 0.910833 0.059375 0.091667
0 0.420000 0.882917 0.073750 0.085833
0 0.617188 0.885417 0.073125 0.094167
0 0.846250 0.881667 0.071250 0.088333
0 0.322813 0.870833 0.073125 0.066667
0 0.054375 0.886250 0.073750 0.097500
0 0.221562 0.865000 0.063125 0.086667
0 0.456562 0.828750 0.069375 0.087500
0 0.198437 0.820833 0.069375 0.088333
0 0.250000 0.758333 0.061250 0.083333
0 0.837187 0.735833 0.079375 0.086667
0 0.505000 0.725833 0.076250 0.086667
0 0.302812 0.666667 0.064375 0.093333
0 0.661875 0.665833 0.065000 0.103333
0 0.352187 0.633750 0.059375 0.087500
0 0.169063 0.630833 0.064375 0.088333
0 0.844375 0.630000 0.075000 0.100000
0 0.535000 0.618750 0.062500 0.097500
0 0.471250 0.608750 0.070000 0.100833
0 0.711250 0.588750 0.072500 0.090833
0 0.346875 0.536667 0.072500 0.085000
0 0.114687 0.528750 0.056875 0.082500
0 0.595313 0.501250 0.068125 0.082500
0 0.847187 0.495833 0.073125 0.085000
0 0.727500 0.461667 0.071250 0.100000
0 0.265313 0.450000 0.078125 0.088333
0 0.381875 0.450000 0.062500 0.100000
0 0.097187 0.441667 0.073125 0.091667
0 0.455937 0.437083 0.060625 0.090833
0 0.841562 0.420000 0.069375 0.078333
0 0.607500 0.406667 0.057500 0.083333
0 0.561875 0.409583 0.058750 0.102500
0 0.213438 0.383750 0.068125 0.094167
0 0.068125 0.373333 0.070000 0.096667
0 0.737812 0.362500 0.068125 0.091667
0 0.870938 0.352500 0.066875 0.091667
0 0.283438 0.335417 0.056875 0.079167
0 0.605938 0.319167 0.074375 0.073333
0 0.141250 0.297500 0.061250 0.078333
0 0.448437 0.278333 0.079375 0.091667
0 0.766875 0.275833 0.063750 0.101667
0 0.557500 0.257083 0.067500 0.077500
0 0.053437 0.267917 0.069375 0.102500
0 0.880313 0.253333 0.066875 0.091667
0 0.021562 0.222917 0.043125 0.089167
0 0.163438 0.214583 0.063125 0.107500
0 0.340000 0.189583 0.071250 0.099167
0 0.093438 0.180833 0.065625 0.095000
0 0.425000 0.153750 0.061250 0.077500
0 0.652813 0.156667 0.061875 0.098333
0 0.591250 0.152917 0.070000 0.112500
0 0.714063 0.133333 0.070625 0.108333
0 0.408750 0.102500 0.062500 0.093333
0 0.886875 0.100833 0.067500 0.100000
0 0.213125 0.092500 0.070000 0.095000
0 0.355000 0.080000 0.046250 0.123333
0 0.415312 0.028750 0.063125 0.057500
0 0.299375 0.038750 0.066250 0.077500