0 0.908750 0.977917 0.080000 0.044167
0 0.354687 0.973333 0.066875 0.053333
0 0.122500 0.969583 0.063750 0.060833
0 0.764687 0.962917 0.058125 0.074167
0 0.264062 0.954583 0.090625 0.090833
0 0.826562 0.933333 0.065625 0.083333
0 0.447500 0.931250 0.063750 0.084167
0 0.563750 0.931250 0.060000 0.092500
0 0.174063 0.912500 0.061875 0.075000
0 0.510625 0.932917 0.062500 0.117500
0 0.598750 0.874583 0.065000 0.069167
0 0.927188 0.873750 0.065625 0.099167
0 0.759062 0.848750 0.083125 0.090833
0 0.050000 0.829583 0.066250 0.077500
0 0.261875 0.820833 0.067500 0.088333
0 0.877188 0.808333 0.058125 0.081667
0 0.797188 0.811667 0.064375 0.090000
0 0.679375 0.787500 0.061250 0.065000
0 0.182188 0.792083 0.068125 0.092500
0 0.494375 0.775833 0.062500 0.081667
0 0.238437 0.759167 0.064375 0.085000
0 0.797188 0.708333 0.063125 0.088333
0 0.660000 0.702500 0.065000 0.090000
0 0.873437 0.707917 0.093125 0.115833
0 0.509062 0.690417 0.058125 0.089167
0 0.196250 0.683750 0.065000 0.084167
0 0.423438 0.663750 0.055625 0.077500
0 0.287187 0.652083 0.068125 0.079167
0 0.355312 0.632500 0.059375 0.083333
0 0.709688 0.616667 0.068125 0.090000
0 0.574375 0.614167 0.063750 0.091667
0 0.978750 0.597083 0.042500 0.079167
0 0.814375 0.593333 0.061250 0.088333
0 0.238125 0.593750 0.063750 0.104167
0 0.747812 0.575417 0.070625 0.090833
0 0.395625 0.571250 0.063750 0.090833
0 0.172813 0.576667 0.071875 0.143333
0 0.059375 0.558750 0.071250 0.109167
0 0.650625 0.532083 0.056250 0.067500
0 0.108438 0.509167 0.055625 0.073333
0 0.213438 0.512083 0.065625 0.085833
0 0.429063 0.503750 0.060625 0.084167
0 0.977500 0.501250 0.045000 0.087500
0 0.753750 0.493750 0.063750 0.072500
0 0.619062 0.495417 0.088125 0.084167
0 0.325937 0.486667 0.064375 0.066667
0 0.265937 0.488333 0.063125 0.123333
0 0.612500 0.429167 0.085000 0.065000
0 0.451250 0.429583 0.053750 0.082500
0 0.215312 0.425833 0.053125 0.078333
0 0.530312 0.420833 0.069375 0.071667
0 0.106250 0.427917 0.055000 0.087500
0 0.157188 0.424167 0.056875 0.086667
0 0.813750 0.386667 0.057500 0.075000
0 0.562813 0.375833 0.069375 0.085000
0 0.190312 0.363750 0.068125 0.089167
0 0.128125 0.342500 0.056250 0.078333
0 0.383750 0.337500 0.053750 0.070000
0 0.038750 0.335000 0.077500 0.076667
0 0.975938 0.338750 0.048125 0.094167
0 0.854375 0.309583 0.058750 0.075833
0 0.163125 0.290833 0.083750 0.076667
0 0.921875 0.285417 0.067500 0.074167
0 0.561562 0.260417 0.066875 0.080833
0 0.639062 0.257500 0.073125 0.080000
0 0.031563 0.254583 0.063125 0.087500
0 0.373125 0.252083 0.072500 0.087500
0 0.834688 0.241250 0.060625 0.080833
0 0.187188 0.205833 0.064375 0.070000
0 0.691250 0.209167 0.062500 0.085000
0 0.514687 0.200833 0.071875 0.078333
0 0.118438 0.193750 0.070625 0.095833
0 0.747500 0.145833 0.055000 0.081667
0 0.235937 0.147083 0.075625 0.092500
0 0.314375 0.138750 0.068750 0.082500
0 0.866250 0.142083 0.112500 0.094167
0 0.681562 0.122083 0.074375 0.082500
0 0.532813 0.121250 0.085625 0.082500
0 0.811250 0.105833 0.070000 0.081667
0 0.610000 0.075000 0.072500 0.096667
0 0.753125 0.063750 0.067500 0.080833
0 0.276875 0.062917 0.067500 0.087500
0 0.440312 0.028333 0.066875 0.056667