0 0.743437 0.940000 0.060625 0.091667
0 0.081562 0.893333 0.055625 0.073333
0 0.558750 0.830000 0.058750 0.085000
0 0.448750 0.840833 0.061250 0.111667
0 0.385937 0.824167 0.059375 0.081667
0 0.731875 0.752083 0.032500 0.042500
0 0.225000 0.776250 0.082500 0.104167
0 0.312500 0.721250 0.063750 0.092500
0 0.190312 0.702083 0.059375 0.079167
0 0.248750 0.685417 0.063750 0.100833
0 0.400625 0.629167 0.052500 0.073333
0 0.097500 0.596667 0.061250 0.085000
0 0.357187 0.543333 0.074375 0.085000
0 0.400000 0.503333 0.056250 0.073333
0 0.451250 0.463333 0.068750 0.085000
0 0.714063 0.447500 0.053125 0.075000
0 0.951562 0.450417 0.059375 0.089167
0 0.353438 0.447917 0.061875 0.084167
0 0.787500 0.431667 0.071250 0.088333
0 0.766250 0.349167 0.063750 0.088333
0 0.523125 0.247083 0.066250 0.095833
0 0.358438 0.224167 0.061875 0.075000
0 0.192500 0.215417 0.072500 0.092500
0 0.471250 0.190000 0.063750 0.071667
0 0.362812 0.149167 0.055625 0.068333
0 0.028750 0.130000 0.057500 0.090000
0 0.473438 0.104583 0.063125 0.085833
0 0.684375 0.094583 0.058750 0.082500
0 0.637188 0.092083 0.054375 0.092500
0 0.930937 0.063333 0.076875 0.100000
0 0.790625 0.023750 0.071250 0.047500
0 0.142187 0.039583 0.065625 0.079167