0 0.258437 0.980000 0.064375 0.040000
0 0.722500 0.979583 0.068750 0.040833
0 0.493437 0.971667 0.066875 0.056667
0 0.788750 0.968333 0.066250 0.063333
0 0.412500 0.957500 0.066250 0.085000
0 0.147813 0.948750 0.056875 0.074167
0 0.974375 0.951250 0.051250 0.094167
0 0.615938 0.933333 0.059375 0.076667
0 0.078750 0.945417 0.075000 0.109167
0 0.553438 0.932500 0.058125 0.086667
0 0.020625 0.921667 0.041250 0.078333
0 0.682500 0.920833 0.061250 0.078333
0 0.321250 0.901250 0.067500 0.077500
0 0.238125 0.899583 0.062500 0.102500
0 0.881250 0.893333 0.075000 0.093333
0 0.479375 0.888333 0.081250 0.090000
0 0.577500 0.860000 0.052500 0.070000
0 0.152188 0.863750 0.066875 0.090833
0 0.326250 0.838333 0.061250 0.060000
0 0.211250 0.839167 0.052500 0.080000
0 0.084687 0.845833 0.071875 0.096667
0 0.461562 0.820833 0.069375 0.081667
0 0.381563 0.823333 0.080625 0.096667
0 0.073125 0.781250 0.065000 0.080833
0 0.155938 0.775000 0.063125 0.083333
0 0.242500 0.753333 0.056250 0.086667
0 0.575000 0.745417 0.052500 0.080833
0 0.456562 0.743750 0.048125 0.077500
0 0.630938 0.742500 0.064375 0.081667
0 0.890938 0.722083 0.079375 0.080833
0 0.522813 0.720833 0.066875 0.086667
0 0.410938 0.704167 0.060625 0.081667
0 0.100625 0.695833 0.067500 0.088333
0 0.200000 0.686250 0.055000 0.075833
0 0.029375 0.682500 0.058750 0.080000
0 0.680937 0.663333 0.064375 0.075000
0 0.142187 0.628333 0.059375 0.071667
0 0.531875 0.624167 0.068750 0.080000
0 0.749062 0.619167 0.066875 0.080000
0 0.815312 0.620833 0.068125 0.086667
0 0.917188 0.595000 0.063125 0.070000
0 0.055938 0.601667 0.070625 0.096667
0 0.498750 0.553750 0.073750 0.090833
0 0.142813 0.547917 0.058125 0.082500
0 0.436875 0.529167 0.063750 0.071667
0 0.809063 0.520000 0.074375 0.108333
0 0.179063 0.483333 0.090625 0.088333
0 0.432188 0.467917 0.063125 0.065833
0 0.340625 0.460417 0.060000 0.070833
0 0.024688 0.453750 0.049375 0.080833
0 0.833750 0.435833 0.053750 0.068333
0 0.902188 0.445000 0.064375 0.101667
0 0.779375 0.435000 0.052500 0.083333
0 0.093438 0.415833 0.066875 0.081667
0 0.446875 0.392083 0.061250 0.087500
0 0.966250 0.387500 0.067500 0.080000
0 0.736563 0.360000 0.061875 0.081667
0 0.492812 0.351667 0.074375 0.088333
0 0.871875 0.342083 0.057500 0.072500
0 0.074375 0.338333 0.065000 0.075000
0 0.933438 0.327500 0.064375 0.080000
0 0.353750 0.343750 0.080000 0.115833
0 0.132500 0.289167 0.065000 0.083333
0 0.301250 0.275000 0.062500 0.076667
0 0.896250 0.265000 0.052500 0.083333
0 0.772188 0.256667 0.054375 0.075000
0 0.018125 0.247083 0.036250 0.072500
0 0.931562 0.241667 0.054375 0.075000
0 0.256250 0.241667 0.055000 0.081667
0 0.494063 0.248333 0.063125 0.100000
0 0.540625 0.225417 0.066250 0.074167
0 0.829375 0.199583 0.057500 0.065833
0 0.768750 0.187500 0.058750 0.081667
0 0.629687 0.177500 0.061875 0.096667
0 0.965625 0.173333 0.066250 0.091667
0 0.129688 0.163333 0.061875 0.078333
0 0.195937 0.159583 0.061875 0.087500
0 0.457813 0.152083 0.068125 0.094167
0 0.708438 0.138333 0.061875 0.076667
0 0.555937 0.146250 0.049375 0.095833
0 0.808125 0.134583 0.058750 0.074167
0 0.260313 0.129583 0.060625 0.075833
0 0.102188 0.120417 0.049375 0.074167
0 0.064062 0.098333 0.054375 0.065000
0 0.739062 0.092917 0.059375 0.065833
0 0.911563 0.093750 0.059375 0.075833
0 0.850000 0.085000 0.047500 0.080000
0 0.629062 0.080000 0.058125 0.076667
0 0.155000 0.069167 0.056250 0.071667
0 0.429688 0.063750 0.065625 0.075833
0 0.535000 0.060833 0.062500 0.075000
0 0.479687 0.055417 0.051875 0.077500
0 0.912500 0.026250 0.062500 0.052500
0 0.749687 0.025000 0.059375 0.050000
0 0.620313 0.022500 0.058125 0.045000
0 0.241875 0.048750 0.085000 0.097500