0 0.379063 0.943750 0.068125 0.092500
0 0.246875 0.887083 0.071250 0.085833
0 0.034375 0.866250 0.068750 0.095833
0 0.457500 0.859583 0.067500 0.095833
0 0.861875 0.841667 0.065000 0.085000
0 0.981875 0.812083 0.036250 0.090833
0 0.579063 0.793333 0.063125 0.080000
0 0.520312 0.792917 0.064375 0.084167
0 0.802813 0.792083 0.065625 0.090833
0 0.913438 0.729583 0.056875 0.087500
0 0.485000 0.737083 0.080000 0.110833
0 0.321562 0.712917 0.059375 0.082500
0 0.195937 0.701250 0.070625 0.102500
0 0.848437 0.682500 0.069375 0.091667
0 0.529062 0.677917 0.075625 0.109167
0 0.300000 0.613333 0.075000 0.106667
0 0.820312 0.592083 0.063125 0.079167
0 0.890000 0.567083 0.067500 0.097500
0 0.755313 0.537500 0.071875 0.096667
0 0.562813 0.537083 0.073125 0.099167
0 0.341875 0.500000 0.073750 0.095000
0 0.451875 0.488333 0.072500 0.091667
0 0.031250 0.486250 0.062500 0.095833
0 0.229375 0.475000 0.070000 0.091667
0 0.817500 0.421250 0.071250 0.082500
0 0.921250 0.352083 0.073750 0.099167
0 0.846562 0.343333 0.065625 0.081667
0 0.253437 0.339583 0.071875 0.092500
0 0.635000 0.310417 0.073750 0.104167
0 0.700937 0.262917 0.071875 0.095833
0 0.895312 0.256667 0.076875 0.101667
0 0.653438 0.210417 0.076875 0.094167
0 0.064062 0.201250 0.080625 0.104167
0 0.107500 0.148750 0.075000 0.095833
0 0.314688 0.134167 0.066875 0.088333
0 0.547813 0.124167 0.071875 0.093333
0 0.831250 0.105417 0.071250 0.095833