0 0.081562 0.929167 0.063125 0.078333
0 0.116875 0.867917 0.061250 0.087500
0 0.558438 0.904167 0.150625 0.191667
0 0.063750 0.851250 0.077500 0.095833
0 0.178750 0.829583 0.070000 0.077500
0 0.928125 0.842083 0.080000 0.107500
0 0.015625 0.806667 0.031250 0.081667
0 0.963437 0.790833 0.069375 0.088333
0 0.119063 0.780833 0.048125 0.078333
0 0.173125 0.771250 0.068750 0.079167
0 0.547813 0.787500 0.091875 0.118333
0 0.061875 0.763333 0.061250 0.073333
0 0.320312 0.739167 0.061875 0.071667
0 0.252500 0.751667 0.071250 0.096667
0 0.952812 0.700000 0.066875 0.085000
0 0.137500 0.678750 0.055000 0.082500
0 0.483750 0.670833 0.068750 0.086667
0 0.208437 0.660417 0.068125 0.082500
0 0.033125 0.650833 0.062500 0.076667
0 0.972812 0.627500 0.054375 0.068333
0 0.589688 0.632083 0.075625 0.102500
0 0.109063 0.603750 0.056875 0.085833
0 0.896250 0.594583 0.082500 0.092500
0 0.508125 0.595417 0.095000 0.100833
0 0.254688 0.575833 0.066875 0.085000
0 0.046250 0.572500 0.065000 0.080000
0 0.572187 0.565833 0.061875 0.075000
0 0.436250 0.549167 0.071250 0.105000
0 0.118125 0.525000 0.067500 0.080000
0 0.831562 0.516667 0.055625 0.076667
0 0.899375 0.494167 0.065000 0.091667
0 0.535000 0.492500 0.067500 0.096667
0 0.045937 0.487917 0.061875 0.092500
0 0.153438 0.464583 0.096875 0.082500
0 0.749687 0.445833 0.089375 0.098333
0 0.226875 0.428333 0.070000 0.073333
0 0.887500 0.420000 0.065000 0.083333
0 0.966250 0.409167 0.062500 0.083333
0 0.052812 0.386250 0.070625 0.077500
0 0.231875 0.366667 0.057500 0.071667
0 0.441250 0.418333 0.111250 0.183333
0 0.294375 0.340833 0.063750 0.076667
0 0.930312 0.334167 0.070625 0.078333
0 0.192500 0.327083 0.056250 0.072500
0 0.862187 0.320417 0.055625 0.072500
0 0.365625 0.337917 0.087500 0.107500
0 0.765625 0.313333 0.051250 0.076667
0 0.108125 0.310833 0.060000 0.075000
0 0.723437 0.267917 0.064375 0.074167
0 0.048750 0.264583 0.091250 0.090833
0 0.459062 0.255000 0.080625 0.096667
0 0.612187 0.254583 0.088125 0.107500
0 0.936562 0.244167 0.091875 0.090000
0 0.852187 0.241667 0.074375 0.106667
0 0.177187 0.222083 0.065625 0.085833
0 0.529375 0.211667 0.062500 0.078333
0 0.114687 0.201250 0.065625 0.094167
0 0.800000 0.180833 0.061250 0.073333
0 0.442188 0.181667 0.060625 0.078333
0 0.726250 0.184167 0.070000 0.095000
0 0.870938 0.162500 0.058125 0.078333
0 0.619062 0.156667 0.086875 0.133333
0 0.908750 0.132917 0.060000 0.092500
0 0.090938 0.090833 0.053125 0.061667
0 0.471562 0.102500 0.059375 0.086667
0 0.408750 0.087500 0.060000 0.083333
0 0.611875 0.066250 0.052500 0.067500
0 0.814375 0.064583 0.075000 0.080833
0 0.033125 0.070417 0.066250 0.094167
0 0.444063 0.051250 0.059375 0.069167
0 0.879062 0.046667 0.071875 0.093333
0 0.264375 0.031667 0.073750 0.063333
0 0.198750 0.046667 0.082500 0.093333
0 0.116875 0.043750 0.071250 0.087500