0 0.192500 0.975417 0.065000 0.049167
0 0.901563 0.974583 0.063125 0.050833
0 0.272188 0.974167 0.060625 0.051667
0 0.405938 0.965833 0.043125 0.068333
0 0.453750 0.956667 0.062500 0.076667
0 0.705313 0.943333 0.050625 0.076667
0 0.345000 0.940417 0.055000 0.080833
0 0.840625 0.932500 0.050000 0.085000
0 0.032188 0.910417 0.054375 0.082500
0 0.775625 0.902917 0.058750 0.077500
0 0.900312 0.891667 0.059375 0.070000
0 0.531875 0.882083 0.063750 0.080833
0 0.648750 0.865833 0.057500 0.080000
0 0.121875 0.867917 0.058750 0.085833
0 0.066562 0.857083 0.054375 0.087500
0 0.495312 0.817083 0.056875 0.089167
0 0.784062 0.805833 0.055625 0.075000
0 0.426250 0.806667 0.058750 0.080000
0 0.970000 0.798333 0.053750 0.088333
0 0.615000 0.755833 0.063750 0.083333
0 0.350625 0.728333 0.055000 0.071667
0 0.036250 0.734583 0.051250 0.085833
0 0.934688 0.719167 0.059375 0.076667
0 0.242812 0.712500 0.051875 0.065000
0 0.860625 0.710417 0.052500 0.072500
0 0.155000 0.695833 0.062500 0.070000
0 0.703438 0.692083 0.051875 0.069167
0 0.439688 0.685833 0.056875 0.076667
0 0.650937 0.687917 0.055625 0.082500
0 0.320000 0.657917 0.053750 0.067500
0 0.587500 0.636667 0.057500 0.081667
0 0.208125 0.633750 0.063750 0.080833
0 0.110312 0.628333 0.063125 0.088333
0 0.034375 0.622083 0.060000 0.082500
0 0.937500 0.617917 0.055000 0.075833
0 0.392500 0.612083 0.061250 0.072500
0 0.275938 0.604583 0.048125 0.069167
0 0.732500 0.592500 0.055000 0.068333
0 0.656250 0.588333 0.058750 0.073333
0 0.566562 0.543333 0.063125 0.078333
0 0.756875 0.529583 0.060000 0.074167
0 0.075625 0.527083 0.057500 0.080833
0 0.258750 0.526250 0.051250 0.080833
0 0.206875 0.475417 0.053750 0.075833
0 0.390313 0.462083 0.056875 0.082500
0 0.906250 0.453750 0.065000 0.067500
0 0.155938 0.457083 0.055625 0.077500
0 0.289375 0.452083 0.055000 0.072500
0 0.768437 0.417917 0.049375 0.067500
0 0.875000 0.422500 0.050000 0.088333
0 0.981875 0.403750 0.036250 0.072500
0 0.068125 0.403333 0.060000 0.071667
0 0.696875 0.396250 0.058750 0.084167
0 0.825000 0.393750 0.046250 0.080833
0 0.335938 0.380417 0.050625 0.069167
0 0.510312 0.382500 0.065625 0.078333
0 0.920312 0.365000 0.066875 0.076667
0 0.788750 0.350417 0.063750 0.064167
0 0.194688 0.354167 0.055625 0.091667
0 0.258437 0.335417 0.061875 0.085833
0 0.579063 0.332500 0.045625 0.085000
0 0.722187 0.317917 0.065625 0.057500
0 0.469375 0.336250 0.066250 0.095833
0 0.018437 0.314583 0.036875 0.074167
0 0.104063 0.306250 0.060625 0.084167
0 0.647188 0.297083 0.048125 0.074167
0 0.935625 0.292083 0.061250 0.080833
0 0.860938 0.275000 0.050625 0.065000
0 0.388437 0.280000 0.068125 0.080000
0 0.773125 0.249167 0.057500 0.080000
0 0.071875 0.235417 0.067500 0.067500
0 0.616875 0.232500 0.052500 0.078333
0 0.968437 0.220417 0.059375 0.082500
0 0.732187 0.204167 0.066875 0.068333
0 0.306250 0.202083 0.058750 0.089167
0 0.178750 0.194167 0.057500 0.073333
0 0.597812 0.184583 0.064375 0.069167
0 0.462500 0.172083 0.056250 0.069167
0 0.041875 0.165417 0.057500 0.077500
0 0.857812 0.130000 0.063125 0.073333
0 0.135000 0.118333 0.053750 0.080000
0 0.777813 0.112500 0.046875 0.071667
0 0.350938 0.114583 0.070625 0.077500
0 0.653125 0.112917 0.057500 0.077500
0 0.723750 0.107500 0.050000 0.086667
0 0.182188 0.099167 0.059375 0.075000
0 0.524375 0.093750 0.055000 0.072500
0 0.075313 0.077500 0.058125 0.071667
0 0.399062 0.052083 0.075625 0.074167
0 0.328125 0.045833 0.066250 0.070000
0 0.840625 0.035833 0.056250 0.071667
0 0.726875 0.022083 0.053750 0.044167
0 0.453750 0.037917 0.065000 0.075833
0 0.165937 0.029167 0.068125 0.058333
0 0.096250 0.024583 0.061250 0.049167
0 0.027187 0.025833 0.035625 0.051667