0 0.754062 0.960000 0.066875 0.080000
0 0.260625 0.848333 0.072500 0.086667
0 0.374688 0.844583 0.054375 0.092500
0 0.919375 0.815833 0.067500 0.091667
0 0.167187 0.777500 0.075625 0.093333
0 0.333125 0.775000 0.072500 0.098333
0 0.905625 0.684167 0.067500 0.090000
0 0.232187 0.669583 0.064375 0.079167
0 0.623437 0.618750 0.064375 0.079167
0 0.039688 0.597917 0.070625 0.087500
0 0.817187 0.602500 0.075625 0.103333
0 0.166250 0.555417 0.067500 0.099167
0 0.936562 0.547083 0.070625 0.090833
0 0.954375 0.476250 0.063750 0.085833
0 0.034375 0.446667 0.060000 0.081667
0 0.792188 0.448333 0.079375 0.103333
0 0.191875 0.400833 0.066250 0.093333
0 0.594375 0.389167 0.090000 0.075000
0 0.768750 0.365417 0.067500 0.090833
0 0.025625 0.351667 0.051250 0.093333
0 0.255000 0.326667 0.088750 0.113333
0 0.384375 0.218750 0.078750 0.075833
0 0.914375 0.223750 0.077500 0.094167
0 0.734062 0.161250 0.064375 0.085833
0 0.825000 0.075833 0.048750 0.081667