0 0.215000 0.962500 0.100000 0.075000
0 0.668125 0.931667 0.073750 0.103333
0 0.114375 0.886667 0.098750 0.068333
0 0.447188 0.882083 0.088125 0.082500
0 0.957812 0.875000 0.084375 0.081667
0 0.748437 0.880000 0.084375 0.106667
0 0.890938 0.840417 0.083125 0.087500
0 0.616563 0.830833 0.070625 0.091667
0 0.458750 0.790833 0.087500 0.090000
0 0.645625 0.777083 0.081250 0.095833
0 0.758437 0.760000 0.089375 0.081667
0 0.960000 0.749167 0.080000 0.098333
0 0.823750 0.729583 0.057500 0.094167
0 0.495937 0.700000 0.069375 0.093333
0 0.875000 0.705000 0.061250 0.105000
0 0.949375 0.691250 0.088750 0.092500
0 0.355938 0.692500 0.069375 0.096667
0 0.068125 0.682083 0.081250 0.082500
0 0.814063 0.648333 0.081875 0.093333
0 0.677813 0.642917 0.093125 0.085833
0 0.891875 0.608333 0.101250 0.078333
0 0.404687 0.604167 0.071875 0.093333
0 0.866563 0.534167 0.089375 0.071667
0 0.029063 0.542500 0.058125 0.093333
0 0.050625 0.490833 0.081250 0.096667
0 0.116875 0.480417 0.070000 0.092500
0 0.235625 0.450833 0.067500 0.085000
0 0.448125 0.444167 0.080000 0.081667
0 0.503437 0.414167 0.101875 0.078333
0 0.132188 0.366667 0.076875 0.081667
0 0.054688 0.347917 0.066875 0.095833
0 0.154688 0.312917 0.084375 0.099167
0 0.353438 0.239167 0.090625 0.095000
0 0.177187 0.231667 0.074375 0.083333
0 0.696875 0.220833 0.066250 0.088333
0 0.268437 0.215417 0.070625 0.079167
0 0.121875 0.207083 0.081250 0.090833
0 0.445000 0.160417 0.077500 0.089167
0 0.278750 0.106250 0.070000 0.092500
0 0.587500 0.079167 0.105000 0.071667
0 0.427500 0.065833 0.082500 0.080000
0 0.140313 0.060833 0.070625 0.096667
0 0.716562 0.034583 0.089375 0.069167