0 0.186875 0.976250 0.063750 0.047500
0 0.376250 0.953333 0.077500 0.090000
0 0.623125 0.943333 0.063750 0.090000
0 0.769687 0.922500 0.070625 0.098333
0 0.255625 0.921667 0.086250 0.101667
0 0.064062 0.826250 0.064375 0.087500
0 0.976562 0.806667 0.046875 0.095000
0 0.355312 0.815000 0.118125 0.121667
0 0.543125 0.776667 0.063750 0.085000
0 0.838125 0.717083 0.056250 0.094167
0 0.404062 0.686667 0.098125 0.090000
0 0.205937 0.655417 0.074375 0.094167
0 0.974063 0.621250 0.051875 0.079167
0 0.473125 0.600000 0.120000 0.066667
0 0.028750 0.609167 0.057500 0.095000
0 0.959063 0.573333 0.081875 0.073333
0 0.097812 0.540417 0.074375 0.094167
0 0.962812 0.498333 0.074375 0.076667
0 0.378437 0.483333 0.071875 0.096667
0 0.607187 0.468750 0.060625 0.102500
0 0.740625 0.456250 0.068750 0.095833
0 0.360625 0.403750 0.091250 0.084167
0 0.928750 0.406667 0.077500 0.093333
0 0.636563 0.367083 0.066875 0.089167
0 0.400625 0.280833 0.085000 0.080000
0 0.857500 0.243333 0.091250 0.095000
0 0.599063 0.235000 0.068125 0.083333
0 0.683438 0.230000 0.070625 0.096667
0 0.443437 0.228750 0.069375 0.094167
0 0.251563 0.171250 0.070625 0.089167
0 0.681875 0.127083 0.106250 0.064167
0 0.832187 0.129167 0.108125 0.070000
0 0.500313 0.115000 0.095625 0.086667
0 0.350000 0.104167 0.078750 0.100000
0 0.662500 0.058750 0.095000 0.079167
0 0.840000 0.054167 0.100000 0.073333
0 0.781563 0.030000 0.086875 0.060000
0 0.409062 0.018333 0.058125 0.036667
0 0.204375 0.022500 0.070000 0.045000
0 0.083437 0.023333 0.078125 0.046667