0 0.049688 0.973333 0.056875 0.053333
0 0.482812 0.972083 0.064375 0.055833
0 0.781250 0.969583 0.065000 0.060833
0 0.201250 0.969167 0.073750 0.061667
0 0.304375 0.965833 0.052500 0.068333
0 0.115937 0.965417 0.074375 0.069167
0 0.437812 0.960417 0.053125 0.077500
0 0.539062 0.957917 0.061875 0.084167
0 0.610313 0.947083 0.053125 0.074167
0 0.842500 0.944167 0.091250 0.093333
0 0.715000 0.945000 0.052500 0.098333
0 0.370000 0.910417 0.057500 0.080833
0 0.785000 0.899583 0.081250 0.085833
0 0.666562 0.887917 0.056875 0.084167
0 0.494063 0.886667 0.065625 0.088333
0 0.560625 0.873333 0.056250 0.076667
0 0.879687 0.865000 0.096875 0.106667
0 0.731875 0.830000 0.060000 0.128333
0 0.393750 0.797500 0.063750 0.070000
0 0.673125 0.793750 0.061250 0.094167
0 0.480625 0.789583 0.098750 0.109167
0 0.568125 0.758333 0.068750 0.088333
0 0.339062 0.747500 0.056875 0.078333
0 0.971875 0.729167 0.056250 0.088333
0 0.257500 0.725417 0.067500 0.090833
0 0.879375 0.761250 0.111250 0.175833
0 0.453437 0.713333 0.059375 0.088333
0 0.618437 0.703750 0.055625 0.080833
0 0.766563 0.707083 0.065625 0.100833
0 0.299375 0.700000 0.072500 0.106667
0 0.661250 0.692083 0.066250 0.095833
0 0.172813 0.683333 0.069375 0.091667
0 0.230000 0.640833 0.062500 0.095000
0 0.661250 0.587083 0.061250 0.094167
0 0.268750 0.582500 0.060000 0.088333
0 0.882188 0.588333 0.069375 0.103333
0 0.596875 0.577500 0.066250 0.103333
0 0.071563 0.625417 0.104375 0.200833
0 0.182500 0.565417 0.072500 0.097500
0 0.547813 0.500833 0.065625 0.086667
0 0.239063 0.492500 0.073125 0.101667
0 0.083125 0.487500 0.067500 0.091667
0 0.592187 0.433333 0.066875 0.081667
0 0.169375 0.451667 0.105000 0.125000
0 0.170313 0.361667 0.065625 0.093333
0 0.607187 0.348750 0.059375 0.085833
0 0.946562 0.273333 0.064375 0.093333
0 0.631250 0.267917 0.067500 0.099167
0 0.729688 0.259583 0.074375 0.097500
0 0.562813 0.233333 0.064375 0.096667
0 0.090938 0.212917 0.081875 0.085833
0 0.206250 0.170417 0.072500 0.087500
0 0.633125 0.159583 0.058750 0.074167
0 0.585000 0.151667 0.053750 0.076667
0 0.150625 0.141667 0.073750 0.093333
0 0.022500 0.130417 0.045000 0.077500
0 0.888750 0.124167 0.058750 0.075000
0 0.576875 0.092917 0.070000 0.079167
0 0.501250 0.087917 0.065000 0.074167
0 0.442188 0.099167 0.075625 0.111667
0 0.341250 0.075833 0.067500 0.091667
0 0.173437 0.082083 0.090625 0.105833
0 0.701562 0.074167 0.075625 0.111667
0 0.241250 0.055833 0.071250 0.080000
0 0.111875 0.041250 0.061250 0.079167
0 0.749062 0.041250 0.069375 0.082500
0 0.643750 0.039167 0.073750 0.078333
0 0.573750 0.024167 0.062500 0.048333
0 0.455000 0.024583 0.063750 0.049167
0 0.049375 0.040417 0.070000 0.080833