0 0.918125 0.979167 0.082500 0.041667
0 0.630938 0.976667 0.059375 0.046667
0 0.860625 0.955833 0.068750 0.088333
0 0.025313 0.941250 0.050625 0.082500
0 0.823125 0.944583 0.056250 0.090833
0 0.963125 0.917500 0.057500 0.083333
0 0.632500 0.902500 0.067500 0.091667
0 0.937500 0.895417 0.056250 0.082500
0 0.282500 0.900833 0.073750 0.096667
0 0.755000 0.896667 0.063750 0.095000
0 0.091250 0.856667 0.066250 0.081667
0 0.694063 0.861667 0.068125 0.095000
0 0.256250 0.844167 0.070000 0.075000
0 0.185625 0.838333 0.066250 0.090000
0 0.313437 0.801667 0.065625 0.083333
0 0.245938 0.798750 0.061875 0.082500
0 0.628437 0.785833 0.064375 0.091667
0 0.046250 0.790000 0.068750 0.111667
0 0.809688 0.761250 0.074375 0.085833
0 0.702812 0.762083 0.086875 0.105833
0 0.951250 0.738333 0.066250 0.080000
0 0.183125 0.720833 0.061250 0.091667
0 0.510312 0.739583 0.044375 0.139167
0 0.625938 0.705833 0.066875 0.075000
0 0.830313 0.684583 0.068125 0.089167
0 0.296875 0.675833 0.070000 0.091667
0 0.649687 0.667500 0.066875 0.086667
0 0.399687 0.672500 0.043125 0.151667
0 0.026562 0.656250 0.053125 0.124167
0 0.488750 0.631250 0.070000 0.090833
0 0.160938 0.636250 0.056875 0.100833
0 0.198750 0.624167 0.050000 0.108333
0 0.110000 0.591667 0.067500 0.086667
0 0.642188 0.571667 0.063125 0.076667
0 0.971875 0.580417 0.056250 0.097500
0 0.261250 0.568333 0.062500 0.085000
0 0.707187 0.566667 0.071875 0.095000
0 0.529687 0.561250 0.071875 0.087500
0 0.774687 0.559583 0.060625 0.087500
0 0.021562 0.566667 0.043125 0.106667
0 0.447500 0.555000 0.058750 0.096667
0 0.391250 0.542500 0.053750 0.105000
0 0.160312 0.524583 0.061875 0.092500
0 0.724688 0.485833 0.069375 0.081667
0 0.625938 0.487083 0.079375 0.085833
0 0.220938 0.480000 0.045625 0.120000
0 0.028125 0.450833 0.056250 0.085000
0 0.772188 0.435833 0.064375 0.090000
0 0.374375 0.451667 0.053750 0.126667
0 0.986250 0.421250 0.027500 0.092500
0 0.713437 0.407500 0.048125 0.088333
0 0.076563 0.412917 0.056875 0.120833
0 0.027813 0.369583 0.055625 0.089167
0 0.518437 0.386667 0.061875 0.145000
0 0.755000 0.357083 0.071250 0.089167
0 0.144063 0.362083 0.063125 0.099167
0 0.445000 0.338750 0.061250 0.090833
0 0.487812 0.333333 0.051875 0.125000
0 0.614688 0.320000 0.060625 0.115000
0 0.284375 0.293333 0.056250 0.081667
0 0.394688 0.303750 0.055625 0.127500
0 0.340000 0.277500 0.056250 0.091667
0 0.816250 0.276250 0.062500 0.092500
0 0.245312 0.274583 0.069375 0.097500
0 0.678438 0.283333 0.094375 0.125000
0 0.199063 0.268333 0.056875 0.108333
0 0.763125 0.225833 0.065000 0.091667
0 0.362187 0.216250 0.075625 0.085833
0 0.519062 0.218750 0.069375 0.100833
0 0.908750 0.204167 0.067500 0.106667
0 0.025937 0.172500 0.051875 0.075000
0 0.132188 0.177083 0.061875 0.095833
0 0.721562 0.172917 0.056875 0.099167
0 0.362812 0.157917 0.076875 0.087500
0 0.580625 0.152917 0.062500 0.082500
0 0.597187 0.116667 0.075625 0.080000
0 0.165000 0.113750 0.066250 0.090833
0 0.854688 0.101667 0.069375 0.088333
0 0.503750 0.107083 0.050000 0.134167
0 0.255625 0.054167 0.067500 0.091667
0 0.637813 0.028750 0.065625 0.057500
0 0.553438 0.043750 0.063125 0.087500
0 0.425312 0.038333 0.059375 0.076667
0 0.135625 0.045000 0.061250 0.090000