0 0.317188 0.960000 0.073125 0.080000
0 0.424063 0.955000 0.080625 0.090000
0 0.630625 0.915833 0.072500 0.101667
0 0.270313 0.855833 0.063125 0.093333
0 0.449375 0.861667 0.073750 0.108333
0 0.970938 0.850000 0.058125 0.095000
0 0.201563 0.841250 0.068125 0.097500
0 0.726250 0.820833 0.072500 0.095000
0 0.654375 0.823333 0.068750 0.101667
0 0.810312 0.822500 0.070625 0.105000
0 0.480000 0.803333 0.070000 0.083333
0 0.057188 0.803750 0.066875 0.087500
0 0.594063 0.787500 0.073125 0.096667
0 0.954688 0.755000 0.066875 0.090000
0 0.303438 0.754167 0.065625 0.093333
0 0.684688 0.734167 0.073125 0.106667
0 0.100937 0.721250 0.071875 0.099167
0 0.741875 0.714167 0.071250 0.096667
0 0.515625 0.712083 0.066250 0.092500
0 0.885625 0.705417 0.060000 0.087500
0 0.030625 0.709167 0.061250 0.105000
0 0.385937 0.667917 0.074375 0.097500
0 0.100625 0.561250 0.078750 0.097500
0 0.813438 0.544583 0.073125 0.099167
0 0.877500 0.535417 0.060000 0.092500
0 0.255000 0.506667 0.092500 0.120000
0 0.478125 0.484167 0.068750 0.096667
0 0.407500 0.473750 0.072500 0.080833
0 0.813125 0.455000 0.071250 0.078333
0 0.977500 0.435417 0.045000 0.087500
0 0.070625 0.431250 0.081250 0.095833
0 0.396875 0.387917 0.068750 0.089167
0 0.976875 0.352500 0.046250 0.076667
0 0.608125 0.354583 0.071250 0.099167
0 0.443750 0.334167 0.061250 0.083333
0 0.786875 0.297500 0.068750 0.090000
0 0.040000 0.271667 0.066250 0.093333
0 0.635312 0.257083 0.066875 0.095833
0 0.558750 0.234583 0.060000 0.080833
0 0.504062 0.238333 0.069375 0.098333
0 0.692813 0.191250 0.071875 0.095833
0 0.536875 0.149583 0.072500 0.100833
0 0.935625 0.136250 0.078750 0.085833
0 0.392188 0.099167 0.071875 0.098333
0 0.271562 0.075000 0.064375 0.113333
0 0.677500 0.053750 0.062500 0.102500
0 0.622812 0.024583 0.059375 0.049167
0 0.228125 0.034583 0.073750 0.069167