0 0.789687 0.981667 0.055625 0.036667
0 0.447813 0.934167 0.058125 0.073333
0 0.200625 0.933333 0.058750 0.088333
0 0.260937 0.927917 0.056875 0.089167
0 0.372188 0.927917 0.056875 0.090833
0 0.636875 0.910417 0.063750 0.082500
0 0.526875 0.860417 0.052500 0.095833
0 0.798438 0.829583 0.064375 0.075833
0 0.184062 0.773750 0.061875 0.090833
0 0.672188 0.759167 0.059375 0.080000
0 0.892188 0.761250 0.061875 0.087500
0 0.384375 0.706250 0.063750 0.085833
0 0.733437 0.700833 0.050625 0.090000
0 0.321875 0.675833 0.062500 0.095000
0 0.688438 0.680000 0.056875 0.106667
0 0.095937 0.634167 0.060625 0.085000
0 0.985313 0.602083 0.029375 0.075833
0 0.524375 0.584167 0.086250 0.116667
0 0.683125 0.570417 0.080000 0.097500
0 0.230937 0.577917 0.079375 0.112500
0 0.029063 0.541667 0.058125 0.075000
0 0.854375 0.530000 0.072500 0.110000
0 0.575000 0.515000 0.062500 0.086667
0 0.203125 0.511250 0.061250 0.082500
0 0.647500 0.493333 0.062500 0.086667
0 0.909062 0.485833 0.068125 0.095000
0 0.841562 0.453333 0.076875 0.093333
0 0.296250 0.397917 0.070000 0.085833
0 0.823438 0.361667 0.078125 0.123333
0 0.197813 0.328750 0.060625 0.067500
0 0.783438 0.345417 0.060625 0.117500
0 0.114375 0.321667 0.062500 0.083333
0 0.634062 0.283750 0.059375 0.080833
0 0.301250 0.281667 0.073750 0.100000
0 0.477187 0.260417 0.061875 0.084167
0 0.787188 0.246250 0.058125 0.090833
0 0.225938 0.225833 0.061875 0.088333
0 0.584688 0.214167 0.061875 0.091667
0 0.432500 0.189167 0.063750 0.078333
0 0.039688 0.185417 0.068125 0.087500
0 0.675937 0.141667 0.074375 0.081667
0 0.593437 0.138333 0.065625 0.086667
0 0.171563 0.118750 0.061875 0.077500
0 0.420625 0.121667 0.093750 0.101667
0 0.467187 0.055417 0.065625 0.072500
0 0.711875 0.040833 0.080000 0.081667
0 0.407500 0.031667 0.067500 0.063333
0 0.241875 0.031667 0.063750 0.063333
0 0.124375 0.045833 0.060000 0.091667
0 0.091250 0.022500 0.057500 0.045000