0 0.177500 0.962083 0.071250 0.075833
0 0.921562 0.955417 0.060625 0.089167
0 0.843437 0.917917 0.075625 0.077500
0 0.154062 0.927500 0.074375 0.115000
0 0.688438 0.902083 0.076875 0.100833
0 0.026562 0.848333 0.053125 0.083333
0 0.542500 0.841667 0.080000 0.105000
0 0.825313 0.829583 0.080625 0.095833
0 0.284687 0.808333 0.056875 0.083333
0 0.487812 0.785000 0.059375 0.078333
0 0.674375 0.788333 0.068750 0.093333
0 0.140937 0.757083 0.066875 0.080833
0 0.024063 0.747917 0.048125 0.084167
0 0.450937 0.722083 0.046875 0.064167
0 0.671250 0.727500 0.068750 0.080000
0 0.249375 0.730833 0.068750 0.095000
0 0.334688 0.723750 0.071875 0.102500
0 0.798125 0.669583 0.066250 0.085833
0 0.500938 0.660833 0.068125 0.086667
0 0.115312 0.659167 0.070625 0.093333
0 0.187500 0.607500 0.063750 0.086667
0 0.333750 0.614583 0.072500 0.102500
0 0.963437 0.589583 0.056875 0.092500
0 0.707812 0.582500 0.051875 0.111667
0 0.259375 0.553333 0.070000 0.091667
0 0.494688 0.550833 0.068125 0.115000
0 0.572187 0.529583 0.069375 0.089167
0 0.890000 0.515417 0.057500 0.085833
0 0.020625 0.510000 0.041250 0.086667
0 0.829063 0.510417 0.048125 0.124167
0 0.935000 0.499583 0.057500 0.107500
0 0.795625 0.492083 0.051250 0.094167
0 0.727500 0.480000 0.068750 0.086667
0 0.314688 0.451667 0.060625 0.076667
0 0.667500 0.445000 0.072500 0.098333
0 0.156250 0.395417 0.070000 0.080833
0 0.022187 0.396667 0.044375 0.095000
0 0.443125 0.402500 0.081250 0.115000
0 0.933125 0.381667 0.066250 0.090000
0 0.717812 0.345833 0.060625 0.088333
0 0.218438 0.344583 0.073125 0.092500
0 0.521563 0.333333 0.073125 0.095000
0 0.411562 0.326250 0.096875 0.089167
0 0.321562 0.309583 0.070625 0.095833
0 0.191562 0.300833 0.063125 0.080000
0 0.110000 0.292500 0.071250 0.083333
0 0.593125 0.268333 0.081250 0.105000
0 0.734688 0.254583 0.088125 0.102500
0 0.462813 0.230833 0.076875 0.066667
0 0.843750 0.227500 0.075000 0.075000
0 0.974688 0.225417 0.050625 0.117500
0 0.671562 0.172500 0.074375 0.100000
0 0.580625 0.161667 0.076250 0.078333
0 0.067500 0.155417 0.062500 0.090833
0 0.382500 0.152083 0.071250 0.090833
0 0.231563 0.132500 0.074375 0.068333
0 0.150938 0.136250 0.084375 0.079167
0 0.838125 0.128333 0.070000 0.093333
0 0.767500 0.080833 0.057500 0.078333
0 0.217188 0.064583 0.080625 0.089167
0 0.970625 0.065833 0.058750 0.105000
0 0.423750 0.054167 0.068750 0.088333
0 0.296875 0.045000 0.065000 0.081667
0 0.178125 0.026667 0.056250 0.053333