0 0.680312 0.932083 0.065625 0.107500
0 0.236875 0.887083 0.093750 0.079167
0 0.920937 0.871667 0.060625 0.078333
0 0.792500 0.872083 0.068750 0.094167
0 0.838125 0.799167 0.066250 0.093333
0 0.305937 0.747500 0.069375 0.095000
0 0.893125 0.738333 0.067500 0.096667
0 0.157188 0.732083 0.078125 0.092500
0 0.550625 0.728750 0.061250 0.095833
0 0.644687 0.720417 0.066875 0.094167
0 0.784375 0.642083 0.072500 0.090833
0 0.153438 0.635833 0.065625 0.106667
0 0.774687 0.557083 0.070625 0.077500
0 0.124063 0.547083 0.058125 0.077500
0 0.246250 0.538333 0.062500 0.090000
0 0.030625 0.492917 0.061250 0.092500
0 0.721562 0.490417 0.078125 0.094167
0 0.366250 0.475833 0.071250 0.096667
0 0.770938 0.459583 0.063125 0.087500
0 0.028125 0.342917 0.056250 0.095833
0 0.175000 0.309167 0.070000 0.091667
0 0.554688 0.297500 0.065625 0.091667
0 0.329688 0.281250 0.070625 0.105833
0 0.297500 0.191667 0.071250 0.105000
0 0.126250 0.131667 0.077500 0.088333
0 0.364063 0.054167 0.070625 0.096667
0 0.591250 0.049583 0.066250 0.094167
0 0.096562 0.050000 0.070625 0.100000