0 0.067187 0.973333 0.058125 0.053333
0 0.512813 0.964167 0.054375 0.071667
0 0.107188 0.955000 0.063125 0.090000
0 0.550937 0.949167 0.070625 0.101667
0 0.332813 0.945417 0.059375 0.109167
0 0.867188 0.915417 0.064375 0.074167
0 0.028750 0.904583 0.057500 0.087500
0 0.586250 0.905417 0.057500 0.100833
0 0.727812 0.895000 0.061875 0.095000
0 0.530000 0.880417 0.055000 0.074167
0 0.122500 0.878750 0.063750 0.104167
0 0.777813 0.884167 0.064375 0.120000
0 0.826562 0.869583 0.049375 0.092500
0 0.236563 0.805417 0.070625 0.082500
0 0.727187 0.787083 0.068125 0.084167
0 0.582500 0.782500 0.068750 0.093333
0 0.365312 0.760417 0.085625 0.059167
0 0.862500 0.705417 0.060000 0.077500
0 0.088125 0.669167 0.071250 0.105000
0 0.943750 0.650417 0.062500 0.084167
0 0.654062 0.645417 0.058125 0.087500
0 0.388750 0.618333 0.070000 0.090000
0 0.861563 0.617083 0.066875 0.090833
0 0.678438 0.591250 0.058125 0.094167
0 0.733437 0.578750 0.101875 0.115833
0 0.925625 0.538333 0.073750 0.091667
0 0.364687 0.522917 0.080625 0.094167
0 0.096875 0.476250 0.065000 0.079167
0 0.259375 0.473333 0.071250 0.098333
0 0.196250 0.467500 0.060000 0.090000
0 0.370625 0.445000 0.065000 0.090000
0 0.574375 0.436250 0.072500 0.099167
0 0.742500 0.425417 0.056250 0.085833
0 0.915312 0.424583 0.065625 0.087500
0 0.152812 0.412083 0.060625 0.100833
0 0.102500 0.386667 0.043750 0.110000
0 0.217812 0.371667 0.070625 0.096667
0 0.143125 0.347917 0.058750 0.067500
0 0.819063 0.333333 0.063125 0.083333
0 0.943750 0.327917 0.067500 0.092500
0 0.881875 0.290000 0.060000 0.108333
0 0.304063 0.264583 0.070625 0.074167
0 0.643125 0.262500 0.056250 0.086667
0 0.205625 0.247917 0.070000 0.092500
0 0.140313 0.247500 0.063125 0.096667
0 0.985000 0.225417 0.030000 0.079167
0 0.617188 0.225417 0.060625 0.090833
0 0.444375 0.225000 0.067500 0.090000
0 0.925312 0.206250 0.066875 0.089167
0 0.351875 0.198750 0.072500 0.077500
0 0.029687 0.188333 0.059375 0.078333
0 0.664375 0.182917 0.065000 0.094167
0 0.747812 0.170417 0.080625 0.107500
0 0.447188 0.140833 0.058125 0.095000
0 0.190000 0.126667 0.060000 0.083333
0 0.749062 0.120000 0.070625 0.083333
0 0.328125 0.132500 0.083750 0.115000
0 0.469375 0.115000 0.063750 0.085000
0 0.632500 0.077500 0.072500 0.088333
0 0.394375 0.061667 0.066250 0.081667
0 0.252812 0.069583 0.073125 0.102500
0 0.737187 0.038750 0.075625 0.077500