0 0.511250 0.976250 0.068750 0.047500
0 0.926562 0.970000 0.060625 0.060000
0 0.835625 0.968333 0.080000 0.063333
0 0.577500 0.965833 0.050000 0.068333
0 0.710000 0.954167 0.058750 0.091667
0 0.534687 0.912500 0.060625 0.078333
0 0.090000 0.903333 0.068750 0.090000
0 0.181250 0.900000 0.067500 0.086667
0 0.255312 0.893750 0.064375 0.102500
0 0.487812 0.860417 0.059375 0.084167
0 0.751875 0.832917 0.057500 0.080833
0 0.832812 0.827917 0.061875 0.092500
0 0.927188 0.836250 0.091875 0.115833
0 0.471250 0.807917 0.065000 0.082500
0 0.604062 0.812917 0.073125 0.095833
0 0.344062 0.749583 0.064375 0.082500
0 0.958125 0.754167 0.073750 0.096667
0 0.142187 0.743750 0.069375 0.094167
0 0.260625 0.730833 0.067500 0.093333
0 0.439375 0.719583 0.065000 0.095833
0 0.972500 0.655417 0.055000 0.090833
0 0.563125 0.656250 0.082500 0.109167
0 0.382812 0.633333 0.055625 0.083333
0 0.631250 0.614167 0.063750 0.080000
0 0.760938 0.607917 0.093125 0.084167
0 0.500000 0.603333 0.067500 0.103333
0 0.082812 0.577500 0.073125 0.070000
0 0.677813 0.589583 0.055625 0.102500
0 0.918750 0.575833 0.076250 0.076667
0 0.017500 0.557500 0.035000 0.085000
0 0.349687 0.546667 0.065625 0.098333
0 0.272813 0.558333 0.090625 0.123333
0 0.052187 0.532917 0.059375 0.075833
0 0.869687 0.536250 0.064375 0.100833
0 0.618437 0.534167 0.070625 0.118333
0 0.724375 0.502917 0.057500 0.074167
0 0.551875 0.508750 0.072500 0.124167
0 0.801875 0.497500 0.068750 0.105000
0 0.437188 0.487917 0.066875 0.087500
0 0.919687 0.464583 0.071875 0.079167
0 0.492188 0.468750 0.068125 0.104167
0 0.103438 0.456667 0.071875 0.096667
0 0.251563 0.434583 0.069375 0.092500
0 0.522188 0.415417 0.061875 0.094167
0 0.715313 0.407500 0.058125 0.093333
0 0.921875 0.380417 0.063750 0.075833
0 0.976875 0.393333 0.046250 0.121667
0 0.789375 0.387500 0.087500 0.123333
0 0.853437 0.398750 0.069375 0.150833
0 0.379375 0.358750 0.052500 0.077500
0 0.146875 0.364167 0.068750 0.105000
0 0.595938 0.329583 0.064375 0.084167
0 0.234375 0.325000 0.070000 0.086667
0 0.513125 0.317917 0.062500 0.087500
0 0.929375 0.314167 0.068750 0.081667
0 0.741250 0.305000 0.076250 0.125000
0 0.034375 0.281667 0.068750 0.093333
0 0.413125 0.277917 0.063750 0.092500
0 0.285313 0.265000 0.068125 0.085000
0 0.612500 0.251667 0.072500 0.098333
0 0.725625 0.240417 0.081250 0.079167
0 0.345625 0.215833 0.076250 0.086667
0 0.024375 0.212083 0.048750 0.087500
0 0.111875 0.191250 0.070000 0.069167
0 0.572500 0.170833 0.067500 0.095000
0 0.227187 0.160833 0.069375 0.088333
0 0.501563 0.144583 0.065625 0.084167
0 0.030625 0.126667 0.061250 0.093333
0 0.861875 0.112083 0.073750 0.094167
0 0.785937 0.094583 0.070625 0.102500
0 0.120938 0.105000 0.079375 0.123333
0 0.207813 0.071250 0.064375 0.087500
0 0.530312 0.056250 0.071875 0.095833
0 0.905000 0.038750 0.077500 0.077500
0 0.424687 0.027917 0.069375 0.055833
0 0.259688 0.039583 0.075625 0.079167
0 0.075938 0.040417 0.098125 0.080833