0 0.539687 0.977500 0.064375 0.045000
0 0.138750 0.973333 0.071250 0.053333
0 0.378750 0.963333 0.067500 0.073333
0 0.306875 0.959583 0.075000 0.080833
0 0.919063 0.957917 0.065625 0.084167
0 0.457813 0.954583 0.073125 0.090833
0 0.651875 0.937083 0.065000 0.097500
0 0.855938 0.928750 0.061875 0.084167
0 0.772813 0.896250 0.065625 0.087500
0 0.134063 0.892500 0.074375 0.095000
0 0.455625 0.877083 0.068750 0.080833
0 0.531875 0.860833 0.067500 0.088333
0 0.265000 0.857500 0.066250 0.093333
0 0.875000 0.828333 0.078750 0.085000
0 0.953750 0.828750 0.061250 0.094167
0 0.615625 0.840417 0.083750 0.132500
0 0.425000 0.818750 0.066250 0.094167
0 0.084687 0.814583 0.074375 0.097500
0 0.170000 0.803750 0.067500 0.100833
0 0.347813 0.803333 0.069375 0.103333
0 0.822812 0.759167 0.069375 0.098333
0 0.325000 0.727083 0.075000 0.082500
0 0.939375 0.717083 0.070000 0.092500
0 0.068125 0.714583 0.068750 0.092500
0 0.666875 0.701250 0.065000 0.089167
0 0.589063 0.697917 0.078125 0.095833
0 0.115312 0.678750 0.068125 0.094167
0 0.489687 0.666667 0.066875 0.100000
0 0.971875 0.642917 0.056250 0.089167
0 0.715000 0.642917 0.066250 0.089167
0 0.558438 0.642917 0.064375 0.090833
0 0.815312 0.632917 0.104375 0.104167
0 0.248438 0.623333 0.076875 0.091667
0 0.780312 0.564583 0.069375 0.085833
0 0.038750 0.530833 0.067500 0.096667
0 0.133437 0.527500 0.065625 0.095000
0 0.875313 0.510417 0.061875 0.084167
0 0.682187 0.497500 0.078125 0.098333
0 0.195000 0.489167 0.065000 0.090000
0 0.975313 0.488750 0.049375 0.100833
0 0.263125 0.478333 0.065000 0.080000
0 0.067187 0.476667 0.071875 0.090000
0 0.580000 0.474167 0.102500 0.100000
0 0.820937 0.445417 0.073125 0.087500
0 0.741250 0.435417 0.066250 0.094167
0 0.567187 0.416250 0.075625 0.070833
0 0.950625 0.435833 0.070000 0.111667
0 0.145313 0.391250 0.060625 0.079167
0 0.675312 0.374583 0.068125 0.075833
0 0.442188 0.362500 0.075625 0.080000
0 0.080000 0.292083 0.058750 0.084167
0 0.931250 0.308333 0.080000 0.123333
0 0.157500 0.260417 0.062500 0.085833
0 0.851562 0.258750 0.065625 0.087500
0 0.672500 0.260000 0.071250 0.091667
0 0.377812 0.238333 0.076875 0.090000
0 0.076250 0.200833 0.060000 0.083333
0 0.630000 0.191250 0.061250 0.087500
0 0.472813 0.127083 0.080625 0.084167
0 0.356563 0.127083 0.070625 0.097500
0 0.750313 0.106250 0.066875 0.089167
0 0.203125 0.080417 0.061250 0.084167
0 0.133750 0.069583 0.071250 0.084167
0 0.273438 0.068333 0.076875 0.095000
0 0.562187 0.053750 0.080625 0.080833
0 0.761875 0.028750 0.075000 0.057500
0 0.485938 0.028333 0.066875 0.056667