0 0.920000 0.976250 0.065000 0.047500
0 0.146563 0.971250 0.074375 0.057500
0 0.823750 0.960000 0.067500 0.080000
0 0.975313 0.959167 0.049375 0.081667
0 0.254688 0.959167 0.059375 0.081667
0 0.205937 0.958333 0.048125 0.083333
0 0.646563 0.944583 0.065625 0.082500
0 0.557187 0.930833 0.064375 0.095000
0 0.713437 0.923750 0.069375 0.117500
0 0.829688 0.832917 0.070625 0.084167
0 0.599375 0.835000 0.075000 0.096667
0 0.417812 0.830833 0.073125 0.093333
0 0.216250 0.783750 0.061250 0.087500
0 0.369063 0.719167 0.063125 0.081667
0 0.580313 0.710417 0.069375 0.084167
0 0.982500 0.689583 0.035000 0.100833
0 0.293125 0.685833 0.071250 0.100000
0 0.932187 0.668333 0.056875 0.071667
0 0.478125 0.667917 0.063750 0.095833
0 0.026875 0.662917 0.053750 0.085833
0 0.539687 0.655417 0.061875 0.097500
0 0.634375 0.647917 0.070000 0.092500
0 0.099687 0.592917 0.066875 0.087500
0 0.455000 0.563333 0.061250 0.091667
0 0.229063 0.556667 0.068125 0.088333
0 0.388750 0.553750 0.066250 0.094167
0 0.667188 0.521667 0.069375 0.090000
0 0.948125 0.441667 0.061250 0.086667
0 0.822187 0.417917 0.071875 0.105833
0 0.313750 0.417083 0.083750 0.132500
0 0.473125 0.384583 0.063750 0.092500
0 0.220625 0.382917 0.066250 0.092500
0 0.518437 0.340000 0.079375 0.105000
0 0.428750 0.330000 0.071250 0.093333
0 0.750938 0.308333 0.071875 0.093333
0 0.720000 0.259583 0.073750 0.090833
0 0.116250 0.237083 0.088750 0.140833
0 0.446250 0.189583 0.052500 0.084167
0 0.243750 0.177500 0.066250 0.088333
0 0.659375 0.163333 0.073750 0.106667
0 0.973437 0.120417 0.053125 0.112500
0 0.135625 0.092500 0.066250 0.103333
0 0.940312 0.081250 0.049375 0.089167
0 0.396562 0.054167 0.059375 0.108333