0 0.218750 0.872917 0.072500 0.109167
0 0.181250 0.749167 0.083750 0.098333
0 0.713125 0.719583 0.078750 0.109167
0 0.793125 0.705833 0.072500 0.106667
0 0.067500 0.695833 0.067500 0.090000
0 0.258750 0.634583 0.068750 0.102500
0 0.750313 0.618333 0.073125 0.090000
0 0.179375 0.622083 0.080000 0.099167
0 0.725938 0.434167 0.070625 0.095000
0 0.787813 0.334167 0.073125 0.105000
0 0.563125 0.322917 0.071250 0.099167
0 0.707812 0.268333 0.076875 0.096667
0 0.361250 0.260417 0.086250 0.099167
0 0.188750 0.150000 0.070000 0.091667
0 0.340313 0.127083 0.070625 0.095833
0 0.655312 0.114167 0.069375 0.095000
0 0.539062 0.027500 0.075625 0.055000