0 0.359375 0.974167 0.068750 0.051667
0 0.261562 0.948750 0.064375 0.087500
0 0.416875 0.926250 0.067500 0.090833
0 0.790000 0.930833 0.090000 0.118333
0 0.174687 0.905417 0.076875 0.085833
0 0.327813 0.891250 0.060625 0.084167
0 0.200625 0.870833 0.068750 0.086667
0 0.263750 0.858750 0.068750 0.094167
0 0.751250 0.847917 0.063750 0.090833
0 0.448437 0.844583 0.074375 0.092500
0 0.071250 0.793750 0.076250 0.085833
0 0.693125 0.789583 0.061250 0.100833
0 0.388437 0.789583 0.086875 0.109167
0 0.749062 0.765000 0.059375 0.075000
0 0.295625 0.764583 0.072500 0.079167
0 0.818438 0.738750 0.078125 0.084167
0 0.641250 0.707083 0.053750 0.082500
0 0.543750 0.701250 0.070000 0.084167
0 0.684688 0.695417 0.064375 0.085833
0 0.410313 0.704167 0.115625 0.123333
0 0.873750 0.677083 0.061250 0.077500
0 0.962812 0.659583 0.071875 0.095833
0 0.357812 0.638750 0.065625 0.087500
0 0.622500 0.627917 0.092500 0.079167
0 0.425312 0.620833 0.060625 0.096667
0 0.562187 0.570000 0.063125 0.081667
0 0.538438 0.550417 0.061875 0.099167
0 0.596250 0.494167 0.063750 0.098333
0 0.401250 0.486667 0.063750 0.086667
0 0.174687 0.475833 0.061875 0.088333
0 0.234687 0.466250 0.069375 0.084167
0 0.657188 0.464583 0.064375 0.090833
0 0.109063 0.451667 0.071875 0.088333
0 0.935000 0.425833 0.068750 0.081667
0 0.495937 0.427500 0.071875 0.091667
0 0.595000 0.408750 0.053750 0.079167
0 0.297812 0.419167 0.075625 0.103333
0 0.798750 0.429583 0.102500 0.135833
0 0.400313 0.401667 0.066875 0.083333
0 0.239063 0.387917 0.065625 0.087500
0 0.339062 0.387500 0.065625 0.091667
0 0.189062 0.382917 0.071875 0.087500
0 0.061250 0.388333 0.067500 0.100000
0 0.970625 0.362917 0.058750 0.082500
0 0.452813 0.353333 0.056875 0.075000
0 0.127812 0.342500 0.083125 0.088333
0 0.601250 0.319167 0.067500 0.083333
0 0.256563 0.297917 0.059375 0.072500
0 0.656563 0.300417 0.070625 0.082500
0 0.343125 0.295833 0.071250 0.088333
0 0.891563 0.282500 0.070625 0.083333
0 0.211562 0.279583 0.068125 0.092500
0 0.113437 0.266667 0.056875 0.080000
0 0.462813 0.271250 0.065625 0.092500
0 0.754375 0.269583 0.067500 0.090833
0 0.678750 0.255833 0.065000 0.085000
0 0.171563 0.252917 0.060625 0.089167
0 0.068437 0.245833 0.056875 0.076667
0 0.807187 0.246667 0.065625 0.098333
0 0.018125 0.237917 0.036250 0.082500
0 0.451250 0.187917 0.062500 0.102500
0 0.761563 0.174167 0.068125 0.095000
0 0.027500 0.167083 0.055000 0.094167
0 0.114375 0.137917 0.073750 0.090833
0 0.409062 0.162500 0.065625 0.156667
0 0.835625 0.075833 0.078750 0.091667
0 0.720000 0.038750 0.067500 0.077500
0 0.655000 0.039167 0.066250 0.078333