0 0.450625 0.960000 0.067500 0.080000
0 0.573438 0.957500 0.064375 0.085000
0 0.629375 0.922917 0.070000 0.082500
0 0.109063 0.820833 0.064375 0.095000
0 0.213438 0.787500 0.059375 0.100000
0 0.740313 0.761250 0.086875 0.109167
0 0.152812 0.748333 0.066875 0.116667
0 0.603750 0.726667 0.063750 0.091667
0 0.178437 0.716250 0.070625 0.089167
0 0.889062 0.662500 0.063125 0.083333
0 0.237500 0.672500 0.072500 0.105000
0 0.792500 0.635000 0.068750 0.091667
0 0.926562 0.581667 0.078125 0.086667
0 0.973437 0.571250 0.053125 0.102500
0 0.523125 0.546250 0.068750 0.092500
0 0.890938 0.495000 0.075625 0.100000
0 0.769687 0.460833 0.073125 0.110000
0 0.150938 0.412500 0.069375 0.083333
0 0.914375 0.410417 0.073750 0.090833
0 0.567187 0.372500 0.066875 0.101667
0 0.032500 0.356250 0.062500 0.092500
0 0.446562 0.335833 0.059375 0.065000
0 0.345938 0.324167 0.084375 0.085000
0 0.977500 0.314583 0.045000 0.092500
0 0.506563 0.303333 0.071875 0.095000
0 0.795000 0.285833 0.100000 0.081667
0 0.240937 0.281250 0.078125 0.089167
0 0.934375 0.277500 0.063750 0.088333
0 0.600313 0.259583 0.065625 0.077500
0 0.323125 0.269167 0.073750 0.098333
0 0.847812 0.222083 0.054375 0.089167
0 0.776563 0.210833 0.076875 0.078333
0 0.584063 0.201250 0.071875 0.077500
0 0.150625 0.168750 0.061250 0.087500
0 0.771250 0.151667 0.071250 0.083333
0 0.860625 0.153333 0.071250 0.093333
0 0.790000 0.110417 0.066250 0.080833
0 0.540937 0.108750 0.065625 0.089167
0 0.644375 0.083750 0.075000 0.090833
0 0.210313 0.067083 0.068125 0.082500
0 0.084062 0.060417 0.070625 0.070833
0 0.915625 0.070000 0.061250 0.103333
0 0.815937 0.041250 0.078125 0.080833
0 0.630625 0.022500 0.063750 0.045000
0 0.479063 0.037917 0.065625 0.075833