0 0.630000 0.969583 0.066250 0.060833
0 0.032188 0.955833 0.064375 0.060000
0 0.711875 0.950833 0.063750 0.071667
0 0.942813 0.952500 0.064375 0.081667
0 0.494688 0.917083 0.065625 0.094167
0 0.556875 0.895833 0.065000 0.095000
0 0.885000 0.853750 0.066250 0.082500
0 0.778438 0.850417 0.070625 0.079167
0 0.037187 0.824583 0.064375 0.094167
0 0.238125 0.852917 0.067500 0.152500
0 0.456562 0.835000 0.079375 0.123333
0 0.828125 0.787083 0.061250 0.087500
0 0.942187 0.783750 0.064375 0.090833
0 0.532813 0.763750 0.075625 0.087500
0 0.215938 0.737500 0.064375 0.091667
0 0.134687 0.715833 0.048125 0.088333
0 0.737187 0.694583 0.064375 0.082500
0 0.830625 0.673750 0.066250 0.080833
0 0.609062 0.658750 0.064375 0.087500
0 0.253125 0.661667 0.068750 0.106667
0 0.376250 0.641250 0.062500 0.092500
0 0.635625 0.615000 0.065000 0.086667
0 0.530000 0.608750 0.061250 0.085833
0 0.905937 0.594167 0.065625 0.090000
0 0.788125 0.612500 0.076250 0.145000
0 0.408750 0.577917 0.070000 0.092500
0 0.061250 0.576667 0.067500 0.090000
0 0.316875 0.573750 0.075000 0.094167
0 0.690625 0.521667 0.066250 0.075000
0 0.610625 0.520833 0.063750 0.093333
0 0.100937 0.470833 0.075625 0.120000
0 0.276875 0.440000 0.067500 0.061667
0 0.443750 0.455000 0.070000 0.093333
0 0.769062 0.408333 0.063125 0.096667
0 0.910937 0.377500 0.051875 0.110000
0 0.857500 0.435000 0.091250 0.235000
0 0.092188 0.357083 0.059375 0.079167
0 0.022187 0.364167 0.044375 0.093333
0 0.334375 0.365000 0.097500 0.116667
0 0.483438 0.323333 0.068125 0.118333
0 0.149062 0.302083 0.065625 0.090833
0 0.250937 0.301667 0.073125 0.091667
0 0.630938 0.292500 0.063125 0.078333
0 0.718437 0.257917 0.060625 0.079167
0 0.976250 0.245000 0.047500 0.068333
0 0.895938 0.244583 0.070625 0.087500
0 0.295625 0.242917 0.067500 0.094167
0 0.277500 0.200000 0.063750 0.076667
0 0.794063 0.198333 0.065625 0.088333
0 0.048750 0.198333 0.070000 0.113333
0 0.112187 0.174167 0.064375 0.081667
0 0.531250 0.165833 0.063750 0.096667
0 0.626563 0.146250 0.068125 0.087500
0 0.373750 0.130833 0.061250 0.091667
0 0.324062 0.126667 0.075625 0.085000
0 0.063437 0.079167 0.060625 0.066667
0 0.937500 0.058750 0.061250 0.080833
0 0.672188 0.056250 0.069375 0.087500
0 0.574375 0.034583 0.065000 0.069167
0 0.469062 0.034167 0.065625 0.068333