0 0.622812 0.967500 0.066875 0.065000
0 0.407500 0.954167 0.057500 0.073333
0 0.086563 0.951250 0.059375 0.079167
0 0.875625 0.938750 0.071250 0.105833
0 0.128125 0.894583 0.058750 0.070833
0 0.349375 0.853333 0.055000 0.076667
0 0.079687 0.787917 0.109375 0.105833
0 0.530625 0.769167 0.068750 0.091667
0 0.046250 0.685417 0.076250 0.075833
0 0.808125 0.703333 0.080000 0.118333
0 0.554688 0.695417 0.081875 0.104167
0 0.445937 0.659167 0.084375 0.103333
0 0.855625 0.650833 0.058750 0.095000
0 0.625000 0.640417 0.093750 0.100833
0 0.764375 0.617083 0.066250 0.077500
0 0.899687 0.614583 0.074375 0.087500
0 0.344375 0.615000 0.072500 0.101667
0 0.126875 0.597500 0.061250 0.083333
0 0.684375 0.600000 0.053750 0.093333
0 0.277500 0.577083 0.050000 0.067500
0 0.500938 0.577083 0.059375 0.082500
0 0.018437 0.569583 0.036875 0.080833
0 0.388125 0.550833 0.066250 0.088333
0 0.622812 0.549167 0.086875 0.105000
0 0.446875 0.459583 0.067500 0.085833
0 0.030625 0.420833 0.061250 0.078333
0 0.669375 0.391250 0.058750 0.077500
0 0.421563 0.382083 0.063125 0.070833
0 0.291563 0.393333 0.071875 0.095000
0 0.563125 0.368750 0.058750 0.070833
0 0.026875 0.340417 0.053750 0.072500
0 0.569688 0.322083 0.069375 0.084167
0 0.432500 0.299167 0.055000 0.068333
0 0.682813 0.303333 0.053125 0.088333
0 0.036250 0.268333 0.072500 0.100000
0 0.110000 0.248750 0.070000 0.102500
0 0.193438 0.220000 0.075625 0.103333
0 0.778750 0.188750 0.087500 0.072500
0 0.320625 0.153333 0.062500 0.066667
0 0.436563 0.153333 0.064375 0.091667
0 0.570312 0.107500 0.055625 0.078333
0 0.842500 0.080417 0.060000 0.092500
0 0.303438 0.062500 0.073125 0.071667
0 0.349062 0.074167 0.071875 0.096667
0 0.788438 0.065833 0.048125 0.095000
0 0.885938 0.065417 0.064375 0.100833
0 0.469375 0.034167 0.072500 0.068333
0 0.161250 0.030833 0.063750 0.061667