0 0.560000 0.971667 0.075000 0.056667
0 0.690000 0.951667 0.071250 0.096667
0 0.308125 0.903750 0.071250 0.090833
0 0.124063 0.905000 0.069375 0.093333
0 0.381875 0.902917 0.065000 0.104167
0 0.047813 0.881250 0.076875 0.070833
0 0.908438 0.864167 0.058125 0.080000
0 0.208437 0.836250 0.061875 0.092500
0 0.101250 0.832917 0.062500 0.092500
0 0.885312 0.824583 0.064375 0.089167
0 0.770000 0.821667 0.063750 0.093333
0 0.649687 0.813333 0.069375 0.085000
0 0.276250 0.812500 0.078750 0.091667
0 0.424375 0.805000 0.070000 0.088333
0 0.815312 0.813333 0.056875 0.110000
0 0.513437 0.802500 0.074375 0.090000
0 0.041875 0.792083 0.068750 0.090833
0 0.779062 0.726667 0.064375 0.083333
0 0.937187 0.725000 0.068125 0.088333
0 0.619375 0.726667 0.080000 0.100000
0 0.827812 0.706250 0.064375 0.104167
0 0.542500 0.689167 0.068750 0.096667
0 0.057188 0.658750 0.074375 0.077500
0 0.432812 0.662500 0.064375 0.093333
0 0.915937 0.635000 0.061875 0.081667
0 0.979062 0.632500 0.041875 0.081667
0 0.484687 0.629167 0.064375 0.083333
0 0.186250 0.622083 0.073750 0.099167
0 0.255937 0.607500 0.054375 0.085000
0 0.055313 0.590833 0.063125 0.068333
0 0.863125 0.574583 0.065000 0.085833
0 0.111562 0.562917 0.053125 0.085833
0 0.528125 0.564583 0.067500 0.090833
0 0.400938 0.553750 0.069375 0.092500
0 0.975313 0.548333 0.049375 0.083333
0 0.064062 0.530000 0.074375 0.095000
0 0.585938 0.512917 0.113125 0.119167
0 0.187500 0.492500 0.073750 0.085000
0 0.847187 0.477500 0.064375 0.088333
0 0.471875 0.452500 0.073750 0.071667
0 0.304375 0.449583 0.060000 0.085833
0 0.693125 0.447500 0.065000 0.083333
0 0.745938 0.387500 0.061875 0.075000
0 0.966250 0.387500 0.067500 0.093333
0 0.164062 0.371250 0.078125 0.092500
0 0.067187 0.336667 0.068125 0.081667
0 0.452813 0.330833 0.085625 0.090000
0 0.732187 0.310000 0.075625 0.073333
0 0.885312 0.299167 0.068125 0.098333
0 0.675000 0.266667 0.065000 0.078333
0 0.296250 0.267500 0.073750 0.081667
0 0.128438 0.274167 0.068125 0.105000
0 0.467813 0.247083 0.055625 0.077500
0 0.415625 0.245000 0.071250 0.090000
0 0.845313 0.211667 0.069375 0.101667
0 0.251875 0.194583 0.066250 0.100833
0 0.410313 0.188333 0.113125 0.095000
0 0.740313 0.206667 0.086875 0.146667
0 0.617500 0.180000 0.072500 0.098333
0 0.522188 0.170000 0.070625 0.096667
0 0.702187 0.168333 0.074375 0.096667
0 0.135625 0.138333 0.062500 0.091667
0 0.955000 0.128750 0.078750 0.084167
0 0.031563 0.126667 0.063125 0.090000
0 0.423438 0.097083 0.068125 0.084167
0 0.296875 0.080833 0.068750 0.093333
0 0.880313 0.069583 0.066875 0.090833
0 0.481250 0.077083 0.073750 0.107500
0 0.953438 0.041667 0.069375 0.083333
0 0.729375 0.027500 0.062500 0.055000
0 0.400938 0.028750 0.071875 0.057500