0 0.956875 0.969167 0.062500 0.061667
0 0.142500 0.961250 0.063750 0.077500
0 0.234063 0.949583 0.063125 0.079167
0 0.769687 0.951250 0.073125 0.087500
0 0.611563 0.930417 0.059375 0.080833
0 0.515938 0.905833 0.071875 0.098333
0 0.852500 0.892083 0.051250 0.075833
0 0.806562 0.897083 0.064375 0.090833
0 0.102500 0.884167 0.058750 0.080000
0 0.217812 0.878750 0.066875 0.070833
0 0.561875 0.862083 0.055000 0.067500
0 0.932500 0.846250 0.056250 0.074167
0 0.443125 0.816667 0.060000 0.071667
0 0.727812 0.817083 0.061875 0.082500
0 0.309375 0.794167 0.057500 0.085000
0 0.039375 0.782083 0.067500 0.090833
0 0.494375 0.775000 0.061250 0.080000
0 0.873437 0.764583 0.050625 0.072500
0 0.187188 0.770417 0.059375 0.099167
0 0.972812 0.755833 0.054375 0.088333
0 0.907500 0.716250 0.051250 0.080833
0 0.758125 0.710417 0.068750 0.080833
0 0.230000 0.706250 0.068750 0.092500
0 0.022812 0.706250 0.045625 0.095833
0 0.952187 0.701667 0.064375 0.088333
0 0.157812 0.685000 0.063125 0.078333
0 0.533438 0.677083 0.059375 0.077500
0 0.365000 0.657917 0.060000 0.074167
0 0.717812 0.624583 0.053125 0.072500
0 0.637500 0.632083 0.055000 0.095833
0 0.596250 0.623750 0.045000 0.094167
0 0.127812 0.567083 0.061875 0.085833
0 0.377812 0.536667 0.065625 0.088333
0 0.855000 0.534583 0.065000 0.087500
0 0.185312 0.532083 0.060625 0.084167
0 0.106563 0.498333 0.055625 0.076667
0 0.439063 0.500833 0.058125 0.086667
0 0.055313 0.484167 0.058125 0.080000
0 0.803438 0.470833 0.059375 0.083333
0 0.960313 0.461667 0.068125 0.081667
0 0.717812 0.438333 0.063125 0.096667
0 0.028750 0.407083 0.057500 0.075833
0 0.146875 0.403750 0.077500 0.079167
0 0.973750 0.397083 0.052500 0.082500
0 0.468750 0.396250 0.061250 0.087500
0 0.830625 0.392917 0.061250 0.082500
0 0.666250 0.387917 0.058750 0.077500
0 0.770312 0.337500 0.065625 0.093333
0 0.189688 0.328333 0.061875 0.076667
0 0.384062 0.327500 0.060625 0.086667
0 0.847500 0.319583 0.067500 0.080833
0 0.966250 0.304167 0.067500 0.078333
0 0.470625 0.301667 0.066250 0.083333
0 0.286250 0.268333 0.068750 0.078333
0 0.941875 0.257500 0.068750 0.081667
0 0.138750 0.230417 0.057500 0.074167
0 0.089688 0.228750 0.051875 0.077500
0 0.491563 0.220000 0.053125 0.093333
0 0.576875 0.195417 0.052500 0.080833
0 0.443437 0.201667 0.060625 0.095000
0 0.526250 0.194583 0.055000 0.089167
0 0.084062 0.153750 0.058125 0.070833
0 0.628750 0.152917 0.061250 0.084167
0 0.379063 0.140833 0.058125 0.086667
0 0.822500 0.112917 0.067500 0.089167
0 0.551562 0.115417 0.090625 0.107500
0 0.015000 0.071250 0.030000 0.090833
0 0.213750 0.067917 0.067500 0.085833
0 0.106563 0.065417 0.073125 0.090833
0 0.754062 0.056250 0.073125 0.087500
0 0.488125 0.042917 0.072500 0.085833
0 0.415000 0.029583 0.061250 0.059167
0 0.170313 0.037917 0.059375 0.075833