0 0.483438 0.957083 0.061875 0.085833
0 0.823125 0.941667 0.056250 0.073333
0 0.444688 0.904583 0.061875 0.064167
0 0.641250 0.910000 0.060000 0.080000
0 0.923125 0.886250 0.063750 0.090833
0 0.158750 0.858750 0.051250 0.090833
0 0.712187 0.878750 0.124375 0.135833
0 0.976562 0.847083 0.046875 0.084167
0 0.447813 0.840000 0.058125 0.070000
0 0.868750 0.850417 0.050000 0.102500
0 0.107188 0.838750 0.064375 0.102500
0 0.807187 0.829167 0.051875 0.088333
0 0.516563 0.822500 0.054375 0.076667
0 0.210000 0.818333 0.057500 0.120000
0 0.422500 0.786250 0.075000 0.082500
0 0.969063 0.762500 0.054375 0.078333
0 0.555312 0.744167 0.058125 0.078333
0 0.123750 0.734583 0.060000 0.082500
0 0.659687 0.719583 0.059375 0.092500
0 0.279062 0.700833 0.061875 0.075000
0 0.929688 0.679167 0.058125 0.080000
0 0.362500 0.674167 0.062500 0.081667
0 0.140625 0.655000 0.055000 0.078333
0 0.082812 0.669583 0.046875 0.117500
0 0.485625 0.629167 0.061250 0.060000
0 0.645625 0.591667 0.043750 0.115000
0 0.482187 0.569167 0.074375 0.071667
0 0.554063 0.570417 0.056875 0.085833
0 0.166875 0.562083 0.063750 0.072500
0 0.828125 0.570833 0.051250 0.095000
0 0.251563 0.562917 0.059375 0.085833
0 0.889375 0.535833 0.061250 0.080000
0 0.727812 0.528750 0.058125 0.080833
0 0.422812 0.513333 0.060625 0.088333
0 0.669687 0.498333 0.061875 0.090000
0 0.225000 0.486667 0.068750 0.071667
0 0.033750 0.489167 0.062500 0.100000
0 0.787188 0.462500 0.064375 0.091667
0 0.083750 0.464167 0.060000 0.096667
0 0.896250 0.451250 0.053750 0.089167
0 0.150625 0.450000 0.053750 0.095000
0 0.223750 0.428333 0.056250 0.076667
0 0.849375 0.420417 0.062500 0.095833
0 0.313437 0.382083 0.056875 0.082500
0 0.891563 0.364583 0.073125 0.092500
0 0.713437 0.360833 0.065625 0.091667
0 0.349687 0.347500 0.071875 0.085000
0 0.608750 0.341667 0.058750 0.081667
0 0.938125 0.314167 0.056250 0.075000
0 0.192812 0.316667 0.064375 0.080000
0 0.641250 0.293750 0.048750 0.092500
0 0.689375 0.288333 0.050000 0.083333
0 0.474375 0.279583 0.060000 0.087500
0 0.592187 0.271667 0.059375 0.075000
0 0.368437 0.273750 0.051875 0.087500
0 0.860938 0.265417 0.063125 0.080833
0 0.421875 0.282917 0.048750 0.120833
0 0.537500 0.259167 0.057500 0.075000
0 0.483438 0.216250 0.076875 0.089167
0 0.585625 0.203333 0.053750 0.066667
0 0.205937 0.194583 0.055625 0.064167
0 0.221562 0.159167 0.073125 0.088333
0 0.320000 0.134583 0.057500 0.095833
0 0.067187 0.120000 0.058125 0.080000
0 0.125000 0.107917 0.052500 0.069167
0 0.710313 0.108750 0.059375 0.085833
0 0.624062 0.107917 0.048125 0.092500
0 0.982187 0.105417 0.035625 0.097500
0 0.246250 0.092917 0.073750 0.114167
0 0.135313 0.054583 0.071875 0.075833
0 0.753125 0.053333 0.058750 0.083333
0 0.671875 0.055417 0.058750 0.094167
0 0.839688 0.030833 0.063125 0.061667
0 0.715313 0.017083 0.048125 0.034167
0 0.532500 0.030000 0.060000 0.060000
0 0.272188 0.019167 0.046875 0.038333
0 0.230313 0.016667 0.048125 0.033333
0 0.170000 0.015000 0.055000 0.030000