0 0.225000 0.983750 0.062500 0.032500
0 0.940312 0.977083 0.043125 0.045833
0 0.470625 0.977083 0.055000 0.045833
0 0.816875 0.971250 0.065000 0.057500
0 0.865313 0.939583 0.058125 0.075833
0 0.328125 0.924583 0.052500 0.069167
0 0.435625 0.902083 0.056250 0.062500
0 0.841562 0.860417 0.050625 0.070833
0 0.104375 0.858750 0.060000 0.090833
0 0.635625 0.850000 0.050000 0.081667
0 0.188125 0.840417 0.052500 0.069167
0 0.050625 0.839583 0.052500 0.070833
0 0.371875 0.846250 0.060000 0.087500
0 0.009687 0.827500 0.019375 0.060000
0 0.915937 0.797917 0.045625 0.069167
0 0.312500 0.819167 0.052500 0.123333
0 0.860625 0.792083 0.053750 0.074167
0 0.344687 0.770833 0.053125 0.068333
0 0.758750 0.759167 0.051250 0.066667
0 0.458125 0.747083 0.052500 0.077500
0 0.075313 0.740000 0.059375 0.075000
0 0.655000 0.723333 0.053750 0.070000
0 0.967500 0.727500 0.065000 0.093333
0 0.901563 0.715417 0.044375 0.069167
0 0.383437 0.710000 0.049375 0.063333
0 0.025937 0.717500 0.051875 0.083333
0 0.254688 0.718333 0.055625 0.086667
0 0.722812 0.696250 0.054375 0.064167
0 0.585313 0.702500 0.043125 0.083333
0 0.098125 0.660417 0.052500 0.070833
0 0.935625 0.660417 0.062500 0.074167
0 0.625000 0.660833 0.057500 0.081667
0 0.873125 0.649583 0.056250 0.077500
0 0.262188 0.632917 0.061875 0.082500
0 0.022500 0.608750 0.045000 0.065833
0 0.061250 0.561667 0.051250 0.075000
0 0.429063 0.557500 0.049375 0.073333
0 0.941250 0.550000 0.058750 0.066667
0 0.109375 0.555000 0.046250 0.083333
0 0.503437 0.528750 0.050625 0.070833
0 0.246562 0.525417 0.058125 0.077500
0 0.662500 0.517083 0.063750 0.092500
0 0.306875 0.499167 0.062500 0.071667
0 0.361563 0.489583 0.045625 0.069167
0 0.783438 0.480000 0.055625 0.070000
0 0.412187 0.473750 0.049375 0.069167
0 0.579688 0.475833 0.059375 0.078333
0 0.124688 0.473333 0.050625 0.075000
0 0.470938 0.484583 0.061875 0.102500
0 0.202813 0.465000 0.055625 0.085000
0 0.850625 0.457083 0.051250 0.072500
0 0.537188 0.453333 0.053125 0.071667
0 0.696875 0.440000 0.050000 0.073333
0 0.643750 0.429583 0.048750 0.074167
0 0.064375 0.429583 0.077500 0.079167
0 0.927500 0.421250 0.050000 0.069167
0 0.593125 0.412083 0.053750 0.070833
0 0.747188 0.411667 0.055625 0.076667
0 0.037187 0.366250 0.049375 0.060833
0 0.329688 0.373750 0.051875 0.080833
0 0.859375 0.360000 0.052500 0.056667
0 0.259062 0.372917 0.054375 0.085833
0 0.797813 0.354167 0.059375 0.075000
0 0.123125 0.347500 0.050000 0.068333
0 0.982812 0.347083 0.034375 0.074167
0 0.414062 0.324583 0.069375 0.082500
0 0.596562 0.321250 0.061875 0.082500
0 0.059062 0.303750 0.053125 0.074167
0 0.917188 0.317083 0.091875 0.110833
0 0.847812 0.293333 0.073125 0.081667
0 0.488438 0.273750 0.056875 0.080833
0 0.409375 0.257917 0.050000 0.064167
0 0.186562 0.242500 0.054375 0.076667
0 0.342813 0.235417 0.056875 0.067500
0 0.916250 0.227083 0.047500 0.060833
0 0.067500 0.224583 0.056250 0.072500
0 0.543438 0.227083 0.061875 0.087500
0 0.867188 0.212083 0.053125 0.069167
0 0.125625 0.212500 0.058750 0.076667
0 0.572500 0.159583 0.052500 0.064167
0 0.503125 0.156667 0.056250 0.071667
0 0.236250 0.158333 0.066250 0.075000
0 0.924687 0.137917 0.059375 0.070833
0 0.814375 0.122500 0.061250 0.083333
0 0.338750 0.117083 0.056250 0.074167
0 0.398438 0.105417 0.053125 0.070833
0 0.061562 0.107083 0.060625 0.080833
0 0.970625 0.099583 0.051250 0.074167
0 0.748437 0.095833 0.056875 0.076667
0 0.869062 0.085000 0.053125 0.065000
0 0.533750 0.090833 0.046250 0.076667
0 0.480625 0.086250 0.055000 0.074167
0 0.574688 0.062917 0.059375 0.089167
0 0.122188 0.059583 0.059375 0.085833
0 0.715313 0.052083 0.058125 0.077500
0 0.786875 0.032500 0.070000 0.065000
0 0.469687 0.015417 0.050625 0.030833
0 0.283438 0.036667 0.051875 0.073333
0 0.234375 0.016250 0.051250 0.032500