0 0.099687 0.942083 0.065625 0.082500
0 0.360000 0.910417 0.070000 0.087500
0 0.435312 0.901250 0.068125 0.080833
0 0.786563 0.865000 0.059375 0.100000
0 0.749687 0.853750 0.058125 0.085833
0 0.194375 0.825417 0.067500 0.090833
0 0.052187 0.798333 0.059375 0.078333
0 0.777813 0.774583 0.078125 0.084167
0 0.493750 0.774583 0.067500 0.084167
0 0.437188 0.766250 0.054375 0.084167
0 0.718125 0.724583 0.057500 0.084167
0 0.473438 0.692083 0.074375 0.077500
0 0.967812 0.662083 0.064375 0.085833
0 0.490000 0.644583 0.066250 0.085833
0 0.944375 0.602083 0.063750 0.090833
0 0.385313 0.592500 0.053125 0.071667
0 0.604688 0.389167 0.079375 0.103333
0 0.421563 0.381667 0.079375 0.091667
0 0.952500 0.330833 0.078750 0.093333
0 0.819063 0.331250 0.075625 0.102500
0 0.041250 0.325000 0.073750 0.098333
0 0.178125 0.284167 0.078750 0.100000
0 0.620000 0.235417 0.068750 0.090833
0 0.239687 0.235833 0.070625 0.128333
0 0.844063 0.186250 0.064375 0.085833
0 0.789062 0.032083 0.071875 0.064167
0 0.125312 0.023750 0.079375 0.047500