0 0.097187 0.969583 0.080625 0.060833
0 0.407500 0.962500 0.063750 0.075000
0 0.582187 0.959583 0.059375 0.080833
0 0.031250 0.957917 0.062500 0.084167
0 0.516875 0.952083 0.076250 0.074167
0 0.302187 0.954167 0.066875 0.091667
0 0.677813 0.926250 0.086875 0.082500
0 0.613437 0.914167 0.074375 0.081667
0 0.960000 0.909167 0.080000 0.076667
0 0.240937 0.899167 0.068125 0.086667
0 0.183750 0.894583 0.075000 0.095833
0 0.482187 0.885833 0.071875 0.086667
0 0.546875 0.878333 0.070000 0.073333
0 0.022812 0.879167 0.045625 0.083333
0 0.905937 0.867083 0.109375 0.095833
0 0.415000 0.860417 0.062500 0.102500
0 0.630313 0.851667 0.074375 0.086667
0 0.674063 0.842083 0.059375 0.084167
0 0.545312 0.808333 0.065625 0.078333
0 0.706875 0.798333 0.062500 0.080000
0 0.365000 0.778750 0.071250 0.090833
0 0.169687 0.770417 0.046875 0.092500
0 0.119375 0.770417 0.056250 0.097500
0 0.672813 0.755833 0.098125 0.078333
0 0.049688 0.779583 0.080625 0.127500
0 0.795312 0.778750 0.083125 0.129167
0 0.594063 0.748333 0.068125 0.088333
0 0.530000 0.720417 0.070000 0.072500
0 0.217812 0.718333 0.074375 0.095000
0 0.112187 0.708750 0.071875 0.094167
0 0.673438 0.697917 0.070625 0.074167
0 0.368750 0.685417 0.070000 0.089167
0 0.967187 0.673750 0.064375 0.087500
0 0.248125 0.657917 0.080000 0.077500
0 0.155625 0.657083 0.086250 0.079167
0 0.726562 0.660000 0.058125 0.096667
0 0.315625 0.621250 0.060000 0.074167
0 0.038437 0.619167 0.076875 0.080000
0 0.579688 0.618333 0.074375 0.088333
0 0.646250 0.615000 0.058750 0.091667
0 0.465625 0.611250 0.072500 0.085833
0 0.713437 0.612500 0.068125 0.091667
0 0.396250 0.591667 0.077500 0.080000
0 0.225625 0.584167 0.061250 0.068333
0 0.279062 0.589583 0.073125 0.094167
0 0.529687 0.566250 0.069375 0.077500
0 0.020000 0.549167 0.040000 0.085000
0 0.730313 0.531250 0.061875 0.087500
0 0.162500 0.519167 0.075000 0.073333
0 0.327500 0.527500 0.067500 0.093333
0 0.670625 0.522917 0.081250 0.089167
0 0.497500 0.512500 0.077500 0.078333
0 0.577500 0.507083 0.083750 0.080833
0 0.106875 0.500000 0.058750 0.081667
0 0.943750 0.492917 0.068750 0.094167
0 0.265937 0.477083 0.096875 0.089167
0 0.048125 0.459583 0.077500 0.089167
0 0.784687 0.465833 0.066875 0.110000
0 0.500625 0.442917 0.073750 0.089167
0 0.750625 0.440417 0.062500 0.094167
0 0.264688 0.419167 0.074375 0.060000
0 0.865313 0.425000 0.061875 0.096667
0 0.726875 0.407500 0.065000 0.086667
0 0.411250 0.411250 0.061250 0.094167
0 0.957812 0.410000 0.084375 0.121667
0 0.381563 0.396667 0.089375 0.103333
0 0.344062 0.368333 0.071875 0.073333
0 0.053125 0.370833 0.056250 0.085000
0 0.104688 0.361250 0.051875 0.087500
0 0.276250 0.346250 0.062500 0.082500
0 0.910312 0.345417 0.070625 0.087500
0 0.975000 0.330000 0.050000 0.066667
0 0.039375 0.325417 0.070000 0.085833
0 0.717812 0.320000 0.089375 0.106667
0 0.463438 0.313750 0.054375 0.112500
0 0.226250 0.290833 0.065000 0.085000
0 0.499375 0.290417 0.062500 0.099167
0 0.593125 0.273750 0.058750 0.102500
0 0.966875 0.261250 0.066250 0.084167
0 0.396250 0.255000 0.062500 0.086667
0 0.644062 0.252917 0.074375 0.085833
0 0.699688 0.245417 0.065625 0.095833
0 0.050625 0.235417 0.090000 0.104167
0 0.230937 0.210000 0.094375 0.071667
0 0.136563 0.215417 0.064375 0.090833
0 0.752188 0.214583 0.060625 0.097500
0 0.839063 0.213333 0.068125 0.098333
0 0.675312 0.176250 0.066875 0.072500
0 0.218750 0.135833 0.096250 0.078333
0 0.495312 0.140833 0.059375 0.093333
0 0.876563 0.137083 0.069375 0.097500
0 0.775937 0.128333 0.070625 0.083333
0 0.448437 0.121250 0.053125 0.092500
0 0.291563 0.126667 0.103125 0.108333
0 0.937813 0.112500 0.069375 0.096667
0 0.379688 0.111250 0.061875 0.095833
0 0.650000 0.074583 0.070000 0.084167
0 0.559688 0.077917 0.069375 0.097500
0 0.723750 0.062917 0.070000 0.094167
0 0.374375 0.054167 0.103750 0.078333
0 0.910000 0.041667 0.067500 0.083333
0 0.270000 0.037917 0.061250 0.075833
0 0.021875 0.032500 0.043750 0.065000