0 0.138125 0.986667 0.046250 0.026667
0 0.433750 0.980000 0.063750 0.040000
0 0.786250 0.979167 0.071250 0.041667
0 0.085938 0.975000 0.061875 0.050000
0 0.625000 0.969583 0.085000 0.060833
0 0.337187 0.968333 0.065625 0.063333
0 0.210625 0.950000 0.060000 0.083333
0 0.076563 0.933333 0.055625 0.060000
0 0.022500 0.942917 0.045000 0.084167
0 0.607187 0.934583 0.070625 0.077500
0 0.536563 0.935000 0.056875 0.085000
0 0.111875 0.908333 0.058750 0.083333
0 0.306875 0.897917 0.063750 0.074167
0 0.800937 0.864583 0.066875 0.089167
0 0.325313 0.832083 0.064375 0.075833
0 0.662813 0.822083 0.055625 0.065833
0 0.487812 0.820833 0.060625 0.085000
0 0.970625 0.815833 0.058750 0.085000
0 0.532500 0.782917 0.053750 0.080833
0 0.617188 0.787500 0.059375 0.093333
0 0.267188 0.766667 0.076875 0.095000
0 0.912188 0.746250 0.065625 0.084167
0 0.575000 0.744583 0.058750 0.084167
0 0.747500 0.737500 0.061250 0.088333
0 0.173125 0.725833 0.067500 0.076667
0 0.444375 0.733333 0.083750 0.095000
0 0.345313 0.721667 0.063125 0.081667
0 0.970000 0.711250 0.060000 0.085833
0 0.852187 0.693333 0.051875 0.076667
0 0.202187 0.665833 0.081875 0.095000
0 0.019062 0.660000 0.038125 0.093333
0 0.572500 0.646667 0.057500 0.083333
0 0.652188 0.641667 0.055625 0.095000
0 0.429375 0.620417 0.060000 0.075833
0 0.812187 0.614583 0.069375 0.080833
0 0.721562 0.592917 0.051875 0.080833
0 0.973437 0.576667 0.053125 0.086667
0 0.562187 0.570417 0.064375 0.075833
0 0.432812 0.555417 0.070625 0.072500
0 0.944063 0.555833 0.069375 0.085000
0 0.385000 0.546667 0.061250 0.085000
0 0.026562 0.510417 0.053125 0.085833
0 0.417812 0.465000 0.061875 0.080000
0 0.112187 0.448750 0.064375 0.084167
0 0.238750 0.425833 0.063750 0.075000
0 0.849688 0.399167 0.058125 0.081667
0 0.236250 0.368750 0.062500 0.065833
0 0.616563 0.373333 0.065625 0.080000
0 0.365625 0.370833 0.062500 0.083333
0 0.907188 0.362917 0.055625 0.074167
0 0.302812 0.368750 0.056875 0.114167
0 0.475938 0.325417 0.051875 0.077500
0 0.625313 0.317500 0.066875 0.065000
0 0.061250 0.311667 0.053750 0.081667
0 0.708750 0.270417 0.056250 0.075833
0 0.060937 0.246250 0.075625 0.054167
0 0.842812 0.240000 0.066875 0.085000
0 0.975938 0.240000 0.048125 0.090000
0 0.105313 0.199167 0.078125 0.070000
0 0.931562 0.209583 0.073125 0.097500
0 0.202813 0.185417 0.064375 0.082500
0 0.702812 0.175417 0.061875 0.085833
0 0.828750 0.170833 0.060000 0.090000
0 0.696250 0.129167 0.076250 0.066667
0 0.746563 0.146250 0.048125 0.104167
0 0.115937 0.136250 0.061875 0.084167
0 0.953438 0.136667 0.061875 0.090000
0 0.278125 0.127917 0.066250 0.074167
0 0.071875 0.116250 0.063750 0.090833
0 0.361563 0.098750 0.070625 0.084167
0 0.691562 0.058750 0.070625 0.070833
0 0.159062 0.052500 0.048125 0.080000
0 0.942813 0.032917 0.059375 0.065833
0 0.733437 0.019583 0.054375 0.039167
0 0.656563 0.027917 0.094375 0.055833
0 0.587812 0.019583 0.048125 0.039167
0 0.370000 0.022917 0.048750 0.045833
0 0.198750 0.039583 0.065000 0.079167