0 0.250312 0.976250 0.059375 0.047500
0 0.911250 0.972917 0.066250 0.054167
0 0.408750 0.968333 0.060000 0.063333
0 0.496875 0.967500 0.075000 0.065000
0 0.972500 0.959583 0.055000 0.080833
0 0.651875 0.953750 0.072500 0.092500
0 0.252188 0.926250 0.089375 0.080833
0 0.351875 0.928750 0.085000 0.117500
0 0.304063 0.895833 0.055625 0.066667
0 0.441563 0.905000 0.065625 0.091667
0 0.935312 0.904167 0.068125 0.120000
0 0.499688 0.879167 0.056875 0.076667
0 0.070625 0.875833 0.073750 0.078333
0 0.909375 0.854583 0.070000 0.097500
0 0.549063 0.829167 0.069375 0.088333
0 0.848750 0.820000 0.063750 0.080000
0 0.397500 0.821250 0.066250 0.089167
0 0.265937 0.807500 0.066875 0.088333
0 0.780312 0.800000 0.075625 0.076667
0 0.659062 0.800000 0.060625 0.085000
0 0.017812 0.786250 0.035625 0.077500
0 0.455937 0.768333 0.061875 0.073333
0 0.567500 0.760000 0.067500 0.066667
0 0.894687 0.760417 0.059375 0.077500
0 0.362187 0.746667 0.065625 0.088333
0 0.106250 0.739583 0.063750 0.092500
0 0.955937 0.728750 0.070625 0.084167
0 0.286562 0.715417 0.050625 0.072500
0 0.775625 0.719583 0.081250 0.085833
0 0.559063 0.695000 0.065625 0.071667
0 0.140937 0.695000 0.060625 0.091667
0 0.333750 0.683333 0.050000 0.085000
0 0.223750 0.666667 0.075000 0.076667
0 0.459688 0.672083 0.060625 0.090833
0 0.840625 0.654583 0.060000 0.080833
0 0.112500 0.642500 0.060000 0.081667
0 0.268750 0.630000 0.056250 0.070000
0 0.480000 0.642917 0.061250 0.099167
0 0.394688 0.627917 0.056875 0.082500
0 0.031875 0.642083 0.063750 0.114167
0 0.545937 0.617083 0.070625 0.094167
0 0.350000 0.600417 0.063750 0.085833
0 0.079062 0.587917 0.058125 0.080833
0 0.793750 0.586250 0.065000 0.087500
0 0.150000 0.580417 0.063750 0.077500
0 0.210313 0.572500 0.059375 0.083333
0 0.501563 0.546667 0.064375 0.080000
0 0.624062 0.537500 0.054375 0.076667
0 0.670000 0.528750 0.041250 0.072500
0 0.112812 0.533333 0.061875 0.081667
0 0.766875 0.522917 0.056250 0.084167
0 0.896563 0.520000 0.059375 0.090000
0 0.233750 0.517500 0.065000 0.088333
0 0.284687 0.514583 0.054375 0.084167
0 0.718125 0.530417 0.060000 0.117500
0 0.410938 0.504583 0.064375 0.087500
0 0.538438 0.497083 0.063125 0.082500
0 0.471562 0.496250 0.055625 0.080833
0 0.830625 0.503333 0.067500 0.096667
0 0.161250 0.497500 0.067500 0.088333
0 0.350000 0.481250 0.047500 0.069167
0 0.607500 0.480833 0.058750 0.100000
0 0.093438 0.475417 0.068125 0.112500
0 0.026875 0.463750 0.053750 0.089167
0 0.286875 0.444167 0.060000 0.063333
0 0.420938 0.441250 0.065625 0.059167
0 0.188750 0.441250 0.057500 0.074167
0 0.854688 0.438750 0.055625 0.084167
0 0.483125 0.421250 0.063750 0.069167
0 0.365625 0.412083 0.051250 0.074167
0 0.682813 0.413750 0.090625 0.095833
0 0.224688 0.385000 0.058125 0.083333
0 0.105625 0.385417 0.066250 0.085833
0 0.283750 0.381250 0.068750 0.082500
0 0.605000 0.373333 0.056250 0.070000
0 0.036875 0.378333 0.073750 0.091667
0 0.884375 0.347500 0.055000 0.075000
0 0.348125 0.346250 0.055000 0.082500
0 0.664062 0.331667 0.054375 0.065000
0 0.976562 0.334583 0.046875 0.074167
0 0.445312 0.338750 0.068125 0.087500
0 0.828750 0.305417 0.065000 0.069167
0 0.929063 0.299167 0.064375 0.065000
0 0.566875 0.300833 0.058750 0.081667
0 0.501875 0.289167 0.060000 0.078333
0 0.626563 0.273750 0.069375 0.075833
0 0.717500 0.265000 0.056250 0.071667
0 0.358125 0.262917 0.053750 0.079167
0 0.511563 0.234167 0.064375 0.073333
0 0.769375 0.231667 0.051250 0.075000
0 0.826250 0.230417 0.065000 0.075833
0 0.930312 0.231667 0.056875 0.080000
0 0.669687 0.226250 0.054375 0.070833
0 0.440937 0.208750 0.060625 0.077500
0 0.403125 0.190417 0.056250 0.090833
0 0.591875 0.184583 0.095000 0.100833
0 0.904687 0.174583 0.069375 0.085833
0 0.686250 0.167917 0.056250 0.077500
0 0.809688 0.159583 0.059375 0.070833
0 0.491250 0.154167 0.055000 0.081667
0 0.069062 0.144583 0.064375 0.087500
0 0.847500 0.122917 0.057500 0.069167
0 0.748750 0.122083 0.060000 0.094167
0 0.975000 0.110833 0.050000 0.076667
0 0.650000 0.124167 0.046250 0.105000
0 0.606875 0.105833 0.056250 0.078333
0 0.901250 0.084583 0.062500 0.074167
0 0.527188 0.075417 0.060625 0.080833
0 0.278750 0.075000 0.070000 0.080000
0 0.808125 0.061250 0.065000 0.090833
0 0.855938 0.049167 0.063125 0.071667
0 0.675312 0.055833 0.066875 0.090000
0 0.715313 0.025417 0.054375 0.050833