0 0.365938 0.978333 0.065625 0.043333
0 0.575313 0.974167 0.054375 0.051667
0 0.506875 0.972083 0.070000 0.055833
0 0.264688 0.971250 0.066875 0.057500
0 0.183438 0.971250 0.074375 0.057500
0 0.884687 0.969167 0.048125 0.061667
0 0.095312 0.969167 0.064375 0.061667
0 0.676875 0.955833 0.057500 0.078333
0 0.366250 0.928750 0.050000 0.054167
0 0.768750 0.945000 0.056250 0.093333
0 0.961250 0.927500 0.068750 0.090000
0 0.822500 0.917500 0.070000 0.075000
0 0.553125 0.920000 0.060000 0.088333
0 0.609062 0.900833 0.054375 0.075000
0 0.725625 0.902917 0.071250 0.080833
0 0.307500 0.912917 0.086250 0.119167
0 0.500625 0.884583 0.053750 0.064167
0 0.157812 0.884167 0.058125 0.083333
0 0.100625 0.888750 0.080000 0.114167
0 0.834063 0.860417 0.056875 0.072500
0 0.416875 0.893333 0.102500 0.176667
0 0.905937 0.828333 0.053125 0.075000
0 0.545312 0.828750 0.070625 0.080833
0 0.324062 0.819167 0.075625 0.123333
0 0.742188 0.807917 0.116875 0.112500
0 0.513125 0.781250 0.062500 0.082500
0 0.855938 0.775833 0.066875 0.091667
0 0.638125 0.760417 0.070000 0.074167
0 0.950625 0.755417 0.063750 0.090833
0 0.282500 0.747500 0.060000 0.080000
0 0.370312 0.747500 0.066875 0.088333
0 0.228125 0.729167 0.056250 0.065000
0 0.170625 0.737917 0.073750 0.125833
0 0.115937 0.711250 0.065625 0.085833
0 0.897813 0.709583 0.060625 0.087500
0 0.395313 0.698750 0.065625 0.077500
0 0.020000 0.687500 0.040000 0.078333
0 0.267813 0.677500 0.058125 0.066667
0 0.959688 0.683333 0.064375 0.081667
0 0.075938 0.679167 0.059375 0.073333
0 0.635312 0.678750 0.055625 0.082500
0 0.454688 0.672500 0.051875 0.080000
0 0.840000 0.668750 0.048750 0.090833
0 0.578438 0.660000 0.061875 0.085000
0 0.333750 0.665000 0.077500 0.096667
0 0.793750 0.640417 0.073750 0.074167
0 0.390000 0.634583 0.053750 0.067500
0 0.910625 0.631667 0.060000 0.071667
0 0.280000 0.613333 0.060000 0.073333
0 0.211875 0.606667 0.053750 0.076667
0 0.646563 0.607083 0.059375 0.090833
0 0.853437 0.589167 0.050625 0.070000
0 0.347187 0.560417 0.063125 0.072500
0 0.546562 0.559583 0.064375 0.084167
0 0.084062 0.563333 0.073125 0.093333
0 0.702812 0.574583 0.095625 0.122500
0 0.282813 0.541667 0.063125 0.063333
0 0.432188 0.552500 0.068125 0.098333
0 0.799687 0.536667 0.108125 0.143333
0 0.219375 0.508750 0.062500 0.087500
0 0.900312 0.507500 0.066875 0.091667
0 0.370000 0.495417 0.063750 0.082500
0 0.017812 0.475417 0.035625 0.082500
0 0.420625 0.460417 0.066250 0.077500
0 0.284375 0.443333 0.062500 0.078333
0 0.067812 0.417083 0.054375 0.065833
0 0.554375 0.440417 0.102500 0.149167
0 0.335938 0.400417 0.080625 0.085833
0 0.832187 0.350417 0.068125 0.090833
0 0.284687 0.322083 0.073125 0.125833
0 0.667500 0.283750 0.058750 0.084167
0 0.520312 0.275833 0.068125 0.078333
0 0.294687 0.223750 0.058125 0.074167
0 0.568438 0.229583 0.069375 0.090833
0 0.496875 0.223333 0.071250 0.088333
0 0.974063 0.236250 0.051875 0.120833
0 0.433750 0.207083 0.060000 0.077500
0 0.120313 0.191667 0.076875 0.086667
0 0.194375 0.191667 0.067500 0.090000
0 0.350625 0.192500 0.071250 0.100000
0 0.693750 0.185000 0.068750 0.096667
0 0.742188 0.166667 0.084375 0.080000
0 0.410938 0.144167 0.076875 0.101667
0 0.124375 0.122917 0.071250 0.065833
0 0.052187 0.137500 0.066875 0.101667
0 0.185625 0.097917 0.068750 0.090833
0 0.437500 0.061250 0.071250 0.097500
0 0.752500 0.054583 0.107500 0.109167
0 0.075000 0.042083 0.150000 0.084167