0 0.939375 0.971250 0.058750 0.057500
0 0.300312 0.967083 0.079375 0.065833
0 0.595625 0.966250 0.067500 0.067500
0 0.799687 0.957500 0.066875 0.085000
0 0.920625 0.920833 0.055000 0.070000
0 0.866250 0.898333 0.061250 0.088333
0 0.557500 0.895833 0.063750 0.086667
0 0.257812 0.878333 0.065625 0.083333
0 0.810000 0.875417 0.060000 0.082500
0 0.092813 0.870417 0.064375 0.075833
0 0.981563 0.816250 0.036875 0.080833
0 0.246250 0.806250 0.057500 0.069167
0 0.914687 0.811250 0.049375 0.085833
0 0.022187 0.806667 0.044375 0.088333
0 0.286250 0.795417 0.056250 0.080833
0 0.132812 0.801667 0.095625 0.093333
0 0.604375 0.796667 0.070000 0.121667
0 0.768125 0.777917 0.068750 0.089167
0 0.541875 0.773333 0.058750 0.085000
0 0.942187 0.749167 0.058125 0.076667
0 0.710313 0.736667 0.064375 0.076667
0 0.281875 0.728750 0.058750 0.077500
0 0.463125 0.722083 0.065000 0.084167
0 0.157812 0.720000 0.065625 0.090000
0 0.075000 0.675417 0.057500 0.064167
0 0.571250 0.687917 0.073750 0.090833
0 0.259375 0.672083 0.046250 0.077500
0 0.636250 0.684167 0.067500 0.111667
0 0.022812 0.653333 0.045625 0.091667
0 0.490938 0.645000 0.064375 0.090000
0 0.163125 0.622917 0.067500 0.082500
0 0.835625 0.622083 0.072500 0.089167
0 0.626563 0.620000 0.063125 0.085000
0 0.967500 0.621250 0.065000 0.097500
0 0.225000 0.602500 0.062500 0.080000
0 0.104375 0.590833 0.067500 0.078333
0 0.897188 0.575000 0.059375 0.075000
0 0.550625 0.585417 0.080000 0.100833
0 0.037812 0.541250 0.066875 0.077500
0 0.122813 0.541250 0.063125 0.079167
0 0.614062 0.546250 0.078125 0.095833
0 0.216875 0.517083 0.068750 0.090833
0 0.894687 0.502917 0.071875 0.077500
0 0.651250 0.509167 0.087500 0.103333
0 0.724063 0.486667 0.068125 0.083333
0 0.194375 0.436250 0.051250 0.079167
0 0.945937 0.442500 0.068125 0.093333
0 0.252500 0.428333 0.068750 0.086667
0 0.140937 0.414167 0.066875 0.088333
0 0.049375 0.430833 0.078750 0.123333
0 0.420000 0.397500 0.072500 0.081667
0 0.200000 0.353750 0.062500 0.069167
0 0.418125 0.337917 0.065000 0.100833
0 0.145313 0.325417 0.071875 0.080833
0 0.853125 0.322500 0.062500 0.076667
0 0.368750 0.321667 0.063750 0.108333
0 0.479063 0.307500 0.066875 0.081667
0 0.772813 0.309167 0.058125 0.090000
0 0.817187 0.292500 0.054375 0.085000
0 0.037500 0.277917 0.053750 0.082500
0 0.190000 0.278333 0.062500 0.085000
0 0.932813 0.268333 0.056875 0.068333
0 0.858125 0.250833 0.065000 0.065000
0 0.284375 0.250000 0.056250 0.073333
0 0.499063 0.237500 0.064375 0.076667
0 0.606875 0.227917 0.061250 0.070833
0 0.673750 0.236667 0.072500 0.100000
0 0.356563 0.228750 0.094375 0.094167
0 0.922188 0.206667 0.065625 0.078333
0 0.730625 0.210417 0.073750 0.092500
0 0.223750 0.206250 0.072500 0.092500
0 0.867500 0.195000 0.063750 0.086667
0 0.808750 0.183750 0.071250 0.077500
0 0.566562 0.170417 0.059375 0.074167
0 0.142813 0.166250 0.121875 0.122500
0 0.281875 0.144167 0.076250 0.083333
0 0.502500 0.152500 0.077500 0.116667
0 0.046562 0.140000 0.093125 0.121667
0 0.970313 0.147917 0.059375 0.142500
0 0.323750 0.107500 0.068750 0.096667
0 0.619062 0.102500 0.064375 0.093333
0 0.589375 0.076667 0.063750 0.080000
0 0.688750 0.089583 0.067500 0.112500
0 0.437500 0.067083 0.071250 0.087500
0 0.270313 0.062083 0.069375 0.082500
0 0.644062 0.026667 0.058125 0.053333
0 0.540937 0.040417 0.063125 0.080833