0 0.612812 0.974167 0.055625 0.051667
0 0.359063 0.953750 0.064375 0.085833
0 0.067187 0.954167 0.069375 0.091667
0 0.177187 0.952917 0.063125 0.094167
0 0.868125 0.949167 0.063750 0.088333
0 0.261250 0.952500 0.082500 0.095000
0 0.724063 0.949583 0.061875 0.100833
0 0.520625 0.942500 0.081250 0.101667
0 0.792813 0.914167 0.069375 0.108333
0 0.167187 0.871667 0.056875 0.076667
0 0.458750 0.867917 0.070000 0.082500
0 0.376875 0.880000 0.073750 0.113333
0 0.316250 0.852917 0.063750 0.080833
0 0.097187 0.854583 0.066875 0.094167
0 0.201875 0.839167 0.061250 0.086667
0 0.596875 0.864167 0.078750 0.141667
0 0.952187 0.868333 0.094375 0.181667
0 0.742188 0.830833 0.069375 0.113333
0 0.531250 0.818750 0.071250 0.099167
0 0.669375 0.841667 0.077500 0.146667
0 0.843437 0.830417 0.056875 0.132500
0 0.365312 0.797083 0.065625 0.072500
0 0.041563 0.799583 0.079375 0.119167
0 0.418438 0.750417 0.049375 0.100833
0 0.072188 0.728333 0.065625 0.081667
0 0.940000 0.725000 0.120000 0.088333
0 0.591250 0.722500 0.078750 0.113333
0 0.275625 0.728333 0.128750 0.140000
0 0.788438 0.730417 0.078125 0.147500
0 0.019375 0.686667 0.038750 0.085000
0 0.660000 0.702917 0.083750 0.124167
0 0.498125 0.705417 0.101250 0.129167
0 0.192812 0.683333 0.055625 0.086667
0 0.324062 0.653750 0.088125 0.090833
0 0.916562 0.629583 0.063125 0.080833
0 0.734688 0.621250 0.060625 0.084167
0 0.271562 0.610833 0.063125 0.081667
0 0.773438 0.597500 0.061875 0.076667
0 0.426250 0.607083 0.095000 0.095833
0 0.621875 0.605000 0.093750 0.093333
0 0.982500 0.597083 0.035000 0.084167
0 0.949063 0.573333 0.051875 0.078333
0 0.533750 0.570000 0.075000 0.081667
0 0.354063 0.575417 0.088125 0.097500
0 0.185625 0.557500 0.058750 0.071667
0 0.832187 0.592083 0.088125 0.172500
0 0.663750 0.531667 0.067500 0.068333
0 0.297500 0.531250 0.061250 0.082500
0 0.081562 0.612083 0.163125 0.247500
0 0.900312 0.511250 0.056875 0.100833
0 0.165313 0.493333 0.069375 0.081667
0 0.440312 0.487500 0.081875 0.105000
0 0.801562 0.458333 0.063125 0.076667
0 0.237500 0.470833 0.063750 0.106667
0 0.724375 0.469583 0.077500 0.105833
0 0.607812 0.468333 0.140625 0.110000
0 0.070625 0.480417 0.116250 0.139167
0 0.962500 0.431250 0.075000 0.105833
0 0.671562 0.414583 0.054375 0.075833
0 0.504687 0.450417 0.085625 0.149167
0 0.185000 0.407917 0.080000 0.087500
0 0.878437 0.405000 0.093125 0.090000
0 0.369063 0.418333 0.069375 0.120000
0 0.275625 0.389167 0.056250 0.085000
0 0.073125 0.370000 0.122500 0.105000
0 0.978125 0.302083 0.043750 0.075833
0 0.708438 0.321250 0.084375 0.157500
0 0.124688 0.294583 0.064375 0.109167
0 0.920625 0.316250 0.083750 0.157500
0 0.792500 0.324167 0.067500 0.176667
0 0.195937 0.270833 0.061875 0.080000
0 0.460313 0.304167 0.093125 0.156667
0 0.542500 0.260833 0.070000 0.081667
0 0.293125 0.287083 0.116250 0.137500
0 0.016563 0.268750 0.033125 0.115833
0 0.853750 0.223750 0.066250 0.090833
0 0.064687 0.219583 0.059375 0.082500
0 0.682500 0.213333 0.070000 0.080000
0 0.490938 0.202500 0.071875 0.071667
0 0.767188 0.206667 0.086875 0.085000
0 0.244688 0.205833 0.070625 0.085000
0 0.983125 0.191250 0.033750 0.082500
0 0.365000 0.192917 0.062500 0.085833
0 0.037812 0.173750 0.074375 0.072500
0 0.572812 0.183750 0.090625 0.139167
0 0.463750 0.145000 0.056250 0.073333
0 0.912500 0.152500 0.066250 0.090000
0 0.410625 0.144583 0.051250 0.084167
0 0.194375 0.147917 0.066250 0.094167
0 0.854375 0.108333 0.056250 0.073333
0 0.325625 0.114583 0.108750 0.109167
0 0.105938 0.127083 0.086875 0.134167
0 0.649062 0.107917 0.088125 0.104167
0 0.563750 0.087500 0.067500 0.068333
0 0.725625 0.092917 0.057500 0.084167
0 0.970625 0.096667 0.058750 0.101667
0 0.230625 0.068750 0.087500 0.085833
0 0.484063 0.084167 0.104375 0.136667
0 0.921250 0.029167 0.061250 0.058333
0 0.824063 0.038333 0.080625 0.076667
0 0.752188 0.032083 0.053125 0.064167
0 0.686250 0.029167 0.075000 0.058333
0 0.605000 0.036667 0.088750 0.073333
0 0.328750 0.032500 0.072500 0.065000
0 0.124375 0.025000 0.058750 0.050000