0 0.278750 0.976250 0.048750 0.047500
0 0.572812 0.969583 0.064375 0.060833
0 0.035625 0.967083 0.071250 0.065833
0 0.665937 0.959167 0.051875 0.061667
0 0.317812 0.962917 0.053125 0.074167
0 0.360938 0.947500 0.059375 0.086667
0 0.542813 0.936250 0.061875 0.082500
0 0.751563 0.934583 0.059375 0.082500
0 0.925000 0.940000 0.063750 0.095000
0 0.971562 0.917917 0.056875 0.059167
0 0.125625 0.925833 0.056250 0.080000
0 0.268750 0.908750 0.055000 0.080833
0 0.076875 0.894583 0.052500 0.070833
0 0.885625 0.887500 0.081250 0.075000
0 0.675312 0.883750 0.066875 0.082500
0 0.322188 0.880000 0.058125 0.075000
0 0.749687 0.874167 0.061875 0.068333
0 0.975313 0.862083 0.049375 0.057500
0 0.185000 0.872083 0.057500 0.084167
0 0.889687 0.816667 0.050625 0.061667
0 0.049063 0.825417 0.068125 0.095833
0 0.736563 0.809167 0.063125 0.071667
0 0.625938 0.794583 0.060625 0.077500
0 0.013125 0.787083 0.026250 0.072500
0 0.960625 0.788333 0.071250 0.078333
0 0.147500 0.790833 0.057500 0.090000
0 0.375312 0.775833 0.066875 0.090000
0 0.820625 0.768333 0.067500 0.078333
0 0.439688 0.754167 0.058125 0.081667
0 0.938750 0.754583 0.068750 0.089167
0 0.275938 0.741250 0.058125 0.075833
0 0.636875 0.731250 0.057500 0.064167
0 0.216562 0.728750 0.059375 0.079167
0 0.152500 0.716667 0.061250 0.066667
0 0.839375 0.706250 0.075000 0.075833
0 0.335625 0.692500 0.063750 0.085000
0 0.695000 0.678333 0.051250 0.071667
0 0.540312 0.685833 0.069375 0.090000
0 0.256875 0.667917 0.058750 0.069167
0 0.875000 0.657500 0.058750 0.073333
0 0.028438 0.652500 0.056875 0.073333
0 0.606875 0.655000 0.061250 0.101667
0 0.364687 0.627917 0.051875 0.065833
0 0.161875 0.642917 0.083750 0.105833
0 0.085938 0.625000 0.066875 0.085000
0 0.691250 0.608333 0.050000 0.065000
0 0.514062 0.608750 0.074375 0.097500
0 0.863437 0.579167 0.074375 0.066667
0 0.758750 0.540417 0.073750 0.077500
0 0.820937 0.535833 0.041875 0.071667
0 0.523125 0.530417 0.046250 0.069167
0 0.330937 0.523333 0.060625 0.080000
0 0.141875 0.503333 0.051250 0.068333
0 0.074375 0.510417 0.071250 0.092500
0 0.795937 0.479583 0.051875 0.077500
0 0.914062 0.478333 0.051875 0.086667
0 0.568750 0.467917 0.050000 0.070833
0 0.280313 0.470833 0.074375 0.110000
0 0.105313 0.442083 0.053125 0.072500
0 0.214062 0.445417 0.064375 0.102500
0 0.981875 0.428750 0.036250 0.079167
0 0.157812 0.422500 0.058125 0.080000
0 0.036875 0.412917 0.048750 0.065833
0 0.846562 0.384167 0.056875 0.091667
0 0.072188 0.370417 0.053125 0.069167
0 0.119688 0.372500 0.040625 0.075000
0 0.954688 0.358333 0.054375 0.068333
0 0.457500 0.357500 0.055000 0.073333
0 0.911563 0.357917 0.065625 0.087500
0 0.691875 0.352500 0.067500 0.076667
0 0.284062 0.336667 0.059375 0.098333
0 0.038437 0.315417 0.058125 0.064167
0 0.370625 0.319583 0.058750 0.075833
0 0.213125 0.318750 0.051250 0.074167
0 0.531563 0.320000 0.063125 0.081667
0 0.458750 0.282083 0.051250 0.074167
0 0.960938 0.279583 0.061875 0.079167
0 0.594688 0.253750 0.046875 0.065833
0 0.853125 0.261250 0.061250 0.082500
0 0.041563 0.249167 0.063125 0.065000
0 0.157188 0.239167 0.051875 0.086667
0 0.419375 0.211250 0.058750 0.082500
0 0.303125 0.200833 0.060000 0.068333
0 0.909062 0.214167 0.085625 0.096667
0 0.079062 0.195000 0.060625 0.080000
0 0.656875 0.204583 0.073750 0.105833
0 0.577187 0.185833 0.059375 0.070000
0 0.394688 0.181667 0.056875 0.083333
0 0.477187 0.177917 0.061875 0.089167
0 0.024688 0.140833 0.049375 0.088333
0 0.541875 0.133750 0.063750 0.085833
0 0.617188 0.128750 0.058125 0.082500
0 0.425625 0.122917 0.053750 0.070833
0 0.981875 0.116250 0.036250 0.069167
0 0.073750 0.077500 0.066250 0.081667
0 0.661875 0.049583 0.063750 0.077500
0 0.268125 0.050000 0.063750 0.083333
0 0.957500 0.041667 0.085000 0.083333
0 0.799063 0.027917 0.051875 0.055833
0 0.409687 0.044583 0.065625 0.089167
0 0.183125 0.037083 0.065000 0.074167
0 0.090313 0.031250 0.049375 0.062500