0 0.688750 0.971667 0.077500 0.056667
0 0.219062 0.967500 0.069375 0.065000
0 0.848750 0.958333 0.073750 0.083333
0 0.487812 0.948750 0.068125 0.084167
0 0.047813 0.943750 0.066875 0.087500
0 0.087188 0.882917 0.068125 0.085833
0 0.746563 0.863750 0.088125 0.120833
0 0.542500 0.833333 0.067500 0.091667
0 0.892188 0.812917 0.076875 0.100833
0 0.185625 0.797500 0.071250 0.101667
0 0.083750 0.780417 0.072500 0.099167
0 0.485938 0.765833 0.070625 0.096667
0 0.699688 0.764167 0.080625 0.103333
0 0.567500 0.731250 0.058750 0.090833
0 0.931875 0.701250 0.078750 0.100833
0 0.129688 0.691250 0.075625 0.085833
0 0.045000 0.686667 0.075000 0.090000
0 0.652188 0.686250 0.065625 0.097500
0 0.811562 0.682083 0.068125 0.094167
0 0.701562 0.670000 0.061875 0.088333
0 0.870625 0.672083 0.058750 0.097500
0 0.133437 0.523750 0.066875 0.090833
0 0.053750 0.487917 0.070000 0.090833
0 0.855938 0.488750 0.076875 0.105833
0 0.941562 0.478750 0.064375 0.097500
0 0.423125 0.461667 0.075000 0.101667
0 0.260313 0.467083 0.079375 0.130833
0 0.515000 0.440417 0.056250 0.092500
0 0.961250 0.349167 0.077500 0.110000
0 0.386250 0.338750 0.085000 0.102500
0 0.560625 0.327500 0.071250 0.090000
0 0.317188 0.287083 0.075625 0.094167
0 0.072500 0.281250 0.071250 0.089167
0 0.125938 0.215417 0.074375 0.085833
0 0.825000 0.218750 0.072500 0.097500
0 0.944375 0.206250 0.071250 0.089167
0 0.388437 0.204167 0.064375 0.088333
0 0.707187 0.202083 0.068125 0.094167
0 0.608437 0.194583 0.073125 0.105833
0 0.302812 0.181667 0.078125 0.100000
0 0.499375 0.165417 0.070000 0.095833
0 0.898125 0.130000 0.072500 0.093333
0 0.118125 0.125417 0.065000 0.084167
0 0.214062 0.122500 0.069375 0.085000
0 0.047500 0.117500 0.065000 0.111667
0 0.340000 0.119167 0.086250 0.128333
0 0.673750 0.096667 0.081250 0.101667
0 0.016875 0.085833 0.033750 0.111667
0 0.194375 0.051250 0.075000 0.090833
0 0.781563 0.042917 0.080625 0.085833
0 0.611250 0.033750 0.075000 0.067500
0 0.253125 0.032500 0.068750 0.065000
0 0.054062 0.021250 0.064375 0.042500