0 0.937187 0.982500 0.054375 0.035000
0 0.859375 0.973333 0.090000 0.053333
0 0.505938 0.967083 0.064375 0.065833
0 0.439688 0.944167 0.065625 0.071667
0 0.262500 0.944167 0.060000 0.085000
0 0.307188 0.926250 0.048125 0.072500
0 0.594063 0.903750 0.070625 0.094167
0 0.476875 0.886250 0.052500 0.069167
0 0.091875 0.882500 0.055000 0.080000
0 0.183125 0.872500 0.062500 0.063333
0 0.943750 0.888333 0.081250 0.098333
0 0.864688 0.876667 0.064375 0.088333
0 0.681250 0.853750 0.070000 0.079167
0 0.453125 0.834583 0.052500 0.062500
0 0.283750 0.837917 0.058750 0.072500
0 0.974375 0.832917 0.051250 0.069167
0 0.891563 0.830417 0.053125 0.074167
0 0.388125 0.816250 0.065000 0.074167
0 0.052812 0.817917 0.060625 0.082500
0 0.773750 0.810417 0.057500 0.070833
0 0.831562 0.785417 0.055625 0.070833
0 0.158750 0.783750 0.060000 0.080833
0 0.661875 0.767083 0.055000 0.067500
0 0.549063 0.754167 0.053125 0.075000
0 0.251250 0.741250 0.075000 0.085833
0 0.115625 0.728750 0.057500 0.079167
0 0.499063 0.720000 0.050625 0.073333
0 0.943438 0.717083 0.059375 0.080833
0 0.883125 0.724583 0.067500 0.100833
0 0.403750 0.714583 0.058750 0.082500
0 0.359375 0.670000 0.058750 0.068333
0 0.705937 0.664167 0.058125 0.073333
0 0.211250 0.650417 0.043750 0.059167
0 0.145937 0.643333 0.085625 0.075000
0 0.512813 0.634583 0.063125 0.074167
0 0.446875 0.626667 0.061250 0.086667
0 0.922813 0.628750 0.054375 0.107500
0 0.724375 0.592917 0.056250 0.070833
0 0.021875 0.592500 0.043750 0.070000
0 0.829375 0.589167 0.070000 0.090000
0 0.175937 0.563750 0.063125 0.089167
0 0.882188 0.547500 0.055625 0.068333
0 0.465625 0.544583 0.065000 0.075833
0 0.644687 0.537083 0.054375 0.062500
0 0.988437 0.529583 0.023125 0.057500
0 0.946250 0.535417 0.055000 0.069167
0 0.767813 0.541250 0.058125 0.082500
0 0.698125 0.532917 0.051250 0.067500
0 0.047188 0.533750 0.063125 0.110833
0 0.430000 0.506250 0.065000 0.090833
0 0.241563 0.491667 0.064375 0.088333
0 0.164375 0.474167 0.063750 0.088333
0 0.968125 0.450417 0.048750 0.065833
0 0.908438 0.445417 0.061875 0.084167
0 0.801562 0.437917 0.053125 0.069167
0 0.469375 0.435000 0.055000 0.073333
0 0.276562 0.417083 0.064375 0.082500
0 0.101562 0.416250 0.064375 0.092500
0 0.029375 0.383750 0.048750 0.060833
0 0.210938 0.361667 0.059375 0.070000
0 0.918125 0.352083 0.048750 0.060833
0 0.809375 0.353750 0.057500 0.079167
0 0.658438 0.342500 0.056875 0.068333
0 0.474062 0.350000 0.051875 0.086667
0 0.528438 0.313750 0.059375 0.082500
0 0.906250 0.297917 0.055000 0.064167
0 0.716875 0.298750 0.058750 0.072500
0 0.938750 0.283333 0.042500 0.078333
0 0.328750 0.290417 0.067500 0.092500
0 0.107813 0.279167 0.056875 0.071667
0 0.669063 0.268750 0.068125 0.080833
0 0.849688 0.255000 0.058125 0.073333
0 0.975625 0.269167 0.048750 0.103333
0 0.371875 0.233750 0.058750 0.075833
0 0.440000 0.241667 0.078750 0.113333
0 0.776250 0.212917 0.071250 0.072500
0 0.214062 0.206667 0.044375 0.061667
0 0.682813 0.212500 0.053125 0.075000
0 0.895625 0.204583 0.057500 0.079167
0 0.264062 0.205000 0.040625 0.093333
0 0.027813 0.203750 0.050625 0.097500
0 0.084687 0.192083 0.056875 0.080833
0 0.692500 0.166667 0.050000 0.055000
0 0.516563 0.172917 0.063125 0.080833
0 0.413125 0.157917 0.077500 0.099167
0 0.862187 0.119167 0.049375 0.066667
0 0.724688 0.104167 0.063125 0.078333
0 0.455000 0.099583 0.052500 0.069167
0 0.794687 0.087083 0.065625 0.094167
0 0.020938 0.073750 0.041875 0.067500
0 0.541875 0.065417 0.057500 0.054167
0 0.880000 0.057917 0.047500 0.065833
0 0.227813 0.052500 0.063125 0.078333
0 0.490938 0.041667 0.048125 0.066667
0 0.985625 0.032917 0.028750 0.065833
0 0.933438 0.037500 0.070625 0.075000
0 0.148438 0.040833 0.085625 0.081667