0 0.737812 0.986250 0.051875 0.027500
0 0.651250 0.979583 0.120000 0.040833
0 0.974063 0.978750 0.051875 0.042500
0 0.494688 0.973333 0.075625 0.053333
0 0.032188 0.963333 0.064375 0.073333
0 0.895625 0.962083 0.100000 0.075833
0 0.245625 0.950833 0.067500 0.098333
0 0.336250 0.933333 0.066250 0.068333
0 0.117500 0.939167 0.086250 0.081667
0 0.736250 0.924167 0.060000 0.075000
0 0.591875 0.924167 0.073750 0.081667
0 0.202187 0.917083 0.059375 0.077500
0 0.525000 0.901667 0.072500 0.100000
0 0.694688 0.902083 0.071875 0.109167
0 0.385625 0.878750 0.055000 0.082500
0 0.064062 0.875000 0.059375 0.081667
0 0.445312 0.877917 0.055625 0.089167
0 0.925312 0.882083 0.070625 0.104167
0 0.788438 0.860833 0.056875 0.071667
0 0.836562 0.862917 0.064375 0.087500
0 0.016563 0.865000 0.033125 0.101667
0 0.984375 0.849167 0.031250 0.071667
0 0.130312 0.842500 0.063125 0.080000
0 0.683125 0.832500 0.063750 0.065000
0 0.088125 0.825000 0.057500 0.058333
0 0.321250 0.839583 0.081250 0.092500
0 0.609062 0.818333 0.056875 0.078333
0 0.200625 0.813333 0.063750 0.088333
0 0.543438 0.811250 0.086875 0.097500
0 0.411250 0.799167 0.052500 0.076667
0 0.739688 0.792083 0.066875 0.085833
0 0.955937 0.782500 0.056875 0.080000
0 0.215938 0.766667 0.054375 0.068333
0 0.906563 0.780000 0.065625 0.113333
0 0.834688 0.760833 0.091875 0.086667
0 0.660937 0.753750 0.086875 0.089167
0 0.498125 0.735833 0.062500 0.083333
0 0.766563 0.723333 0.051875 0.073333
0 0.582500 0.728333 0.066250 0.085000
0 0.821875 0.719583 0.056250 0.079167
0 0.094375 0.718750 0.126250 0.087500
0 0.339062 0.681250 0.056875 0.069167
0 0.175000 0.679167 0.066250 0.085000
0 0.444688 0.692917 0.088125 0.114167
0 0.258750 0.677083 0.088750 0.084167
0 0.419063 0.669167 0.060625 0.071667
0 0.122188 0.659167 0.056875 0.053333
0 0.688125 0.679167 0.063750 0.098333
0 0.936250 0.667917 0.080000 0.090833
0 0.528438 0.662917 0.060625 0.084167
0 0.800312 0.656667 0.084375 0.121667
0 0.382500 0.638750 0.067500 0.097500
0 0.867812 0.629167 0.056875 0.081667
0 0.582500 0.615000 0.058750 0.078333
0 0.157500 0.593750 0.057500 0.070833
0 0.021250 0.613333 0.042500 0.115000
0 0.315000 0.598750 0.056250 0.090833
0 0.747188 0.587083 0.086875 0.104167
0 0.939375 0.568333 0.048750 0.075000
0 0.511563 0.569167 0.061875 0.076667
0 0.644687 0.574167 0.083125 0.106667
0 0.789687 0.538333 0.061875 0.076667
0 0.357187 0.535417 0.054375 0.082500
0 0.120000 0.528750 0.065000 0.074167
0 0.228750 0.545417 0.091250 0.122500
0 0.195312 0.517083 0.060625 0.075833
0 0.887188 0.515000 0.051875 0.086667
0 0.717187 0.511667 0.055625 0.080000
0 0.657813 0.498750 0.063125 0.077500
0 0.606563 0.502500 0.056875 0.085000
0 0.303750 0.502917 0.092500 0.095833
0 0.457500 0.494167 0.066250 0.090000
0 0.129062 0.480417 0.046875 0.085833
0 0.062187 0.476250 0.074375 0.092500
0 0.388750 0.462917 0.056250 0.089167
0 0.970313 0.457917 0.059375 0.104167
0 0.831875 0.436250 0.061250 0.089167
0 0.419687 0.427917 0.063125 0.079167
0 0.145937 0.423333 0.056875 0.078333
0 0.308437 0.417083 0.059375 0.080833
0 0.547188 0.420000 0.068125 0.091667
0 0.691875 0.414167 0.063750 0.091667
0 0.228125 0.415833 0.081250 0.096667
0 0.478438 0.401667 0.058125 0.081667
0 0.895000 0.404167 0.108750 0.103333
0 0.636563 0.380833 0.066875 0.101667
0 0.053750 0.379167 0.102500 0.113333
0 0.949688 0.347083 0.074375 0.094167
0 0.860938 0.331250 0.051875 0.077500
0 0.518125 0.327083 0.060000 0.080833
0 0.124688 0.315417 0.056875 0.075833
0 0.357812 0.316250 0.060625 0.082500
0 0.015312 0.302917 0.030625 0.064167
0 0.424687 0.320000 0.078125 0.103333
0 0.187500 0.315833 0.060000 0.095000
0 0.738750 0.306250 0.068750 0.080833
0 0.288438 0.286250 0.055625 0.084167
0 0.656250 0.276667 0.060000 0.078333
0 0.592500 0.277083 0.056250 0.082500
0 0.073438 0.267500 0.054375 0.070000
0 0.898750 0.263333 0.057500 0.080000
0 0.379375 0.240833 0.055000 0.071667
0 0.825625 0.244167 0.053750 0.088333
0 0.962187 0.267500 0.075625 0.143333
0 0.149375 0.227083 0.061250 0.065833
0 0.023125 0.228333 0.046250 0.088333
0 0.462500 0.223333 0.088750 0.083333
0 0.228437 0.217500 0.056875 0.118333
0 0.541562 0.183750 0.059375 0.069167
0 0.907813 0.185000 0.060625 0.076667
0 0.678438 0.184583 0.055625 0.075833
0 0.985000 0.173750 0.030000 0.075833
0 0.836562 0.170833 0.059375 0.081667
0 0.365000 0.162500 0.072500 0.075000
0 0.758750 0.175000 0.072500 0.101667
0 0.285938 0.143333 0.064375 0.078333
0 0.179688 0.151667 0.078125 0.100000
0 0.045000 0.152083 0.080000 0.112500
0 0.759062 0.117917 0.059375 0.050833
0 0.479375 0.132500 0.066250 0.086667
0 0.953438 0.106667 0.061875 0.070000
0 0.099062 0.130000 0.068125 0.125000
0 0.636563 0.106667 0.071875 0.111667
0 0.699063 0.089583 0.078125 0.089167
0 0.333437 0.077917 0.059375 0.077500
0 0.964063 0.064583 0.055625 0.069167
0 0.023125 0.070417 0.046250 0.082500
0 0.804688 0.067500 0.054375 0.078333
0 0.446562 0.060000 0.051875 0.070000
0 0.902500 0.058750 0.051250 0.074167
0 0.570312 0.075833 0.068125 0.118333
0 0.176250 0.062500 0.055000 0.091667
0 0.856875 0.056250 0.057500 0.084167
0 0.210000 0.042500 0.057500 0.076667
0 0.511875 0.033333 0.060000 0.063333
0 0.386250 0.042917 0.062500 0.082500
0 0.622500 0.024167 0.056250 0.048333
0 0.313437 0.022917 0.061875 0.045833
0 0.073125 0.033333 0.075000 0.066667