0 0.397500 0.986667 0.051250 0.026667
0 0.095937 0.986250 0.053125 0.027500
0 0.794063 0.980833 0.051875 0.038333
0 0.896875 0.980417 0.053750 0.039167
0 0.290625 0.975000 0.060000 0.050000
0 0.636250 0.969583 0.058750 0.060833
0 0.463125 0.965417 0.058750 0.069167
0 0.832812 0.938750 0.065625 0.070833
0 0.252500 0.941667 0.053750 0.078333
0 0.341250 0.927917 0.051250 0.070833
0 0.987187 0.922083 0.025625 0.067500
0 0.405313 0.902500 0.045625 0.088333
0 0.468125 0.881667 0.048750 0.068333
0 0.515625 0.879167 0.056250 0.075000
0 0.224375 0.863750 0.056250 0.077500
0 0.798438 0.848750 0.068125 0.075833
0 0.322813 0.835000 0.058125 0.073333
0 0.509375 0.805000 0.061250 0.061667
0 0.420625 0.794167 0.056250 0.073333
0 0.579375 0.788750 0.060000 0.077500
0 0.850000 0.786667 0.063750 0.078333
0 0.287187 0.758750 0.055625 0.079167
0 0.560312 0.718333 0.053125 0.070000
0 0.497812 0.711250 0.051875 0.079167
0 0.944375 0.695000 0.061250 0.081667
0 0.765938 0.696667 0.056875 0.090000
0 0.150312 0.691667 0.058125 0.093333
0 0.438750 0.667500 0.046250 0.065000
0 0.296875 0.636667 0.046250 0.065000
0 0.895312 0.640000 0.060625 0.073333
0 0.508125 0.624167 0.068750 0.073333
0 0.136250 0.609583 0.062500 0.072500
0 0.554063 0.590833 0.059375 0.071667
0 0.378750 0.587917 0.043750 0.070833
0 0.699063 0.570417 0.054375 0.070833
0 0.413438 0.574583 0.058125 0.080833
0 0.066875 0.565417 0.051250 0.077500
0 0.915625 0.550833 0.057500 0.073333
0 0.757188 0.557917 0.064375 0.090833
0 0.032813 0.507083 0.056875 0.077500
0 0.566250 0.493333 0.058750 0.080000
0 0.741250 0.477917 0.057500 0.062500
0 0.962187 0.490000 0.071875 0.088333
0 0.416250 0.487917 0.050000 0.087500
0 0.985000 0.457917 0.030000 0.062500
0 0.706875 0.466667 0.047500 0.090000
0 0.523125 0.450833 0.050000 0.076667
0 0.454062 0.440833 0.056875 0.088333
0 0.660937 0.440000 0.049375 0.090000
0 0.623750 0.425000 0.048750 0.081667
0 0.362187 0.420000 0.054375 0.071667
0 0.078750 0.377917 0.057500 0.072500
0 0.749062 0.370833 0.061875 0.070000
0 0.169687 0.345833 0.063125 0.071667
0 0.361875 0.325833 0.048750 0.075000
0 0.974063 0.312083 0.051875 0.074167
0 0.424375 0.301667 0.052500 0.073333
0 0.817500 0.300000 0.053750 0.085000
0 0.293125 0.293750 0.060000 0.084167
0 0.166875 0.284167 0.053750 0.075000
0 0.745000 0.271250 0.057500 0.069167
0 0.659375 0.271250 0.056250 0.072500
0 0.345000 0.216250 0.057500 0.074167
0 0.956562 0.210417 0.053125 0.079167
0 0.162812 0.185417 0.069375 0.072500
0 0.593437 0.187500 0.056875 0.083333
0 0.015625 0.182917 0.031250 0.089167
0 0.667500 0.160833 0.056250 0.071667
0 0.906250 0.157083 0.053750 0.077500
0 0.421563 0.150833 0.060625 0.073333
0 0.514687 0.134167 0.043125 0.081667
0 0.746250 0.117500 0.057500 0.061667
0 0.648750 0.114167 0.065000 0.066667
0 0.935000 0.114167 0.057500 0.073333
0 0.252500 0.105833 0.057500 0.071667
0 0.161250 0.097083 0.056250 0.064167
0 0.862812 0.093750 0.055625 0.064167
0 0.029375 0.089583 0.058750 0.069167
0 0.428125 0.085833 0.057500 0.076667
0 0.985625 0.081667 0.028750 0.073333
0 0.241250 0.035833 0.060000 0.070000
0 0.931875 0.027083 0.060000 0.054167
0 0.837500 0.028333 0.051250 0.056667
0 0.772188 0.033750 0.049375 0.067500
0 0.725625 0.033333 0.050000 0.066667
0 0.681250 0.037500 0.051250 0.075000
0 0.632812 0.022500 0.055625 0.045000
0 0.557500 0.034583 0.050000 0.069167
0 0.210313 0.024583 0.048125 0.049167
0 0.052500 0.019167 0.052500 0.038333