0 0.029063 0.972500 0.058125 0.055000
0 0.766563 0.972083 0.075625 0.055833
0 0.148438 0.969583 0.076875 0.060833
0 0.418438 0.965833 0.066875 0.068333
0 0.363750 0.965417 0.063750 0.069167
0 0.507812 0.952500 0.078125 0.086667
0 0.268125 0.922083 0.070000 0.067500
0 0.753437 0.922083 0.074375 0.094167
0 0.411250 0.910417 0.078750 0.074167
0 0.685625 0.925417 0.083750 0.112500
0 0.322500 0.905833 0.068750 0.105000
0 0.918125 0.883750 0.072500 0.087500
0 0.553750 0.873333 0.083750 0.085000
0 0.254063 0.862917 0.071875 0.082500
0 0.966250 0.883333 0.067500 0.133333
0 0.415938 0.828750 0.073125 0.089167
0 0.078125 0.805000 0.052500 0.088333
0 0.644375 0.804167 0.063750 0.101667
0 0.275313 0.803333 0.064375 0.103333
0 0.787500 0.785000 0.082500 0.076667
0 0.501875 0.776667 0.081250 0.061667
0 0.384062 0.781667 0.071875 0.086667
0 0.025625 0.790000 0.051250 0.103333
0 0.891563 0.782500 0.068125 0.111667
0 0.773438 0.742500 0.068125 0.070000
0 0.185000 0.756667 0.066250 0.098333
0 0.045000 0.724583 0.077500 0.072500
0 0.685312 0.713333 0.081875 0.086667
0 0.110312 0.717917 0.070625 0.095833
0 0.585938 0.710833 0.060625 0.096667
0 0.539062 0.720000 0.070625 0.118333
0 0.790937 0.702500 0.070625 0.093333
0 0.484687 0.691250 0.070625 0.090833
0 0.908125 0.690417 0.088750 0.122500
0 0.048750 0.656667 0.067500 0.076667
0 0.226250 0.659583 0.055000 0.092500
0 0.105000 0.642083 0.053750 0.069167
0 0.724375 0.628750 0.071250 0.074167
0 0.593437 0.619167 0.066875 0.090000
0 0.409062 0.620000 0.054375 0.111667
0 0.939375 0.606667 0.070000 0.090000
0 0.970938 0.582917 0.058125 0.087500
0 0.652813 0.582083 0.073125 0.090833
0 0.493750 0.595417 0.083750 0.137500
0 0.530312 0.569583 0.058125 0.102500
0 0.350000 0.547917 0.071250 0.074167
0 0.684688 0.547917 0.074375 0.084167
0 0.225625 0.545000 0.077500 0.096667
0 0.164062 0.542917 0.070625 0.097500
0 0.030625 0.537500 0.061250 0.098333
0 0.138437 0.491250 0.054375 0.084167
0 0.335000 0.493750 0.073750 0.095833
0 0.705937 0.510000 0.068125 0.135000
0 0.828438 0.482500 0.083125 0.101667
0 0.519687 0.476250 0.071875 0.089167
0 0.243750 0.473333 0.068750 0.085000
0 0.187188 0.474167 0.061875 0.096667
0 0.080000 0.470833 0.081250 0.098333
0 0.019062 0.462500 0.038125 0.083333
0 0.949063 0.473750 0.070625 0.107500
0 0.645625 0.460417 0.058750 0.095833
0 0.052812 0.412917 0.083125 0.090833
0 0.881875 0.413333 0.072500 0.095000
0 0.199063 0.404583 0.061875 0.079167
0 0.777188 0.401667 0.075625 0.091667
0 0.408438 0.402500 0.080625 0.105000
0 0.973750 0.391250 0.052500 0.144167
0 0.649375 0.355417 0.070000 0.080833
0 0.458437 0.347917 0.094375 0.110833
0 0.784375 0.321667 0.065000 0.076667
0 0.063437 0.316250 0.074375 0.094167
0 0.161562 0.307083 0.076875 0.079167
0 0.390313 0.309167 0.064375 0.100000
0 0.892813 0.280417 0.090625 0.077500
0 0.422812 0.266250 0.084375 0.079167
0 0.124688 0.231250 0.054375 0.075833
0 0.774062 0.221250 0.069375 0.122500
0 0.721250 0.222500 0.073750 0.135000
0 0.074688 0.192083 0.069375 0.097500
0 0.397188 0.174583 0.068125 0.085833
0 0.888750 0.164583 0.066250 0.090833
0 0.145000 0.161667 0.078750 0.086667
0 0.707187 0.125417 0.079375 0.087500
0 0.826875 0.125000 0.067500 0.100000
0 0.769375 0.119583 0.071250 0.094167
0 0.496563 0.105417 0.066875 0.097500
0 0.386250 0.099167 0.070000 0.085000
0 0.148438 0.091667 0.074375 0.083333
0 0.973437 0.093333 0.053125 0.093333
0 0.312812 0.082500 0.064375 0.076667
0 0.455937 0.084167 0.063125 0.090000
0 0.568438 0.073750 0.068125 0.092500
0 0.701875 0.035833 0.077500 0.071667
0 0.513750 0.032500 0.066250 0.065000
0 0.318437 0.035833 0.070625 0.071667