0 0.947187 0.982083 0.046875 0.035833
0 0.731250 0.975833 0.058750 0.048333
0 0.392813 0.966667 0.069375 0.066667
0 0.311250 0.963750 0.060000 0.072500
0 0.890625 0.942917 0.063750 0.075833
0 0.453125 0.935833 0.051250 0.073333
0 0.807500 0.928333 0.053750 0.081667
0 0.531250 0.917917 0.057500 0.070833
0 0.177187 0.912500 0.059375 0.075000
0 0.563750 0.915000 0.048750 0.081667
0 0.110000 0.894167 0.057500 0.081667
0 0.063437 0.881667 0.053125 0.073333
0 0.746875 0.871667 0.066250 0.056667
0 0.348750 0.876250 0.060000 0.085833
0 0.970938 0.862083 0.058125 0.079167
0 0.234375 0.854167 0.062500 0.085000
0 0.711250 0.831667 0.065000 0.063333
0 0.900937 0.832917 0.056875 0.080833
0 0.832187 0.821250 0.080625 0.084167
0 0.160625 0.816250 0.083750 0.080833
0 0.506875 0.814167 0.096250 0.083333
0 0.408125 0.805417 0.057500 0.074167
0 0.065937 0.786250 0.064375 0.070833
0 0.231250 0.758333 0.058750 0.068333
0 0.958750 0.760000 0.058750 0.080000
0 0.677813 0.748333 0.050625 0.070000
0 0.544375 0.756250 0.050000 0.085833
0 0.779062 0.757083 0.059375 0.094167
0 0.133125 0.727917 0.071250 0.069167
0 0.609062 0.732083 0.056875 0.079167
0 0.430000 0.726250 0.057500 0.085833
0 0.529687 0.710000 0.058125 0.070000
0 0.382812 0.687500 0.063125 0.083333
0 0.253437 0.675417 0.073125 0.079167
0 0.083437 0.667083 0.064375 0.075833
0 0.165000 0.658750 0.055000 0.075833
0 0.729688 0.670417 0.073125 0.102500
0 0.315000 0.661250 0.062500 0.087500
0 0.049688 0.656667 0.054375 0.086667
0 0.829375 0.638750 0.051250 0.067500
0 0.484687 0.638750 0.061875 0.074167
0 0.598125 0.626250 0.057500 0.074167
0 0.799063 0.607917 0.064375 0.082500
0 0.223750 0.598750 0.067500 0.072500
0 0.553750 0.591250 0.053750 0.075833
0 0.382188 0.565000 0.063125 0.083333
0 0.301250 0.562083 0.062500 0.082500
0 0.942187 0.559583 0.058125 0.080833
0 0.051250 0.541667 0.047500 0.085000
0 0.473438 0.542500 0.056875 0.091667
0 0.632500 0.531250 0.052500 0.072500
0 0.708750 0.520417 0.052500 0.075833
0 0.234063 0.517917 0.061875 0.074167
0 0.746875 0.519583 0.047500 0.079167
0 0.124375 0.541667 0.066250 0.125000
0 0.344375 0.487917 0.072500 0.062500
0 0.881875 0.495417 0.050000 0.092500
0 0.543750 0.489583 0.063750 0.082500
0 0.617188 0.479167 0.060625 0.070000
0 0.201875 0.477500 0.062500 0.070000
0 0.958125 0.432083 0.055000 0.065833
0 0.416875 0.436250 0.061250 0.082500
0 0.052812 0.430000 0.095625 0.090000
0 0.729375 0.420833 0.060000 0.073333
0 0.257188 0.418750 0.059375 0.077500
0 0.309688 0.405417 0.059375 0.084167
0 0.133750 0.401667 0.066250 0.100000
0 0.613125 0.381250 0.056250 0.077500
0 0.489375 0.375000 0.062500 0.106667
0 0.788438 0.360417 0.058125 0.080833
0 0.367812 0.336667 0.058125 0.061667
0 0.937813 0.340833 0.064375 0.075000
0 0.203437 0.345000 0.058125 0.085000
0 0.069062 0.345417 0.064375 0.087500
0 0.551250 0.335417 0.057500 0.075833
0 0.324375 0.328750 0.046250 0.067500
0 0.676562 0.327083 0.056875 0.070833
0 0.444063 0.319583 0.040625 0.100833
0 0.761250 0.285417 0.056250 0.074167
0 0.259688 0.285000 0.063125 0.073333
0 0.354687 0.281667 0.081875 0.075000
0 0.840938 0.274167 0.054375 0.066667
0 0.465313 0.271667 0.056875 0.075000
0 0.109063 0.270000 0.059375 0.076667
0 0.663438 0.270833 0.050625 0.101667
0 0.909375 0.246250 0.057500 0.072500
0 0.319375 0.228333 0.068750 0.076667
0 0.587812 0.240833 0.085625 0.116667
0 0.407187 0.217083 0.059375 0.070833
0 0.204375 0.215417 0.063750 0.070833
0 0.831875 0.208333 0.053750 0.085000
0 0.900937 0.197917 0.055625 0.065833
0 0.520938 0.187083 0.058125 0.077500
0 0.124375 0.177083 0.062500 0.077500
0 0.817187 0.165000 0.061875 0.061667
0 0.691562 0.165833 0.058125 0.080000
0 0.375937 0.155000 0.061875 0.073333
0 0.790000 0.150833 0.056250 0.085000
0 0.965625 0.151667 0.055000 0.090000
0 0.205313 0.140417 0.060625 0.077500
0 0.316250 0.126250 0.053750 0.080833
0 0.447500 0.122500 0.055000 0.075000
0 0.030312 0.124167 0.060625 0.085000
0 0.565937 0.120833 0.055625 0.086667
0 0.754687 0.105000 0.049375 0.078333
0 0.869687 0.098750 0.064375 0.070833
0 0.636250 0.098750 0.070000 0.075833
0 0.255312 0.085833 0.059375 0.075000
0 0.105000 0.083750 0.058750 0.079167
0 0.210938 0.060833 0.074375 0.070000
0 0.505938 0.060417 0.068125 0.079167
0 0.973750 0.049167 0.048750 0.071667
0 0.301250 0.047500 0.061250 0.075000
0 0.804063 0.044167 0.059375 0.073333
0 0.415625 0.044167 0.062500 0.078333
0 0.375312 0.043750 0.040625 0.077500
0 0.685000 0.030833 0.053750 0.061667
0 0.579688 0.029583 0.063125 0.059167
0 0.063750 0.028750 0.045000 0.057500