0 0.939688 0.969583 0.079375 0.060833
0 0.320312 0.953750 0.076875 0.090833
0 0.840625 0.953750 0.075000 0.092500
0 0.970938 0.940000 0.058125 0.080000
0 0.455313 0.932083 0.071875 0.079167
0 0.254063 0.927500 0.063125 0.083333
0 0.731875 0.941667 0.063750 0.116667
0 0.759375 0.905833 0.065000 0.100000
0 0.958125 0.877500 0.063750 0.093333
0 0.453750 0.841250 0.061250 0.100833
0 0.191250 0.819583 0.080000 0.087500
0 0.577812 0.807917 0.094375 0.080833
0 0.312812 0.797083 0.056875 0.064167
0 0.796562 0.806667 0.078125 0.088333
0 0.286562 0.808333 0.115625 0.120000
0 0.700625 0.778333 0.070000 0.081667
0 0.623750 0.764583 0.081250 0.080833
0 0.489687 0.757083 0.081875 0.075833
0 0.037500 0.747083 0.075000 0.084167
0 0.321250 0.738750 0.083750 0.087500
0 0.765625 0.740833 0.062500 0.095000
0 0.147187 0.724583 0.083125 0.075833
0 0.829375 0.744583 0.077500 0.137500
0 0.651250 0.699583 0.066250 0.102500
0 0.922813 0.700417 0.098125 0.110833
0 0.418125 0.689167 0.070000 0.096667
0 0.066562 0.685833 0.084375 0.100000
0 0.573750 0.667917 0.080000 0.072500
0 0.330313 0.687917 0.153125 0.152500
0 0.226250 0.672083 0.062500 0.139167
0 0.947812 0.638750 0.058125 0.084167
0 0.517188 0.628333 0.088125 0.081667
0 0.833750 0.616250 0.082500 0.090833
0 0.180312 0.640833 0.061875 0.143333
0 0.448125 0.601250 0.050000 0.102500
0 0.907188 0.600417 0.064375 0.112500
0 0.279375 0.585000 0.063750 0.105000
0 0.343125 0.602083 0.087500 0.144167
0 0.475625 0.554167 0.081250 0.078333
0 0.130312 0.582917 0.044375 0.135833
0 0.217500 0.562917 0.065000 0.099167
0 0.044687 0.542917 0.058125 0.094167
0 0.091875 0.564167 0.043750 0.150000
0 0.954688 0.540833 0.054375 0.125000
0 0.907500 0.527500 0.053750 0.100000
0 0.648125 0.544583 0.078750 0.160833
0 0.015938 0.505000 0.031875 0.101667
0 0.580937 0.516667 0.063125 0.130000
0 0.860625 0.540000 0.042500 0.180000
0 0.688438 0.482083 0.073125 0.085833
0 0.177187 0.484583 0.055625 0.090833
0 0.226562 0.477500 0.046875 0.126667
0 0.033125 0.451667 0.065000 0.101667
0 0.450937 0.437500 0.066875 0.075000
0 0.267500 0.454167 0.078750 0.111667
0 0.393750 0.475000 0.073750 0.166667
0 0.316875 0.428750 0.058750 0.099167
0 0.950313 0.424583 0.056875 0.104167
0 0.504062 0.497083 0.163125 0.255833
0 0.098125 0.438333 0.046250 0.138333
0 0.355938 0.412500 0.064375 0.101667
0 0.778438 0.395833 0.045625 0.118333
0 0.922813 0.370833 0.060625 0.083333
0 0.453750 0.362500 0.083750 0.095000
0 0.186250 0.371250 0.055000 0.124167
0 0.544063 0.365833 0.056875 0.116667
0 0.619687 0.369583 0.059375 0.127500
0 0.242188 0.367083 0.084375 0.122500
0 0.065000 0.357917 0.067500 0.107500
0 0.729375 0.353333 0.071250 0.100000
0 0.699063 0.402500 0.134375 0.198333
0 0.310312 0.345417 0.080625 0.097500
0 0.375625 0.314167 0.058750 0.103333
0 0.906250 0.293750 0.070000 0.074167
0 0.453125 0.292917 0.072500 0.082500
0 0.852187 0.323750 0.094375 0.149167
0 0.669687 0.273750 0.079375 0.094167
0 0.785937 0.277917 0.070625 0.120833
0 0.720313 0.251667 0.061875 0.088333
0 0.026875 0.253750 0.053750 0.094167
0 0.171875 0.252917 0.068750 0.094167
0 0.887188 0.232083 0.086875 0.085833
0 0.966875 0.233750 0.061250 0.100833
0 0.308125 0.220417 0.065000 0.102500
0 0.085938 0.212083 0.074375 0.094167
0 0.539687 0.202500 0.070625 0.090000
0 0.465625 0.197917 0.075000 0.092500
0 0.778750 0.195000 0.091250 0.106667
0 0.848125 0.167917 0.060000 0.075833
0 0.617812 0.158750 0.063125 0.070833
0 0.883125 0.160000 0.082500 0.113333
0 0.110625 0.152917 0.066250 0.109167
0 0.389375 0.125833 0.075000 0.073333
0 0.711875 0.120000 0.061250 0.081667
0 0.020000 0.129583 0.040000 0.100833
0 0.280000 0.103333 0.063750 0.098333
0 0.924375 0.106667 0.085000 0.140000
0 0.758437 0.060833 0.104375 0.086667
0 0.943125 0.027083 0.066250 0.054167
0 0.860000 0.052500 0.073750 0.105000
0 0.575000 0.053750 0.066250 0.107500
0 0.520000 0.066667 0.052500 0.133333
0 0.054062 0.044583 0.056875 0.089167