0 0.380625 0.982500 0.057500 0.035000
0 0.626563 0.978333 0.054375 0.043333
0 0.523750 0.976250 0.060000 0.047500
0 0.681875 0.973750 0.080000 0.052500
0 0.820000 0.966250 0.098750 0.067500
0 0.922188 0.960000 0.074375 0.080000
0 0.721875 0.945000 0.057500 0.073333
0 0.133750 0.941667 0.065000 0.081667
0 0.585313 0.937500 0.068125 0.081667
0 0.502188 0.935833 0.059375 0.090000
0 0.886563 0.927083 0.070625 0.075833
0 0.778750 0.919583 0.061250 0.075833
0 0.064687 0.923750 0.065625 0.089167
0 0.413125 0.919167 0.047500 0.086667
0 0.347813 0.917500 0.084375 0.106667
0 0.661250 0.911250 0.081250 0.099167
0 0.824688 0.892083 0.054375 0.075833
0 0.155312 0.895833 0.073125 0.090000
0 0.591875 0.874583 0.062500 0.072500
0 0.896875 0.863333 0.063750 0.060000
0 0.290938 0.855417 0.089375 0.099167
0 0.480938 0.850000 0.073125 0.120000
0 0.560000 0.810417 0.048750 0.072500
0 0.659062 0.817500 0.058125 0.088333
0 0.716875 0.810833 0.076250 0.085000
0 0.925000 0.814583 0.100000 0.119167
0 0.804688 0.796667 0.070625 0.091667
0 0.165625 0.798750 0.070000 0.095833
0 0.853437 0.793333 0.050625 0.093333
0 0.375312 0.805417 0.069375 0.119167
0 0.611250 0.780833 0.057500 0.075000
0 0.241563 0.785417 0.075625 0.089167
0 0.441250 0.777083 0.072500 0.079167
0 0.508750 0.766250 0.058750 0.074167
0 0.227500 0.749583 0.060000 0.095833
0 0.926250 0.735417 0.072500 0.090833
0 0.574063 0.729167 0.061875 0.085000
0 0.791562 0.735000 0.079375 0.098333
0 0.868750 0.722083 0.060000 0.090833
0 0.980313 0.715417 0.039375 0.099167
0 0.681250 0.693333 0.052500 0.071667
0 0.393750 0.696250 0.075000 0.117500
0 0.189375 0.666667 0.066250 0.083333
0 0.129375 0.657083 0.058750 0.075833
0 0.651875 0.657500 0.058750 0.091667
0 0.713125 0.640833 0.053750 0.066667
0 0.784687 0.648333 0.066875 0.085000
0 0.596562 0.640833 0.055625 0.081667
0 0.969688 0.625000 0.056875 0.070000
0 0.442500 0.636250 0.062500 0.094167
0 0.856563 0.642917 0.073125 0.109167
0 0.496250 0.620833 0.070000 0.091667
0 0.595625 0.587917 0.075000 0.075833
0 0.272500 0.586667 0.062500 0.075000
0 0.749687 0.580417 0.048125 0.075833
0 0.395625 0.589167 0.072500 0.095000
0 0.690625 0.570000 0.070000 0.086667
0 0.209375 0.567917 0.062500 0.097500
0 0.800625 0.557083 0.067500 0.077500
0 0.520625 0.555833 0.070000 0.078333
0 0.330313 0.564583 0.066875 0.117500
0 0.437188 0.532917 0.059375 0.080833
0 0.082812 0.542500 0.076875 0.105000
0 0.574375 0.510833 0.066250 0.078333
0 0.226875 0.517500 0.067500 0.098333
0 0.702812 0.507917 0.073125 0.084167
0 0.155938 0.515000 0.076875 0.098333
0 0.633125 0.503750 0.062500 0.077500
0 0.975000 0.506250 0.050000 0.090833
0 0.524375 0.477500 0.052500 0.081667
0 0.813125 0.478750 0.065000 0.089167
0 0.750625 0.475000 0.058750 0.085000
0 0.114375 0.458750 0.065000 0.099167
0 0.606563 0.443333 0.113125 0.081667
0 0.480000 0.437917 0.057500 0.079167
0 0.067812 0.438750 0.086875 0.105833
0 0.955937 0.427500 0.066875 0.095000
0 0.174687 0.429167 0.074375 0.113333
0 0.839688 0.408333 0.060625 0.080000
0 0.654687 0.404167 0.060625 0.088333
0 0.546250 0.397083 0.070000 0.089167
0 0.780625 0.388750 0.067500 0.105833
0 0.486250 0.365000 0.060000 0.068333
0 0.629375 0.368750 0.058750 0.082500
0 0.708438 0.351667 0.083125 0.088333
0 0.871250 0.339167 0.070000 0.086667
0 0.116562 0.316250 0.073125 0.080833
0 0.641563 0.309167 0.064375 0.075000
0 0.824375 0.317917 0.062500 0.094167
0 0.509062 0.301667 0.098125 0.083333
0 0.580000 0.280417 0.055000 0.065833
0 0.281250 0.280833 0.066250 0.066667
0 0.348750 0.289167 0.070000 0.086667
0 0.015938 0.285417 0.031875 0.084167
0 0.437188 0.280417 0.071875 0.094167
0 0.707812 0.266250 0.071875 0.082500
0 0.222500 0.253750 0.063750 0.075833
0 0.638750 0.237083 0.056250 0.070833
0 0.365938 0.240000 0.068125 0.083333
0 0.780000 0.242500 0.062500 0.091667
0 0.277500 0.225417 0.070000 0.064167
0 0.901875 0.230000 0.080000 0.086667
0 0.477500 0.222500 0.095000 0.096667
0 0.209063 0.212917 0.064375 0.082500
0 0.026875 0.211250 0.053750 0.079167
0 0.843750 0.215417 0.071250 0.099167
0 0.729062 0.200833 0.070625 0.073333
0 0.268750 0.174167 0.066250 0.060000
0 0.113750 0.185833 0.096250 0.091667
0 0.423125 0.177500 0.060000 0.080000
0 0.946562 0.185833 0.076875 0.100000
0 0.644687 0.167500 0.054375 0.070000
0 0.704375 0.164583 0.067500 0.084167
0 0.538438 0.156250 0.064375 0.070833
0 0.800000 0.158333 0.066250 0.076667
0 0.321250 0.163750 0.065000 0.099167
0 0.207813 0.142500 0.078125 0.076667
0 0.601250 0.130417 0.058750 0.070833
0 0.479375 0.129583 0.062500 0.079167
0 0.365938 0.132500 0.089375 0.095000
0 0.031250 0.128750 0.062500 0.092500
0 0.755000 0.120000 0.055000 0.086667
0 0.141563 0.113750 0.071875 0.084167
0 0.263750 0.104167 0.060000 0.076667
0 0.660000 0.103333 0.066250 0.076667
0 0.545937 0.092083 0.056875 0.065833
0 0.889062 0.073750 0.066875 0.077500
0 0.609375 0.073750 0.058750 0.080833
0 0.813125 0.075417 0.073750 0.089167
0 0.065312 0.063750 0.071875 0.087500
0 0.417500 0.052500 0.058750 0.068333
0 0.121563 0.041667 0.060625 0.078333
0 0.948125 0.030833 0.086250 0.061667
0 0.859375 0.023750 0.082500 0.047500
0 0.727500 0.042917 0.071250 0.085833
0 0.591875 0.024583 0.066250 0.049167
0 0.507812 0.032917 0.061875 0.065833
0 0.454062 0.022917 0.061875 0.045833
0 0.361875 0.053750 0.078750 0.107500
0 0.298750 0.040417 0.062500 0.080833
0 0.020938 0.040833 0.041875 0.081667