0 0.953750 0.920000 0.073750 0.095000
0 0.894375 0.899583 0.070000 0.099167
0 0.341562 0.877917 0.078125 0.085833
0 0.477187 0.868750 0.083125 0.080833
0 0.844688 0.808333 0.071875 0.085000
0 0.916875 0.806667 0.073750 0.086667
0 0.241563 0.776667 0.084375 0.085000
0 0.117500 0.745000 0.063750 0.076667
0 0.527500 0.731250 0.072500 0.090833
0 0.074375 0.723750 0.066250 0.104167
0 0.041563 0.645417 0.061875 0.084167
0 0.805625 0.645417 0.081250 0.092500
0 0.712812 0.559167 0.079375 0.093333
0 0.100000 0.518750 0.076250 0.094167
0 0.204375 0.506667 0.113750 0.086667
0 0.602187 0.501667 0.076875 0.083333
0 0.970313 0.497083 0.059375 0.082500
0 0.022187 0.300000 0.044375 0.100000
0 0.883437 0.220000 0.074375 0.105000
0 0.345938 0.187083 0.069375 0.100833
0 0.469687 0.181250 0.075625 0.100833
0 0.162500 0.137083 0.070000 0.085833
0 0.780312 0.075000 0.069375 0.095000
0 0.176250 0.041667 0.066250 0.078333
0 0.896250 0.036250 0.046250 0.072500