0 0.033438 0.970833 0.059375 0.058333
0 0.275938 0.969583 0.063125 0.060833
0 0.092813 0.968750 0.065625 0.062500
0 0.342500 0.959167 0.082500 0.081667
0 0.413750 0.939583 0.066250 0.089167
0 0.533125 0.891250 0.071250 0.095833
0 0.774687 0.858750 0.066875 0.089167
0 0.910625 0.823333 0.055000 0.085000
0 0.264375 0.819583 0.070000 0.084167
0 0.865000 0.797500 0.056250 0.088333
0 0.035000 0.784583 0.070000 0.100833
0 0.536563 0.787917 0.068125 0.109167
0 0.221250 0.737917 0.072500 0.089167
0 0.817500 0.705417 0.060000 0.085833
0 0.737187 0.706250 0.073125 0.092500
0 0.387813 0.667917 0.063125 0.079167
0 0.242812 0.666250 0.074375 0.085833
0 0.286562 0.664167 0.061875 0.086667
0 0.858125 0.646667 0.056250 0.090000
0 0.907500 0.637917 0.062500 0.084167
0 0.970938 0.624167 0.058125 0.095000
0 0.260000 0.586250 0.062500 0.079167
0 0.637188 0.575417 0.060625 0.102500
0 0.567813 0.565000 0.068125 0.085000
0 0.815312 0.563333 0.065625 0.090000
0 0.856250 0.538333 0.063750 0.091667
0 0.490000 0.541667 0.067500 0.100000
0 0.962187 0.532083 0.058125 0.082500
0 0.544063 0.493333 0.068125 0.083333
0 0.283125 0.486667 0.063750 0.090000
0 0.765000 0.466667 0.065000 0.095000
0 0.533125 0.436667 0.078750 0.086667
0 0.839375 0.413333 0.058750 0.100000
0 0.365938 0.410000 0.075625 0.093333
0 0.054375 0.372083 0.083750 0.127500
0 0.633750 0.333750 0.068750 0.107500
0 0.646875 0.230833 0.067500 0.096667
0 0.063750 0.231250 0.071250 0.102500
0 0.808125 0.222083 0.066250 0.085833
0 0.871875 0.160417 0.066250 0.090833
0 0.074688 0.135833 0.070625 0.085000
0 0.277187 0.131250 0.071875 0.089167
0 0.137813 0.116250 0.066875 0.084167
0 0.020313 0.116667 0.040625 0.090000
0 0.529062 0.083750 0.080625 0.099167
0 0.083125 0.058333 0.062500 0.086667
0 0.898125 0.025000 0.066250 0.050000
0 0.797188 0.017917 0.058125 0.035833
0 0.550625 0.027917 0.067500 0.055833
0 0.167500 0.038750 0.067500 0.077500