0 0.872812 0.976250 0.061875 0.047500
0 0.802500 0.970000 0.061250 0.060000
0 0.060937 0.966667 0.060625 0.066667
0 0.955625 0.965000 0.088750 0.070000
0 0.558438 0.964583 0.059375 0.070833
0 0.160000 0.955000 0.048750 0.070000
0 0.726250 0.957500 0.073750 0.085000
0 0.664375 0.923333 0.052500 0.071667
0 0.352500 0.916667 0.068750 0.088333
0 0.856250 0.897500 0.060000 0.080000
0 0.516875 0.900000 0.068750 0.086667
0 0.036250 0.867917 0.052500 0.067500
0 0.950625 0.868333 0.065000 0.076667
0 0.698438 0.866667 0.069375 0.091667
0 0.286562 0.849167 0.068125 0.083333
0 0.805312 0.807500 0.060625 0.075000
0 0.181250 0.793750 0.058750 0.075833
0 0.920625 0.785417 0.056250 0.072500
0 0.521875 0.776667 0.073750 0.085000
0 0.239687 0.777083 0.061875 0.090833
0 0.644687 0.767917 0.068125 0.084167
0 0.737812 0.753333 0.071875 0.113333
0 0.108438 0.726667 0.056875 0.081667
0 0.038750 0.713333 0.077500 0.078333
0 0.183438 0.711250 0.063125 0.077500
0 0.521875 0.683750 0.068750 0.077500
0 0.436875 0.671667 0.077500 0.100000
0 0.667188 0.650417 0.075625 0.102500
0 0.780312 0.639583 0.066875 0.089167
0 0.937813 0.630833 0.060625 0.075000
0 0.550625 0.621250 0.061250 0.074167
0 0.578438 0.587917 0.064375 0.085833
0 0.261562 0.589167 0.088125 0.125000
0 0.317500 0.537917 0.062500 0.075833
0 0.646563 0.532917 0.069375 0.089167
0 0.488125 0.497917 0.057500 0.080833
0 0.325937 0.475833 0.065625 0.090000
0 0.015625 0.458750 0.031250 0.082500
0 0.185938 0.452083 0.069375 0.085833
0 0.079062 0.442917 0.068125 0.080833
0 0.392813 0.448333 0.086875 0.098333
0 0.557813 0.438333 0.065625 0.088333
0 0.811875 0.449167 0.098750 0.123333
0 0.643750 0.422917 0.068750 0.084167
0 0.758750 0.390417 0.068750 0.087500
0 0.259062 0.371667 0.058125 0.075000
0 0.067187 0.369583 0.059375 0.090833
0 0.714375 0.343750 0.061250 0.062500
0 0.435000 0.332917 0.072500 0.094167
0 0.540937 0.311667 0.068125 0.083333
0 0.189688 0.300833 0.056875 0.081667
0 0.745000 0.284583 0.086250 0.055833
0 0.969375 0.300000 0.061250 0.096667
0 0.356875 0.286667 0.056250 0.075000
0 0.122500 0.291250 0.077500 0.109167
0 0.497188 0.236667 0.075625 0.066667
0 0.036250 0.238750 0.072500 0.080833
0 0.669375 0.242917 0.065000 0.097500
0 0.295625 0.232083 0.060000 0.084167
0 0.781563 0.196250 0.085625 0.055833
0 0.159375 0.190417 0.050000 0.070833
0 0.354063 0.172083 0.059375 0.080833
0 0.909062 0.164167 0.065625 0.080000
0 0.201563 0.175417 0.063125 0.117500
0 0.511250 0.146667 0.067500 0.091667
0 0.248750 0.132917 0.060000 0.099167
0 0.985000 0.125833 0.030000 0.086667
0 0.834688 0.116667 0.075625 0.068333
0 0.560937 0.115833 0.070625 0.090000
0 0.765625 0.104167 0.071250 0.090000
0 0.319688 0.055000 0.070625 0.091667
0 0.934375 0.025000 0.057500 0.050000
0 0.853750 0.031250 0.068750 0.062500
0 0.781563 0.043750 0.085625 0.087500
0 0.545000 0.019167 0.060000 0.038333
0 0.155938 0.032500 0.071875 0.065000