0 0.471250 0.978333 0.061250 0.043333
0 0.336250 0.970000 0.113750 0.060000
0 0.733750 0.964583 0.063750 0.070833
0 0.816250 0.962917 0.081250 0.074167
0 0.024375 0.955000 0.048750 0.071667
0 0.185000 0.955417 0.062500 0.085833
0 0.945312 0.950833 0.068125 0.095000
0 0.688750 0.949583 0.066250 0.092500
0 0.906875 0.947500 0.066250 0.098333
0 0.465313 0.924583 0.060625 0.070833
0 0.778438 0.919167 0.076875 0.078333
0 0.363125 0.914583 0.071250 0.074167
0 0.630000 0.916250 0.073750 0.092500
0 0.289375 0.910000 0.067500 0.093333
0 0.220938 0.901250 0.066875 0.085833
0 0.569375 0.890833 0.061250 0.091667
0 0.710625 0.887500 0.070000 0.093333
0 0.068437 0.883750 0.060625 0.090833
0 0.189375 0.861667 0.070000 0.091667
0 0.864062 0.854583 0.098125 0.115833
0 0.504687 0.838750 0.066875 0.084167
0 0.957500 0.848333 0.085000 0.106667
0 0.104688 0.799583 0.074375 0.090833
0 0.169687 0.792917 0.053125 0.087500
0 0.250312 0.786667 0.089375 0.076667
0 0.591562 0.787500 0.060625 0.093333
0 0.381875 0.787083 0.070000 0.099167
0 0.453750 0.769583 0.060000 0.085833
0 0.068750 0.747917 0.073750 0.087500
0 0.352500 0.715417 0.060000 0.087500
0 0.031250 0.694167 0.062500 0.128333
0 0.290938 0.671250 0.061875 0.085833
0 0.610000 0.640417 0.077500 0.069167
0 0.063437 0.644583 0.061875 0.090833
0 0.822187 0.631250 0.103125 0.069167
0 0.228750 0.632917 0.066250 0.079167
0 0.725625 0.629583 0.075000 0.080833
0 0.348438 0.625000 0.064375 0.086667
0 0.423750 0.618750 0.071250 0.089167
0 0.681562 0.611250 0.063125 0.084167
0 0.966875 0.642083 0.066250 0.154167
0 0.038750 0.588750 0.077500 0.067500
0 0.900312 0.585417 0.089375 0.067500
0 0.231250 0.564583 0.065000 0.079167
0 0.597500 0.561667 0.052500 0.076667
0 0.303750 0.557500 0.070000 0.091667
0 0.548750 0.546667 0.058750 0.085000
0 0.038437 0.545417 0.076875 0.087500
0 0.976250 0.540833 0.047500 0.086667
0 0.921250 0.533750 0.068750 0.099167
0 0.781250 0.527500 0.086250 0.098333
0 0.270625 0.511667 0.068750 0.083333
0 0.103125 0.514167 0.052500 0.105000
0 0.153438 0.512917 0.055625 0.105833
0 0.412500 0.493750 0.068750 0.080833
0 0.207500 0.500000 0.055000 0.108333
0 0.537500 0.479583 0.067500 0.089167
0 0.045937 0.467917 0.066875 0.092500
0 0.736563 0.482500 0.095625 0.133333
0 0.320937 0.456667 0.069375 0.085000
0 0.392188 0.429167 0.066875 0.071667
0 0.649375 0.427500 0.065000 0.090000
0 0.714688 0.422083 0.066875 0.094167
0 0.600313 0.402083 0.073125 0.097500
0 0.063750 0.396667 0.070000 0.093333
0 0.495937 0.393750 0.085625 0.090833
0 0.302500 0.385417 0.067500 0.080833
0 0.201250 0.380000 0.095000 0.075000
0 0.246250 0.348750 0.057500 0.075833
0 0.674375 0.347500 0.086250 0.078333
0 0.482812 0.336250 0.100625 0.110833
0 0.146563 0.310000 0.078125 0.073333
0 0.383125 0.299167 0.077500 0.075000
0 0.440000 0.293750 0.062500 0.065833
0 0.672500 0.306667 0.080000 0.093333
0 0.956250 0.308333 0.067500 0.100000
0 0.075000 0.292917 0.076250 0.080833
0 0.781875 0.287083 0.068750 0.094167
0 0.642813 0.275833 0.055625 0.090000
0 0.191562 0.258750 0.093125 0.075833
0 0.234063 0.242917 0.070625 0.075833
0 0.104063 0.237500 0.093125 0.066667
0 0.458437 0.231250 0.113125 0.070833
0 0.723750 0.224583 0.056250 0.092500
0 0.885938 0.221667 0.064375 0.096667
0 0.280000 0.217917 0.070000 0.090833
0 0.495625 0.206250 0.083750 0.085833
0 0.780937 0.206250 0.064375 0.100833
0 0.601875 0.196250 0.066250 0.097500
0 0.344375 0.183333 0.075000 0.083333
0 0.032500 0.178333 0.065000 0.088333
0 0.528438 0.164167 0.083125 0.075000
0 0.750000 0.152917 0.076250 0.089167
0 0.187812 0.137083 0.073125 0.064167
0 0.347500 0.125000 0.073750 0.090000
0 0.520625 0.097917 0.087500 0.065833
0 0.314063 0.113750 0.084375 0.110833
0 0.796875 0.102500 0.071250 0.100000
0 0.064062 0.089583 0.070625 0.080833
0 0.194062 0.067500 0.065625 0.081667
0 0.016875 0.067500 0.033750 0.096667
0 0.474687 0.051250 0.069375 0.085833
0 0.427812 0.055417 0.066875 0.094167
0 0.921562 0.049583 0.088125 0.099167
0 0.856875 0.021250 0.058750 0.042500
0 0.597812 0.027917 0.091875 0.055833
0 0.096562 0.039167 0.061875 0.078333
0 0.048750 0.020000 0.048750 0.040000