0 0.172813 0.974167 0.063125 0.051667
0 0.704375 0.952917 0.068750 0.085833
0 0.242188 0.947917 0.086875 0.104167
0 0.968125 0.933333 0.063750 0.118333
0 0.882812 0.928333 0.101875 0.143333
0 0.951250 0.881250 0.063750 0.072500
0 0.202813 0.884583 0.081875 0.137500
0 0.841562 0.849583 0.059375 0.074167
0 0.714375 0.845417 0.073750 0.085833
0 0.056250 0.852500 0.061250 0.101667
0 0.479375 0.802500 0.068750 0.086667
0 0.694375 0.787500 0.067500 0.071667
0 0.967500 0.796667 0.065000 0.095000
0 0.901250 0.784583 0.063750 0.084167
0 0.791562 0.757500 0.066875 0.075000
0 0.724063 0.741667 0.071875 0.078333
0 0.978437 0.717083 0.043125 0.069167
0 0.239375 0.735417 0.103750 0.105833
0 0.319375 0.711250 0.060000 0.090833
0 0.893125 0.705000 0.061250 0.086667
0 0.833438 0.691250 0.055625 0.085833
0 0.435000 0.675417 0.080000 0.100833
0 0.359375 0.675833 0.101250 0.110000
0 0.153125 0.657500 0.068750 0.075000
0 0.067812 0.645000 0.061875 0.078333
0 0.500000 0.630833 0.071250 0.080000
0 0.159688 0.592083 0.070625 0.079167
0 0.849063 0.611667 0.090625 0.120000
0 0.376875 0.591667 0.067500 0.090000
0 0.528438 0.591250 0.095625 0.104167
0 0.245000 0.581250 0.065000 0.084167
0 0.588750 0.572500 0.053750 0.068333
0 0.037187 0.569167 0.074375 0.101667
0 0.330937 0.557083 0.108125 0.089167
0 0.152500 0.508750 0.056250 0.080833
0 0.480625 0.502083 0.051250 0.074167
0 0.271562 0.500417 0.050625 0.072500
0 0.215625 0.509583 0.075000 0.119167
0 0.380312 0.467500 0.053125 0.073333
0 0.622812 0.439583 0.055625 0.067500
0 0.070625 0.442083 0.056250 0.074167
0 0.021875 0.425417 0.043750 0.092500
0 0.579375 0.412500 0.050000 0.068333
0 0.399687 0.407917 0.043125 0.065833
0 0.197187 0.411667 0.063125 0.078333
0 0.937187 0.404167 0.061875 0.081667
0 0.281875 0.409583 0.088750 0.109167
0 0.448437 0.403750 0.059375 0.109167
0 0.779062 0.370000 0.073125 0.096667
0 0.669063 0.334583 0.049375 0.064167
0 0.240625 0.347500 0.080000 0.125000
0 0.419687 0.316667 0.059375 0.066667
0 0.716562 0.312917 0.048125 0.062500
0 0.570625 0.298750 0.061250 0.092500
0 0.476875 0.297500 0.058750 0.090000
0 0.283125 0.282083 0.063750 0.084167
0 0.347500 0.267083 0.065000 0.080833
0 0.450000 0.240833 0.052500 0.068333
0 0.563125 0.230417 0.047500 0.050833
0 0.204375 0.247917 0.070000 0.097500
0 0.402500 0.221250 0.065000 0.070833
0 0.615000 0.200000 0.057500 0.060000
0 0.848125 0.182500 0.058750 0.073333
0 0.684375 0.210000 0.107500 0.158333
0 0.170313 0.171250 0.068125 0.099167
0 0.467187 0.155000 0.066875 0.096667
0 0.574063 0.144583 0.048125 0.087500
0 0.417500 0.134583 0.065000 0.082500
0 0.494063 0.089167 0.050625 0.075000
0 0.762188 0.122500 0.151875 0.143333
0 0.260313 0.092083 0.073125 0.094167
0 0.573750 0.073750 0.040000 0.060833
0 0.833750 0.063750 0.056250 0.080833
0 0.197813 0.061250 0.060625 0.077500
0 0.965000 0.022500 0.062500 0.045000
0 0.876563 0.022917 0.051875 0.045833
0 0.799063 0.039167 0.099375 0.078333
0 0.394062 0.036667 0.068125 0.073333
0 0.318125 0.035833 0.083750 0.071667
0 0.272813 0.021250 0.059375 0.042500
0 0.142500 0.055417 0.063750 0.110833