0 0.787188 0.971667 0.085625 0.056667
0 0.751875 0.898750 0.081250 0.090833
0 0.497188 0.850417 0.061875 0.079167
0 0.593437 0.835000 0.079375 0.108333
0 0.500938 0.782500 0.058125 0.093333
0 0.398750 0.762500 0.068750 0.086667
0 0.574375 0.751667 0.038750 0.083333
0 0.529687 0.752083 0.035625 0.127500
0 0.879687 0.666250 0.066875 0.092500
0 0.812500 0.638333 0.071250 0.090000
0 0.116875 0.601250 0.057500 0.079167
0 0.626563 0.575417 0.075625 0.100833
0 0.704063 0.553333 0.074375 0.101667
0 0.556875 0.520833 0.045000 0.083333
0 0.520312 0.526250 0.031875 0.107500
0 0.131875 0.497500 0.067500 0.088333
0 0.351875 0.398333 0.066250 0.091667
0 0.246562 0.390000 0.074375 0.106667
0 0.089063 0.376250 0.068125 0.094167
0 0.492500 0.358333 0.075000 0.090000
0 0.108438 0.314583 0.079375 0.104167
0 0.184062 0.275000 0.059375 0.086667
0 0.301875 0.267083 0.063750 0.085833
0 0.562813 0.267083 0.065625 0.124167
0 0.109375 0.230833 0.076250 0.088333
0 0.806250 0.224167 0.076250 0.105000
0 0.497500 0.202500 0.030000 0.085000
0 0.874375 0.178333 0.067500 0.093333
0 0.569375 0.169583 0.077500 0.095833