0 0.690937 0.966250 0.051875 0.067500
0 0.400313 0.964167 0.054375 0.071667
0 0.452813 0.963750 0.059375 0.072500
0 0.512188 0.959583 0.065625 0.077500
0 0.631250 0.933333 0.060000 0.081667
0 0.830313 0.932083 0.049375 0.114167
0 0.918750 0.899167 0.071250 0.110000
0 0.545000 0.877500 0.070000 0.083333
0 0.977500 0.841250 0.045000 0.087500
0 0.578438 0.791667 0.066875 0.080000
0 0.179688 0.782917 0.075625 0.080833
0 0.021562 0.750417 0.043125 0.077500
0 0.827812 0.714583 0.054375 0.084167
0 0.161562 0.705417 0.075625 0.084167
0 0.033438 0.692917 0.066875 0.079167
0 0.186875 0.647083 0.092500 0.095833
0 0.714688 0.633750 0.053125 0.120833
0 0.410938 0.596250 0.063125 0.069167
0 0.974063 0.542500 0.051875 0.086667
0 0.900625 0.520833 0.071250 0.091667
0 0.571250 0.515000 0.072500 0.086667
0 0.698438 0.507917 0.058125 0.077500
0 0.415312 0.512500 0.081875 0.105000
0 0.565000 0.453333 0.062500 0.076667
0 0.029063 0.439167 0.058125 0.071667
0 0.276875 0.435417 0.067500 0.094167
0 0.619687 0.414167 0.055625 0.098333
0 0.890000 0.377500 0.060000 0.083333
0 0.805625 0.363750 0.051250 0.105833
0 0.913125 0.322500 0.061250 0.081667
0 0.623125 0.295417 0.053750 0.072500
0 0.287187 0.264583 0.064375 0.124167
0 0.170000 0.185000 0.060000 0.070000
0 0.408750 0.100000 0.065000 0.088333
0 0.159375 0.079583 0.061250 0.084167
0 0.763750 0.063750 0.052500 0.102500
0 0.940000 0.025833 0.053750 0.051667