0 0.855313 0.982917 0.066875 0.034167
0 0.067187 0.970417 0.111875 0.059167
0 0.779687 0.967917 0.073125 0.064167
0 0.119375 0.929167 0.072500 0.090000
0 0.669063 0.920417 0.070625 0.099167
0 0.930937 0.898750 0.090625 0.075833
0 0.312812 0.842500 0.075625 0.095000
0 0.616875 0.827500 0.071250 0.096667
0 0.767188 0.802500 0.090625 0.088333
0 0.692813 0.782083 0.084375 0.084167
0 0.019688 0.752083 0.039375 0.087500
0 0.547500 0.717083 0.076250 0.085833
0 0.683438 0.704583 0.078125 0.095833
0 0.622500 0.695833 0.061250 0.095000
0 0.234063 0.672500 0.080625 0.095000
0 0.472187 0.662500 0.079375 0.086667
0 0.205000 0.555833 0.086250 0.083333
0 0.367500 0.556250 0.071250 0.089167
0 0.705000 0.556250 0.080000 0.097500
0 0.019688 0.550833 0.039375 0.090000
0 0.961875 0.515833 0.076250 0.076667
0 0.203437 0.477917 0.096875 0.072500
0 0.955000 0.365417 0.090000 0.089167
0 0.163125 0.367500 0.107500 0.113333
0 0.876563 0.317083 0.074375 0.102500
0 0.462813 0.307917 0.096875 0.129167
0 0.799063 0.287500 0.071875 0.108333
0 0.553438 0.132500 0.071875 0.098333
0 0.661563 0.112917 0.070625 0.095833
0 0.956875 0.100000 0.067500 0.093333
0 0.441875 0.087083 0.081250 0.085833
0 0.086563 0.082917 0.080625 0.097500
0 0.659687 0.022917 0.075625 0.045833