0 0.287187 0.976667 0.054375 0.046667
0 0.230937 0.973333 0.051875 0.053333
0 0.110000 0.973333 0.061250 0.053333
0 0.430312 0.966250 0.051875 0.067500
0 0.371875 0.962083 0.070000 0.075833
0 0.976875 0.939167 0.046250 0.073333
0 0.179375 0.938333 0.066250 0.076667
0 0.468438 0.936250 0.058125 0.077500
0 0.073125 0.920000 0.048750 0.068333
0 0.761250 0.908750 0.048750 0.062500
0 0.264688 0.909583 0.055625 0.085833
0 0.123125 0.906667 0.058750 0.080000
0 0.507500 0.904167 0.045000 0.076667
0 0.630313 0.897500 0.053125 0.071667
0 0.362500 0.890417 0.077500 0.070833
0 0.430312 0.873333 0.060625 0.081667
0 0.090313 0.855000 0.053125 0.076667
0 0.182188 0.857917 0.070625 0.089167
0 0.857812 0.851667 0.063125 0.085000
0 0.787813 0.852083 0.049375 0.097500
0 0.603125 0.827500 0.066250 0.080000
0 0.269062 0.816667 0.048125 0.060000
0 0.918125 0.812917 0.057500 0.070833
0 0.486563 0.816250 0.060625 0.080833
0 0.098125 0.807083 0.065000 0.072500
0 0.809688 0.793750 0.055625 0.062500
0 0.185625 0.781250 0.051250 0.069167
0 0.746250 0.762500 0.040000 0.055000
0 0.640000 0.763750 0.045000 0.065833
0 0.469375 0.765000 0.065000 0.085000
0 0.394375 0.753333 0.057500 0.078333
0 0.953750 0.745000 0.047500 0.073333
0 0.797813 0.743333 0.059375 0.075000
0 0.213125 0.746250 0.065000 0.082500
0 0.266562 0.725833 0.060625 0.083333
0 0.149375 0.719167 0.061250 0.071667
0 0.848750 0.718750 0.050000 0.072500
0 0.624375 0.709167 0.052500 0.058333
0 0.900000 0.730833 0.061250 0.111667
0 0.063125 0.715417 0.103750 0.085833
0 0.756563 0.705833 0.051875 0.068333
0 0.983750 0.684167 0.032500 0.071667
0 0.209375 0.675000 0.056250 0.061667
0 0.940000 0.680000 0.051250 0.073333
0 0.406250 0.670000 0.050000 0.093333
0 0.875313 0.660000 0.064375 0.086667
0 0.697500 0.653333 0.086250 0.096667
0 0.564063 0.629583 0.058125 0.082500
0 0.242812 0.617083 0.055625 0.077500
0 0.789687 0.613333 0.048125 0.080000
0 0.345313 0.605833 0.060625 0.076667
0 0.672500 0.583750 0.045000 0.064167
0 0.820000 0.591250 0.055000 0.099167
0 0.732187 0.588333 0.073125 0.100000
0 0.968125 0.565417 0.053750 0.072500
0 0.906875 0.550417 0.051250 0.077500
0 0.095625 0.541250 0.046250 0.070833
0 0.311250 0.537083 0.056250 0.077500
0 0.847187 0.530000 0.056875 0.073333
0 0.173437 0.524167 0.056875 0.063333
0 0.565937 0.493750 0.070625 0.067500
0 0.733750 0.488750 0.051250 0.069167
0 0.462813 0.477917 0.053125 0.074167
0 0.419375 0.457083 0.042500 0.059167
0 0.200625 0.460417 0.047500 0.075833
0 0.785312 0.453750 0.056875 0.079167
0 0.058125 0.446667 0.065000 0.076667
0 0.713125 0.410000 0.058750 0.081667
0 0.170000 0.403333 0.057500 0.068333
0 0.379375 0.391250 0.053750 0.072500
0 0.534375 0.388333 0.043750 0.073333
0 0.323125 0.372083 0.056250 0.065833
0 0.111250 0.366250 0.072500 0.077500
0 0.842500 0.344583 0.063750 0.074167
0 0.757188 0.341250 0.050625 0.089167
0 0.505625 0.325000 0.067500 0.056667
0 0.980000 0.335000 0.040000 0.091667
0 0.572812 0.330000 0.055625 0.081667
0 0.935312 0.331667 0.048125 0.093333
0 0.427500 0.311250 0.060000 0.082500
0 0.809063 0.299167 0.061875 0.073333
0 0.058438 0.298750 0.066875 0.095833
0 0.132188 0.285000 0.071875 0.085000
0 0.745000 0.286667 0.082500 0.093333
0 0.976562 0.260833 0.046875 0.063333
0 0.535625 0.262500 0.058750 0.081667
0 0.472500 0.257917 0.056250 0.075833
0 0.798125 0.246667 0.057500 0.066667
0 0.266875 0.238333 0.055000 0.080000
0 0.600938 0.241250 0.046875 0.087500
0 0.569375 0.234583 0.056250 0.079167
0 0.652500 0.230000 0.057500 0.080000
0 0.388125 0.247083 0.083750 0.127500
0 0.712187 0.220417 0.054375 0.095833
0 0.566562 0.180000 0.038125 0.048333
0 0.104375 0.201250 0.072500 0.099167
0 0.436875 0.188333 0.065000 0.078333
0 0.347813 0.176667 0.056875 0.070000
0 0.782813 0.177917 0.063125 0.074167
0 0.051562 0.190417 0.059375 0.122500
0 0.673750 0.162500 0.051250 0.068333
0 0.585625 0.159583 0.043750 0.064167
0 0.823438 0.161667 0.066875 0.081667
0 0.154688 0.153333 0.045625 0.075000
0 0.106563 0.140417 0.046875 0.054167
0 0.882812 0.139583 0.051875 0.064167
0 0.429688 0.131250 0.060625 0.082500
0 0.292500 0.128750 0.063750 0.082500
0 0.191875 0.108750 0.057500 0.054167
0 0.234687 0.116667 0.049375 0.098333
0 0.030312 0.097083 0.060625 0.087500
0 0.093125 0.085833 0.056250 0.078333
0 0.863437 0.071667 0.059375 0.071667
0 0.795625 0.073333 0.068750 0.080000
0 0.276875 0.065000 0.052500 0.068333
0 0.964688 0.048750 0.063125 0.065833
0 0.459688 0.063750 0.081875 0.100833
0 0.694688 0.041250 0.055625 0.067500
0 0.163125 0.046250 0.067500 0.080833
0 0.544687 0.022500 0.056875 0.045000