0 0.954063 0.971250 0.078125 0.057500
0 0.365938 0.926667 0.075625 0.091667
0 0.118438 0.900000 0.068125 0.088333
0 0.484063 0.894167 0.070625 0.095000
0 0.567187 0.882083 0.075625 0.090833
0 0.279375 0.881667 0.065000 0.098333
0 0.186562 0.875417 0.065625 0.090833
0 0.018125 0.865833 0.036250 0.098333
0 0.229687 0.857917 0.051875 0.119167
0 0.137813 0.814583 0.063125 0.080833
0 0.603437 0.799583 0.068125 0.090833
0 0.413750 0.782917 0.065000 0.082500
0 0.099375 0.745417 0.066250 0.087500
0 0.336875 0.740417 0.067500 0.094167
0 0.717500 0.732917 0.092500 0.122500
0 0.185938 0.709583 0.075625 0.095833
0 0.043125 0.690000 0.078750 0.085000
0 0.596562 0.677917 0.068125 0.092500
0 0.702187 0.659583 0.066875 0.082500
0 0.116250 0.658750 0.051250 0.134167
0 0.526563 0.614583 0.074375 0.084167
0 0.726250 0.594167 0.068750 0.093333
0 0.774687 0.592917 0.056875 0.097500
0 0.387813 0.577917 0.048125 0.084167
0 0.826250 0.563333 0.061250 0.101667
0 0.675937 0.522917 0.061875 0.087500
0 0.405938 0.505417 0.070625 0.079167
0 0.868125 0.521667 0.087500 0.128333
0 0.926562 0.453333 0.063125 0.071667
0 0.477500 0.461667 0.058750 0.088333
0 0.658750 0.447083 0.070000 0.090833
0 0.184375 0.430000 0.067500 0.086667
0 0.591875 0.393333 0.070000 0.083333
0 0.503750 0.377083 0.060000 0.084167
0 0.297187 0.373750 0.073125 0.085833
0 0.664062 0.365833 0.085625 0.078333
0 0.343125 0.370417 0.057500 0.100833
0 0.729688 0.364167 0.055625 0.090000
0 0.100937 0.367083 0.073125 0.095833
0 0.967812 0.335833 0.064375 0.096667
0 0.575625 0.305833 0.087500 0.106667
0 0.732812 0.283750 0.068125 0.084167
0 0.049375 0.280417 0.082500 0.099167
0 0.668750 0.275000 0.063750 0.098333
0 0.405313 0.275000 0.075625 0.120000
0 0.356563 0.260000 0.066875 0.098333
0 0.703750 0.218333 0.068750 0.098333
0 0.178437 0.186667 0.058125 0.088333
0 0.815312 0.184583 0.068125 0.089167
0 0.389062 0.171667 0.060625 0.086667
0 0.442500 0.167917 0.060000 0.097500
0 0.254063 0.167500 0.059375 0.098333
0 0.504687 0.162083 0.068125 0.097500
0 0.068125 0.148333 0.068750 0.091667
0 0.164062 0.119583 0.080625 0.085833
0 0.942187 0.098333 0.070625 0.095000
0 0.731250 0.082500 0.071250 0.093333
0 0.544375 0.069167 0.073750 0.093333
0 0.069375 0.050000 0.070000 0.090000
0 0.573438 0.030000 0.070625 0.060000
0 0.378125 0.037917 0.072500 0.075833
0 0.273125 0.040833 0.070000 0.081667