0 0.464375 0.975833 0.076250 0.048333
0 0.861250 0.962083 0.057500 0.075833
0 0.225938 0.907083 0.078125 0.095833
0 0.625625 0.835000 0.067500 0.085000
0 0.484375 0.810833 0.060000 0.076667
0 0.200000 0.762083 0.070000 0.085833
0 0.668750 0.748750 0.075000 0.094167
0 0.970938 0.697083 0.058125 0.072500
0 0.357812 0.676667 0.061875 0.083333
0 0.953438 0.660833 0.065625 0.071667
0 0.256563 0.644583 0.051875 0.077500
0 0.617188 0.625000 0.050625 0.061667
0 0.520625 0.630000 0.085000 0.103333
0 0.376250 0.596250 0.057500 0.077500
0 0.668125 0.587917 0.053750 0.074167
0 0.863750 0.552083 0.061250 0.079167
0 0.245625 0.529583 0.055000 0.069167
0 0.128750 0.530833 0.082500 0.110000
0 0.477500 0.509167 0.092500 0.113333
0 0.383437 0.460833 0.076875 0.088333
0 0.948750 0.426667 0.067500 0.101667
0 0.307812 0.392500 0.068125 0.081667
0 0.579688 0.381250 0.071875 0.085833
0 0.200313 0.334167 0.055625 0.078333
0 0.823125 0.347500 0.067500 0.115000
0 0.049063 0.335000 0.056875 0.106667
0 0.477500 0.322917 0.067500 0.090833
0 0.563438 0.240417 0.051875 0.082500
0 0.268750 0.216250 0.065000 0.085833
0 0.153125 0.195833 0.071250 0.085000
0 0.776875 0.186250 0.097500 0.112500
0 0.218125 0.137500 0.072500 0.106667
0 0.450313 0.131667 0.071875 0.098333
0 0.672500 0.105833 0.067500 0.093333
0 0.584375 0.092917 0.070000 0.085833
0 0.143750 0.098750 0.056250 0.099167
0 0.077813 0.087500 0.053125 0.108333
0 0.314688 0.055417 0.056875 0.072500
0 0.767813 0.032917 0.066875 0.065833