0 0.886250 0.962917 0.058750 0.074167
0 0.389062 0.962083 0.056875 0.075833
0 0.832500 0.956667 0.061250 0.086667
0 0.615313 0.927083 0.066875 0.082500
0 0.750625 0.911667 0.083750 0.095000
0 0.365938 0.912083 0.080625 0.112500
0 0.957500 0.882500 0.067500 0.068333
0 0.830625 0.875000 0.053750 0.066667
0 0.682813 0.888333 0.051875 0.101667
0 0.556250 0.871250 0.055000 0.087500
0 0.144063 0.850000 0.064375 0.090000
0 0.944375 0.840833 0.063750 0.081667
0 0.893750 0.839583 0.050000 0.082500
0 0.386875 0.813750 0.052500 0.070833
0 0.415938 0.747917 0.054375 0.082500
0 0.476562 0.774167 0.090625 0.136667
0 0.125000 0.745417 0.061250 0.097500
0 0.266562 0.748750 0.069375 0.107500
0 0.908125 0.716250 0.048750 0.072500
0 0.854062 0.712500 0.059375 0.076667
0 0.985625 0.715417 0.028750 0.109167
0 0.508125 0.685417 0.057500 0.064167
0 0.310312 0.690833 0.055625 0.081667
0 0.256250 0.664583 0.053750 0.072500
0 0.635312 0.657917 0.060625 0.074167
0 0.876250 0.640833 0.066250 0.080000
0 0.201875 0.628333 0.061250 0.061667
0 0.020313 0.633750 0.040625 0.077500
0 0.294375 0.594167 0.048750 0.063333
0 0.754687 0.585000 0.055625 0.073333
0 0.380937 0.587500 0.059375 0.078333
0 0.944375 0.596250 0.068750 0.100833
0 0.977500 0.586667 0.045000 0.115000
0 0.807500 0.556667 0.048750 0.090000
0 0.266250 0.537917 0.058750 0.072500
0 0.901563 0.532083 0.058125 0.069167
0 0.338125 0.530833 0.055000 0.071667
0 0.192500 0.534167 0.052500 0.088333
0 0.657500 0.497917 0.047500 0.067500
0 0.048750 0.467500 0.065000 0.085000
0 0.640000 0.427917 0.048750 0.075833
0 0.732812 0.412917 0.053125 0.079167
0 0.687187 0.402500 0.044375 0.111667
0 0.155625 0.337500 0.063750 0.075000
0 0.642188 0.277083 0.043125 0.082500
0 0.750313 0.273750 0.056875 0.089167
0 0.351250 0.267917 0.058750 0.084167
0 0.708438 0.277500 0.064375 0.106667
0 0.534375 0.249167 0.067500 0.085000
0 0.294063 0.244167 0.050625 0.081667
0 0.122188 0.225833 0.056875 0.071667
0 0.052812 0.245833 0.071875 0.131667
0 0.398125 0.205000 0.053750 0.076667
0 0.742500 0.190833 0.055000 0.070000
0 0.331250 0.189583 0.061250 0.079167
0 0.884687 0.134583 0.034375 0.030833
0 0.261562 0.152917 0.058125 0.082500
0 0.962187 0.135417 0.058125 0.085833
0 0.673125 0.124167 0.043750 0.088333
0 0.293750 0.112500 0.057500 0.073333
0 0.627812 0.101250 0.046875 0.054167
0 0.205625 0.110833 0.070000 0.131667
0 0.806875 0.084167 0.062500 0.083333
0 0.148438 0.091250 0.069375 0.117500
0 0.878125 0.055417 0.057500 0.072500
0 0.947812 0.071250 0.104375 0.110833
0 0.959375 0.025000 0.058750 0.050000