0 0.224688 0.975833 0.075625 0.048333
0 0.455000 0.912500 0.090000 0.091667
0 0.135937 0.820833 0.066875 0.090000
0 0.704688 0.786250 0.083125 0.089167
0 0.334688 0.632917 0.070625 0.094167
0 0.258437 0.582917 0.080625 0.105833
0 0.365938 0.569167 0.073125 0.086667
0 0.450625 0.494167 0.095000 0.105000
0 0.576875 0.492500 0.083750 0.103333
0 0.980625 0.382083 0.038750 0.082500
0 0.227500 0.364167 0.107500 0.115000
0 0.630313 0.342083 0.070625 0.090833
0 0.194688 0.277500 0.100625 0.060000
0 0.032188 0.284583 0.064375 0.084167
0 0.120000 0.242083 0.072500 0.085833
0 0.430000 0.207917 0.070000 0.095833
0 0.178125 0.200833 0.070000 0.091667
0 0.276250 0.184167 0.086250 0.095000
0 0.476562 0.143333 0.084375 0.088333
0 0.910625 0.118333 0.075000 0.098333
0 0.139063 0.108333 0.071875 0.091667
0 0.538438 0.067917 0.080625 0.102500
0 0.925312 0.028750 0.076875 0.057500
0 0.768437 0.052500 0.078125 0.105000