0 0.647500 0.984583 0.051250 0.030833
0 0.474687 0.980417 0.061875 0.039167
0 0.903438 0.976667 0.064375 0.046667
0 0.557187 0.973333 0.064375 0.053333
0 0.664687 0.922917 0.066875 0.087500
0 0.448437 0.901250 0.050625 0.077500
0 0.698438 0.903750 0.064375 0.084167
0 0.543438 0.822917 0.076875 0.082500
0 0.981250 0.753750 0.037500 0.085833
0 0.541562 0.747500 0.076875 0.073333
0 0.291250 0.751667 0.068750 0.090000
0 0.061250 0.743750 0.065000 0.077500
0 0.683750 0.738750 0.052500 0.092500
0 0.799375 0.733750 0.093750 0.094167
0 0.591562 0.702500 0.081875 0.065000
0 0.863437 0.678333 0.066875 0.093333
0 0.947812 0.665000 0.053125 0.071667
0 0.220938 0.605417 0.066875 0.075833
0 0.433437 0.604583 0.069375 0.080833
0 0.982500 0.593750 0.035000 0.089167
0 0.492500 0.555000 0.066250 0.076667
0 0.455313 0.527917 0.064375 0.075833
0 0.108438 0.523750 0.073125 0.072500
0 0.768750 0.503750 0.063750 0.085833
0 0.546562 0.501667 0.055625 0.088333
0 0.938125 0.482917 0.057500 0.082500
0 0.433125 0.461667 0.077500 0.076667
0 0.140625 0.411667 0.065000 0.081667
0 0.497812 0.384167 0.063125 0.093333
0 0.450000 0.343333 0.070000 0.086667
0 0.647188 0.340417 0.076875 0.089167
0 0.932500 0.326667 0.063750 0.081667
0 0.570000 0.321667 0.065000 0.080000
0 0.420312 0.281250 0.071875 0.075833
0 0.635625 0.235833 0.060000 0.085000
0 0.100312 0.220417 0.073125 0.094167
0 0.939375 0.191250 0.055000 0.069167
0 0.564063 0.162500 0.074375 0.091667
0 0.341875 0.141667 0.071250 0.081667
0 0.769375 0.124167 0.068750 0.063333
0 0.845938 0.109583 0.046875 0.085833
0 0.974375 0.103333 0.051250 0.075000
0 0.784687 0.093333 0.088125 0.080000
0 0.591875 0.069167 0.088750 0.073333
0 0.338750 0.056667 0.060000 0.080000
0 0.982812 0.035000 0.034375 0.065000
0 0.854688 0.039583 0.079375 0.079167
0 0.779062 0.033750 0.088125 0.067500
0 0.686875 0.021250 0.068750 0.042500
0 0.496875 0.033750 0.085000 0.067500
0 0.278750 0.032917 0.058750 0.065833
0 0.143437 0.033333 0.065625 0.066667