0 0.185625 0.950417 0.070000 0.095833
0 0.756875 0.936250 0.071250 0.090833
0 0.111875 0.930000 0.085000 0.088333
0 0.503750 0.929583 0.067500 0.099167
0 0.886875 0.880000 0.073750 0.100000
0 0.024063 0.851667 0.048125 0.081667
0 0.278125 0.853333 0.078750 0.100000
0 0.115000 0.805833 0.072500 0.093333
0 0.329062 0.785000 0.070625 0.066667
0 0.951250 0.774167 0.067500 0.086667
0 0.588125 0.772500 0.065000 0.091667
0 0.324375 0.725417 0.068750 0.094167
0 0.176875 0.700417 0.072500 0.090833
0 0.960938 0.685833 0.064375 0.086667
0 0.301875 0.655417 0.071250 0.097500
0 0.730313 0.657500 0.075625 0.108333
0 0.071875 0.640833 0.066250 0.086667
0 0.483125 0.612917 0.075000 0.090833
0 0.967187 0.585833 0.065625 0.098333
0 0.537813 0.567917 0.066875 0.090833
0 0.886875 0.562917 0.083750 0.085833
0 0.102188 0.540000 0.063125 0.103333
0 0.215312 0.495000 0.070625 0.086667
0 0.777188 0.465417 0.070625 0.095833
0 0.327813 0.406667 0.066875 0.083333
0 0.838437 0.363333 0.071875 0.078333
0 0.120625 0.358333 0.085000 0.103333
0 0.049688 0.351667 0.061875 0.090000
0 0.300312 0.327917 0.074375 0.094167
0 0.562187 0.281667 0.070625 0.105000
0 0.338125 0.244583 0.078750 0.089167
0 0.850625 0.245000 0.063750 0.091667
0 0.686562 0.231667 0.081875 0.103333
0 0.025937 0.227917 0.051875 0.102500
0 0.602500 0.203333 0.070000 0.086667
0 0.319063 0.165833 0.074375 0.076667
0 0.168125 0.167917 0.075000 0.094167
0 0.731875 0.150417 0.081250 0.087500
0 0.575313 0.141250 0.069375 0.094167
0 0.849063 0.134167 0.083125 0.100000
0 0.129062 0.101667 0.075625 0.096667
0 0.612500 0.067917 0.085000 0.095833
0 0.973437 0.060417 0.053125 0.092500
0 0.455000 0.054167 0.071250 0.093333
0 0.678438 0.033333 0.109375 0.066667