0 0.610938 0.978750 0.071875 0.042500
0 0.418125 0.951250 0.060000 0.097500
0 0.083437 0.947083 0.074375 0.089167
0 0.261250 0.949167 0.065000 0.098333
0 0.719063 0.925417 0.060625 0.087500
0 0.980625 0.910000 0.038750 0.095000
0 0.026875 0.860833 0.053750 0.098333
0 0.425000 0.842083 0.071250 0.092500
0 0.239375 0.829583 0.062500 0.094167
0 0.840000 0.797083 0.070000 0.092500
0 0.394688 0.761250 0.074375 0.090833
0 0.904687 0.734167 0.070625 0.095000
0 0.764687 0.707917 0.069375 0.085833
0 0.608750 0.718750 0.071250 0.112500
0 0.242812 0.704583 0.071875 0.095833
0 0.501563 0.699583 0.068125 0.092500
0 0.412500 0.668333 0.078750 0.090000
0 0.979688 0.637083 0.040625 0.089167
0 0.119063 0.636250 0.068125 0.099167
0 0.917500 0.621667 0.068750 0.091667
0 0.450000 0.597917 0.068750 0.100833
0 0.806250 0.557083 0.062500 0.089167
0 0.053750 0.534167 0.071250 0.086667
0 0.125625 0.522083 0.060000 0.097500
0 0.665937 0.497917 0.074375 0.090833
0 0.180312 0.434167 0.065625 0.091667
0 0.031875 0.439167 0.063750 0.101667
0 0.712187 0.419583 0.066875 0.085833
0 0.866563 0.402083 0.068125 0.097500
0 0.376875 0.356250 0.058750 0.119167
0 0.630313 0.338333 0.065625 0.088333
0 0.413125 0.325833 0.067500 0.100000
0 0.127812 0.311667 0.069375 0.096667
0 0.495625 0.270833 0.061250 0.095000
0 0.280313 0.269583 0.069375 0.094167
0 0.900312 0.259583 0.075625 0.079167
0 0.347500 0.203750 0.052500 0.087500
0 0.025313 0.217083 0.050625 0.114167
0 0.237500 0.191667 0.067500 0.090000
0 0.405000 0.180833 0.081250 0.110000
0 0.065312 0.107083 0.056875 0.092500
0 0.394375 0.067500 0.067500 0.103333