0 0.320625 0.963750 0.067500 0.072500
0 0.509687 0.947917 0.071875 0.100833
0 0.916562 0.936250 0.073125 0.092500
0 0.193438 0.920000 0.065625 0.103333
0 0.355625 0.893333 0.063750 0.083333
0 0.842812 0.814583 0.075625 0.094167
0 0.745625 0.783333 0.072500 0.090000
0 0.664687 0.775417 0.071875 0.097500
0 0.820312 0.737500 0.085625 0.085000
0 0.528438 0.719583 0.070625 0.087500
0 0.881875 0.693750 0.071250 0.102500
0 0.168437 0.665833 0.081875 0.100000
0 0.320312 0.622917 0.066875 0.095833
0 0.616250 0.612083 0.077500 0.105833
0 0.204687 0.602500 0.076875 0.105000
0 0.453750 0.586667 0.068750 0.085000
0 0.038125 0.574167 0.072500 0.095000
0 0.736250 0.563333 0.076250 0.091667
0 0.527813 0.560417 0.075625 0.107500
0 0.345313 0.536667 0.065625 0.083333
0 0.869375 0.488750 0.070000 0.097500
0 0.113437 0.456667 0.080625 0.091667
0 0.588125 0.369167 0.068750 0.093333
0 0.667813 0.340833 0.066875 0.090000
0 0.812813 0.318750 0.078125 0.097500
0 0.116875 0.308750 0.062500 0.077500
0 0.380937 0.275417 0.071875 0.085833
0 0.526563 0.271250 0.070625 0.095833
0 0.700313 0.242500 0.065625 0.085000
0 0.628125 0.243750 0.071250 0.095833
0 0.966875 0.201250 0.065000 0.105833
0 0.128438 0.177083 0.089375 0.114167
0 0.430312 0.150833 0.070625 0.088333
0 0.562813 0.141667 0.058125 0.085000
0 0.013750 0.136250 0.027500 0.090833
0 0.276875 0.102917 0.075000 0.099167
0 0.968437 0.098750 0.063125 0.102500
0 0.815312 0.079583 0.070625 0.097500
0 0.081250 0.051667 0.076250 0.100000
0 0.970000 0.018750 0.060000 0.037500
0 0.208750 0.040417 0.068750 0.080833