0 0.417187 0.931250 0.064375 0.090833
0 0.584688 0.912500 0.056875 0.070000
0 0.291563 0.925833 0.075625 0.110000
0 0.971875 0.900417 0.055000 0.072500
0 0.197813 0.915833 0.056875 0.105000
0 0.038750 0.912917 0.077500 0.099167
0 0.683438 0.898333 0.075625 0.098333
0 0.780000 0.885417 0.061250 0.097500
0 0.865000 0.869167 0.058750 0.068333
0 0.073750 0.861667 0.071250 0.091667
0 0.247188 0.839167 0.051875 0.070000
0 0.577500 0.799583 0.053750 0.075833
0 0.949063 0.788750 0.049375 0.070833
0 0.117500 0.787500 0.076250 0.088333
0 0.410313 0.776250 0.065625 0.089167
0 0.100000 0.706250 0.072500 0.072500
0 0.236250 0.672083 0.068750 0.089167
0 0.043437 0.655833 0.064375 0.083333
0 0.315937 0.644167 0.066875 0.080000
0 0.728125 0.638750 0.077500 0.097500
0 0.647813 0.607083 0.064375 0.084167
0 0.814688 0.574167 0.086875 0.076667
0 0.218750 0.559167 0.080000 0.091667
0 0.315000 0.534583 0.088750 0.094167
0 0.949688 0.522917 0.076875 0.095833
0 0.510312 0.512917 0.054375 0.075833
0 0.654375 0.509167 0.060000 0.090000
0 0.817187 0.483333 0.063125 0.078333
0 0.585000 0.508750 0.073750 0.132500
0 0.032813 0.472500 0.065625 0.085000
0 0.257500 0.471250 0.063750 0.089167
0 0.397500 0.454167 0.075000 0.091667
0 0.723125 0.440000 0.055000 0.098333
0 0.911875 0.425417 0.063750 0.077500
0 0.155000 0.402917 0.068750 0.095833
0 0.285000 0.375833 0.063750 0.066667
0 0.182500 0.357083 0.075000 0.100833
0 0.406250 0.323750 0.077500 0.085833
0 0.643125 0.318750 0.062500 0.084167
0 0.526875 0.293333 0.063750 0.093333
0 0.980625 0.288333 0.038750 0.095000
0 0.595000 0.262083 0.056250 0.079167
0 0.748750 0.277917 0.060000 0.144167
0 0.918438 0.231250 0.060625 0.082500
0 0.149375 0.230833 0.075000 0.118333
0 0.090313 0.164167 0.065625 0.088333
0 0.445312 0.156250 0.056875 0.075833
0 0.516250 0.128333 0.058750 0.080000
0 0.171563 0.113333 0.054375 0.071667
0 0.631875 0.121250 0.068750 0.090833
0 0.401250 0.066250 0.065000 0.089167
0 0.845938 0.043750 0.064375 0.087500
0 0.694063 0.029583 0.078125 0.059167
0 0.309063 0.024167 0.071875 0.048333
0 0.178750 0.025833 0.061250 0.051667