0 0.016875 0.980000 0.033750 0.040000
0 0.264375 0.977500 0.053750 0.045000
0 0.059687 0.977083 0.045625 0.045833
0 0.947812 0.966667 0.054375 0.066667
0 0.442188 0.965417 0.059375 0.069167
0 0.819063 0.964167 0.069375 0.071667
0 0.669687 0.958333 0.059375 0.083333
0 0.555312 0.951250 0.068125 0.097500
0 0.321562 0.915000 0.060625 0.078333
0 0.382812 0.916667 0.055625 0.088333
0 0.757188 0.913333 0.063125 0.083333
0 0.618125 0.906667 0.051250 0.070000
0 0.478125 0.907917 0.045000 0.074167
0 0.051875 0.904167 0.066250 0.081667
0 0.266562 0.907917 0.046875 0.092500
0 0.165937 0.892083 0.041875 0.070833
0 0.669375 0.866667 0.051250 0.070000
0 0.734062 0.849583 0.054375 0.077500
0 0.875938 0.836667 0.070625 0.076667
0 0.284062 0.828333 0.065625 0.065000
0 0.549375 0.808750 0.066250 0.085833
0 0.230625 0.791667 0.063750 0.078333
0 0.388750 0.759583 0.063750 0.085833
0 0.299687 0.752917 0.053125 0.074167
0 0.243438 0.741250 0.060625 0.055833
0 0.742812 0.754583 0.060625 0.084167
0 0.710625 0.734167 0.047500 0.073333
0 0.664687 0.723750 0.051875 0.067500
0 0.454375 0.730000 0.061250 0.083333
0 0.530000 0.707917 0.050000 0.072500
0 0.602187 0.687500 0.056875 0.061667
0 0.196563 0.677500 0.046875 0.075000
0 0.248750 0.671667 0.060000 0.088333
0 0.954063 0.663750 0.054375 0.075833
0 0.024375 0.656667 0.048750 0.080000
0 0.298438 0.652083 0.058125 0.074167
0 0.832187 0.645833 0.066875 0.078333
0 0.468438 0.642917 0.059375 0.079167
0 0.410313 0.640000 0.059375 0.081667
0 0.565937 0.633750 0.054375 0.074167
0 0.613437 0.621250 0.049375 0.060833
0 0.370937 0.632917 0.049375 0.084167
0 0.894062 0.616667 0.059375 0.075000
0 0.083750 0.594167 0.047500 0.066667
0 0.179688 0.605833 0.061875 0.106667
0 0.226875 0.592500 0.096250 0.098333
0 0.338750 0.582500 0.061250 0.080000
0 0.947500 0.582500 0.057500 0.081667
0 0.584375 0.568333 0.056250 0.063333
0 0.290312 0.566250 0.054375 0.074167
0 0.140625 0.566667 0.055000 0.078333
0 0.639375 0.553750 0.053750 0.069167
0 0.480625 0.533750 0.071250 0.072500
0 0.418438 0.524167 0.045625 0.065000
0 0.012188 0.526250 0.024375 0.074167
0 0.070625 0.508750 0.051250 0.070833
0 0.323750 0.507500 0.057500 0.071667
0 0.373750 0.502917 0.045000 0.077500
0 0.603125 0.491250 0.065000 0.065833
0 0.915000 0.495000 0.063750 0.080000
0 0.137813 0.490833 0.081875 0.098333
0 0.428750 0.475833 0.053750 0.073333
0 0.667813 0.472500 0.061875 0.078333
0 0.495000 0.460000 0.045000 0.078333
0 0.453437 0.453333 0.049375 0.100000
0 0.918438 0.425000 0.054375 0.066667
0 0.273125 0.428750 0.051250 0.074167
0 0.871875 0.416667 0.048750 0.070000
0 0.751250 0.420417 0.063750 0.079167
0 0.545937 0.415833 0.059375 0.085000
0 0.210938 0.397917 0.054375 0.064167
0 0.112500 0.399583 0.061250 0.087500
0 0.952187 0.390417 0.058125 0.077500
0 0.695625 0.386250 0.065000 0.074167
0 0.147500 0.382917 0.067500 0.082500
0 0.591250 0.379583 0.056250 0.095833
0 0.906875 0.356667 0.050000 0.073333
0 0.047813 0.348750 0.064375 0.067500
0 0.813125 0.346667 0.045000 0.071667
0 0.860000 0.347083 0.047500 0.074167
0 0.332813 0.366250 0.055625 0.112500
0 0.628750 0.330833 0.050000 0.075000
0 0.099062 0.320000 0.051875 0.071667
0 0.568438 0.315417 0.053125 0.077500
0 0.863125 0.303750 0.076250 0.067500
0 0.938750 0.291250 0.056250 0.067500
0 0.398125 0.269583 0.051250 0.070833
0 0.288438 0.272083 0.056875 0.080833
0 0.345938 0.257083 0.049375 0.065833
0 0.048438 0.254167 0.054375 0.071667
0 0.176875 0.240833 0.052500 0.070000
0 0.455937 0.249167 0.063125 0.088333
0 0.088125 0.221667 0.046250 0.066667
0 0.148438 0.228750 0.059375 0.085833
0 0.533750 0.221250 0.056250 0.072500
0 0.720625 0.199167 0.057500 0.080000
0 0.024063 0.182083 0.048125 0.065833
0 0.365625 0.173333 0.055000 0.078333
0 0.674063 0.170000 0.060625 0.075000
0 0.268750 0.166667 0.076250 0.096667
0 0.479687 0.158750 0.065625 0.084167
0 0.161562 0.142083 0.060625 0.080833
0 0.888437 0.154583 0.055625 0.107500
0 0.784375 0.129583 0.053750 0.065833
0 0.842187 0.135417 0.054375 0.087500
0 0.410938 0.126250 0.059375 0.079167
0 0.340625 0.106250 0.058750 0.075833
0 0.985313 0.094167 0.029375 0.081667
0 0.862187 0.082083 0.063125 0.065833
0 0.011250 0.077083 0.022500 0.080833
0 0.767813 0.072500 0.065625 0.075000
0 0.217188 0.078333 0.078125 0.130000
0 0.504062 0.041667 0.063125 0.078333
0 0.913750 0.037500 0.048750 0.075000
0 0.786875 0.016250 0.063750 0.032500
0 0.735938 0.033750 0.061875 0.067500
0 0.652188 0.048750 0.058125 0.097500
0 0.585625 0.019583 0.048750 0.039167
0 0.411562 0.028333 0.050625 0.056667
0 0.325625 0.027500 0.056250 0.055000
0 0.265000 0.034167 0.060000 0.068333
0 0.163125 0.026250 0.048750 0.052500
0 0.042188 0.030000 0.048125 0.060000