0 0.222812 0.978333 0.053125 0.043333
0 0.129375 0.974583 0.080000 0.050833
0 0.213125 0.922500 0.065000 0.073333
0 0.090625 0.925833 0.072500 0.093333
0 0.152812 0.901667 0.065625 0.071667
0 0.851562 0.904167 0.071875 0.093333
0 0.557813 0.892917 0.059375 0.080833
0 0.433750 0.878333 0.077500 0.100000
0 0.495312 0.862500 0.090625 0.085000
0 0.919063 0.853333 0.066875 0.091667
0 0.218125 0.826250 0.053750 0.087500
0 0.265313 0.825833 0.065625 0.088333
0 0.070312 0.816250 0.060625 0.072500
0 0.800625 0.814167 0.056250 0.088333
0 0.131562 0.794167 0.059375 0.085000
0 0.858125 0.802083 0.077500 0.102500
0 0.566562 0.782083 0.068125 0.097500
0 0.323750 0.763333 0.068750 0.090000
0 0.264062 0.746250 0.066875 0.069167
0 0.200313 0.735833 0.061875 0.071667
0 0.047500 0.741667 0.067500 0.090000
0 0.527500 0.736250 0.060000 0.087500
0 0.105313 0.709583 0.066875 0.090833
0 0.828750 0.710000 0.082500 0.108333
0 0.580000 0.666250 0.056250 0.079167
0 0.128750 0.663750 0.067500 0.085833
0 0.461562 0.657917 0.065625 0.079167
0 0.053750 0.647083 0.068750 0.094167
0 0.154062 0.616667 0.055625 0.078333
0 0.228437 0.618750 0.078125 0.104167
0 0.757500 0.613333 0.071250 0.096667
0 0.429688 0.579167 0.065625 0.088333
0 0.576250 0.562917 0.067500 0.102500
0 0.723437 0.551250 0.066875 0.095833
0 0.678125 0.547083 0.051250 0.094167
0 0.302812 0.532500 0.056875 0.075000
0 0.899375 0.538750 0.067500 0.104167
0 0.493437 0.519583 0.066875 0.080833
0 0.153750 0.526667 0.087500 0.096667
0 0.365312 0.504583 0.063125 0.077500
0 0.787188 0.509167 0.071875 0.093333
0 0.981875 0.500833 0.036250 0.088333
0 0.270625 0.499583 0.071250 0.089167
0 0.548125 0.476250 0.067500 0.075833
0 0.843750 0.478333 0.070000 0.085000
0 0.721250 0.470417 0.066250 0.072500
0 0.145937 0.446250 0.051875 0.067500
0 0.433125 0.462083 0.053750 0.110833
0 0.913750 0.446250 0.057500 0.092500
0 0.477500 0.440833 0.081250 0.088333
0 0.960625 0.437917 0.067500 0.085833
0 0.105313 0.468750 0.070625 0.150833
0 0.856563 0.420000 0.064375 0.076667
0 0.352187 0.417917 0.069375 0.094167
0 0.733125 0.399583 0.075000 0.097500
0 0.512188 0.377083 0.080625 0.095833
0 0.796562 0.362083 0.068125 0.087500
0 0.146875 0.360417 0.088750 0.089167
0 0.958125 0.351667 0.083750 0.095000
0 0.244688 0.307500 0.055625 0.085000
0 0.178125 0.293333 0.055000 0.080000
0 0.835000 0.281250 0.042500 0.070833
0 0.757188 0.283333 0.056875 0.086667
0 0.114062 0.294583 0.093125 0.120833
0 0.900937 0.275000 0.059375 0.090000
0 0.695937 0.262500 0.069375 0.085000
0 0.610000 0.256667 0.072500 0.076667
0 0.208750 0.237500 0.055000 0.081667
0 0.671875 0.228333 0.066250 0.090000
0 0.150938 0.214583 0.069375 0.087500
0 0.834063 0.201250 0.079375 0.092500
0 0.792500 0.170000 0.053750 0.073333
0 0.316875 0.186667 0.083750 0.106667
0 0.559375 0.174167 0.068750 0.093333
0 0.631875 0.157500 0.097500 0.093333
0 0.977187 0.145000 0.045625 0.081667
0 0.457500 0.144167 0.060000 0.085000
0 0.109063 0.147917 0.084375 0.095833
0 0.812813 0.122500 0.070625 0.076667
0 0.699375 0.123750 0.067500 0.087500
0 0.035937 0.128333 0.071875 0.108333
0 0.860313 0.116250 0.060625 0.100833
0 0.149375 0.095417 0.070000 0.084167
0 0.410313 0.098750 0.085625 0.092500
0 0.283750 0.085833 0.056250 0.076667
0 0.895938 0.086667 0.061875 0.095000
0 0.537500 0.070833 0.067500 0.065000
0 0.345000 0.055833 0.060000 0.086667
0 0.717187 0.036667 0.069375 0.073333
0 0.555000 0.020417 0.065000 0.040833
0 0.493437 0.024583 0.054375 0.049167
0 0.309375 0.034167 0.068750 0.068333
0 0.200313 0.044167 0.059375 0.088333
0 0.084687 0.026667 0.058125 0.053333
0 0.028125 0.047083 0.056250 0.094167