0 0.280000 0.978333 0.055000 0.043333
0 0.129062 0.955000 0.049375 0.061667
0 0.943438 0.958333 0.059375 0.070000
0 0.670312 0.958750 0.058125 0.079167
0 0.857812 0.952917 0.064375 0.069167
0 0.433437 0.934167 0.065625 0.080000
0 0.098125 0.913333 0.051250 0.060000
0 0.290938 0.915833 0.055625 0.075000
0 0.602812 0.901250 0.056875 0.057500
0 0.769687 0.902083 0.051875 0.060833
0 0.508437 0.901250 0.063125 0.085833
0 0.361875 0.898333 0.083750 0.098333
0 0.185000 0.904583 0.073750 0.112500
0 0.913438 0.889167 0.070625 0.083333
0 0.145625 0.855417 0.056250 0.077500
0 0.955313 0.816250 0.059375 0.075833
0 0.376250 0.813333 0.048750 0.073333
0 0.652813 0.809583 0.056875 0.077500
0 0.321562 0.802500 0.053125 0.081667
0 0.411562 0.803750 0.046875 0.090833
0 0.466562 0.795000 0.080625 0.113333
0 0.132812 0.771667 0.051875 0.071667
0 0.374375 0.727500 0.073750 0.071667
0 0.476875 0.720000 0.061250 0.066667
0 0.587812 0.723750 0.058125 0.080833
0 0.880313 0.727083 0.084375 0.102500
0 0.979062 0.714583 0.041875 0.079167
0 0.187812 0.720833 0.066875 0.093333
0 0.682187 0.710417 0.044375 0.075833
0 0.284062 0.672500 0.054375 0.071667
0 0.530625 0.668333 0.057500 0.080000
0 0.855625 0.656250 0.056250 0.062500
0 0.352187 0.644583 0.058125 0.075833
0 0.907813 0.652917 0.045625 0.094167
0 0.487500 0.597083 0.066250 0.089167
0 0.941875 0.591250 0.076250 0.079167
0 0.680625 0.578750 0.055000 0.065833
0 0.222500 0.562917 0.057500 0.074167
0 0.161875 0.554583 0.053750 0.062500
0 0.423750 0.560000 0.066250 0.081667
0 0.884687 0.554583 0.071875 0.084167
0 0.622188 0.532083 0.060625 0.080833
0 0.916875 0.512917 0.056250 0.067500
0 0.326562 0.525833 0.080625 0.096667
0 0.553125 0.510000 0.061250 0.090000
0 0.205937 0.488750 0.073125 0.080833
0 0.450937 0.476667 0.063125 0.081667
0 0.721562 0.471250 0.078125 0.094167
0 0.297500 0.453333 0.056250 0.075000
0 0.148125 0.447083 0.055000 0.064167
0 0.675000 0.424167 0.058750 0.073333
0 0.400000 0.426250 0.075000 0.084167
0 0.356250 0.425417 0.053750 0.090833
0 0.178437 0.402083 0.063125 0.054167
0 0.813438 0.406667 0.059375 0.096667
0 0.562500 0.390417 0.061250 0.097500
0 0.745938 0.372083 0.070625 0.090833
0 0.317500 0.359167 0.056250 0.083333
0 0.496875 0.357083 0.073750 0.092500
0 0.035000 0.339583 0.070000 0.075833
0 0.669687 0.314167 0.064375 0.086667
0 0.196250 0.290417 0.052500 0.072500
0 0.863750 0.293750 0.068750 0.085833
0 0.033125 0.278333 0.066250 0.071667
0 0.255312 0.281667 0.056875 0.080000
0 0.492188 0.275000 0.059375 0.071667
0 0.107813 0.266667 0.084375 0.105000
0 0.731250 0.236667 0.080000 0.073333
0 0.292500 0.221667 0.062500 0.075000
0 0.213750 0.215833 0.061250 0.068333
0 0.090000 0.220833 0.060000 0.081667
0 0.925625 0.226250 0.098750 0.100833
0 0.679375 0.195833 0.060000 0.073333
0 0.495000 0.192917 0.062500 0.077500
0 0.781875 0.194583 0.060000 0.084167
0 0.334062 0.179167 0.053125 0.071667
0 0.436563 0.174583 0.056875 0.089167
0 0.160938 0.167500 0.071875 0.078333
0 0.979062 0.154583 0.041875 0.082500
0 0.927188 0.141667 0.056875 0.073333
0 0.367500 0.132917 0.063750 0.082500
0 0.818438 0.130000 0.054375 0.088333
0 0.494375 0.115000 0.050000 0.066667
0 0.098750 0.120833 0.065000 0.081667
0 0.230937 0.125833 0.056875 0.098333
0 0.643750 0.113333 0.078750 0.091667
0 0.845313 0.094167 0.059375 0.083333
0 0.388437 0.069583 0.063125 0.074167
0 0.447813 0.073333 0.065625 0.093333
0 0.961875 0.066667 0.058750 0.088333
0 0.895625 0.045833 0.052500 0.071667
0 0.050625 0.040833 0.053750 0.073333
0 0.834688 0.021250 0.056875 0.042500
0 0.669375 0.029167 0.057500 0.058333
0 0.564688 0.037500 0.060625 0.075000
0 0.316875 0.029167 0.066250 0.058333