0 0.839688 0.967500 0.066875 0.065000
0 0.320937 0.928750 0.064375 0.080833
0 0.395000 0.926667 0.072500 0.091667
0 0.487500 0.905833 0.062500 0.108333
0 0.544375 0.878750 0.070000 0.087500
0 0.312812 0.852083 0.064375 0.085833
0 0.169063 0.833750 0.073125 0.105833
0 0.543438 0.808333 0.060625 0.071667
0 0.880625 0.805000 0.070000 0.103333
0 0.983125 0.797917 0.033750 0.090833
0 0.284062 0.779167 0.078125 0.093333
0 0.482187 0.782500 0.063125 0.128333
0 0.523125 0.754583 0.068750 0.090833
0 0.697812 0.735000 0.058125 0.093333
0 0.584063 0.725417 0.061875 0.077500
0 0.926250 0.747917 0.062500 0.137500
0 0.428750 0.724583 0.066250 0.107500
0 0.883750 0.678750 0.073750 0.097500
0 0.345000 0.654583 0.066250 0.092500
0 0.943125 0.637500 0.065000 0.090000
0 0.820000 0.632500 0.072500 0.098333
0 0.571875 0.631667 0.072500 0.100000
0 0.147187 0.622500 0.064375 0.091667
0 0.210313 0.601250 0.065625 0.090833
0 0.727812 0.603750 0.063125 0.097500
0 0.504687 0.562500 0.069375 0.088333
0 0.143437 0.526250 0.071875 0.090833
0 0.880625 0.498750 0.057500 0.090833
0 0.532813 0.480000 0.066875 0.078333
0 0.213438 0.443750 0.065625 0.095833
0 0.948125 0.440417 0.065000 0.095833
0 0.321250 0.432083 0.068750 0.097500
0 0.588125 0.431667 0.065000 0.098333
0 0.895312 0.403750 0.068125 0.104167
0 0.254375 0.384583 0.066250 0.077500
0 0.470313 0.363333 0.060625 0.063333
0 0.250625 0.309583 0.055000 0.080833
0 0.803125 0.273750 0.078750 0.097500
0 0.897500 0.233750 0.065000 0.100833
0 0.959063 0.218333 0.064375 0.093333
0 0.453750 0.210833 0.066250 0.098333
0 0.349062 0.206667 0.061875 0.106667
0 0.049375 0.195000 0.065000 0.090000
0 0.398125 0.179583 0.057500 0.079167
0 0.493125 0.178333 0.063750 0.095000
0 0.312500 0.167083 0.070000 0.089167
0 0.264375 0.183750 0.043750 0.137500
0 0.106875 0.141250 0.067500 0.099167
0 0.567813 0.129167 0.061875 0.091667
0 0.408125 0.102500 0.062500 0.075000
0 0.805000 0.100417 0.060000 0.107500
0 0.701875 0.065833 0.066250 0.090000
0 0.975000 0.041667 0.050000 0.083333
0 0.622812 0.028750 0.069375 0.057500
0 0.524375 0.062500 0.078750 0.125000
0 0.100000 0.029167 0.066250 0.058333