0 0.656563 0.978750 0.059375 0.042500
0 0.964375 0.978333 0.057500 0.043333
0 0.857187 0.974583 0.053125 0.050833
0 0.423125 0.974167 0.065000 0.051667
0 0.381563 0.958333 0.059375 0.076667
0 0.185000 0.955000 0.073750 0.073333
0 0.898438 0.946667 0.053125 0.083333
0 0.307188 0.933750 0.056875 0.074167
0 0.636563 0.930000 0.059375 0.073333
0 0.503750 0.925417 0.072500 0.074167
0 0.245312 0.921667 0.059375 0.075000
0 0.547188 0.937500 0.086875 0.125000
0 0.884375 0.887083 0.066250 0.080833
0 0.371875 0.877083 0.061250 0.074167
0 0.773125 0.869167 0.063750 0.081667
0 0.032500 0.855417 0.065000 0.092500
0 0.605938 0.846667 0.060625 0.093333
0 0.651875 0.830000 0.055000 0.061667
0 0.781563 0.817917 0.064375 0.084167
0 0.255000 0.814583 0.062500 0.087500
0 0.071563 0.797500 0.079375 0.081667
0 0.365625 0.772083 0.055000 0.069167
0 0.866250 0.768333 0.058750 0.085000
0 0.406562 0.744583 0.051875 0.075833
0 0.026250 0.740417 0.052500 0.089167
0 0.800000 0.732917 0.065000 0.080833
0 0.086563 0.717083 0.069375 0.084167
0 0.352812 0.697500 0.063125 0.075000
0 0.860313 0.678750 0.058125 0.080833
0 0.649062 0.685000 0.084375 0.113333
0 0.925625 0.650417 0.056250 0.075833
0 0.211250 0.649583 0.052500 0.079167
0 0.795312 0.649167 0.053125 0.081667
0 0.975313 0.671250 0.049375 0.152500
0 0.730000 0.649167 0.080000 0.111667
0 0.321875 0.618333 0.052500 0.090000
0 0.654375 0.607083 0.067500 0.079167
0 0.922188 0.596250 0.060625 0.062500
0 0.269688 0.604583 0.048125 0.094167
0 0.540000 0.583750 0.046250 0.055833
0 0.367500 0.587917 0.067500 0.089167
0 0.979375 0.564167 0.041250 0.080000
0 0.219688 0.546667 0.059375 0.083333
0 0.611563 0.536250 0.056875 0.072500
0 0.301563 0.527917 0.058125 0.070833
0 0.505000 0.537917 0.057500 0.095833
0 0.480312 0.515000 0.048125 0.075000
0 0.369375 0.510833 0.063750 0.073333
0 0.890625 0.506667 0.052500 0.073333
0 0.152188 0.507083 0.060625 0.082500
0 0.826562 0.502500 0.059375 0.081667
0 0.665312 0.497917 0.065625 0.077500
0 0.738750 0.490833 0.061250 0.083333
0 0.429375 0.484167 0.063750 0.095000
0 0.248438 0.469167 0.049375 0.098333
0 0.498437 0.446250 0.073125 0.082500
0 0.810625 0.430833 0.056250 0.080000
0 0.384062 0.413750 0.058125 0.075833
0 0.167813 0.412500 0.058125 0.096667
0 0.222188 0.396250 0.058125 0.087500
0 0.323437 0.390417 0.056875 0.079167
0 0.105000 0.360417 0.066250 0.070833
0 0.970000 0.358333 0.051250 0.073333
0 0.016563 0.325833 0.033125 0.060000
0 0.266562 0.333750 0.066875 0.094167
0 0.171875 0.312500 0.061250 0.090000
0 0.610938 0.307500 0.060625 0.086667
0 0.377500 0.291667 0.062500 0.080000
0 0.110312 0.282500 0.073125 0.100000
0 0.026250 0.274583 0.052500 0.084167
0 0.764687 0.279583 0.068125 0.095833
0 0.060000 0.277083 0.043750 0.090833
0 0.920625 0.252917 0.061250 0.077500
0 0.246250 0.245417 0.066250 0.070833
0 0.820000 0.246667 0.066250 0.081667
0 0.600313 0.235833 0.056875 0.075000
0 0.381250 0.227083 0.070000 0.077500
0 0.676875 0.227500 0.062500 0.080000
0 0.974688 0.222083 0.050625 0.079167
0 0.036562 0.204167 0.061875 0.061667
0 0.151562 0.215833 0.079375 0.103333
0 0.204063 0.188750 0.055625 0.084167
0 0.441250 0.191250 0.061250 0.095833
0 0.718125 0.173333 0.060000 0.083333
0 0.490312 0.175833 0.058125 0.098333
0 0.780937 0.169583 0.063125 0.089167
0 0.605000 0.158750 0.068750 0.075833
0 0.286250 0.144167 0.053750 0.076667
0 0.421563 0.150417 0.050625 0.095833
0 0.683125 0.135417 0.056250 0.069167
0 0.371875 0.143750 0.051250 0.087500
0 0.222188 0.097500 0.068125 0.073333
0 0.815625 0.100833 0.058750 0.083333
0 0.647813 0.098333 0.056875 0.103333
0 0.299063 0.061667 0.070625 0.085000
0 0.788750 0.034583 0.068750 0.069167
0 0.136250 0.041250 0.051250 0.082500