0 0.634062 0.983750 0.053125 0.032500
0 0.183750 0.976667 0.052500 0.046667
0 0.050000 0.975000 0.058750 0.050000
0 0.682187 0.965833 0.054375 0.068333
0 0.916562 0.951667 0.055625 0.071667
0 0.571875 0.952917 0.066250 0.079167
0 0.182500 0.916250 0.045000 0.072500
0 0.884062 0.907500 0.056875 0.065000
0 0.268125 0.902083 0.050000 0.065833
0 0.717812 0.907917 0.065625 0.084167
0 0.120625 0.897500 0.040000 0.076667
0 0.655937 0.896667 0.049375 0.085000
0 0.952187 0.890417 0.056875 0.075833
0 0.483750 0.884583 0.095000 0.095833
0 0.942813 0.856667 0.043125 0.063333
0 0.032500 0.855833 0.062500 0.075000
0 0.902188 0.855000 0.060625 0.075000
0 0.333750 0.842500 0.055000 0.071667
0 0.821875 0.847917 0.055000 0.089167
0 0.233437 0.842917 0.064375 0.080833
0 0.730625 0.827917 0.050000 0.072500
0 0.478125 0.805833 0.053750 0.065000
0 0.769062 0.796250 0.053125 0.065833
0 0.564375 0.803333 0.070000 0.090000
0 0.281250 0.782917 0.045000 0.060833
0 0.068437 0.791250 0.063125 0.079167
0 0.849375 0.771250 0.058750 0.070833
0 0.420000 0.769583 0.041250 0.079167
0 0.921250 0.751667 0.063750 0.078333
0 0.243750 0.740000 0.050000 0.063333
0 0.775312 0.731250 0.060625 0.067500
0 0.367500 0.730000 0.051250 0.068333
0 0.305625 0.725833 0.063750 0.063333
0 0.155312 0.735000 0.040625 0.091667
0 0.119688 0.728750 0.060625 0.085833
0 0.454688 0.714167 0.049375 0.061667
0 0.508437 0.718750 0.054375 0.072500
0 0.658125 0.709167 0.060000 0.056667
0 0.596875 0.721667 0.061250 0.091667
0 0.818125 0.705417 0.067500 0.087500
0 0.274687 0.671250 0.044375 0.072500
0 0.325000 0.654583 0.047500 0.067500
0 0.681562 0.655417 0.063125 0.080833
0 0.399687 0.643333 0.063125 0.085000
0 0.767813 0.630000 0.066875 0.061667
0 0.047813 0.612083 0.054375 0.070833
0 0.688438 0.590000 0.056875 0.073333
0 0.573438 0.588333 0.056875 0.075000
0 0.982187 0.580417 0.035625 0.065833
0 0.632812 0.594583 0.059375 0.094167
0 0.803125 0.599167 0.077500 0.106667
0 0.918438 0.581667 0.054375 0.076667
0 0.142187 0.577083 0.046875 0.069167
0 0.196875 0.572917 0.055000 0.069167
0 0.017812 0.571667 0.035625 0.081667
0 0.741563 0.557500 0.054375 0.068333
0 0.348438 0.564583 0.060625 0.082500
0 0.318750 0.553333 0.061250 0.073333
0 0.460938 0.535417 0.049375 0.067500
0 0.845313 0.537917 0.073125 0.079167
0 0.547188 0.507500 0.049375 0.061667
0 0.780625 0.509167 0.042500 0.071667
0 0.675000 0.507500 0.058750 0.078333
0 0.715313 0.485833 0.046875 0.091667
0 0.339687 0.472083 0.064375 0.084167
0 0.250625 0.452500 0.045000 0.048333
0 0.889375 0.460833 0.053750 0.071667
0 0.643750 0.462083 0.060000 0.080833
0 0.462813 0.451250 0.053125 0.072500
0 0.119063 0.450000 0.060625 0.073333
0 0.198750 0.444583 0.057500 0.085833
0 0.525000 0.433750 0.058750 0.080833
0 0.962812 0.419167 0.046875 0.066667
0 0.668750 0.415417 0.052500 0.072500
0 0.854062 0.409583 0.059375 0.074167
0 0.365000 0.398750 0.066250 0.059167
0 0.747812 0.420833 0.093125 0.126667
0 0.936250 0.369167 0.061250 0.071667
0 0.544375 0.379583 0.083750 0.117500
0 0.600938 0.356667 0.059375 0.088333
0 0.364063 0.350000 0.065625 0.075000
0 0.016563 0.343333 0.033125 0.066667
0 0.220000 0.344583 0.061250 0.077500
0 0.430000 0.333750 0.056250 0.067500
0 0.979375 0.330833 0.041250 0.070000
0 0.921562 0.337917 0.066875 0.084167
0 0.271250 0.321667 0.050000 0.068333
0 0.094375 0.327917 0.063750 0.082500
0 0.858125 0.318750 0.057500 0.069167
0 0.761563 0.317083 0.070625 0.077500
0 0.695625 0.282917 0.051250 0.075833
0 0.817500 0.276667 0.043750 0.071667
0 0.441250 0.262917 0.043750 0.055833
0 0.163750 0.258333 0.072500 0.090000
0 0.224688 0.240833 0.064375 0.068333
0 0.977500 0.242500 0.045000 0.073333
0 0.565625 0.242500 0.056250 0.076667
0 0.748750 0.229167 0.070000 0.090000
0 0.445937 0.195000 0.058125 0.073333
0 0.258750 0.175000 0.048750 0.073333
0 0.035625 0.179167 0.058750 0.085000
0 0.505625 0.172500 0.042500 0.080000
0 0.945312 0.167083 0.054375 0.075833
0 0.218125 0.169583 0.051250 0.087500
0 0.112500 0.171250 0.100000 0.102500
0 0.391250 0.150000 0.041250 0.075000
0 0.352500 0.143750 0.057500 0.079167
0 0.606563 0.134167 0.051875 0.073333
0 0.066250 0.104167 0.058750 0.065000
0 0.260000 0.106667 0.061250 0.071667
0 0.986250 0.108750 0.027500 0.077500
0 0.484375 0.104167 0.052500 0.080000
0 0.443750 0.107083 0.046250 0.085833
0 0.133437 0.103750 0.059375 0.080833
0 0.014687 0.098750 0.029375 0.084167
0 0.532813 0.084583 0.051875 0.072500
0 0.408750 0.059583 0.051250 0.059167
0 0.032188 0.049583 0.060625 0.082500
0 0.310625 0.032083 0.045000 0.062500
0 0.628750 0.020833 0.087500 0.041667
0 0.538125 0.023750 0.055000 0.047500
0 0.436250 0.014167 0.048750 0.028333
0 0.380312 0.018333 0.060625 0.036667
0 0.219688 0.030000 0.055625 0.060000
0 0.141563 0.022083 0.063125 0.044167