0 0.936875 0.978750 0.080000 0.042500
0 0.128438 0.971250 0.069375 0.057500
0 0.765625 0.958750 0.080000 0.082500
0 0.969688 0.931667 0.060625 0.096667
0 0.459062 0.920417 0.068125 0.089167
0 0.693438 0.892083 0.089375 0.100833
0 0.095625 0.886667 0.091250 0.111667
0 0.593437 0.848333 0.084375 0.088333
0 0.971875 0.843750 0.056250 0.095833
0 0.444688 0.770833 0.085625 0.086667
0 0.784687 0.750833 0.086875 0.088333
0 0.235313 0.745417 0.066875 0.089167
0 0.611563 0.743333 0.065625 0.095000
0 0.980938 0.712083 0.038125 0.074167
0 0.392813 0.715833 0.088125 0.088333
0 0.708125 0.605000 0.080000 0.078333
0 0.838750 0.588750 0.063750 0.090833
0 0.550625 0.581667 0.070000 0.095000
0 0.165625 0.532083 0.055000 0.079167
0 0.782188 0.498333 0.048125 0.063333
0 0.728125 0.502917 0.062500 0.100833
0 0.641563 0.485417 0.068125 0.090833
0 0.822812 0.450833 0.058125 0.086667
0 0.897813 0.422083 0.066875 0.087500
0 0.665937 0.355000 0.085625 0.081667
0 0.078125 0.337083 0.092500 0.095833
0 0.184375 0.321250 0.063750 0.090833
0 0.487812 0.292083 0.064375 0.089167
0 0.057500 0.261667 0.075000 0.071667
0 0.947812 0.207083 0.063125 0.095833
0 0.799375 0.212083 0.068750 0.115833
0 0.240625 0.174167 0.071250 0.096667
0 0.488750 0.172500 0.083750 0.096667
0 0.651563 0.165000 0.075625 0.106667
0 0.420625 0.152917 0.075000 0.105833
0 0.357812 0.085000 0.059375 0.088333
0 0.548438 0.055833 0.059375 0.098333
0 0.643437 0.017500 0.069375 0.035000
0 0.606563 0.050000 0.070625 0.100000
0 0.214375 0.025833 0.057500 0.051667
0 0.154062 0.022917 0.060625 0.045833