0 0.481250 0.976250 0.065000 0.047500
0 0.140313 0.975000 0.059375 0.050000
0 0.263750 0.971667 0.077500 0.056667
0 0.548438 0.958750 0.068125 0.082500
0 0.746250 0.958333 0.078750 0.083333
0 0.199375 0.955000 0.043750 0.090000
0 0.305312 0.937083 0.088125 0.069167
0 0.468750 0.935000 0.085000 0.073333
0 0.391562 0.949167 0.044375 0.101667
0 0.156250 0.937917 0.068750 0.079167
0 0.062500 0.946667 0.067500 0.101667
0 0.708438 0.931667 0.081875 0.091667
0 0.259688 0.906250 0.079375 0.070833
0 0.169063 0.894583 0.069375 0.087500
0 0.787813 0.891667 0.064375 0.095000
0 0.379688 0.868333 0.049375 0.083333
0 0.112812 0.874583 0.060625 0.095833
0 0.719375 0.842500 0.101250 0.060000
0 0.319063 0.861667 0.076875 0.105000
0 0.961875 0.830417 0.076250 0.064167
0 0.429375 0.847917 0.061250 0.102500
0 0.733125 0.799583 0.068750 0.055833
0 0.269375 0.817083 0.066250 0.094167
0 0.163438 0.806250 0.060625 0.084167
0 0.089688 0.805417 0.079375 0.082500
0 0.403438 0.797083 0.070625 0.082500
0 0.877500 0.782083 0.070000 0.087500
0 0.552500 0.779167 0.056250 0.086667
0 0.323437 0.773750 0.074375 0.084167
0 0.957812 0.767083 0.063125 0.072500
0 0.802500 0.766667 0.062500 0.071667
0 0.643437 0.787917 0.071875 0.124167
0 0.590625 0.775000 0.042500 0.111667
0 0.228437 0.807500 0.101875 0.180000
0 0.735313 0.749167 0.071875 0.078333
0 0.145313 0.740833 0.083125 0.076667
0 0.380937 0.730000 0.084375 0.063333
0 0.063125 0.739167 0.072500 0.093333
0 0.448750 0.719583 0.046250 0.095833
0 0.808125 0.705833 0.078750 0.088333
0 0.949375 0.704167 0.098750 0.090000
0 0.540312 0.708750 0.056875 0.099167
0 0.739688 0.687500 0.064375 0.071667
0 0.504062 0.709583 0.061875 0.122500
0 0.242188 0.692917 0.061875 0.089167
0 0.176250 0.686667 0.065000 0.076667
0 0.620938 0.680833 0.061875 0.091667
0 0.868750 0.680417 0.057500 0.097500
0 0.031250 0.674583 0.062500 0.092500
0 0.282813 0.677917 0.058125 0.112500
0 0.934375 0.660000 0.081250 0.086667
0 0.330000 0.671667 0.048750 0.118333
0 0.391250 0.655417 0.066250 0.094167
0 0.810312 0.642917 0.059375 0.090833
0 0.074375 0.645000 0.070000 0.096667
0 0.569063 0.639167 0.068125 0.091667
0 0.872812 0.615000 0.073125 0.100000
0 0.497188 0.607500 0.075625 0.098333
0 0.956562 0.601667 0.078125 0.090000
0 0.031875 0.590417 0.063750 0.089167
0 0.201250 0.590417 0.058750 0.100833
0 0.390937 0.569583 0.056875 0.089167
0 0.764375 0.560000 0.073750 0.091667
0 0.587500 0.570000 0.092500 0.136667
0 0.518750 0.532500 0.072500 0.100000
0 0.693125 0.517917 0.065000 0.095833
0 0.227813 0.516667 0.076875 0.098333
0 0.367812 0.503750 0.054375 0.075833
0 0.796250 0.510417 0.076250 0.100833
0 0.105313 0.502083 0.066875 0.107500
0 0.438437 0.482917 0.063125 0.074167
0 0.971562 0.476250 0.056875 0.120833
0 0.670000 0.439583 0.072500 0.069167
0 0.467813 0.437917 0.048125 0.072500
0 0.523750 0.442500 0.067500 0.090000
0 0.327813 0.449583 0.058125 0.109167
0 0.918750 0.440000 0.071250 0.095000
0 0.154688 0.391667 0.089375 0.088333
0 0.808438 0.373750 0.080625 0.074167
0 0.714375 0.382917 0.066250 0.102500
0 0.660625 0.348333 0.083750 0.073333
0 0.044375 0.357083 0.070000 0.090833
0 0.314375 0.352500 0.043750 0.088333
0 0.546250 0.342500 0.076250 0.075000
0 0.975625 0.345000 0.048750 0.091667
0 0.785625 0.329167 0.085000 0.078333
0 0.112500 0.313333 0.061250 0.096667
0 0.628750 0.289167 0.087500 0.085000
0 0.872500 0.294167 0.066250 0.108333
0 0.707812 0.278750 0.069375 0.085833
0 0.062812 0.273750 0.058125 0.087500
0 0.535000 0.275417 0.105000 0.092500
0 0.817813 0.253333 0.079375 0.093333
0 0.972500 0.250833 0.055000 0.090000
0 0.734688 0.241250 0.074375 0.082500
0 0.421250 0.224167 0.115000 0.071667
0 0.222188 0.218333 0.075625 0.111667
0 0.915312 0.229583 0.058125 0.135833
0 0.776250 0.178750 0.065000 0.089167
0 0.296875 0.232083 0.100000 0.197500
0 0.848125 0.177083 0.066250 0.092500
0 0.970313 0.172083 0.059375 0.087500
0 0.449688 0.152917 0.064375 0.070833
0 0.018125 0.153333 0.036250 0.083333
0 0.714375 0.153750 0.063750 0.085833
0 0.362812 0.150833 0.106875 0.121667
0 0.190625 0.129167 0.072500 0.080000
0 0.880938 0.131250 0.068125 0.090833
0 0.945312 0.116250 0.059375 0.079167
0 0.097187 0.101667 0.061875 0.078333
0 0.443125 0.091667 0.056250 0.070000
0 0.945000 0.068750 0.102500 0.079167
0 0.396250 0.079167 0.062500 0.111667
0 0.335625 0.063750 0.065000 0.084167
0 0.839063 0.049583 0.088125 0.089167
0 0.749062 0.042500 0.074375 0.081667
0 0.718750 0.024167 0.070000 0.048333
0 0.282813 0.031250 0.086875 0.062500
0 0.231875 0.052500 0.070000 0.105000
0 0.155000 0.044583 0.068750 0.089167
0 0.114062 0.035000 0.054375 0.070000