0 0.024688 0.983750 0.049375 0.032500
0 0.610000 0.982500 0.056250 0.035000
0 0.239687 0.967500 0.048125 0.065000
0 0.381875 0.964583 0.050000 0.070833
0 0.548750 0.960417 0.056250 0.072500
0 0.895938 0.955833 0.048125 0.071667
0 0.428125 0.958750 0.057500 0.082500
0 0.947812 0.957083 0.063125 0.085833
0 0.194062 0.942917 0.043125 0.064167
0 0.798125 0.954583 0.085000 0.090833
0 0.239063 0.932083 0.066875 0.057500
0 0.718437 0.948333 0.076875 0.103333
0 0.342813 0.937083 0.066875 0.085833
0 0.150625 0.928750 0.052500 0.082500
0 0.067500 0.923333 0.060000 0.105000
0 0.664375 0.920000 0.060000 0.118333
0 0.524375 0.900417 0.053750 0.079167
0 0.593750 0.880833 0.055000 0.076667
0 0.860313 0.859583 0.084375 0.074167
0 0.799375 0.870833 0.091250 0.101667
0 0.239375 0.860833 0.057500 0.081667
0 0.167187 0.843333 0.045625 0.060000
0 0.074375 0.849583 0.053750 0.077500
0 0.494063 0.862500 0.059375 0.110000
0 0.612812 0.833750 0.064375 0.080833
0 0.412813 0.858333 0.081875 0.131667
0 0.019062 0.844583 0.038125 0.110833
0 0.922188 0.822500 0.076875 0.078333
0 0.686875 0.816667 0.060000 0.070000
0 0.544375 0.825833 0.043750 0.095000
0 0.976250 0.812917 0.047500 0.075833
0 0.337813 0.824583 0.064375 0.100833
0 0.464062 0.812083 0.059375 0.082500
0 0.819375 0.765833 0.050000 0.071667
0 0.187812 0.773750 0.055625 0.094167
0 0.061875 0.772083 0.065000 0.102500
0 0.224688 0.755833 0.063125 0.076667
0 0.507812 0.743750 0.050625 0.060833
0 0.421563 0.749583 0.061875 0.092500
0 0.570000 0.761667 0.056250 0.125000
0 0.240000 0.708750 0.051250 0.060833
0 0.832812 0.717500 0.061875 0.081667
0 0.137813 0.709167 0.049375 0.071667
0 0.619687 0.712917 0.075625 0.092500
0 0.957187 0.712500 0.059375 0.098333
0 0.297812 0.721667 0.066875 0.118333
0 0.726562 0.700000 0.088125 0.083333
0 0.900937 0.720000 0.054375 0.130000
0 0.783438 0.690417 0.059375 0.084167
0 0.475000 0.703750 0.072500 0.117500
0 0.399687 0.678333 0.050625 0.070000
0 0.657813 0.680833 0.053125 0.081667
0 0.082812 0.669167 0.070625 0.075000
0 0.329062 0.656667 0.059375 0.081667
0 0.859375 0.664583 0.077500 0.100833
0 0.155625 0.647500 0.060000 0.071667
0 0.766875 0.634167 0.040000 0.065000
0 0.541562 0.653750 0.064375 0.109167
0 0.939688 0.638750 0.056875 0.082500
0 0.723750 0.636250 0.053750 0.077500
0 0.229063 0.642083 0.059375 0.094167
0 0.814375 0.626667 0.060000 0.068333
0 0.029375 0.641667 0.058750 0.105000
0 0.602812 0.617083 0.086875 0.110833
0 0.448125 0.594167 0.071250 0.075000
0 0.523125 0.585833 0.055000 0.066667
0 0.367500 0.587083 0.047500 0.075833
0 0.672813 0.585417 0.045625 0.082500
0 0.111562 0.578333 0.044375 0.073333
0 0.275000 0.592083 0.077500 0.105833
0 0.629062 0.558333 0.060625 0.068333
0 0.968750 0.556667 0.062500 0.071667
0 0.827812 0.560833 0.056875 0.080000
0 0.334688 0.554167 0.065625 0.075000
0 0.772813 0.555417 0.036875 0.080833
0 0.170937 0.576667 0.079375 0.135000
0 0.907813 0.540833 0.076875 0.111667
0 0.469687 0.512917 0.059375 0.065833
0 0.310000 0.512083 0.061250 0.079167
0 0.702812 0.498333 0.059375 0.071667
0 0.209375 0.499583 0.063750 0.080833
0 0.039688 0.512500 0.079375 0.115000
0 0.557500 0.500833 0.053750 0.093333
0 0.363438 0.487500 0.058125 0.066667
0 0.283125 0.480833 0.061250 0.086667
0 0.830313 0.482083 0.080625 0.097500
0 0.495625 0.483750 0.066250 0.100833
0 0.107813 0.488750 0.045625 0.122500
0 0.607812 0.466667 0.076875 0.110000
0 0.906563 0.447917 0.063125 0.077500
0 0.155000 0.459583 0.061250 0.115833
0 0.367812 0.428750 0.054375 0.065833
0 0.712187 0.434167 0.074375 0.085000
0 0.522500 0.419583 0.055000 0.072500
0 0.060000 0.412917 0.075000 0.090833
0 0.781875 0.420417 0.076250 0.107500
0 0.866250 0.400000 0.102500 0.075000
0 0.232500 0.392917 0.042500 0.065833
0 0.351250 0.382500 0.052500 0.075000
0 0.962812 0.380417 0.074375 0.087500
0 0.290312 0.370833 0.066875 0.081667
0 0.659375 0.367917 0.047500 0.077500
0 0.476875 0.360833 0.067500 0.090000
0 0.774375 0.344167 0.071250 0.066667
0 0.558125 0.343750 0.065000 0.065833
0 0.880000 0.327083 0.062500 0.072500
0 0.240625 0.324583 0.070000 0.075833
0 0.092500 0.318750 0.082500 0.090833
0 0.826562 0.294583 0.051875 0.069167
0 0.563750 0.289167 0.048750 0.066667
0 0.394688 0.312083 0.074375 0.112500
0 0.947187 0.292083 0.063125 0.085833
0 0.618437 0.294167 0.060625 0.098333
0 0.165000 0.287083 0.060000 0.085833
0 0.724375 0.279583 0.077500 0.092500
0 0.343125 0.275000 0.061250 0.086667
0 0.506563 0.273333 0.053125 0.101667
0 0.447813 0.267083 0.085625 0.095833
0 0.277500 0.263750 0.068750 0.090833
0 0.530625 0.222083 0.057500 0.057500
0 0.986250 0.233750 0.027500 0.087500
0 0.816875 0.229583 0.051250 0.084167
0 0.157500 0.216667 0.057500 0.061667
0 0.903750 0.221250 0.057500 0.079167
0 0.856875 0.217500 0.042500 0.090000
0 0.745938 0.205833 0.055625 0.075000
0 0.938125 0.205000 0.050000 0.080000
0 0.094375 0.205833 0.080000 0.093333
0 0.650000 0.196250 0.062500 0.085833
0 0.222500 0.192083 0.092500 0.084167
0 0.575625 0.190000 0.058750 0.090000
0 0.366250 0.182083 0.070000 0.110833
0 0.311875 0.169583 0.058750 0.095833
0 0.451875 0.160833 0.070000 0.096667
0 0.400313 0.143333 0.058125 0.068333
0 0.506563 0.132083 0.060625 0.070833
0 0.722812 0.133750 0.056875 0.092500
0 0.145625 0.110833 0.066250 0.090000
0 0.060312 0.109583 0.080625 0.102500
0 0.934063 0.106667 0.100625 0.105000
0 0.634687 0.090000 0.066875 0.086667
0 0.489063 0.062917 0.045625 0.045833
0 0.220625 0.094167 0.103750 0.111667
0 0.021875 0.063750 0.043750 0.077500
0 0.304375 0.054167 0.081250 0.086667
0 0.983125 0.045833 0.033750 0.091667
0 0.918750 0.027917 0.055000 0.055833
0 0.814375 0.028750 0.056250 0.057500
0 0.736875 0.048333 0.073750 0.096667
0 0.674375 0.027083 0.067500 0.054167
0 0.569375 0.068333 0.095000 0.136667
0 0.381250 0.040417 0.110000 0.080833
0 0.175313 0.023750 0.076875 0.047500
0 0.079375 0.023750 0.062500 0.047500