0 0.730938 0.968333 0.071875 0.063333
0 0.127188 0.957917 0.093125 0.084167
0 0.795312 0.954583 0.079375 0.090833
0 0.445937 0.936250 0.074375 0.104167
0 0.835938 0.895833 0.073125 0.088333
0 0.152188 0.903333 0.085625 0.115000
0 0.223750 0.819167 0.075000 0.098333
0 0.940937 0.801250 0.075625 0.089167
0 0.155312 0.812917 0.066875 0.119167
0 0.816562 0.783333 0.085625 0.080000
0 0.760625 0.793333 0.071250 0.105000
0 0.448125 0.732083 0.068750 0.087500
0 0.807813 0.720417 0.064375 0.070833
0 0.023438 0.708750 0.046875 0.095833
0 0.490625 0.651667 0.062500 0.083333
0 0.421250 0.647500 0.076250 0.096667
0 0.634062 0.571667 0.080625 0.085000
0 0.487187 0.567917 0.086875 0.090833
0 0.313437 0.562917 0.064375 0.085833
0 0.121563 0.567083 0.076875 0.105833
0 0.963750 0.517917 0.072500 0.059167
0 0.610938 0.500833 0.090625 0.086667
0 0.069687 0.498750 0.079375 0.089167
0 0.419687 0.487917 0.074375 0.105833
0 0.946875 0.452083 0.088750 0.084167
0 0.160000 0.465417 0.081250 0.110833
0 0.660937 0.451667 0.069375 0.086667
0 0.017188 0.436667 0.034375 0.090000
0 0.515312 0.429583 0.065625 0.092500
0 0.592812 0.414167 0.066875 0.090000
0 0.295312 0.402500 0.080625 0.103333
0 0.449062 0.387917 0.080625 0.105833
0 0.812187 0.363333 0.069375 0.086667
0 0.654375 0.352917 0.073750 0.095833
0 0.384375 0.320417 0.066250 0.092500
0 0.914687 0.299167 0.073125 0.106667
0 0.176563 0.202500 0.069375 0.106667
0 0.486563 0.145417 0.079375 0.097500
0 0.649687 0.139583 0.100625 0.097500
0 0.141563 0.120417 0.064375 0.095833
0 0.215312 0.084167 0.071875 0.100000
0 0.812500 0.069167 0.086250 0.098333
0 0.450625 0.032917 0.085000 0.065833
0 0.333125 0.041250 0.066250 0.082500