0 0.818750 0.936667 0.081250 0.096667
0 0.114062 0.846250 0.074375 0.105833
0 0.592812 0.757917 0.066875 0.084167
0 0.036562 0.768333 0.073125 0.106667
0 0.849063 0.742500 0.059375 0.080000
0 0.658125 0.742917 0.072500 0.089167
0 0.726250 0.760417 0.076250 0.127500
0 0.477812 0.724583 0.074375 0.099167
0 0.380937 0.707500 0.065625 0.081667
0 0.100000 0.705000 0.063750 0.095000
0 0.728437 0.648333 0.060625 0.085000
0 0.218750 0.657917 0.075000 0.119167
0 0.635938 0.628333 0.076875 0.083333
0 0.402500 0.616250 0.071250 0.107500
0 0.130938 0.601667 0.063125 0.096667
0 0.860625 0.537917 0.073750 0.087500
0 0.782500 0.530000 0.062500 0.086667
0 0.376250 0.443750 0.066250 0.097500
0 0.797188 0.433750 0.079375 0.084167
0 0.875938 0.401250 0.065625 0.087500
0 0.165625 0.375417 0.063750 0.089167
0 0.967187 0.372083 0.063125 0.094167
0 0.813438 0.365000 0.064375 0.081667
0 0.094062 0.368750 0.068125 0.099167
0 0.031250 0.349167 0.062500 0.103333
0 0.501250 0.347917 0.077500 0.104167
0 0.885938 0.312917 0.064375 0.095833
0 0.214062 0.317083 0.060625 0.105833
0 0.940312 0.268333 0.073125 0.085000
0 0.258125 0.240000 0.081250 0.100000
0 0.846250 0.231250 0.070000 0.094167
0 0.680937 0.225000 0.066875 0.091667
0 0.353750 0.219583 0.072500 0.085833
0 0.906875 0.192500 0.058750 0.096667
0 0.756875 0.172500 0.077500 0.101667
0 0.091875 0.162500 0.091250 0.090000
0 0.230625 0.121250 0.060000 0.084167
0 0.461875 0.116667 0.071250 0.093333
0 0.954375 0.059167 0.057500 0.085000
0 0.157812 0.062917 0.075625 0.095833
0 0.901250 0.050000 0.065000 0.086667
0 0.485938 0.014583 0.061875 0.029167