0 0.746875 0.982500 0.065000 0.035000
0 0.901875 0.971667 0.070000 0.056667
0 0.440937 0.967500 0.065625 0.065000
0 0.635312 0.943750 0.074375 0.087500
0 0.218438 0.918333 0.074375 0.076667
0 0.125312 0.921667 0.100625 0.083333
0 0.019688 0.907083 0.039375 0.090833
0 0.952812 0.887917 0.066875 0.095833
0 0.503125 0.880000 0.085000 0.091667
0 0.799063 0.877500 0.075625 0.100000
0 0.355938 0.874167 0.075625 0.096667
0 0.984375 0.840833 0.031250 0.081667
0 0.047813 0.824583 0.069375 0.077500
0 0.212812 0.832083 0.075625 0.095833
0 0.382812 0.798750 0.081875 0.095833
0 0.586562 0.779583 0.075625 0.094167
0 0.942813 0.765833 0.105625 0.076667
0 0.086250 0.763333 0.070000 0.093333
0 0.027187 0.745000 0.054375 0.090000
0 0.246875 0.740833 0.073750 0.096667
0 0.044375 0.678333 0.055000 0.068333
0 0.533438 0.682500 0.089375 0.083333
0 0.945625 0.676667 0.073750 0.103333
0 0.297187 0.636250 0.075625 0.094167
0 0.637813 0.621250 0.068125 0.092500
0 0.568125 0.621667 0.070000 0.095000
0 0.823750 0.587917 0.071250 0.092500
0 0.402813 0.580833 0.068125 0.088333
0 0.245625 0.570000 0.081250 0.085000
0 0.718437 0.577083 0.074375 0.104167
0 0.641563 0.540000 0.073125 0.090000
0 0.194375 0.512083 0.072500 0.082500
0 0.342500 0.489167 0.072500 0.083333
0 0.092188 0.470833 0.064375 0.071667
0 0.894062 0.480000 0.070625 0.093333
0 0.592187 0.472500 0.074375 0.095000
0 0.211562 0.433333 0.066875 0.085000
0 0.762500 0.424583 0.072500 0.095833
0 0.968750 0.419167 0.062500 0.088333
0 0.122500 0.390833 0.072500 0.086667
0 0.495937 0.355833 0.073125 0.100000
0 0.918438 0.262083 0.074375 0.084167
0 0.980000 0.263750 0.040000 0.089167
0 0.282813 0.262500 0.076875 0.105000
0 0.330937 0.211667 0.075625 0.103333
0 0.943438 0.197917 0.073125 0.090833
0 0.792500 0.185833 0.071250 0.096667
0 0.133437 0.162083 0.069375 0.085833
0 0.703125 0.154583 0.078750 0.089167
0 0.412500 0.155833 0.067500 0.095000
0 0.865938 0.140417 0.073125 0.084167
0 0.197813 0.143333 0.070625 0.090000
0 0.731875 0.085417 0.065000 0.089167
0 0.449375 0.018750 0.065000 0.037500