0 0.445312 0.970000 0.098125 0.060000
0 0.877188 0.911250 0.070625 0.077500
0 0.327813 0.907917 0.061875 0.090833
0 0.184688 0.865417 0.065625 0.095833
0 0.827812 0.844583 0.066875 0.080833
0 0.057500 0.828750 0.070000 0.094167
0 0.773750 0.825000 0.071250 0.090000
0 0.149375 0.807917 0.068750 0.095833
0 0.644062 0.811250 0.070625 0.105833
0 0.902188 0.801250 0.071875 0.104167
0 0.830313 0.765417 0.069375 0.089167
0 0.663125 0.714583 0.083750 0.084167
0 0.472187 0.610833 0.069375 0.083333
0 0.202813 0.596250 0.068125 0.089167
0 0.636875 0.590000 0.078750 0.088333
0 0.031875 0.530417 0.063750 0.089167
0 0.802500 0.530000 0.072500 0.106667
0 0.555312 0.477917 0.073125 0.099167
0 0.668125 0.462500 0.072500 0.090000
0 0.915000 0.420833 0.050000 0.081667
0 0.395937 0.428750 0.083125 0.115833
0 0.461562 0.410833 0.069375 0.098333
0 0.275000 0.394583 0.075000 0.104167
0 0.700937 0.379167 0.080625 0.088333
0 0.169375 0.368750 0.085000 0.090833
0 0.921250 0.341667 0.063750 0.080000
0 0.136875 0.252500 0.072500 0.083333
0 0.568750 0.242500 0.072500 0.081667
0 0.261875 0.236250 0.102500 0.089167
0 0.064687 0.226250 0.075625 0.099167
0 0.110937 0.175833 0.071875 0.088333
0 0.056563 0.132083 0.071875 0.092500
0 0.493125 0.130417 0.063750 0.090833
0 0.135000 0.095000 0.067500 0.090000