0 0.307188 0.970833 0.064375 0.058333
0 0.628437 0.960000 0.120625 0.080000
0 0.444688 0.954167 0.075625 0.091667
0 0.538125 0.926667 0.073750 0.095000
0 0.837812 0.927917 0.074375 0.104167
0 0.342187 0.856667 0.071875 0.100000
0 0.395625 0.838333 0.063750 0.106667
0 0.639375 0.822500 0.070000 0.103333
0 0.571250 0.772917 0.072500 0.099167
0 0.885938 0.720417 0.066875 0.094167
0 0.731875 0.712917 0.068750 0.092500
0 0.813125 0.708750 0.068750 0.107500
0 0.928750 0.655833 0.075000 0.095000
0 0.518750 0.638750 0.068750 0.110833
0 0.711875 0.610000 0.085000 0.093333
0 0.481250 0.572917 0.067500 0.117500
0 0.763437 0.523333 0.070625 0.085000
0 0.701875 0.492500 0.067500 0.070000
0 0.951875 0.496667 0.068750 0.090000
0 0.590313 0.497083 0.060625 0.115833
0 0.536563 0.502500 0.063125 0.146667
0 0.068437 0.465000 0.075625 0.108333
0 0.228437 0.454167 0.064375 0.093333
0 0.755938 0.435417 0.080625 0.087500
0 0.581250 0.390833 0.065000 0.095000
0 0.165625 0.359583 0.072500 0.107500
0 0.640312 0.326667 0.070625 0.108333
0 0.213750 0.278750 0.068750 0.095833
0 0.680937 0.262083 0.070625 0.094167
0 0.454375 0.242500 0.072500 0.093333
0 0.889375 0.223333 0.065000 0.101667
0 0.350313 0.197083 0.069375 0.097500
0 0.649375 0.170417 0.080000 0.100833
0 0.165625 0.152917 0.066250 0.092500
0 0.523438 0.102917 0.066875 0.079167
0 0.740938 0.113750 0.075625 0.102500
0 0.585625 0.080417 0.066250 0.087500
0 0.966562 0.040000 0.066875 0.080000
0 0.660000 0.050417 0.081250 0.100833