0 0.978750 0.972500 0.042500 0.055000
0 0.331250 0.969167 0.066250 0.061667
0 0.605000 0.965000 0.071250 0.070000
0 0.837187 0.961667 0.066875 0.076667
0 0.125625 0.923750 0.066250 0.085833
0 0.274375 0.909583 0.067500 0.095833
0 0.980625 0.874167 0.038750 0.086667
0 0.123438 0.838750 0.028125 0.049167
0 0.162188 0.840417 0.050625 0.069167
0 0.271562 0.822083 0.080625 0.095833
0 0.208437 0.783333 0.064375 0.083333
0 0.490000 0.785000 0.072500 0.105000
0 0.430625 0.708333 0.073750 0.088333
0 0.939375 0.657083 0.076250 0.102500
0 0.437812 0.602083 0.055625 0.094167
0 0.751250 0.586250 0.068750 0.095833
0 0.522500 0.575833 0.072500 0.106667
0 0.702812 0.530000 0.060625 0.086667
0 0.800000 0.533333 0.077500 0.101667
0 0.420625 0.515417 0.062500 0.089167
0 0.885625 0.501250 0.076250 0.094167
0 0.310937 0.498333 0.068125 0.095000
0 0.764375 0.488750 0.068750 0.095833
0 0.197813 0.472500 0.065625 0.085000
0 0.361563 0.480417 0.075625 0.104167
0 0.037500 0.443750 0.075000 0.087500
0 0.860313 0.410417 0.071875 0.095833
0 0.076250 0.364583 0.128750 0.065833
0 0.882812 0.339167 0.059375 0.080000
0 0.306250 0.311667 0.095000 0.096667
0 0.423438 0.309583 0.070625 0.095833
0 0.220625 0.300833 0.081250 0.100000
0 0.903438 0.250000 0.074375 0.101667
0 0.348125 0.235000 0.091250 0.101667
0 0.402813 0.208333 0.061875 0.080000
0 0.964375 0.208750 0.070000 0.092500
0 0.712500 0.213750 0.068750 0.104167
0 0.569375 0.195833 0.073750 0.100000
0 0.465000 0.185000 0.071250 0.100000
0 0.765938 0.170417 0.066875 0.080833
0 0.208437 0.167917 0.079375 0.087500
0 0.866875 0.142500 0.068750 0.098333
0 0.262813 0.121250 0.051875 0.055833
0 0.811875 0.101250 0.070000 0.099167
0 0.675312 0.088333 0.069375 0.086667
0 0.353438 0.080833 0.075625 0.091667
0 0.047500 0.067917 0.065000 0.092500
0 0.282813 0.055833 0.069375 0.091667
0 0.149688 0.045000 0.064375 0.085000
0 0.840313 0.032500 0.063125 0.065000