0 0.384375 0.983333 0.053750 0.033333
0 0.740938 0.976667 0.061875 0.046667
0 0.264688 0.970417 0.054375 0.059167
0 0.670000 0.970000 0.060000 0.060000
0 0.057188 0.964583 0.063125 0.070833
0 0.889375 0.960833 0.057500 0.075000
0 0.469687 0.936667 0.061875 0.083333
0 0.835313 0.928333 0.061875 0.085000
0 0.557187 0.921667 0.061875 0.095000
0 0.656250 0.908333 0.070000 0.070000
0 0.414687 0.916667 0.053125 0.091667
0 0.228437 0.910833 0.056875 0.086667
0 0.625313 0.886667 0.070625 0.078333
0 0.749687 0.877500 0.054375 0.075000
0 0.076875 0.885000 0.063750 0.090000
0 0.020625 0.862500 0.041250 0.095000
0 0.513125 0.853750 0.061250 0.084167
0 0.161875 0.847083 0.057500 0.082500
0 0.631875 0.821250 0.065000 0.067500
0 0.848750 0.824583 0.062500 0.080833
0 0.779375 0.796667 0.058750 0.075000
0 0.562813 0.787917 0.073125 0.069167
0 0.622812 0.758333 0.060625 0.058333
0 0.481250 0.767083 0.057500 0.075833
0 0.252188 0.757083 0.068125 0.090833
0 0.800937 0.746667 0.056875 0.093333
0 0.684688 0.728750 0.053125 0.077500
0 0.569063 0.721667 0.056875 0.073333
0 0.629062 0.694167 0.063125 0.071667
0 0.511563 0.685417 0.060625 0.067500
0 0.043437 0.691667 0.055625 0.093333
0 0.891250 0.684167 0.056250 0.085000
0 0.169687 0.680417 0.064375 0.087500
0 0.751250 0.677083 0.057500 0.089167
0 0.412500 0.669583 0.056250 0.085833
0 0.866875 0.651667 0.060000 0.081667
0 0.287187 0.651250 0.065625 0.080833
0 0.369063 0.622917 0.056875 0.079167
0 0.496250 0.611250 0.060000 0.074167
0 0.095625 0.617083 0.068750 0.092500
0 0.230313 0.607917 0.058125 0.077500
0 0.600938 0.602917 0.051875 0.087500
0 0.973750 0.593750 0.052500 0.079167
0 0.021875 0.594167 0.043750 0.081667
0 0.428438 0.575417 0.054375 0.072500
0 0.336562 0.563333 0.055625 0.073333
0 0.200937 0.567917 0.059375 0.082500
0 0.796875 0.559167 0.058750 0.075000
0 0.484063 0.521250 0.064375 0.070833
0 0.704375 0.521250 0.055000 0.077500
0 0.629062 0.509583 0.061875 0.077500
0 0.272500 0.505833 0.055000 0.075000
0 0.966875 0.500833 0.066250 0.066667
0 0.167813 0.487917 0.065625 0.080833
0 0.483750 0.471667 0.055000 0.050000
0 0.412500 0.482083 0.057500 0.087500
0 0.760000 0.467083 0.053750 0.075833
0 0.909062 0.452083 0.059375 0.080833
0 0.340625 0.445417 0.055000 0.085833
0 0.750313 0.430000 0.070625 0.076667
0 0.060000 0.434583 0.063750 0.087500
0 0.505625 0.400417 0.056250 0.069167
0 0.309688 0.394167 0.058125 0.075000
0 0.546250 0.370417 0.063750 0.064167
0 0.630313 0.373750 0.068125 0.072500
0 0.465313 0.357083 0.054375 0.080833
0 0.412500 0.352083 0.057500 0.074167
0 0.109063 0.352083 0.053125 0.075833
0 0.188125 0.349167 0.063750 0.091667
0 0.051875 0.338333 0.060000 0.070000
0 0.935000 0.314583 0.056250 0.075833
0 0.905312 0.296250 0.053125 0.072500
0 0.083750 0.293750 0.061250 0.069167
0 0.748125 0.290417 0.068750 0.079167
0 0.227500 0.293750 0.051250 0.090833
0 0.295938 0.275833 0.058125 0.083333
0 0.584375 0.270417 0.057500 0.075833
0 0.381563 0.267917 0.060625 0.079167
0 0.027187 0.265417 0.054375 0.082500
0 0.670312 0.267083 0.051875 0.097500
0 0.814688 0.262917 0.051875 0.095833
0 0.152812 0.240833 0.059375 0.085000
0 0.864688 0.227500 0.059375 0.083333
0 0.673125 0.210000 0.050000 0.073333
0 0.785625 0.213750 0.061250 0.085833
0 0.106250 0.196667 0.056250 0.081667
0 0.213750 0.191250 0.060000 0.079167
0 0.406875 0.172917 0.067500 0.084167
0 0.269688 0.159583 0.055625 0.074167
0 0.903750 0.155833 0.070000 0.075000
0 0.983437 0.169583 0.033125 0.122500
0 0.070000 0.143750 0.068750 0.082500
0 0.570625 0.114583 0.051250 0.072500
0 0.791250 0.105417 0.046250 0.079167
0 0.969375 0.095833 0.061250 0.068333
0 0.505000 0.097083 0.052500 0.080833
0 0.289062 0.088750 0.053125 0.079167
0 0.427812 0.077083 0.069375 0.075833
0 0.896875 0.073750 0.063750 0.082500
0 0.042188 0.073333 0.058125 0.085000
0 0.777188 0.069583 0.071875 0.082500
0 0.884687 0.016667 0.058125 0.033333
0 0.710000 0.026250 0.062500 0.052500
0 0.325000 0.019167 0.062500 0.038333
0 0.249688 0.038750 0.064375 0.077500
0 0.104688 0.030833 0.064375 0.061667