0 0.564688 0.882083 0.064375 0.089167
0 0.695312 0.750833 0.066875 0.095000
0 0.738750 0.688333 0.070000 0.083333
0 0.939063 0.593333 0.065625 0.080000
0 0.589375 0.522083 0.061250 0.087500
0 0.664062 0.488750 0.065625 0.087500
0 0.490625 0.449167 0.066250 0.088333
0 0.409687 0.447083 0.063125 0.089167
0 0.219375 0.397500 0.062500 0.076667
0 0.385313 0.367500 0.066875 0.088333
0 0.868437 0.339167 0.058125 0.078333
0 0.205313 0.309167 0.066875 0.083333
0 0.423125 0.293333 0.067500 0.096667
0 0.632500 0.205417 0.058750 0.092500
0 0.333437 0.125833 0.075625 0.081667