0 0.827500 0.975833 0.066250 0.048333
0 0.603125 0.970417 0.073750 0.059167
0 0.971250 0.961250 0.057500 0.077500
0 0.146875 0.960000 0.071250 0.080000
0 0.075938 0.950417 0.073125 0.090833
0 0.886250 0.940833 0.070000 0.096667
0 0.747500 0.927500 0.071250 0.103333
0 0.532188 0.922500 0.070625 0.098333
0 0.338125 0.931667 0.071250 0.136667
0 0.259062 0.910000 0.105625 0.113333
0 0.134375 0.885417 0.071250 0.094167
0 0.940000 0.836250 0.065000 0.062500
0 0.438125 0.850000 0.105000 0.098333
0 0.816562 0.836250 0.069375 0.097500
0 0.855000 0.791250 0.075000 0.077500
0 0.034375 0.796250 0.066250 0.087500
0 0.642813 0.796250 0.056875 0.095833
0 0.133437 0.786250 0.075625 0.082500
0 0.500625 0.778750 0.062500 0.084167
0 0.982187 0.778333 0.035625 0.100000
0 0.371250 0.777500 0.085000 0.098333
0 0.693750 0.722917 0.070000 0.097500
0 0.103125 0.728333 0.087500 0.115000
0 0.175937 0.714167 0.069375 0.088333
0 0.424063 0.707083 0.069375 0.082500
0 0.627188 0.704167 0.068125 0.085000
0 0.521250 0.673750 0.071250 0.095833
0 0.966875 0.667917 0.066250 0.097500
0 0.729062 0.659167 0.064375 0.091667
0 0.020313 0.652917 0.040625 0.090833
0 0.103438 0.646250 0.079375 0.085833
0 0.429375 0.629167 0.072500 0.100000
0 0.585938 0.619167 0.065625 0.091667
0 0.795937 0.610833 0.074375 0.088333
0 0.633125 0.602917 0.065000 0.077500
0 0.384688 0.609167 0.063125 0.095000
0 0.175313 0.589583 0.066875 0.089167
0 0.287187 0.589167 0.073125 0.098333
0 0.981875 0.576250 0.036250 0.079167
0 0.903438 0.589167 0.076875 0.130000
0 0.097500 0.557917 0.068750 0.087500
0 0.030937 0.554167 0.061875 0.085000
0 0.706250 0.536250 0.080000 0.094167
0 0.947500 0.535000 0.068750 0.101667
0 0.530312 0.531667 0.078125 0.100000
0 0.354687 0.525833 0.076875 0.091667
0 0.666562 0.508750 0.074375 0.089167
0 0.594688 0.502500 0.069375 0.095000
0 0.205000 0.497083 0.067500 0.094167
0 0.803438 0.483750 0.063125 0.080833
0 0.884375 0.474583 0.078750 0.105833
0 0.981250 0.458750 0.037500 0.084167
0 0.759062 0.459167 0.068125 0.100000
0 0.035937 0.451667 0.071875 0.103333
0 0.547188 0.426667 0.069375 0.095000
0 0.249688 0.417083 0.070625 0.095833
0 0.485938 0.406667 0.066875 0.090000
0 0.835938 0.384167 0.076875 0.096667
0 0.080312 0.355833 0.069375 0.088333
0 0.443125 0.357917 0.072500 0.107500
0 0.682813 0.346250 0.068125 0.095833
0 0.618750 0.321250 0.077500 0.087500
0 0.516875 0.316667 0.072500 0.093333
0 0.276250 0.290833 0.072500 0.090000
0 0.762500 0.283333 0.072500 0.086667
0 0.810625 0.284167 0.068750 0.100000
0 0.045000 0.270000 0.073750 0.093333
0 0.909062 0.265833 0.088125 0.086667
0 0.118438 0.262917 0.066875 0.090833
0 0.535625 0.251667 0.072500 0.090000
0 0.864062 0.229583 0.099375 0.060833
0 0.689375 0.245833 0.070000 0.096667
0 0.733437 0.212917 0.080625 0.090833
0 0.380937 0.216250 0.071875 0.097500
0 0.185000 0.201667 0.077500 0.078333
0 0.506563 0.197917 0.054375 0.094167
0 0.950625 0.204583 0.068750 0.112500
0 0.637813 0.184167 0.066875 0.086667
0 0.445937 0.196250 0.093125 0.110833
0 0.071250 0.184167 0.063750 0.091667
0 0.839688 0.170417 0.076875 0.084167
0 0.900625 0.147917 0.077500 0.109167
0 0.619375 0.140000 0.068750 0.096667
0 0.740625 0.131667 0.100000 0.115000
0 0.016563 0.105000 0.033125 0.080000
0 0.648125 0.078750 0.060000 0.092500
0 0.540625 0.074167 0.062500 0.088333
0 0.706875 0.053750 0.072500 0.072500
0 0.451562 0.054583 0.070625 0.082500
0 0.942500 0.042917 0.070000 0.085833
0 0.761563 0.025833 0.069375 0.051667
0 0.380000 0.027083 0.067500 0.054167
0 0.201563 0.022083 0.069375 0.044167